2,2.0,172.0,229.8042449951172,463.0942687988281,288.45751953125,502.14862060546875
3,2.0,172.0,230.743896484375,462.5771179199219,288.3516845703125,502.8866882324219
4,2.0,172.0,231.36859130859375,462.9201965332031,288.4566650390625,503.8889465332031
5,2.0,172.0,231.5493927001953,463.46124267578125,288.73980712890625,504.36236572265625
6,2.0,172.0,232.3752899169922,464.2189636230469,289.824462890625,504.60516357421875
7,2.0,172.0,232.97555541992188,463.9616394042969,290.84552001953125,504.2887878417969
8,2.0,172.0,233.12191772460938,463.7463073730469,291.2753601074219,504.6196594238281
9,2.0,172.0,234.70521545410156,464.3272705078125,291.6832275390625,504.1683654785156
10,2.0,172.0,235.36505126953125,464.43328857421875,292.2901611328125,504.8326416015625
11,2.0,172.0,235.2908172607422,464.6236877441406,293.80322265625,504.71612548828125
12,2.0,172.0,235.69529724121094,464.6329345703125,294.2403259277344,504.815673828125
13,2.0,172.0,236.2635955810547,464.3465576171875,294.0669250488281,505.0282287597656
14,2.0,172.0,236.7619171142578,463.43927001953125,295.68017578125,505.0752868652344
15,2.0,172.0,237.7322998046875,463.1054382324219,297.9234313964844,505.2616882324219
16,2.0,172.0,238.81857299804688,463.39398193359375,299.61126708984375,505.7839660644531
17,2.0,172.0,239.14105224609375,464.9511413574219,301.2387390136719,505.78717041015625
18,2.0,172.0,238.9163055419922,464.848388671875,300.7861022949219,505.8414306640625
19,2.0,172.0,239.10389709472656,464.65533447265625,303.47149658203125,506.7828369140625
20,2.0,172.0,239.5744171142578,464.7109069824219,304.27191162109375,507.4825439453125
21,2.0,172.0,239.8026580810547,466.1873779296875,305.1539001464844,508.57427978515625
22,2.0,172.0,240.53878784179688,465.9264221191406,305.28533935546875,508.6636047363281
23,2.0,172.0,241.367431640625,465.4874572753906,305.9859313964844,508.75262451171875
24,2.0,172.0,242.06692504882812,463.1927795410156,307.1778259277344,508.4529724121094
25,2.0,172.0,242.4904327392578,462.567138671875,308.2401428222656,508.7431945800781
26,2.0,172.0,242.36318969726562,462.9609680175781,309.37567138671875,509.31793212890625
27,2.0,172.0,242.42987060546875,462.5287170410156,311.09326171875,509.3975524902344
28,2.0,172.0,242.91940307617188,461.5824279785156,312.3926696777344,510.42413330078125
29,2.0,172.0,243.90618896484375,462.1139831542969,312.4032287597656,510.7875061035156
30,2.0,172.0,244.41334533691406,461.4881896972656,313.0630187988281,510.9745788574219
31,2.0,172.0,244.62060546875,461.0240478515625,314.3822326660156,512.3165283203125
32,2.0,172.0,244.7269744873047,461.2676086425781,314.752685546875,513.0512084960938
33,2.0,172.0,244.94436645507812,461.0331115722656,316.62664794921875,512.6889038085938
34,2.0,172.0,244.9920654296875,459.80389404296875,318.01885986328125,511.89599609375
35,2.0,172.0,245.92892456054688,459.01513671875,319.103759765625,511.98406982421875
36,2.0,172.0,247.1203155517578,458.8683776855469,320.7333068847656,511.7455749511719
37,2.0,172.0,247.96983337402344,459.4179992675781,321.6459045410156,512.7897338867188
38,2.0,172.0,247.76683044433594,460.30859375,322.90032958984375,513.6795043945312
39,2.0,172.0,247.9514617919922,460.84332275390625,323.4787902832031,513.9126586914062
40,2.0,172.0,249.24826049804688,460.92340087890625,324.637939453125,514.8340454101562
41,2.0,172.0,250.496337890625,459.5377502441406,326.50787353515625,514.7655029296875
42,2.0,172.0,251.74070739746094,459.2222595214844,327.8414306640625,515.0822143554688
43,2.0,172.0,252.3140411376953,458.67486572265625,329.9427795410156,516.5843505859375
44,2.0,172.0,252.42367553710938,458.1160888671875,330.7654724121094,518.0723876953125
45,2.0,172.0,252.9747314453125,457.9529113769531,332.2004089355469,519.1095581054688
46,2.0,172.0,253.4097137451172,456.9966735839844,332.95196533203125,519.8607177734375
47,2.0,172.0,255.37388610839844,458.2544250488281,334.009765625,520.1783447265625
48,2.0,172.0,255.6876678466797,458.400390625,335.1103210449219,521.8629760742188
49,2.0,172.0,257.44512939453125,457.79473876953125,337.6463623046875,522.8624267578125
50,2.0,172.0,258.7666015625,459.03680419921875,338.8366394042969,522.8677368164062
51,2.0,172.0,259.2721252441406,459.1780700683594,340.7425231933594,521.7096557617188
52,2.0,172.0,259.7651672363281,457.8006896972656,343.1197509765625,522.5006103515625
53,2.0,172.0,260.0577087402344,458.64459228515625,345.67364501953125,523.8004760742188
54,2.0,172.0,261.0461120605469,457.5357971191406,347.4168395996094,523.89599609375
55,2.0,172.0,261.75006103515625,458.3504638671875,349.4306945800781,524.1951904296875
56,2.0,172.0,262.8907470703125,457.76788330078125,351.48724365234375,524.4376220703125
57,2.0,172.0,263.2644958496094,456.6595764160156,353.4143981933594,525.4346923828125
58,2.0,172.0,265.1396789550781,456.8346252441406,355.716552734375,527.117919921875
59,2.0,172.0,266.4139099121094,456.1416015625,358.4288330078125,527.7593383789062
60,2.0,172.0,266.50799560546875,455.8298034667969,360.6518859863281,528.3673095703125
61,2.0,172.0,266.41839599609375,454.953857421875,363.8631896972656,529.8632202148438
62,2.0,172.0,266.16412353515625,455.2382507324219,366.5646057128906,530.4352416992188
63,2.0,172.0,267.36700439453125,455.1329040527344,368.6436462402344,530.222412109375
64,2.0,172.0,268.92425537109375,454.55438232421875,371.3590393066406,531.7499389648438
65,2.0,172.0,269.59832763671875,453.8219909667969,374.2945556640625,533.8597412109375
66,2.0,172.0,270.5684509277344,453.8838806152344,376.640869140625,534.8622436523438
67,2.0,172.0,272.018798828125,453.66766357421875,379.8040771484375,534.9271240234375
68,2.0,172.0,272.8444519042969,454.11358642578125,381.81597900390625,536.1817016601562
69,2.0,172.0,276.0772399902344,454.0701904296875,383.5367126464844,537.1207275390625
70,2.0,172.0,277.9833068847656,453.7733154296875,386.89666748046875,538.0119018554688
71,2.0,172.0,277.48028564453125,453.9179382324219,390.0259094238281,539.5870361328125
72,2.0,172.0,278.1147155761719,454.1677551269531,393.84027099609375,540.462158203125
73,2.0,172.0,278.5312194824219,454.0098571777344,396.852783203125,540.9067993164062
74,2.0,172.0,279.3846740722656,452.4096374511719,399.3765869140625,543.6177368164062
75,2.0,172.0,280.6354064941406,452.7897644042969,402.71197509765625,544.06982421875
76,2.0,172.0,283.21453857421875,453.14703369140625,407.463623046875,544.968017578125
77,2.0,172.0,284.75634765625,452.1804504394531,410.3286437988281,547.1970825195312
78,2.0,172.0,287.4297790527344,452.0050048828125,414.01031494140625,546.8981323242188
79,2.0,172.0,288.6120300292969,451.4731140136719,418.1407165527344,548.7005004882812
80,2.0,172.0,289.9663391113281,451.1628723144531,422.1532897949219,549.464111328125
81,2.0,172.0,291.0639953613281,450.9715576171875,425.7391662597656,550.6132202148438
82,2.0,172.0,294.8377380371094,450.69097900390625,431.065185546875,551.8248901367188
83,2.0,172.0,294.5793151855469,450.28021240234375,433.2164001464844,553.8552856445312
84,2.0,172.0,297.0149841308594,450.3064270019531,438.1423645019531,554.6539306640625
85,2.0,172.0,300.45086669921875,450.22113037109375,443.8276062011719,557.2874755859375
86,2.0,172.0,301.1291198730469,450.2580871582031,449.5916748046875,559.498779296875
87,2.0,172.0,301.7604064941406,449.60107421875,454.52288818359375,560.9012451171875
88,2.0,172.0,302.5606384277344,449.64886474609375,458.2789306640625,561.215576171875
89,2.0,172.0,305.8534240722656,450.00335693359375,465.72314453125,562.4486694335938
90,2.0,172.0,307.54608154296875,449.72869873046875,472.41748046875,564.1790161132812
91,2.0,172.0,309.324951171875,449.4765625,479.58905029296875,565.4149169921875
92,2.0,172.0,312.4482116699219,449.3253479003906,483.377197265625,568.9498901367188
95,2.0,172.0,321.48785400390625,445.677978515625,504.8952941894531,576.5361328125
96,2.0,172.0,323.85418701171875,445.9508361816406,512.5046997070312,581.1785888671875
97,2.0,172.0,325.7442321777344,445.5308532714844,520.011474609375,585.2411499023438
98,2.0,172.0,327.94512939453125,445.2013854980469,528.9356079101562,586.5332641601562
99,2.0,172.0,332.0234069824219,444.3834228515625,538.5641479492188,589.4876098632812
100,2.0,172.0,334.1569519042969,443.98486328125,548.7935791015625,593.6171875
101,2.0,172.0,337.63641357421875,444.44781494140625,558.36767578125,595.3497924804688
102,2.0,172.0,342.2395324707031,444.2620544433594,569.9971313476562,597.3511962890625
103,2.0,172.0,345.64691162109375,442.6464538574219,580.4100952148438,602.0626831054688
104,2.0,172.0,351.4342041015625,442.0177001953125,592.872802734375,607.4561157226562
105,2.0,172.0,355.50469970703125,439.13177490234375,606.3544921875,611.8392944335938
106,2.0,172.0,359.5832214355469,438.5577087402344,619.4188842773438,616.6569213867188
107,2.0,172.0,362.8165283203125,436.9490661621094,633.6717529296875,621.3719482421875
108,2.0,172.0,367.7314147949219,435.83673095703125,649.1803588867188,626.0909423828125
109,2.0,172.0,373.3363342285156,434.1095275878906,664.711181640625,628.1463012695312
110,2.0,172.0,379.4202880859375,431.57623291015625,684.0134887695312,636.9164428710938
111,2.0,172.0,386.5357360839844,430.969482421875,702.095947265625,641.6350708007812
112,2.0,172.0,394.5286560058594,430.5152587890625,723.9427490234375,648.1814575195312
113,2.0,172.0,399.9178771972656,429.0071716308594,745.7074584960938,653.9866333007812
114,2.0,172.0,407.6863098144531,427.1645202636719,769.7284545898438,661.0180053710938
115,2.0,172.0,414.9753112792969,426.6817626953125,795.796630859375,668.75927734375
116,2.0,172.0,423.42364501953125,425.0846862792969,824.184326171875,676.034423828125
117,2.0,172.0,432.4383850097656,423.5293273925781,854.9237670898438,688.9022827148438
118,2.0,172.0,441.9672546386719,423.8101806640625,890.2333374023438,700.520263671875
119,2.0,172.0,453.1404113769531,421.5605773925781,928.7996215820312,711.9172973632812
120,2.0,172.0,463.23883056640625,416.792724609375,970.76416015625,726.4608764648438
121,2.0,172.0,476.4123229980469,412.57171630859375,1017.3751220703125,739.6913452148438
122,2.0,172.0,491.92315673828125,408.9454040527344,1070.495361328125,756.5904541015625
123,2.0,172.0,506.4968566894531,406.8183288574219,1128.939208984375,777.9766235351562
124,2.0,172.0,522.6096801757812,403.7920837402344,1196.2371826171875,801.6047973632812
125,2.0,172.0,541.3482055664062,400.1572570800781,1273.6884765625,830.873291015625
126,2.0,172.0,561.1465454101562,395.6457214355469,1364.295654296875,863.1526489257812
127,2.0,172.0,583.1658325195312,391.57659912109375,1467.549072265625,895.47314453125
128,2.0,172.0,610.1837158203125,387.19482421875,1589.9700927734375,934.5797119140625
129,2.0,172.0,642.10791015625,380.3359375,1735.4208984375,994.1181030273438
130,2.0,172.0,674.7850952148438,373.78277587890625,1867.860595703125,1045.92138671875
131,2.0,172.0,708.63037109375,366.3271484375,1920.0,1067.127685546875
132,2.0,172.0,756.2842407226562,356.5075378417969,1920.0,1075.653564453125
133,2.0,172.0,812.4813842773438,344.66009521484375,1920.0,1078.8302001953125
134,2.0,172.0,878.78076171875,329.30914306640625,1920.0,1077.702880859375
135,2.0,172.0,959.0712890625,314.0252685546875,1920.0,1075.538330078125
136,2.0,172.0,1056.4959716796875,293.6016845703125,1920.0,1074.54150390625
137,2.0,172.0,1178.5916748046875,277.47406005859375,1920.0,1075.5087890625
138,2.0,172.0,1332.7738037109375,279.70465087890625,1920.0,1076.5789794921875
139,2.0,172.0,1541.378662109375,325.0064697265625,1920.0,1078.58251953125
