69,2.0,154.0,219.48167419433594,368.99566650390625,268.73358154296875,405.72064208984375
70,2.0,154.0,220.42086791992188,372.22015380859375,268.86083984375,406.2898254394531
71,2.0,154.0,219.78155517578125,371.7828063964844,269.0404357910156,408.203857421875
72,2.0,154.0,219.56106567382812,371.0146484375,269.9347229003906,408.32305908203125
73,2.0,154.0,221.0290985107422,367.80340576171875,271.482421875,407.3458557128906
74,2.0,154.0,221.6087646484375,365.7118225097656,272.8305969238281,407.3476867675781
75,2.0,154.0,221.5784912109375,366.3836669921875,275.03680419921875,407.5036315917969
76,2.0,154.0,221.903564453125,364.4437561035156,277.376953125,408.24884033203125
77,2.0,154.0,222.46383666992188,363.1648254394531,279.31573486328125,408.9067077636719
78,2.0,154.0,222.9821014404297,365.1109313964844,282.32568359375,409.89288330078125
79,2.0,154.0,223.33309936523438,363.4029541015625,284.1156311035156,409.7866516113281
80,2.0,154.0,224.46522521972656,363.3357238769531,285.9551086425781,410.06964111328125
81,2.0,154.0,224.88677978515625,363.7999572753906,287.9193115234375,410.5709228515625
82,2.0,154.0,224.96678161621094,365.16143798828125,290.8794860839844,412.1280517578125
84,2.0,154.0,225.5712432861328,366.3062438964844,293.39581298828125,413.27484130859375
86,2.0,154.0,228.13787841796875,367.5086364746094,296.1007995605469,414.7677917480469
87,2.0,154.0,229.14117431640625,367.6184997558594,299.159912109375,416.3721618652344
88,2.0,154.0,230.07534790039062,363.5789489746094,301.0426940917969,416.42401123046875
89,2.0,154.0,230.52748107910156,361.4261779785156,302.12591552734375,417.34930419921875
90,2.0,154.0,231.7226104736328,360.92010498046875,304.7936096191406,417.9809875488281
91,2.0,154.0,233.2897186279297,360.4184265136719,308.05462646484375,418.6436767578125
92,2.0,154.0,236.2357940673828,362.2608947753906,310.39898681640625,418.4641418457031
93,2.0,154.0,237.22567749023438,360.7373352050781,314.1976013183594,418.7053527832031
94,2.0,154.0,238.68975830078125,359.7407531738281,317.5237731933594,420.26654052734375
95,2.0,154.0,240.1428985595703,359.6113586425781,319.4975891113281,420.41845703125
96,2.0,154.0,241.07371520996094,359.8764953613281,321.8147277832031,421.11248779296875
97,2.0,154.0,242.6571044921875,359.305419921875,325.1687927246094,422.49560546875
98,2.0,154.0,243.67103576660156,358.2484130859375,328.5002746582031,425.5030822753906
99,2.0,154.0,245.4686279296875,357.83917236328125,330.6439514160156,426.8700866699219
100,2.0,154.0,246.0654296875,356.7376708984375,333.87109375,428.32659912109375
101,2.0,154.0,249.554443359375,356.3917236328125,337.91998291015625,429.0951843261719
102,2.0,154.0,252.24502563476562,355.8424072265625,342.17822265625,430.0257873535156
103,2.0,154.0,253.0769805908203,354.88092041015625,346.39007568359375,431.0840759277344
104,2.0,154.0,254.4293975830078,355.19989013671875,350.3681335449219,431.7738952636719
105,2.0,154.0,255.1931610107422,354.8407287597656,355.8865966796875,433.71002197265625
106,2.0,154.0,255.96022033691406,353.6047058105469,361.602294921875,436.6609802246094
107,2.0,154.0,259.2777099609375,353.7891845703125,366.89520263671875,437.8891296386719
108,2.0,154.0,261.8298034667969,354.7618408203125,372.0033264160156,440.39739990234375
109,2.0,154.0,263.5197448730469,354.2248229980469,377.7907409667969,441.9220886230469
110,2.0,154.0,264.99627685546875,354.0998229980469,382.794921875,442.8739013671875
111,2.0,154.0,267.6514587402344,355.2488098144531,389.1274108886719,444.43865966796875
112,2.0,154.0,270.2037048339844,355.1728820800781,396.1529235839844,447.5902099609375
113,2.0,154.0,275.9964294433594,354.3446044921875,405.0222473144531,451.1887512207031
114,2.0,154.0,279.62811279296875,353.9937744140625,412.5399475097656,452.8992004394531
115,2.0,154.0,282.7737121582031,354.05523681640625,420.74176025390625,455.31475830078125
116,2.0,154.0,285.6149597167969,353.5244140625,429.53021240234375,457.91534423828125
117,2.0,154.0,289.32464599609375,353.0648498535156,438.0216064453125,462.7936096191406
118,2.0,154.0,290.81927490234375,352.2912292480469,449.1510314941406,465.9159851074219
119,2.0,154.0,297.17657470703125,351.5636901855469,459.12322998046875,468.5395812988281
120,2.0,154.0,301.3343505859375,350.7212219238281,471.4966735839844,471.66595458984375
121,2.0,154.0,305.53118896484375,350.041015625,484.3380126953125,475.0951843261719
122,2.0,154.0,310.6721496582031,348.11358642578125,498.4476013183594,478.450927734375
123,2.0,154.0,316.3167724609375,346.2043151855469,513.77783203125,482.77874755859375
124,2.0,154.0,322.3166809082031,343.4265441894531,531.650390625,489.3934631347656
125,2.0,154.0,329.3231506347656,339.9544982910156,549.304443359375,496.55120849609375
126,2.0,154.0,335.71533203125,337.2552795410156,569.474609375,504.0791320800781
127,2.0,154.0,345.19976806640625,334.138427734375,593.1395874023438,512.3031005859375
128,2.0,154.0,355.27001953125,333.1581726074219,619.3187866210938,519.9201049804688
129,2.0,154.0,365.74267578125,331.4318542480469,649.1751098632812,526.3211059570312
130,2.0,154.0,375.9653015136719,330.3988952636719,683.6217041015625,538.8938598632812
131,2.0,154.0,388.00213623046875,327.90606689453125,723.153076171875,551.328857421875
132,2.0,154.0,401.19134521484375,324.13885498046875,767.65673828125,563.9446411132812
133,2.0,154.0,417.1698913574219,321.5359802246094,819.8709106445312,581.3858032226562
134,2.0,154.0,435.27838134765625,319.3857727050781,881.5806274414062,600.4457397460938
135,2.0,154.0,457.0213623046875,314.63275146484375,956.715087890625,622.7013549804688
136,2.0,154.0,481.1347351074219,310.6053466796875,1049.7822265625,651.3312377929688
137,2.0,154.0,510.5352783203125,306.0789794921875,1165.181884765625,686.9635620117188
138,2.0,154.0,547.8746948242188,296.4137878417969,1312.7750244140625,735.336181640625
139,2.0,154.0,593.6198120117188,285.7352600097656,1509.2371826171875,800.79833984375
140,2.0,154.0,648.4711303710938,270.28436279296875,1767.0552978515625,891.941162109375
141,2.0,154.0,722.3853149414062,251.44754028320312,1878.6927490234375,1004.1985473632812
142,2.0,154.0,825.363525390625,225.6356658935547,1920.0,1052.6591796875
143,2.0,154.0,965.2874755859375,188.56787109375,1920.0,1068.5380859375
144,2.0,154.0,1176.8099365234375,158.98590087890625,1920.0,1075.440673828125
