3,2.0,168.0,239.83721923828125,523.1818237304688,294.1578369140625,562.17724609375
4,2.0,168.0,240.30235290527344,523.3367919921875,295.7371520996094,562.2860107421875
5,2.0,168.0,239.52272033691406,523.0382080078125,297.1507568359375,562.807373046875
6,2.0,168.0,239.61460876464844,522.6150512695312,298.4013671875,562.7821655273438
7,2.0,168.0,239.8546142578125,522.4172973632812,299.0153503417969,563.0672607421875
8,2.0,168.0,238.94070434570312,522.4893798828125,299.0967712402344,563.0872192382812
9,2.0,168.0,238.83172607421875,522.4676513671875,298.80499267578125,563.1859741210938
10,2.0,168.0,238.83462524414062,520.5008544921875,297.7851867675781,563.02099609375
11,2.0,168.0,239.40821838378906,520.9517211914062,298.7435607910156,563.658203125
12,2.0,168.0,240.9638671875,521.220458984375,299.9293212890625,563.907470703125
13,2.0,168.0,241.8632049560547,521.2835083007812,300.22540283203125,563.7512817382812
14,2.0,168.0,242.36781311035156,521.3069458007812,299.9566955566406,564.4472045898438
15,2.0,168.0,242.95440673828125,522.0609130859375,300.8536682128906,566.026123046875
16,2.0,168.0,243.05709838867188,521.416015625,301.8460388183594,566.3822631835938
17,2.0,168.0,242.86239624023438,521.208251953125,302.3110046386719,566.3473510742188
18,2.0,168.0,242.9434356689453,520.7705688476562,302.8834228515625,566.4784545898438
19,2.0,168.0,243.0486297607422,521.271240234375,303.53216552734375,566.802001953125
20,2.0,168.0,243.29417419433594,519.7649536132812,305.03125,566.6666870117188
21,2.0,168.0,242.43128967285156,517.5658569335938,306.1899108886719,566.9273071289062
22,2.0,168.0,243.4358673095703,516.7150268554688,307.3315734863281,566.8956909179688
23,2.0,168.0,244.4507598876953,516.6546020507812,308.0751647949219,567.0980834960938
24,2.0,168.0,245.30270385742188,517.0565185546875,309.1894226074219,567.539794921875
25,2.0,168.0,245.9903564453125,519.5181274414062,310.5558166503906,568.3222045898438
26,2.0,168.0,246.2663116455078,519.720458984375,311.5839538574219,569.2476806640625
27,2.0,168.0,245.95741271972656,520.777587890625,311.73968505859375,570.3187255859375
28,2.0,168.0,246.10357666015625,520.197265625,313.4292297363281,571.1710815429688
29,2.0,168.0,246.0599365234375,518.9780883789062,314.2132568359375,571.3010864257812
30,2.0,168.0,246.7477264404297,518.4304809570312,313.3778991699219,570.931640625
31,2.0,168.0,247.22105407714844,519.3917236328125,314.9566650390625,570.6288452148438
32,2.0,168.0,248.7106170654297,517.9275512695312,317.2074890136719,570.095703125
33,2.0,168.0,250.81394958496094,517.1954956054688,317.678955078125,570.22509765625
34,2.0,168.0,251.85626220703125,517.8613891601562,318.9061279296875,570.7439575195312
35,2.0,168.0,251.767333984375,518.5158081054688,319.6539306640625,571.4424438476562
36,2.0,168.0,251.69378662109375,517.71533203125,320.0218200683594,571.9505004882812
37,2.0,168.0,251.7863311767578,516.4102783203125,321.50933837890625,572.7674560546875
38,2.0,168.0,252.06817626953125,516.70947265625,322.7341003417969,572.9931640625
39,2.0,168.0,252.5991973876953,515.8753662109375,324.0357666015625,572.9667358398438
40,2.0,168.0,253.85586547851562,516.5145874023438,325.5508728027344,573.332763671875
41,2.0,168.0,254.5904998779297,517.8972778320312,326.37762451171875,573.1881713867188
42,2.0,168.0,254.00279235839844,516.4800415039062,326.9479064941406,572.6766357421875
43,2.0,168.0,254.00042724609375,517.9303588867188,327.5799255371094,571.970947265625
44,2.0,168.0,254.74964904785156,516.4761352539062,329.2871398925781,572.3553466796875
45,2.0,168.0,255.0796661376953,515.3912963867188,330.1658020019531,573.1115112304688
46,2.0,168.0,255.35874938964844,514.8259887695312,330.81671142578125,574.6219482421875
47,2.0,168.0,256.4473571777344,515.0431518554688,332.3426818847656,574.8306884765625
48,2.0,168.0,256.1031799316406,514.7018432617188,332.9854431152344,574.9765014648438
49,2.0,168.0,256.2395935058594,514.3919067382812,334.70513916015625,574.0330810546875
50,2.0,168.0,256.505126953125,514.5736083984375,335.33441162109375,573.1865844726562
51,2.0,168.0,258.0042724609375,515.063720703125,335.69244384765625,575.025390625
52,2.0,168.0,258.5743103027344,516.1102905273438,337.680908203125,575.7261352539062
53,2.0,168.0,259.830810546875,515.9118041992188,337.8512268066406,576.6734619140625
54,2.0,168.0,258.4889831542969,516.3812866210938,340.1058349609375,577.0606689453125
55,2.0,168.0,258.6712646484375,517.1527709960938,341.7090148925781,577.1209716796875
56,2.0,168.0,259.56976318359375,516.6100463867188,344.8569030761719,577.4688110351562
57,2.0,168.0,259.1577453613281,515.9913330078125,345.81170654296875,578.85107421875
58,2.0,168.0,258.34600830078125,515.19140625,347.30615234375,580.01611328125
59,2.0,168.0,259.74652099609375,515.6937866210938,348.04595947265625,579.9961547851562
60,2.0,168.0,261.149658203125,516.3558349609375,349.72711181640625,580.5130004882812
61,2.0,168.0,262.03070068359375,516.9624633789062,350.71258544921875,581.1111450195312
62,2.0,168.0,262.8380126953125,516.7138671875,351.78021240234375,582.4456176757812
63,2.0,168.0,263.5539855957031,516.3060302734375,352.77685546875,583.24365234375
64,2.0,168.0,264.25811767578125,516.2078247070312,354.8681335449219,584.2066040039062
65,2.0,168.0,264.0294189453125,517.0191040039062,357.51141357421875,585.3877563476562
66,2.0,168.0,264.57269287109375,518.1551513671875,359.3946228027344,585.3773193359375
67,2.0,168.0,265.2947082519531,517.13720703125,360.4568786621094,586.2179565429688
68,2.0,168.0,265.56195068359375,516.3529663085938,362.4142761230469,586.6920166015625
69,2.0,168.0,267.1261291503906,517.1885375976562,365.10626220703125,587.5167846679688
70,2.0,168.0,267.15411376953125,516.0623168945312,366.8406982421875,587.8597412109375
71,2.0,168.0,267.9488220214844,516.637451171875,368.46307373046875,587.884033203125
72,2.0,168.0,268.9219055175781,516.5015258789062,370.46417236328125,589.375
73,2.0,168.0,270.6781311035156,516.2596435546875,372.2679138183594,591.3252563476562
74,2.0,168.0,272.207275390625,516.5392456054688,373.7861022949219,591.3021850585938
75,2.0,168.0,271.84539794921875,515.5811767578125,375.10467529296875,591.0374145507812
76,2.0,168.0,272.4975891113281,515.0252075195312,376.95526123046875,593.440673828125
77,2.0,168.0,273.4839782714844,514.7564697265625,379.4419250488281,595.0220336914062
78,2.0,168.0,274.71734619140625,513.5352783203125,383.2749328613281,595.8992309570312
79,2.0,168.0,275.56829833984375,512.65234375,384.1185607910156,596.7135009765625
80,2.0,168.0,276.6053161621094,512.5856323242188,385.15936279296875,596.8461303710938
81,2.0,168.0,277.6338195800781,512.1931762695312,388.6365051269531,597.2172241210938
82,2.0,168.0,276.5587463378906,511.82012939453125,391.9217224121094,597.8305053710938
83,2.0,168.0,276.7181091308594,511.82562255859375,394.7393798828125,598.2794799804688
84,2.0,168.0,278.96038818359375,511.942138671875,397.39959716796875,598.910400390625
85,2.0,168.0,280.0569763183594,511.7357482910156,399.8354797363281,600.0911865234375
86,2.0,168.0,281.3059387207031,511.2597351074219,402.50238037109375,600.5201416015625
87,2.0,168.0,282.76153564453125,510.61181640625,405.22381591796875,601.2185668945312
88,2.0,168.0,283.6875915527344,509.9479064941406,406.9275207519531,601.43115234375
89,2.0,168.0,285.1159362792969,509.7093505859375,409.6802062988281,604.7551879882812
90,2.0,168.0,286.5506896972656,508.9741516113281,414.6238708496094,606.5652465820312
91,2.0,168.0,288.5425109863281,508.3907470703125,419.1700744628906,607.0010375976562
92,2.0,168.0,288.1474609375,507.9099426269531,422.5069885253906,608.1719360351562
93,2.0,168.0,289.3043518066406,507.7448425292969,425.5735778808594,608.8174438476562
94,2.0,168.0,290.2367858886719,507.79296875,428.65771484375,609.5015869140625
95,2.0,168.0,290.93743896484375,507.97265625,431.9836730957031,610.6717529296875
96,2.0,168.0,292.7408447265625,507.2134704589844,435.75433349609375,613.9947509765625
97,2.0,168.0,294.45330810546875,506.9291076660156,439.72161865234375,615.1398315429688
98,2.0,168.0,295.0126953125,507.3032531738281,443.9294128417969,615.1175537109375
99,2.0,168.0,299.2493591308594,505.7564392089844,447.5745544433594,617.4096069335938
100,2.0,168.0,299.7168884277344,504.7638854980469,451.87677001953125,618.2689819335938
101,2.0,168.0,301.63385009765625,505.9249267578125,456.7516784667969,620.222412109375
102,2.0,168.0,303.173583984375,506.0764465332031,460.9309387207031,620.3677368164062
103,2.0,168.0,304.7018737792969,505.7792053222656,466.6769104003906,621.2005004882812
104,2.0,168.0,304.5595397949219,506.07452392578125,471.910888671875,623.5355834960938
105,2.0,168.0,305.6041259765625,505.9231262207031,477.68402099609375,624.6192016601562
106,2.0,168.0,308.3831481933594,505.5430908203125,482.3108215332031,628.4544677734375
107,2.0,168.0,307.9520568847656,505.5213317871094,488.4769287109375,632.4384155273438
108,2.0,168.0,308.55926513671875,505.10540771484375,493.9037170410156,634.7630004882812
109,2.0,168.0,311.518310546875,502.8897705078125,498.97235107421875,634.5671997070312
110,2.0,168.0,313.623779296875,503.34130859375,504.5126953125,637.701904296875
111,2.0,168.0,316.3979187011719,502.5168151855469,512.0860595703125,641.0439453125
112,2.0,168.0,320.7048034667969,500.2916259765625,518.7686157226562,642.5857543945312
113,2.0,168.0,323.2998046875,499.765380859375,526.17333984375,643.3599853515625
114,2.0,168.0,324.3858642578125,497.53546142578125,532.6840209960938,646.2852783203125
115,2.0,168.0,326.8536682128906,497.2813720703125,541.09716796875,648.5198974609375
116,2.0,168.0,330.0257568359375,497.1701965332031,550.7791748046875,653.5464477539062
117,2.0,168.0,333.96124267578125,495.6266174316406,558.8693237304688,657.742919921875
118,2.0,168.0,336.1168518066406,491.4971008300781,570.5973510742188,660.8070068359375
119,2.0,168.0,336.4542236328125,493.086181640625,579.1541748046875,664.79150390625
120,2.0,168.0,339.9423522949219,494.7225036621094,589.2467041015625,667.4133911132812
121,2.0,168.0,344.9134521484375,495.893310546875,599.7474975585938,670.6141967773438
122,2.0,168.0,349.22857666015625,495.1759033203125,610.825927734375,673.7552490234375
123,2.0,168.0,354.06591796875,494.965087890625,623.9635620117188,675.6582641601562
124,2.0,168.0,358.6636657714844,494.2112121582031,637.240234375,681.4879150390625
125,2.0,168.0,361.2464599609375,492.6085205078125,650.7860717773438,687.7841796875
126,2.0,168.0,366.1225280761719,490.9510498046875,664.1275024414062,691.5064086914062
127,2.0,168.0,371.2472839355469,490.075439453125,681.3583374023438,696.8389282226562
128,2.0,168.0,376.04638671875,488.43994140625,697.4934692382812,702.8065795898438
129,2.0,168.0,380.8536071777344,485.2043762207031,714.7025756835938,708.1336059570312
130,2.0,168.0,385.7466735839844,483.2155456542969,734.1610717773438,714.4527587890625
131,2.0,168.0,389.8623352050781,483.50689697265625,754.8714599609375,721.303466796875
132,2.0,168.0,395.91162109375,481.9302673339844,777.9310302734375,730.1416015625
133,2.0,168.0,403.28924560546875,481.08599853515625,801.3953857421875,736.6929321289062
134,2.0,168.0,409.5442199707031,480.081787109375,827.7824096679688,741.5333862304688
135,2.0,168.0,416.6322937011719,477.5604553222656,855.9478149414062,750.017333984375
136,2.0,168.0,425.2439270019531,472.90478515625,889.237548828125,760.26123046875
137,2.0,168.0,433.7585754394531,470.9059143066406,922.4310302734375,775.0383911132812
138,2.0,168.0,440.8872985839844,468.5839538574219,961.8049926757812,789.1050415039062
139,2.0,168.0,450.1745300292969,466.6082458496094,1003.2237548828125,803.061279296875
140,2.0,168.0,461.3240966796875,462.19097900390625,1048.9984130859375,819.26416015625
141,2.0,168.0,473.8968200683594,457.8231201171875,1100.52490234375,834.5836181640625
142,2.0,168.0,488.7344055175781,453.74932861328125,1158.8453369140625,854.0924072265625
143,2.0,168.0,502.0072326660156,448.760498046875,1223.562744140625,881.406005859375
144,2.0,168.0,517.2972412109375,444.0262451171875,1296.571044921875,907.11962890625
145,2.0,168.0,533.7540893554688,439.1957092285156,1378.5821533203125,935.23828125
146,2.0,168.0,553.2944946289062,434.5006408691406,1474.311279296875,969.2174682617188
147,2.0,168.0,572.8265380859375,429.9616394042969,1588.9744873046875,1011.368408203125
148,2.0,168.0,596.1589965820312,423.6885986328125,1721.1834716796875,1050.338623046875
149,2.0,168.0,621.7722778320312,415.75201416015625,1861.7720947265625,1067.05078125
150,2.0,168.0,654.436279296875,406.84100341796875,1918.9388427734375,1073.3961181640625
151,2.0,168.0,690.9837036132812,394.72930908203125,1920.0,1076.3323974609375
152,2.0,168.0,729.024169921875,382.5497741699219,1920.0,1077.547607421875
153,2.0,168.0,776.5289306640625,368.0665588378906,1920.0,1076.575439453125
154,2.0,168.0,833.2240600585938,349.8714599609375,1920.0,1072.5013427734375
155,2.0,168.0,899.9498901367188,327.8698425292969,1920.0,1073.677001953125
156,2.0,168.0,977.5321655273438,301.1546630859375,1920.0,1070.7796630859375
157,2.0,168.0,1077.27587890625,278.3892517089844,1920.0,1072.5115966796875
158,2.0,168.0,1204.577392578125,269.8844909667969,1920.0,1074.2984619140625
159,2.0,168.0,1364.2373046875,280.2668151855469,1920.0,1074.8916015625
160,2.0,168.0,1575.6658935546875,380.25164794921875,1920.0,1074.847900390625
