56,2.0,188.0,266.8078308105469,377.2408752441406,314.5806884765625,412.3183288574219
57,2.0,188.0,266.62298583984375,379.66534423828125,315.9434814453125,413.1651916503906
58,2.0,188.0,267.2807922363281,378.6900939941406,316.6496887207031,413.05853271484375
59,2.0,188.0,267.2981262207031,378.32733154296875,316.91754150390625,413.43304443359375
60,2.0,188.0,267.6274108886719,377.7140808105469,317.49322509765625,413.6541442871094
61,2.0,188.0,267.410888671875,377.1517639160156,319.20892333984375,414.5272521972656
62,2.0,188.0,268.0478820800781,376.3104248046875,320.2358703613281,414.6833190917969
63,2.0,188.0,268.64874267578125,374.9295349121094,321.9830017089844,415.30615234375
64,2.0,188.0,268.4285888671875,377.7667236328125,323.55670166015625,416.40234375
65,2.0,188.0,268.3384704589844,377.1790771484375,325.12213134765625,417.28985595703125
66,2.0,188.0,268.6012268066406,378.7781066894531,326.6863098144531,417.5530090332031
67,2.0,188.0,269.0833740234375,378.23431396484375,327.6824645996094,417.0361633300781
68,2.0,188.0,269.7572326660156,375.8489074707031,328.79833984375,417.2677001953125
69,2.0,188.0,270.74249267578125,375.10369873046875,330.3154296875,418.164306640625
70,2.0,188.0,272.0417785644531,376.56884765625,331.1445617675781,418.7327880859375
71,2.0,188.0,273.626708984375,375.4417724609375,333.87200927734375,419.0610046386719
72,2.0,188.0,274.2496032714844,373.3102111816406,336.5281677246094,419.6186828613281
73,2.0,188.0,274.54766845703125,371.39276123046875,339.3770751953125,419.7823486328125
74,2.0,188.0,275.2245178222656,370.055908203125,340.9963684082031,420.441650390625
75,2.0,188.0,275.859375,367.8213806152344,342.12115478515625,421.81982421875
76,2.0,188.0,277.07928466796875,366.2228088378906,342.3489990234375,422.8559265136719
77,2.0,188.0,277.64141845703125,365.0309143066406,343.0279235839844,423.69097900390625
78,2.0,188.0,278.72601318359375,365.0399169921875,344.1770324707031,423.95068359375
79,2.0,188.0,279.6852111816406,371.9591369628906,346.3839111328125,424.6610107421875
80,2.0,188.0,279.7091369628906,367.61895751953125,349.3082275390625,425.4478759765625
81,2.0,188.0,281.14996337890625,367.3718566894531,351.4585876464844,425.8077697753906
82,2.0,188.0,282.7384033203125,368.56304931640625,354.4879150390625,426.53277587890625
83,2.0,188.0,283.3723449707031,370.6992492675781,356.47467041015625,427.8292236328125
84,2.0,188.0,284.8978271484375,371.1534118652344,358.6780090332031,428.1329345703125
85,2.0,188.0,286.3541564941406,370.5679626464844,360.65948486328125,428.9393005371094
86,2.0,188.0,287.26934814453125,369.5072021484375,363.5545654296875,429.05078125
87,2.0,188.0,289.085693359375,368.9961242675781,366.47430419921875,429.43133544921875
88,2.0,188.0,289.5411071777344,368.0327453613281,368.5782775878906,430.7728576660156
89,2.0,188.0,289.9464111328125,369.2437438964844,370.0633544921875,432.15228271484375
90,2.0,188.0,290.818603515625,370.28076171875,372.0572509765625,432.5246887207031
91,2.0,188.0,292.1348571777344,370.251220703125,375.0518798828125,434.0104675292969
92,2.0,188.0,292.44989013671875,370.3684997558594,377.2915954589844,436.5738525390625
93,2.0,188.0,294.231689453125,370.3819885253906,380.8553161621094,437.200439453125
94,2.0,188.0,296.5732116699219,370.2810363769531,384.6107177734375,437.74774169921875
95,2.0,188.0,298.0802917480469,370.0154113769531,389.6346130371094,439.69012451171875
96,2.0,188.0,299.73724365234375,370.12799072265625,393.7950439453125,440.3141174316406
97,2.0,188.0,300.49365234375,369.7282409667969,396.4466857910156,441.1414489746094
98,2.0,188.0,302.2092590332031,368.81365966796875,399.8142395019531,442.94952392578125
99,2.0,188.0,306.0436096191406,369.1235046386719,404.051513671875,444.0899658203125
100,2.0,188.0,308.8696594238281,368.769775390625,407.6596984863281,444.9332275390625
101,2.0,188.0,308.9393005371094,368.703369140625,412.9693908691406,448.0869140625
102,2.0,188.0,311.74896240234375,367.91033935546875,418.1129455566406,449.8407287597656
103,2.0,188.0,313.2630615234375,366.8896179199219,421.63079833984375,452.1341857910156
104,2.0,188.0,314.13671875,366.4007873535156,427.717529296875,452.93603515625
105,2.0,188.0,316.13079833984375,365.845703125,433.5815734863281,454.4887390136719
106,2.0,188.0,317.0618591308594,365.7878723144531,440.7244873046875,455.9239501953125
107,2.0,188.0,321.8549499511719,365.4421691894531,446.7196350097656,456.9941711425781
108,2.0,188.0,324.81866455078125,364.9099426269531,453.0466003417969,459.6950378417969
109,2.0,188.0,327.77313232421875,363.2903137207031,458.6530456542969,463.2364807128906
110,2.0,188.0,329.93292236328125,361.88623046875,467.06640625,466.3736267089844
111,2.0,188.0,334.5140686035156,361.46331787109375,475.33050537109375,468.6394348144531
112,2.0,188.0,336.98455810546875,360.73846435546875,483.6830139160156,471.8327941894531
113,2.0,188.0,338.49176025390625,360.4858703613281,492.2784423828125,475.1549072265625
114,2.0,188.0,340.78033447265625,359.32940673828125,501.2173767089844,477.76116943359375
115,2.0,188.0,346.1053466796875,358.3743896484375,511.37457275390625,478.5507507324219
116,2.0,188.0,352.36346435546875,357.8251037597656,523.6171264648438,482.7225341796875
117,2.0,188.0,356.23394775390625,356.4049987792969,535.0186157226562,487.1988220214844
118,2.0,188.0,359.1144104003906,355.8511962890625,546.5786743164062,492.41192626953125
119,2.0,188.0,363.8204040527344,355.8288269042969,560.4777221679688,497.03765869140625
120,2.0,188.0,369.7939758300781,354.4091796875,575.3046875,503.9124755859375
121,2.0,188.0,375.1097412109375,353.19573974609375,591.8778076171875,508.7734375
122,2.0,188.0,381.037841796875,352.0275573730469,609.7821044921875,514.89794921875
123,2.0,188.0,387.10107421875,351.0520324707031,630.6719360351562,521.4434814453125
124,2.0,188.0,396.94183349609375,349.2880859375,651.8721923828125,529.4442138671875
125,2.0,188.0,404.8872375488281,347.77880859375,677.9219360351562,538.5118408203125
126,2.0,188.0,414.72174072265625,346.06207275390625,704.186279296875,545.48193359375
127,2.0,188.0,424.242919921875,344.1565246582031,734.2615966796875,556.7373657226562
128,2.0,188.0,434.4709777832031,339.8410339355469,771.1575317382812,567.171875
129,2.0,188.0,447.8233337402344,335.8143310546875,810.261474609375,583.1986083984375
130,2.0,188.0,462.07122802734375,332.8838195800781,858.9129028320312,598.9475708007812
131,2.0,188.0,477.2370910644531,329.3309020996094,913.1220703125,615.80810546875
132,2.0,188.0,495.7816467285156,327.9341125488281,977.5953979492188,636.9990234375
133,2.0,188.0,515.7093505859375,325.798583984375,1055.431884765625,661.5551147460938
134,2.0,188.0,539.4906005859375,324.68658447265625,1149.964599609375,693.9811401367188
135,2.0,188.0,569.135009765625,319.4804382324219,1264.3631591796875,733.1316528320312
136,2.0,188.0,602.444580078125,311.6963806152344,1411.6669921875,786.1480102539062
137,2.0,188.0,645.5960693359375,306.00445556640625,1603.5286865234375,858.0165405273438
138,2.0,188.0,691.2742309570312,296.4398193359375,1809.647705078125,959.7327880859375
139,2.0,188.0,760.3417358398438,284.89495849609375,1897.6907958984375,1039.634033203125
140,2.0,188.0,852.561767578125,269.05364990234375,1920.0,1068.9967041015625
141,2.0,188.0,971.12158203125,246.74281311035156,1920.0,1074.107666015625
142,2.0,188.0,1143.500244140625,226.1187744140625,1920.0,1079.7064208984375
143,2.0,188.0,1403.1705322265625,244.05978393554688,1920.0,1080.0
