54,2.0,190.0,200.9911346435547,347.3414611816406,243.47640991210938,378.9051513671875
55,2.0,190.0,201.14784240722656,347.1271057128906,244.6475067138672,379.4259033203125
56,2.0,190.0,201.6969451904297,347.6244201660156,245.0049591064453,379.45440673828125
57,2.0,190.0,202.5350341796875,347.20245361328125,244.76144409179688,378.9866027832031
58,2.0,190.0,203.2880859375,345.6026306152344,245.33689880371094,378.9237976074219
59,2.0,190.0,203.8496856689453,344.9237365722656,245.74305725097656,378.7921142578125
60,2.0,190.0,203.9136962890625,345.8386535644531,246.0205078125,379.0692138671875
61,2.0,190.0,204.47952270507812,344.8228759765625,246.95680236816406,379.4288024902344
62,2.0,190.0,204.7672119140625,343.8812561035156,247.06825256347656,379.1210632324219
63,2.0,190.0,204.99679565429688,343.9706115722656,248.40203857421875,379.8431091308594
64,2.0,190.0,205.4157257080078,343.1292419433594,250.0558319091797,381.02056884765625
65,2.0,190.0,205.93260192871094,343.6509704589844,251.97686767578125,382.0415344238281
66,2.0,190.0,206.7666015625,343.942138671875,253.6461639404297,382.8705749511719
67,2.0,190.0,207.15213012695312,342.6294250488281,255.76678466796875,383.833740234375
68,2.0,190.0,208.2433319091797,342.2854309082031,257.3873291015625,384.1516418457031
69,2.0,190.0,209.21249389648438,343.1728210449219,257.7391052246094,383.44439697265625
70,2.0,190.0,210.5371856689453,343.51007080078125,258.5758361816406,384.21832275390625
71,2.0,190.0,211.00164794921875,342.9258728027344,259.2957458496094,385.3611145019531
72,2.0,190.0,210.73851013183594,342.81817626953125,260.96490478515625,384.6187744140625
73,2.0,190.0,210.61851501464844,341.8717346191406,261.852294921875,384.8394775390625
74,2.0,190.0,211.1199951171875,340.48223876953125,264.8202819824219,385.8930969238281
75,2.0,190.0,211.68148803710938,340.51824951171875,266.41796875,386.3102722167969
76,2.0,190.0,212.36277770996094,341.34967041015625,267.5640869140625,387.5914611816406
77,2.0,190.0,213.0709228515625,341.9136962890625,268.170166015625,389.088134765625
78,2.0,190.0,213.63380432128906,343.0161437988281,268.2164306640625,389.583251953125
79,2.0,190.0,214.19032287597656,342.2733154296875,269.31671142578125,390.4178771972656
80,2.0,190.0,214.4246826171875,342.7309875488281,271.0773620605469,390.93768310546875
81,2.0,190.0,214.3031005859375,342.2909851074219,273.5677490234375,391.57684326171875
82,2.0,190.0,213.86595153808594,342.999267578125,273.7386169433594,392.1373291015625
83,2.0,190.0,215.9423828125,341.81134033203125,275.4722595214844,392.05950927734375
84,2.0,190.0,216.60531616210938,341.9681091308594,277.2649841308594,393.26483154296875
85,2.0,190.0,217.24884033203125,342.42523193359375,279.1019287109375,393.41571044921875
86,2.0,190.0,217.08309936523438,342.11285400390625,282.0337219238281,393.8756408691406
87,2.0,190.0,217.79360961914062,341.89776611328125,283.49920654296875,394.4900817871094
88,2.0,190.0,218.234130859375,342.9510803222656,284.2848815917969,394.9608459472656
89,2.0,190.0,218.46054077148438,342.4652404785156,287.73370361328125,395.2459716796875
90,2.0,190.0,219.71322631835938,342.7548828125,288.8370361328125,395.6012268066406
91,2.0,190.0,220.7359161376953,344.076171875,292.06866455078125,396.0105895996094
92,2.0,190.0,222.14535522460938,343.046875,294.4326171875,398.00006103515625
93,2.0,190.0,222.72242736816406,342.6252136230469,296.2163391113281,399.4039001464844
94,2.0,190.0,223.2220458984375,342.2437744140625,298.38409423828125,401.191162109375
95,2.0,190.0,223.95559692382812,341.1533508300781,300.9239807128906,402.4441223144531
96,2.0,190.0,226.39462280273438,339.79339599609375,304.2851867675781,403.1558532714844
97,2.0,190.0,227.21841430664062,339.2176513671875,307.12457275390625,403.9630126953125
98,2.0,190.0,229.20603942871094,339.6566467285156,309.80682373046875,403.8060607910156
99,2.0,190.0,230.3036651611328,340.33624267578125,312.1683044433594,405.0075988769531
100,2.0,190.0,230.67469787597656,340.4021911621094,316.02239990234375,405.83599853515625
101,2.0,190.0,232.30108642578125,340.2690124511719,320.15625,406.4932861328125
102,2.0,190.0,234.3046875,339.4720153808594,323.6640625,406.69512939453125
103,2.0,190.0,237.75555419921875,340.43450927734375,327.52838134765625,408.3177185058594
104,2.0,190.0,239.9424285888672,340.8655700683594,329.9845275878906,409.92803955078125
105,2.0,190.0,240.75294494628906,340.8719482421875,333.2077941894531,410.858642578125
106,2.0,190.0,241.14346313476562,341.00201416015625,337.5036315917969,412.6474914550781
107,2.0,190.0,242.03558349609375,341.33349609375,341.86859130859375,414.53717041015625
108,2.0,190.0,243.39662170410156,340.84564208984375,346.991943359375,416.4060363769531
109,2.0,190.0,246.36390686035156,339.991943359375,352.7272033691406,418.1009216308594
110,2.0,190.0,249.8675537109375,340.47296142578125,357.02606201171875,419.2300720214844
111,2.0,190.0,252.68238830566406,340.23785400390625,363.2048034667969,420.5129089355469
112,2.0,190.0,254.63504028320312,339.5534362792969,368.1827392578125,423.3179016113281
113,2.0,190.0,260.2231140136719,338.4770812988281,374.4879150390625,426.1651611328125
114,2.0,190.0,263.37969970703125,338.0447082519531,380.80755615234375,427.7725830078125
115,2.0,190.0,263.9465026855469,336.712890625,385.1999206542969,429.25274658203125
116,2.0,190.0,267.3571472167969,335.858642578125,392.2628173828125,430.3678894042969
117,2.0,190.0,268.4584655761719,334.0130310058594,402.4137268066406,432.670654296875
118,2.0,190.0,269.1856689453125,332.0694885253906,410.5173034667969,434.84637451171875
119,2.0,190.0,274.08233642578125,331.4356384277344,418.2156066894531,439.1219482421875
120,2.0,190.0,275.1038513183594,330.84100341796875,428.1331787109375,442.1172180175781
121,2.0,190.0,280.2574157714844,331.0924377441406,437.0516357421875,446.8435363769531
122,2.0,190.0,286.1552734375,330.1602478027344,446.1272277832031,450.6944274902344
123,2.0,190.0,287.5888366699219,328.8370361328125,455.93817138671875,453.0126953125
124,2.0,190.0,292.1051025390625,328.4982604980469,470.1338195800781,456.94189453125
125,2.0,190.0,298.4319152832031,327.8594970703125,482.0929260253906,461.46630859375
126,2.0,190.0,304.62646484375,327.18719482421875,496.6015319824219,467.3266296386719
127,2.0,190.0,311.0173034667969,326.84710693359375,511.5438232421875,472.48724365234375
128,2.0,190.0,316.58758544921875,326.2525329589844,528.231689453125,478.848876953125
129,2.0,190.0,322.89447021484375,324.1910400390625,547.0277099609375,483.9201965332031
130,2.0,190.0,331.9486389160156,322.58148193359375,568.019775390625,491.6930847167969
131,2.0,190.0,338.6763916015625,321.2535400390625,590.9630737304688,500.2944641113281
132,2.0,190.0,348.53369140625,320.16546630859375,614.1724853515625,509.5628662109375
133,2.0,190.0,357.4619445800781,317.8451232910156,642.5288696289062,518.255126953125
134,2.0,190.0,369.2476501464844,315.8580017089844,675.7215576171875,526.6549682617188
135,2.0,190.0,379.37542724609375,315.2581787109375,711.5194702148438,538.2565307617188
136,2.0,190.0,391.5421447753906,312.3766174316406,752.632568359375,550.544189453125
137,2.0,190.0,406.9245300292969,309.203125,801.2643432617188,564.73583984375
138,2.0,190.0,425.9219970703125,306.80633544921875,857.5314331054688,584.605224609375
139,2.0,190.0,444.7765197753906,300.4254455566406,924.2484741210938,605.8680419921875
140,2.0,190.0,467.7699279785156,297.6871032714844,1005.4348754882812,631.4642944335938
141,2.0,190.0,493.70989990234375,294.98529052734375,1102.0938720703125,664.7941284179688
142,2.0,190.0,525.48583984375,290.4892272949219,1225.0323486328125,703.5384521484375
143,2.0,190.0,561.672119140625,284.36065673828125,1379.779296875,760.8922729492188
144,2.0,190.0,605.7415161132812,276.47802734375,1581.454833984375,830.43701171875
145,2.0,190.0,663.2620239257812,266.8929748535156,1801.2449951171875,940.79931640625
146,2.0,190.0,736.5386352539062,253.4443817138672,1894.7257080078125,1031.6695556640625
147,2.0,190.0,839.026123046875,233.68992614746094,1920.0,1064.5653076171875
148,2.0,190.0,976.1988525390625,215.39942932128906,1920.0,1073.2259521484375
149,2.0,190.0,1177.98828125,199.52540588378906,1920.0,1078.4498291015625
