31,2.0,183.0,383.89984130859375,354.813232421875,432.8223571777344,389.2071533203125
32,2.0,183.0,383.7424621582031,354.6685791015625,432.9735412597656,389.06982421875
33,2.0,183.0,384.54827880859375,354.5043640136719,433.5301818847656,389.0039367675781
34,2.0,183.0,385.0499267578125,354.01263427734375,434.3645324707031,388.9061584472656
35,2.0,183.0,384.80291748046875,352.8284606933594,433.9382629394531,388.62591552734375
36,2.0,183.0,384.82049560546875,351.9940490722656,434.38311767578125,388.8569641113281
37,2.0,183.0,385.7658996582031,352.0538635253906,435.5758972167969,390.20916748046875
38,2.0,183.0,385.5308532714844,352.5661926269531,436.8063659667969,390.7793884277344
39,2.0,183.0,385.11053466796875,352.5887756347656,437.5859069824219,391.6938781738281
40,2.0,183.0,385.2943420410156,353.4620666503906,438.1754455566406,392.0491027832031
41,2.0,183.0,386.2802734375,355.96502685546875,439.57977294921875,392.6846618652344
42,2.0,183.0,387.3118896484375,354.90216064453125,440.86541748046875,392.6303405761719
43,2.0,183.0,388.66229248046875,355.3083801269531,442.00146484375,393.1109313964844
44,2.0,183.0,389.6622009277344,354.9613952636719,442.8979797363281,393.144775390625
45,2.0,183.0,390.037841796875,357.0487060546875,444.4815673828125,394.035400390625
46,2.0,183.0,390.8609313964844,355.9671630859375,445.0848388671875,394.5292053222656
47,2.0,183.0,391.13714599609375,357.3915710449219,446.7776794433594,395.09295654296875
48,2.0,183.0,392.58294677734375,359.17950439453125,448.13104248046875,395.2716369628906
49,2.0,183.0,393.76959228515625,359.8470153808594,449.412353515625,395.2171936035156
50,2.0,183.0,394.3153991699219,360.66876220703125,450.6918640136719,395.39324951171875
51,2.0,183.0,395.95770263671875,359.5889892578125,451.6507873535156,395.44036865234375
52,2.0,183.0,396.5901794433594,354.5608215332031,452.9129943847656,395.4896240234375
53,2.0,183.0,396.9435119628906,352.0775451660156,453.8603820800781,395.6864929199219
54,2.0,183.0,397.2325744628906,353.738525390625,455.6051940917969,396.2264404296875
55,2.0,183.0,397.6443176269531,352.1543884277344,457.1634216308594,396.668701171875
56,2.0,183.0,398.5000915527344,353.1179504394531,458.5663146972656,397.447998046875
57,2.0,183.0,397.900390625,351.1495666503906,460.0068359375,397.7584533691406
58,2.0,183.0,398.6683349609375,348.2046203613281,461.0183410644531,397.433837890625
59,2.0,183.0,400.2257385253906,347.65582275390625,462.4146423339844,397.9269104003906
60,2.0,183.0,399.265625,346.2845764160156,463.6273498535156,398.5335388183594
61,2.0,183.0,399.380859375,346.3466491699219,465.7782897949219,400.6864013671875
62,2.0,183.0,400.9474182128906,348.3370361328125,467.0639343261719,401.8695068359375
63,2.0,183.0,400.8111877441406,347.9490966796875,469.8233337402344,402.153076171875
64,2.0,183.0,401.0823669433594,349.2281188964844,471.8055114746094,402.1215515136719
65,2.0,183.0,401.7846984863281,349.2286071777344,473.4484558105469,403.1564636230469
66,2.0,183.0,403.2731628417969,349.4461364746094,475.4657897949219,404.1785888671875
67,2.0,183.0,404.361328125,349.2337646484375,477.3868103027344,404.88922119140625
68,2.0,183.0,406.4179992675781,350.0730895996094,479.2663879394531,405.3630065917969
69,2.0,183.0,408.879638671875,350.8501892089844,480.5888977050781,405.6586608886719
70,2.0,183.0,409.77606201171875,353.0206298828125,481.6888427734375,406.5963134765625
71,2.0,183.0,410.20184326171875,350.5765380859375,483.1657409667969,407.0713806152344
72,2.0,183.0,410.8187561035156,349.8941955566406,485.2220764160156,407.5741882324219
73,2.0,183.0,410.7724304199219,349.36138916015625,488.6573486328125,407.32940673828125
74,2.0,183.0,411.50164794921875,350.9891357421875,491.5702819824219,407.7029113769531
75,2.0,183.0,412.6996154785156,349.4809875488281,494.3243103027344,408.470947265625
76,2.0,183.0,413.76141357421875,347.8008117675781,497.1520690917969,409.27337646484375
77,2.0,183.0,414.6668701171875,347.271728515625,499.2441101074219,409.62054443359375
78,2.0,183.0,415.3548583984375,348.046142578125,502.0042724609375,410.314208984375
79,2.0,183.0,418.51593017578125,347.79132080078125,503.7320861816406,412.1075439453125
80,2.0,183.0,420.234619140625,347.3437805175781,505.8798522949219,412.5450744628906
81,2.0,183.0,421.6568298339844,346.9209899902344,507.9703063964844,412.2073669433594
82,2.0,183.0,422.6807861328125,346.6510925292969,512.7034912109375,413.32073974609375
83,2.0,183.0,424.7756652832031,345.6064758300781,515.8869018554688,415.74456787109375
84,2.0,183.0,426.1068420410156,343.5074768066406,519.3416137695312,417.63690185546875
85,2.0,183.0,426.9472961425781,342.50103759765625,522.2614135742188,418.5541687011719
86,2.0,183.0,427.90472412109375,342.51373291015625,526.2221069335938,418.77093505859375
87,2.0,183.0,428.71588134765625,342.39031982421875,529.6978759765625,420.05804443359375
88,2.0,183.0,431.5482177734375,341.8044128417969,533.3677368164062,422.1615295410156
89,2.0,183.0,434.7711486816406,342.5517578125,538.5855102539062,423.6396179199219
90,2.0,183.0,435.98309326171875,342.5751037597656,542.2291870117188,426.07427978515625
91,2.0,183.0,437.252685546875,342.3836975097656,546.38525390625,426.8431091308594
92,2.0,183.0,438.6533203125,342.1192932128906,550.2215576171875,428.01348876953125
93,2.0,183.0,443.1158447265625,342.8982238769531,554.3082275390625,429.247314453125
94,2.0,183.0,444.3760070800781,342.70989990234375,560.1742553710938,430.7158203125
95,2.0,183.0,445.6806640625,342.9554443359375,566.2996826171875,431.6330871582031
96,2.0,183.0,448.96923828125,342.14520263671875,572.4366455078125,433.4551696777344
97,2.0,183.0,450.2849426269531,341.5849609375,575.5802612304688,434.6073303222656
98,2.0,183.0,450.69927978515625,340.7576904296875,581.5830688476562,437.67919921875
99,2.0,183.0,453.1918029785156,340.4200744628906,588.6118774414062,438.0625305175781
100,2.0,183.0,455.2001037597656,340.0625,596.1000366210938,440.745361328125
101,2.0,183.0,455.4052734375,339.8022766113281,602.8146362304688,443.049560546875
102,2.0,183.0,459.4079895019531,339.0079040527344,610.03662109375,447.23699951171875
103,2.0,183.0,461.34222412109375,339.0747375488281,617.9339599609375,448.9092102050781
104,2.0,183.0,465.6188659667969,338.6868591308594,625.6141967773438,451.35504150390625
105,2.0,183.0,467.9107360839844,338.297607421875,634.1883544921875,453.842529296875
106,2.0,183.0,470.8776550292969,336.5471496582031,644.5339965820312,456.9166564941406
107,2.0,183.0,475.30279541015625,335.50872802734375,655.6543579101562,461.8628845214844
108,2.0,183.0,477.5618591308594,334.48150634765625,666.8619384765625,464.8995056152344
109,2.0,183.0,482.45660400390625,332.9513854980469,677.2903442382812,468.1849670410156
110,2.0,183.0,488.46044921875,331.1331481933594,690.357421875,471.085693359375
111,2.0,183.0,495.52313232421875,329.5522155761719,703.0740356445312,474.616943359375
112,2.0,183.0,502.4040222167969,329.44012451171875,717.9358520507812,477.50860595703125
113,2.0,183.0,506.2267761230469,328.4830322265625,734.3907470703125,482.45556640625
114,2.0,183.0,512.109619140625,327.59393310546875,752.0818481445312,488.648681640625
115,2.0,183.0,518.5118408203125,326.2475280761719,771.3370361328125,494.7826232910156
116,2.0,183.0,525.4451904296875,324.1726379394531,790.85205078125,499.5948791503906
117,2.0,183.0,534.2537841796875,323.26031494140625,813.8024291992188,508.11309814453125
118,2.0,183.0,542.3870849609375,320.62957763671875,839.1503295898438,516.9576416015625
119,2.0,183.0,552.0245971679688,318.49481201171875,867.28173828125,526.4215698242188
120,2.0,183.0,561.4070434570312,315.85601806640625,898.704833984375,534.0938720703125
121,2.0,183.0,572.0249633789062,315.094970703125,933.8643798828125,544.1406860351562
122,2.0,183.0,582.8439331054688,312.5966491699219,975.0952758789062,557.264892578125
123,2.0,183.0,597.560791015625,309.1242370605469,1021.1514282226562,571.7809448242188
124,2.0,183.0,613.2719116210938,305.158203125,1072.94482421875,586.714111328125
125,2.0,183.0,627.8117065429688,301.9593200683594,1133.7269287109375,606.3098754882812
126,2.0,183.0,647.8323974609375,298.0191345214844,1205.3104248046875,630.22216796875
127,2.0,183.0,670.418701171875,293.0992126464844,1290.025390625,659.6326293945312
128,2.0,183.0,696.2905883789062,288.2906799316406,1391.760498046875,693.8103637695312
129,2.0,183.0,725.2896728515625,281.73931884765625,1517.112548828125,737.7879028320312
130,2.0,183.0,760.69970703125,273.67877197265625,1675.5755615234375,791.7230224609375
131,2.0,183.0,800.9811401367188,265.9039306640625,1839.92431640625,867.1004638671875
132,2.0,183.0,850.1647338867188,254.98655700683594,1907.3046875,976.1575317382812
133,2.0,183.0,915.5409545898438,241.25421142578125,1920.0,1039.35009765625
134,2.0,183.0,997.8341674804688,225.95895385742188,1920.0,1058.28857421875
135,2.0,183.0,1104.9820556640625,207.42068481445312,1920.0,1059.44873046875
136,2.0,183.0,1251.3812255859375,187.54014587402344,1920.0,1063.2523193359375
137,2.0,183.0,1458.595947265625,204.22088623046875,1920.0,1076.4661865234375
