96,2.0,214.0,231.87698364257812,640.2709350585938,284.74871826171875,678.6270141601562
97,2.0,214.0,232.0115966796875,641.2438354492188,286.8284606933594,679.7853393554688
98,2.0,214.0,232.70986938476562,642.8034057617188,288.9557189941406,680.3402709960938
99,2.0,214.0,233.31155395507812,642.959228515625,289.6831359863281,680.944091796875
100,2.0,214.0,233.6737823486328,641.4747924804688,290.3427429199219,680.8983154296875
101,2.0,214.0,234.48574829101562,640.9706420898438,291.4656982421875,680.8988647460938
102,2.0,214.0,234.24081420898438,640.5985717773438,292.3074035644531,681.5220336914062
103,2.0,214.0,235.09857177734375,639.4243774414062,292.8521423339844,681.7852783203125
104,2.0,214.0,236.3115234375,639.6554565429688,292.7656555175781,682.1571655273438
105,2.0,214.0,236.8032684326172,640.7817993164062,293.1663513183594,682.2601318359375
106,2.0,214.0,235.4188232421875,639.540283203125,294.336181640625,682.7451171875
107,2.0,214.0,236.16656494140625,639.8411865234375,294.74688720703125,683.1431274414062
108,2.0,214.0,236.79714965820312,639.328369140625,295.1825866699219,683.2239990234375
109,2.0,214.0,237.2682647705078,639.887451171875,298.2245788574219,683.6580810546875
110,2.0,214.0,237.644775390625,640.1400756835938,300.1972351074219,683.9512329101562
111,2.0,214.0,238.2925262451172,639.7179565429688,302.4920349121094,684.597900390625
112,2.0,214.0,238.3831329345703,640.843994140625,303.466064453125,684.9769897460938
113,2.0,214.0,238.396728515625,641.6519165039062,303.70074462890625,685.048828125
114,2.0,214.0,239.25205993652344,641.508544921875,304.25518798828125,685.0593872070312
115,2.0,214.0,239.87149047851562,642.2622680664062,306.78387451171875,685.8010864257812
116,2.0,214.0,240.79794311523438,642.8065185546875,308.4035339355469,686.406982421875
117,2.0,214.0,242.139404296875,642.6092529296875,310.370361328125,688.1279296875
118,2.0,214.0,243.02032470703125,643.6060791015625,311.641357421875,688.9844970703125
119,2.0,214.0,243.0079803466797,642.69384765625,313.7705383300781,690.6553955078125
120,2.0,214.0,244.1671905517578,641.860107421875,316.15704345703125,692.0374145507812
121,2.0,214.0,245.4224090576172,641.5150756835938,319.2630920410156,693.142578125
122,2.0,214.0,246.1597442626953,639.9431762695312,320.38525390625,693.2288208007812
123,2.0,214.0,246.615478515625,638.922607421875,320.01715087890625,693.6142578125
124,2.0,214.0,246.32078552246094,638.025634765625,321.1025085449219,694.2354125976562
125,2.0,214.0,248.02484130859375,638.767333984375,322.3982238769531,694.1982421875
126,2.0,214.0,248.57168579101562,639.6884155273438,324.23236083984375,694.234619140625
127,2.0,214.0,249.7210235595703,639.7364501953125,326.58197021484375,694.0750732421875
128,2.0,214.0,250.54953002929688,639.708984375,329.0684814453125,694.0563354492188
129,2.0,214.0,251.75975036621094,638.8435668945312,331.2964782714844,695.4257202148438
130,2.0,214.0,252.37692260742188,639.074951171875,333.0346984863281,696.2996826171875
131,2.0,214.0,253.4001922607422,639.6728515625,334.9022521972656,696.724609375
132,2.0,214.0,253.8558349609375,638.9137573242188,336.9235534667969,696.9478759765625
133,2.0,214.0,254.53424072265625,638.847900390625,338.77630615234375,698.3648071289062
134,2.0,214.0,254.44692993164062,638.6585083007812,340.63720703125,699.2781372070312
135,2.0,214.0,255.54054260253906,638.0255737304688,344.2862243652344,700.5787353515625
136,2.0,214.0,257.96484375,637.011474609375,346.5155944824219,701.9254760742188
137,2.0,214.0,258.6458740234375,636.4244384765625,348.72454833984375,703.6930541992188
138,2.0,214.0,259.23486328125,635.9114379882812,351.79229736328125,705.35400390625
139,2.0,214.0,260.2084045410156,635.6282958984375,354.2471008300781,705.9287719726562
140,2.0,214.0,260.485595703125,635.3307495117188,357.62530517578125,708.0950317382812
141,2.0,214.0,260.99072265625,633.9197387695312,360.8585510253906,709.8349609375
142,2.0,214.0,262.433349609375,633.4825439453125,363.8719482421875,710.637451171875
143,2.0,214.0,264.28472900390625,633.7049560546875,367.6415100097656,712.6800537109375
144,2.0,214.0,265.77667236328125,633.8021240234375,370.3879699707031,713.8070678710938
145,2.0,214.0,265.9060974121094,634.1656494140625,373.61541748046875,715.6564331054688
146,2.0,214.0,267.0906066894531,634.1448364257812,377.4243469238281,717.59033203125
147,2.0,214.0,268.6930847167969,633.094482421875,381.48486328125,718.9977416992188
148,2.0,214.0,266.92181396484375,632.254150390625,385.8450012207031,719.416748046875
149,2.0,214.0,267.60894775390625,631.50927734375,389.74261474609375,721.0314331054688
150,2.0,214.0,268.73480224609375,631.4986572265625,393.9880065917969,721.718017578125
151,2.0,214.0,273.0561828613281,631.2186889648438,398.9628601074219,722.8588256835938
152,2.0,214.0,274.31903076171875,630.3421630859375,404.7189636230469,726.6580810546875
153,2.0,214.0,274.8996276855469,630.490478515625,410.4103088378906,729.1305541992188
154,2.0,214.0,277.2085876464844,629.956298828125,415.6071472167969,730.628662109375
155,2.0,214.0,280.61895751953125,629.54296875,420.9605712890625,732.8504638671875
156,2.0,214.0,282.086669921875,629.0387573242188,426.7694396972656,735.3232421875
157,2.0,214.0,285.37451171875,628.7513427734375,432.82568359375,736.6116943359375
158,2.0,214.0,289.2380065917969,629.1438598632812,440.5402526855469,739.2463989257812
159,2.0,214.0,292.3079833984375,628.6275634765625,448.14483642578125,742.1480712890625
160,2.0,214.0,293.26300048828125,626.7611694335938,454.62530517578125,745.4559936523438
161,2.0,214.0,296.287841796875,626.4429321289062,462.76904296875,748.6561279296875
162,2.0,214.0,299.7910461425781,626.5381469726562,472.2424621582031,752.4592895507812
163,2.0,214.0,302.34197998046875,625.51220703125,480.68865966796875,758.1328735351562
164,2.0,214.0,305.53240966796875,624.7455444335938,491.45513916015625,761.4138793945312
165,2.0,214.0,309.5079040527344,624.7051391601562,502.825927734375,764.5020141601562
166,2.0,214.0,311.6792907714844,624.3240966796875,513.2936401367188,769.7026977539062
167,2.0,214.0,314.8103332519531,623.6019897460938,526.1028442382812,773.3662719726562
168,2.0,214.0,320.9383850097656,622.1096801757812,538.8638305664062,778.798828125
169,2.0,214.0,325.37677001953125,620.9886474609375,553.1807861328125,783.29052734375
170,2.0,214.0,329.68731689453125,620.5753173828125,569.8035278320312,790.8695068359375
171,2.0,214.0,335.48248291015625,619.9544677734375,587.6090698242188,797.8282470703125
172,2.0,214.0,340.0916442871094,619.1891479492188,606.0213623046875,803.9378051757812
173,2.0,214.0,347.0773010253906,618.2052612304688,626.3160400390625,808.33349609375
174,2.0,214.0,355.54412841796875,616.71630859375,649.8167724609375,816.69775390625
175,2.0,214.0,361.8021240234375,616.1182250976562,674.9484252929688,826.6903076171875
176,2.0,214.0,371.40826416015625,614.1824340820312,702.2096557617188,835.73095703125
177,2.0,214.0,379.3252258300781,612.9812622070312,734.3312377929688,843.2403564453125
178,2.0,214.0,390.8539733886719,612.4296264648438,771.630615234375,856.669921875
179,2.0,214.0,401.05377197265625,609.3472290039062,814.262939453125,871.5070190429688
180,2.0,214.0,413.1082458496094,605.50244140625,862.85986328125,889.2212524414062
181,2.0,214.0,426.2398681640625,597.6254272460938,918.563720703125,905.39453125
182,2.0,214.0,442.0873107910156,591.7183227539062,984.839599609375,930.2137451171875
183,2.0,214.0,459.0371398925781,586.8529663085938,1062.38623046875,958.576904296875
184,2.0,214.0,479.70404052734375,583.596923828125,1156.1207275390625,991.5678100585938
185,2.0,214.0,502.5050354003906,577.17578125,1270.94677734375,1034.1943359375
186,2.0,214.0,532.6832885742188,567.248291015625,1415.1424560546875,1063.4031982421875
187,2.0,214.0,562.5214233398438,557.2007446289062,1607.123779296875,1073.96484375
188,2.0,214.0,596.4716796875,549.1729736328125,1812.53173828125,1080.0
189,2.0,214.0,650.3621826171875,533.868408203125,1899.59765625,1080.0
190,2.0,214.0,716.5548706054688,516.4711303710938,1920.0,1079.4671630859375
191,2.0,214.0,796.4934692382812,490.8661193847656,1920.0,1077.6112060546875
192,2.0,214.0,897.963134765625,454.92401123046875,1920.0,1079.232666015625
193,2.0,214.0,1036.8585205078125,425.1935119628906,1920.0,1078.2197265625
194,2.0,214.0,1235.156494140625,423.0965881347656,1920.0,1076.443359375
