2,2.0,199.0,206.2613525390625,652.3353271484375,250.477294921875,683.7683715820312
3,2.0,199.0,206.17755126953125,650.7384643554688,251.98834228515625,684.302490234375
4,2.0,199.0,206.60494995117188,651.4706420898438,252.86947631835938,684.315673828125
5,2.0,199.0,207.46719360351562,650.4756469726562,253.3544921875,684.2490234375
6,2.0,199.0,208.07598876953125,648.846435546875,254.71697998046875,684.6709594726562
7,2.0,199.0,208.32427978515625,647.022216796875,256.46746826171875,684.9683227539062
8,2.0,199.0,208.52069091796875,645.8776245117188,257.3410949707031,685.2491455078125
9,2.0,199.0,208.82809448242188,645.7103881835938,258.015625,685.5924682617188
10,2.0,199.0,209.96292114257812,647.2181396484375,257.9117736816406,685.506591796875
11,2.0,199.0,210.23106384277344,647.968505859375,257.89813232421875,685.6524047851562
12,2.0,199.0,210.19161987304688,648.075439453125,257.705322265625,685.6873779296875
13,2.0,199.0,210.150146484375,646.483642578125,258.02410888671875,685.4738159179688
14,2.0,199.0,209.45660400390625,649.185791015625,258.6355895996094,685.3034057617188
15,2.0,199.0,209.21905517578125,651.5725708007812,259.2400817871094,684.932373046875
16,2.0,199.0,208.48199462890625,650.7489013671875,259.5986328125,685.0347900390625
17,2.0,199.0,208.51007080078125,650.8065185546875,260.64642333984375,685.4669799804688
18,2.0,199.0,209.13893127441406,650.5709838867188,261.2458190917969,685.6746215820312
19,2.0,199.0,209.09730529785156,651.0897216796875,261.6951904296875,686.0157470703125
20,2.0,199.0,208.7176055908203,651.9552001953125,262.0495910644531,686.4205932617188
21,2.0,199.0,208.05494689941406,651.4539184570312,263.0361328125,687.5205078125
22,2.0,199.0,209.0261993408203,651.259765625,263.85467529296875,688.394775390625
23,2.0,199.0,208.78012084960938,650.7191162109375,264.79876708984375,689.2007446289062
24,2.0,199.0,209.0559539794922,650.5910034179688,265.2124938964844,689.7881469726562
25,2.0,199.0,209.728515625,651.1964721679688,265.9463195800781,689.5065307617188
26,2.0,199.0,210.60060119628906,652.6727905273438,266.8890686035156,689.3707275390625
27,2.0,199.0,210.98252868652344,650.658935546875,267.58807373046875,689.642333984375
28,2.0,199.0,211.02084350585938,649.9237670898438,268.0797424316406,689.8511352539062
29,2.0,199.0,211.7736053466797,648.8432006835938,268.3787536621094,690.5344848632812
30,2.0,199.0,212.1894073486328,648.1580810546875,268.3510437011719,690.933349609375
31,2.0,199.0,212.09609985351562,647.6275024414062,268.7777404785156,691.8772583007812
32,2.0,199.0,212.32473754882812,648.4359741210938,269.0048522949219,692.5550537109375
33,2.0,199.0,212.61888122558594,648.6512451171875,269.2215576171875,692.8169555664062
34,2.0,199.0,212.5791473388672,649.0318603515625,269.5761413574219,692.8888549804688
35,2.0,199.0,212.63723754882812,648.4114990234375,270.50103759765625,692.7300415039062
36,2.0,199.0,212.90225219726562,648.7408447265625,270.2528381347656,692.5091552734375
37,2.0,199.0,213.6628875732422,648.4502563476562,270.63262939453125,692.655029296875
38,2.0,199.0,213.6696014404297,648.8956298828125,271.16668701171875,692.31494140625
39,2.0,199.0,214.3077392578125,648.1593627929688,273.2380676269531,692.3131713867188
40,2.0,199.0,215.03990173339844,647.4188842773438,275.07843017578125,692.4286499023438
41,2.0,199.0,215.7515869140625,646.9476318359375,275.6474914550781,692.429931640625
42,2.0,199.0,216.2197265625,647.0015258789062,276.71630859375,692.2847290039062
43,2.0,199.0,215.76251220703125,647.727783203125,277.7687072753906,692.5806274414062
44,2.0,199.0,216.2267303466797,647.4464111328125,278.3775329589844,692.8204345703125
45,2.0,199.0,216.44482421875,647.6449584960938,279.1075439453125,692.9765014648438
46,2.0,199.0,216.73614501953125,646.5244750976562,279.62139892578125,694.1552124023438
47,2.0,199.0,216.6975555419922,646.15673828125,279.4291687011719,694.790771484375
48,2.0,199.0,216.25497436523438,646.6286010742188,279.96063232421875,695.1232299804688
49,2.0,199.0,216.37551879882812,646.835205078125,280.72705078125,695.4761962890625
50,2.0,199.0,216.2433624267578,646.6744995117188,281.7669372558594,695.6695556640625
51,2.0,199.0,216.37014770507812,646.4337768554688,281.9033203125,695.7745971679688
52,2.0,199.0,216.2408905029297,646.2412109375,282.07763671875,696.3018188476562
53,2.0,199.0,216.62879943847656,646.0435180664062,282.84332275390625,696.6101684570312
54,2.0,199.0,216.7540283203125,645.815673828125,282.8707275390625,696.4379272460938
55,2.0,199.0,217.25759887695312,645.2706298828125,282.80584716796875,696.4614868164062
56,2.0,199.0,216.7561492919922,646.3173217773438,287.26470947265625,697.946533203125
57,2.0,199.0,216.48416137695312,646.606689453125,289.7741394042969,698.5596313476562
58,2.0,199.0,216.5725555419922,645.3671264648438,291.75555419921875,699.1385498046875
59,2.0,199.0,216.36434936523438,645.047119140625,292.6791687011719,699.5891723632812
60,2.0,199.0,216.6541290283203,645.279052734375,294.94384765625,699.7789306640625
61,2.0,199.0,217.2405242919922,645.0545654296875,294.423828125,699.58154296875
62,2.0,199.0,217.69076538085938,644.6631469726562,295.5828552246094,699.9142456054688
63,2.0,199.0,217.98968505859375,643.9180908203125,296.6358337402344,700.4208984375
64,2.0,199.0,218.36447143554688,643.6687622070312,297.9767761230469,701.2086181640625
65,2.0,199.0,218.65318298339844,644.0648803710938,298.6327819824219,701.4655151367188
66,2.0,199.0,218.4322052001953,644.4666748046875,299.1084289550781,702.2089233398438
67,2.0,199.0,218.32907104492188,644.5460205078125,299.9404602050781,702.779296875
68,2.0,199.0,219.29574584960938,644.9559326171875,300.248291015625,704.2964477539062
69,2.0,199.0,219.69398498535156,645.3338623046875,300.7318420410156,705.3232421875
70,2.0,199.0,219.96820068359375,645.490234375,302.2982482910156,705.7892456054688
71,2.0,199.0,219.86773681640625,646.1033935546875,303.7932434082031,705.85107421875
72,2.0,199.0,220.80213928222656,646.156494140625,304.7352294921875,705.6390991210938
73,2.0,199.0,221.44435119628906,646.569091796875,306.08416748046875,705.8646850585938
74,2.0,199.0,221.4178009033203,646.203857421875,306.5216064453125,706.6312255859375
75,2.0,199.0,221.17161560058594,645.2586669921875,306.9593200683594,706.91357421875
76,2.0,199.0,219.7983856201172,644.63818359375,309.28314208984375,707.4060668945312
77,2.0,199.0,219.4884796142578,643.7083129882812,311.19122314453125,707.5917358398438
78,2.0,199.0,219.39930725097656,643.9152221679688,312.4134216308594,708.896484375
79,2.0,199.0,221.43585205078125,644.407470703125,312.9031677246094,710.5313110351562
80,2.0,199.0,222.83380126953125,644.7990112304688,314.2982177734375,712.385986328125
81,2.0,199.0,223.06790161132812,644.9356689453125,315.8150634765625,713.5303955078125
82,2.0,199.0,223.6306610107422,644.2827758789062,316.4172668457031,713.7296752929688
83,2.0,199.0,223.98573303222656,643.8336791992188,317.226806640625,714.6341552734375
84,2.0,199.0,224.25877380371094,643.5587768554688,320.2873229980469,715.5740356445312
85,2.0,199.0,224.47984313964844,643.436279296875,321.89935302734375,716.4835815429688
86,2.0,199.0,225.4098663330078,643.4932861328125,323.419921875,717.1015014648438
87,2.0,199.0,226.3394317626953,643.1470947265625,324.4353332519531,717.8873901367188
88,2.0,199.0,227.972900390625,642.6456298828125,326.3219299316406,718.4912109375
89,2.0,199.0,228.75115966796875,642.7640380859375,328.1758728027344,718.9375
90,2.0,199.0,229.24183654785156,642.7743530273438,330.3865661621094,719.8764038085938
91,2.0,199.0,229.50872802734375,643.3045654296875,332.0208435058594,720.6704711914062
92,2.0,199.0,229.6904754638672,642.7161865234375,332.96136474609375,721.2291259765625
93,2.0,199.0,229.47044372558594,642.3389282226562,334.275390625,722.21728515625
94,2.0,199.0,229.1399383544922,642.4762573242188,335.760498046875,722.5090942382812
95,2.0,199.0,230.22779846191406,642.5639038085938,337.4612731933594,723.1611938476562
96,2.0,199.0,229.92852783203125,642.5668334960938,340.221435546875,724.7315063476562
97,2.0,199.0,230.6105194091797,641.7916259765625,343.525634765625,726.9215087890625
98,2.0,199.0,230.76548767089844,641.3285522460938,346.5301513671875,727.7216186523438
99,2.0,199.0,231.84376525878906,640.3045043945312,347.8902587890625,728.6054077148438
100,2.0,199.0,232.59930419921875,639.2515869140625,350.6442565917969,729.5509643554688
101,2.0,199.0,232.66722106933594,639.2200927734375,354.6898193359375,731.0988159179688
102,2.0,199.0,232.318115234375,639.501708984375,358.7519226074219,731.6435546875
103,2.0,199.0,233.49844360351562,639.4722900390625,361.385009765625,732.889892578125
104,2.0,199.0,235.08941650390625,639.0841064453125,364.2164611816406,734.8055419921875
105,2.0,199.0,235.5904083251953,638.9741821289062,366.5040588378906,735.2276000976562
106,2.0,199.0,236.02749633789062,638.2608032226562,368.5420227050781,737.30126953125
107,2.0,199.0,237.81883239746094,638.404296875,371.4937438964844,738.0490112304688
108,2.0,199.0,239.88246154785156,637.3958740234375,373.3254699707031,738.6239013671875
109,2.0,199.0,240.80516052246094,637.8345947265625,376.4326477050781,738.7145385742188
110,2.0,199.0,240.82350158691406,638.217529296875,380.26171875,739.638916015625
111,2.0,199.0,241.32318115234375,638.8734741210938,382.5272521972656,741.18359375
112,2.0,199.0,241.93572998046875,638.6267700195312,385.31927490234375,742.6433715820312
113,2.0,199.0,241.74810791015625,637.1604614257812,388.21258544921875,743.2890014648438
114,2.0,199.0,243.2980499267578,635.3766479492188,391.0359191894531,744.9193725585938
115,2.0,199.0,244.38975524902344,634.2373657226562,395.384765625,747.0259399414062
116,2.0,199.0,244.8924102783203,632.691650390625,399.8378601074219,751.48583984375
117,2.0,199.0,246.0285186767578,631.61669921875,404.84326171875,753.4805297851562
118,2.0,199.0,247.63113403320312,631.0820922851562,407.481689453125,755.2547607421875
119,2.0,199.0,249.04652404785156,630.9462890625,412.2130126953125,757.68994140625
120,2.0,199.0,250.99951171875,630.8555908203125,416.99267578125,759.7105102539062
121,2.0,199.0,252.231201171875,631.0708618164062,421.7968444824219,761.8577270507812
122,2.0,199.0,252.4249725341797,631.7252197265625,426.1951599121094,763.846435546875
123,2.0,199.0,252.23345947265625,631.513427734375,432.20166015625,765.778076171875
124,2.0,199.0,253.06158447265625,629.8822021484375,436.32122802734375,766.248046875
125,2.0,199.0,254.0506134033203,628.50732421875,442.1494445800781,769.2073364257812
126,2.0,199.0,255.79054260253906,628.5527954101562,447.825927734375,772.3096923828125
127,2.0,199.0,257.22674560546875,629.103759765625,454.7137756347656,775.8876342773438
128,2.0,199.0,258.7877197265625,629.8049926757812,459.7574768066406,779.5853271484375
129,2.0,199.0,262.2176208496094,630.10986328125,467.14849853515625,783.2554931640625
130,2.0,199.0,264.54583740234375,629.9967041015625,475.32940673828125,785.7303466796875
131,2.0,199.0,265.1246032714844,629.5272827148438,481.9411926269531,789.8925170898438
132,2.0,199.0,266.3831787109375,629.086669921875,490.6731872558594,793.3377685546875
133,2.0,199.0,268.2022399902344,628.4962768554688,498.8013000488281,797.4049682617188
134,2.0,199.0,269.4831848144531,627.9489135742188,506.2879638671875,800.1448364257812
135,2.0,199.0,271.7570495605469,627.386962890625,515.4274291992188,804.0535278320312
136,2.0,199.0,273.45782470703125,626.124267578125,524.6300048828125,808.774658203125
137,2.0,199.0,275.6070861816406,624.5659790039062,534.7803955078125,810.5387573242188
138,2.0,199.0,276.5960998535156,623.53564453125,545.7218627929688,816.5560302734375
139,2.0,199.0,280.9586486816406,622.49560546875,557.0315551757812,822.445556640625
140,2.0,199.0,283.9927062988281,621.7156372070312,569.8244018554688,827.5621337890625
141,2.0,199.0,285.99237060546875,621.26318359375,582.5715942382812,832.134521484375
142,2.0,199.0,287.22998046875,620.6299438476562,596.63232421875,835.7664184570312
143,2.0,199.0,290.2717590332031,619.2833251953125,608.9342041015625,841.9739379882812
144,2.0,199.0,294.1245422363281,618.3212890625,626.3635864257812,848.2413940429688
145,2.0,199.0,298.25,617.3276977539062,643.780029296875,854.0630493164062
146,2.0,199.0,301.5871887207031,615.0399780273438,661.827392578125,860.19091796875
147,2.0,199.0,308.2177734375,613.1826782226562,682.435302734375,868.7084350585938
148,2.0,199.0,311.965087890625,613.355712890625,706.6154174804688,880.355712890625
149,2.0,199.0,317.29901123046875,611.2417602539062,730.627685546875,892.3128051757812
150,2.0,199.0,322.3909912109375,609.0274047851562,757.8702392578125,901.8037719726562
151,2.0,199.0,327.3232116699219,599.5480346679688,787.5217895507812,912.3294677734375
152,2.0,199.0,332.5399169921875,594.1049194335938,820.5465087890625,923.1846923828125
153,2.0,199.0,340.93597412109375,591.2826538085938,855.1690063476562,938.3336181640625
154,2.0,199.0,347.19085693359375,588.518310546875,896.1448974609375,955.2845458984375
155,2.0,199.0,355.1332092285156,586.1034545898438,941.1680908203125,975.3626708984375
156,2.0,199.0,361.6507568359375,583.0048828125,992.278076171875,996.6341552734375
157,2.0,199.0,369.8212890625,582.5804443359375,1050.2789306640625,1024.1573486328125
158,2.0,199.0,378.7893981933594,579.9568481445312,1118.8790283203125,1051.50244140625
159,2.0,199.0,388.69580078125,576.1945190429688,1196.8260498046875,1069.1397705078125
160,2.0,199.0,401.3379211425781,567.03466796875,1285.2623291015625,1075.5628662109375
161,2.0,199.0,415.2798156738281,559.5410766601562,1390.8057861328125,1077.681396484375
162,2.0,199.0,431.0799255371094,554.3026733398438,1521.091796875,1078.35546875
163,2.0,199.0,451.0618896484375,547.4359130859375,1661.904541015625,1079.47998046875
164,2.0,199.0,462.6491394042969,541.7279052734375,1837.13720703125,1079.7152099609375
165,2.0,199.0,481.36962890625,530.5905151367188,1908.7847900390625,1078.4100341796875
166,2.0,199.0,515.0488891601562,517.677978515625,1920.0,1075.852294921875
167,2.0,199.0,553.5338134765625,498.5181579589844,1920.0,1074.807861328125
168,2.0,199.0,594.185546875,479.67681884765625,1920.0,1075.7216796875
169,2.0,199.0,642.4154663085938,457.0613708496094,1920.0,1075.6817626953125
170,2.0,199.0,697.2699584960938,430.7207336425781,1920.0,1076.0009765625
171,2.0,199.0,764.0001220703125,385.919189453125,1920.0,1075.2091064453125
172,2.0,199.0,846.8162841796875,345.78509521484375,1920.0,1072.543212890625
173,2.0,199.0,953.1242065429688,327.709228515625,1920.0,1072.47607421875
174,2.0,199.0,1098.5609130859375,339.3150939941406,1920.0,1072.134765625
175,2.0,199.0,1311.2828369140625,375.6204528808594,1920.0,1071.988525390625
