87,2.0,222.0,231.38070678710938,637.0328369140625,273.5531921386719,672.1818237304688
88,2.0,222.0,230.44126892089844,638.2276000976562,275.48089599609375,672.9163208007812
89,2.0,222.0,230.97215270996094,638.2879028320312,275.9656982421875,673.1493530273438
90,2.0,222.0,231.06227111816406,638.4078369140625,277.7359924316406,672.6322021484375
91,2.0,222.0,231.83633422851562,638.4275512695312,278.80511474609375,672.5901489257812
92,2.0,222.0,232.54360961914062,638.7672729492188,279.4183349609375,672.9738159179688
93,2.0,222.0,232.9738006591797,637.8259887695312,280.11700439453125,673.2183227539062
94,2.0,222.0,233.1933135986328,638.1005859375,280.76702880859375,673.4417114257812
95,2.0,222.0,233.3685760498047,638.2830810546875,281.09088134765625,674.035400390625
96,2.0,222.0,234.1995086669922,638.3971557617188,282.50152587890625,674.7726440429688
97,2.0,222.0,235.26193237304688,639.0166015625,284.6368713378906,675.7035522460938
98,2.0,222.0,235.53579711914062,639.9442138671875,286.8247375488281,676.4473266601562
99,2.0,222.0,236.058837890625,639.4668579101562,288.7144775390625,677.1259155273438
100,2.0,222.0,236.85118103027344,638.3860473632812,290.153564453125,677.043701171875
101,2.0,222.0,237.02578735351562,637.9403076171875,291.1976318359375,677.1565551757812
102,2.0,222.0,237.89019775390625,637.4599609375,292.3300476074219,677.2069702148438
103,2.0,222.0,238.38125610351562,637.2986450195312,292.99871826171875,677.8888549804688
104,2.0,222.0,238.90908813476562,637.3414916992188,293.1986389160156,679.0714111328125
105,2.0,222.0,240.3087158203125,637.3158569335938,293.4737548828125,679.9270629882812
106,2.0,222.0,240.6553192138672,639.196533203125,293.8348083496094,680.8084106445312
107,2.0,222.0,240.67825317382812,639.4137573242188,294.28717041015625,680.3584594726562
108,2.0,222.0,241.22972106933594,638.0442504882812,296.05853271484375,679.9446411132812
109,2.0,222.0,241.82846069335938,639.3159790039062,297.97509765625,680.9876708984375
110,2.0,222.0,242.8717803955078,639.8760986328125,300.2032470703125,681.8880615234375
111,2.0,222.0,243.25299072265625,639.9990234375,302.5220031738281,682.64990234375
112,2.0,222.0,244.06005859375,639.8948364257812,302.5721130371094,683.23193359375
113,2.0,222.0,244.94668579101562,638.4677124023438,302.9295959472656,683.7626953125
114,2.0,222.0,245.98947143554688,638.274658203125,304.8341369628906,684.1177978515625
115,2.0,222.0,246.43585205078125,638.9884643554688,308.08990478515625,684.5210571289062
116,2.0,222.0,246.8299560546875,640.0618286132812,310.32525634765625,685.2698974609375
117,2.0,222.0,247.3973388671875,641.259033203125,313.3511962890625,686.0947875976562
118,2.0,222.0,248.62353515625,639.6171264648438,316.8521728515625,687.4182739257812
119,2.0,222.0,249.36492919921875,639.60302734375,318.54034423828125,687.9285278320312
120,2.0,222.0,250.3110809326172,638.5210571289062,320.1302185058594,689.1679077148438
121,2.0,222.0,251.5585174560547,639.1781616210938,322.455810546875,690.69921875
122,2.0,222.0,252.03814697265625,638.5532836914062,324.4132385253906,691.5078735351562
123,2.0,222.0,253.3233642578125,637.9523315429688,327.3125,691.7034301757812
124,2.0,222.0,254.12396240234375,638.341552734375,330.0996398925781,692.7008666992188
125,2.0,222.0,253.0021514892578,637.7490844726562,333.1334228515625,694.2691040039062
126,2.0,222.0,255.02108764648438,638.324951171875,335.7248840332031,694.09228515625
127,2.0,222.0,256.2071838378906,639.41162109375,338.0382995605469,694.1288452148438
128,2.0,222.0,257.4194641113281,639.2243041992188,340.5471496582031,694.7548828125
129,2.0,222.0,259.0634460449219,637.6976318359375,343.4939270019531,695.7857055664062
130,2.0,222.0,260.7724304199219,636.8285522460938,346.30999755859375,696.8548583984375
131,2.0,222.0,263.4046630859375,636.2100219726562,348.43023681640625,697.6616821289062
132,2.0,222.0,265.67724609375,635.9281616210938,350.9645690917969,699.5260620117188
133,2.0,222.0,265.9832763671875,635.669677734375,355.6658935546875,702.3512573242188
134,2.0,222.0,265.9290771484375,634.4224243164062,358.15814208984375,703.941650390625
135,2.0,222.0,267.4696044921875,634.3897094726562,362.65289306640625,705.239990234375
136,2.0,222.0,268.2082214355469,633.4320068359375,366.1102600097656,706.2902221679688
137,2.0,222.0,270.9396667480469,633.004638671875,370.81591796875,708.127197265625
138,2.0,222.0,273.3857116699219,632.4733276367188,375.6414489746094,710.4564208984375
139,2.0,222.0,274.9892883300781,631.26220703125,381.0809326171875,712.9542846679688
140,2.0,222.0,276.40228271484375,631.3275146484375,386.3224792480469,714.6845703125
141,2.0,222.0,277.60614013671875,630.8919677734375,390.768798828125,716.2307739257812
142,2.0,222.0,279.7489013671875,631.0723266601562,395.64947509765625,718.1383056640625
143,2.0,222.0,283.2391052246094,630.4212646484375,400.99224853515625,719.7750854492188
144,2.0,222.0,284.53143310546875,630.62255859375,406.75274658203125,721.373291015625
145,2.0,222.0,286.73162841796875,630.050537109375,413.72210693359375,723.8094482421875
146,2.0,222.0,289.3299255371094,630.0841674804688,422.1816711425781,727.2150268554688
147,2.0,222.0,291.4417419433594,630.1239013671875,428.9869689941406,730.4474487304688
148,2.0,222.0,292.63470458984375,629.4071044921875,436.38433837890625,734.3690185546875
149,2.0,222.0,296.27545166015625,628.791748046875,444.75830078125,736.8590087890625
150,2.0,222.0,300.8701171875,628.0580444335938,454.2787780761719,739.9862670898438
151,2.0,222.0,305.31524658203125,628.0496215820312,463.79412841796875,743.2264404296875
152,2.0,222.0,309.94329833984375,626.630126953125,475.69866943359375,747.6744995117188
153,2.0,222.0,313.6014404296875,626.3045043945312,486.0969543457031,750.6403198242188
154,2.0,222.0,318.14208984375,626.307373046875,499.3546447753906,755.536376953125
155,2.0,222.0,323.3010559082031,624.9459838867188,510.9979553222656,760.9527587890625
156,2.0,222.0,327.6965637207031,623.750244140625,526.4174194335938,766.941650390625
157,2.0,222.0,333.1092224121094,621.970947265625,542.175048828125,772.1199340820312
158,2.0,222.0,338.411865234375,620.9193115234375,560.3646240234375,778.9136352539062
159,2.0,222.0,345.3324279785156,619.888427734375,580.78466796875,784.0274047851562
160,2.0,222.0,351.5037536621094,618.5263671875,603.4700927734375,793.5011596679688
161,2.0,222.0,359.3103332519531,618.6055297851562,627.5933227539062,804.7461547851562
162,2.0,222.0,368.7828369140625,617.8922729492188,655.28125,814.0565795898438
163,2.0,222.0,379.53314208984375,616.886474609375,687.733642578125,824.388427734375
164,2.0,222.0,391.8776550292969,615.667724609375,724.251708984375,835.4247436523438
165,2.0,222.0,403.8074035644531,613.279296875,768.2476196289062,850.0341186523438
166,2.0,222.0,417.7230529785156,610.27099609375,818.9915161132812,866.7488403320312
167,2.0,222.0,433.8315734863281,604.16064453125,880.97900390625,887.50537109375
168,2.0,222.0,452.7905578613281,596.5975952148438,955.1150512695312,910.668212890625
169,2.0,222.0,472.4856262207031,590.0494995117188,1045.24560546875,943.8248901367188
170,2.0,222.0,498.53192138671875,585.675537109375,1160.163818359375,982.201171875
171,2.0,222.0,531.800537109375,577.7484130859375,1310.0316162109375,1037.706298828125
172,2.0,222.0,570.423095703125,565.9779052734375,1508.598876953125,1063.6300048828125
173,2.0,222.0,618.1301879882812,553.96875,1768.8455810546875,1076.6754150390625
174,2.0,222.0,672.273681640625,535.9962768554688,1879.819580078125,1080.0
175,2.0,222.0,762.4528198242188,508.9767150878906,1920.0,1080.0
176,2.0,222.0,881.6851196289062,469.86431884765625,1920.0,1080.0
177,2.0,222.0,1051.822021484375,429.1962585449219,1920.0,1080.0
178,2.0,222.0,1325.010986328125,431.078125,1920.0,1078.959228515625
