20,2.0,201.0,207.513427734375,650.3894653320312,250.65121459960938,683.1158447265625
21,2.0,201.0,207.73953247070312,650.2864379882812,252.24444580078125,683.366455078125
22,2.0,201.0,207.19969177246094,650.8616333007812,252.66693115234375,683.6787109375
23,2.0,201.0,207.09197998046875,650.7755737304688,252.63671875,683.665283203125
24,2.0,201.0,207.21726989746094,649.8594360351562,253.16310119628906,683.5222778320312
25,2.0,201.0,206.9181365966797,650.0404052734375,253.41558837890625,683.6671142578125
26,2.0,201.0,207.38929748535156,650.0502319335938,253.74282836914062,683.6881713867188
27,2.0,201.0,207.2305908203125,651.2201538085938,254.06361389160156,683.8705444335938
28,2.0,201.0,207.56361389160156,650.84765625,254.5281219482422,683.8143310546875
29,2.0,201.0,208.24122619628906,649.2485961914062,255.23904418945312,684.0892944335938
30,2.0,201.0,208.59666442871094,649.1295776367188,254.79037475585938,684.1485595703125
31,2.0,201.0,207.9036407470703,648.9583129882812,254.6591339111328,684.2406616210938
32,2.0,201.0,208.0543670654297,649.4074096679688,254.36935424804688,684.5789184570312
33,2.0,201.0,208.651123046875,649.0384521484375,255.29443359375,684.3450927734375
34,2.0,201.0,210.02801513671875,647.905517578125,255.49130249023438,684.4946899414062
35,2.0,201.0,210.65733337402344,648.840087890625,256.24627685546875,684.8102416992188
36,2.0,201.0,211.48548889160156,649.7073974609375,257.6784362792969,685.3880615234375
37,2.0,201.0,211.845458984375,648.758544921875,258.3996887207031,685.9218139648438
38,2.0,201.0,212.1300048828125,647.7826538085938,259.33160400390625,686.317626953125
39,2.0,201.0,211.87625122070312,649.8757934570312,260.3316955566406,686.6009521484375
40,2.0,201.0,212.0234832763672,650.4925537109375,260.60137939453125,686.3051147460938
41,2.0,201.0,212.59048461914062,650.7669677734375,261.0038757324219,686.5952758789062
42,2.0,201.0,212.42678833007812,650.3775634765625,261.2508850097656,686.3864135742188
43,2.0,201.0,212.56427001953125,649.887451171875,261.7615661621094,686.3538208007812
44,2.0,201.0,212.6803741455078,648.9414672851562,261.7189025878906,686.4691162109375
45,2.0,201.0,212.7365264892578,649.4933471679688,261.86749267578125,686.1404418945312
46,2.0,201.0,212.7954559326172,650.4017333984375,261.82232666015625,685.5419921875
47,2.0,201.0,213.27362060546875,650.0984497070312,261.77880859375,685.2682495117188
48,2.0,201.0,213.703857421875,649.098876953125,263.04742431640625,685.424560546875
49,2.0,201.0,213.59329223632812,649.6597900390625,264.0094299316406,685.4314575195312
50,2.0,201.0,213.23391723632812,650.7385864257812,264.8804626464844,685.6481323242188
51,2.0,201.0,213.06292724609375,652.4622192382812,265.59423828125,686.0077514648438
52,2.0,201.0,213.45419311523438,652.8343505859375,266.0058898925781,686.5535888671875
53,2.0,201.0,213.44581604003906,652.77197265625,266.8515930175781,687.0133666992188
54,2.0,201.0,213.4154815673828,652.585205078125,267.37939453125,687.4573974609375
55,2.0,201.0,213.86590576171875,651.6849975585938,267.8890380859375,688.8339233398438
56,2.0,201.0,213.8837127685547,651.0262451171875,268.16986083984375,689.6382446289062
57,2.0,201.0,214.3157196044922,651.0665893554688,268.4732971191406,690.2127685546875
58,2.0,201.0,214.6521759033203,650.3943481445312,268.48663330078125,690.4411010742188
59,2.0,201.0,215.04042053222656,651.5386962890625,268.3074951171875,690.2962646484375
60,2.0,201.0,215.6102752685547,651.5704345703125,268.3060607910156,689.7862548828125
61,2.0,201.0,215.4260711669922,651.4765014648438,268.3396911621094,689.50927734375
62,2.0,201.0,215.2775115966797,650.8107299804688,268.3802185058594,689.6640014648438
63,2.0,201.0,214.99847412109375,649.7518920898438,268.4781188964844,690.4968872070312
64,2.0,201.0,215.6246795654297,649.13525390625,269.1731262207031,691.1535034179688
65,2.0,201.0,216.05880737304688,650.5751953125,269.9346923828125,691.7931518554688
66,2.0,201.0,216.4811553955078,650.2141723632812,269.94390869140625,692.2327880859375
67,2.0,201.0,216.87893676757812,650.733642578125,270.21856689453125,692.52685546875
68,2.0,201.0,216.78787231445312,650.8552856445312,271.13092041015625,692.5401611328125
69,2.0,201.0,217.32861328125,651.9930419921875,272.1336669921875,692.2333984375
70,2.0,201.0,217.33255004882812,652.867431640625,272.4601135253906,691.8658447265625
71,2.0,201.0,217.33984375,653.1193237304688,273.521728515625,691.8006591796875
72,2.0,201.0,217.58616638183594,652.8868408203125,274.4389953613281,691.837158203125
73,2.0,201.0,217.72874450683594,652.6127319335938,275.2415771484375,692.1698608398438
74,2.0,201.0,217.2421875,651.7808227539062,276.7112121582031,692.4232788085938
75,2.0,201.0,217.55506896972656,650.0358276367188,278.14239501953125,692.8750610351562
76,2.0,201.0,217.89697265625,651.0451049804688,278.5179138183594,693.186767578125
77,2.0,201.0,218.48777770996094,651.52685546875,278.5020751953125,693.53662109375
78,2.0,201.0,218.30303955078125,651.7688598632812,278.98272705078125,693.632568359375
79,2.0,201.0,218.75172424316406,650.7987060546875,280.249267578125,694.1730346679688
80,2.0,201.0,219.06118774414062,650.581787109375,281.57452392578125,694.5220947265625
81,2.0,201.0,219.45166015625,653.11962890625,280.5288391113281,694.808837890625
82,2.0,201.0,218.92051696777344,653.9061889648438,279.92523193359375,694.927734375
83,2.0,201.0,219.0879669189453,652.9588623046875,281.9228820800781,695.0398559570312
84,2.0,201.0,219.49911499023438,650.4232788085938,283.7542724609375,695.1923828125
85,2.0,201.0,219.94032287597656,648.4718017578125,285.4153137207031,695.4395141601562
86,2.0,201.0,220.2898712158203,648.4305419921875,285.94708251953125,695.885009765625
87,2.0,201.0,220.89443969726562,647.278564453125,287.8324279785156,696.5178833007812
88,2.0,201.0,220.89364624023438,646.7320556640625,288.86029052734375,697.2164306640625
89,2.0,201.0,220.95925903320312,647.0298461914062,289.63336181640625,697.4011840820312
90,2.0,201.0,220.4199981689453,646.43798828125,292.03204345703125,699.70361328125
91,2.0,201.0,220.6908721923828,645.8312377929688,293.7072448730469,700.5695190429688
92,2.0,201.0,220.3178253173828,645.1528930664062,294.1147155761719,700.932861328125
93,2.0,201.0,220.00531005859375,645.8028564453125,295.03814697265625,701.6455688476562
94,2.0,201.0,220.5349884033203,646.0407104492188,295.2652587890625,701.7821655273438
95,2.0,201.0,220.6155548095703,646.3825073242188,296.8522644042969,700.9456787109375
96,2.0,201.0,221.23135375976562,646.6215209960938,296.25592041015625,701.1736450195312
97,2.0,201.0,221.87754821777344,646.9532470703125,296.5913391113281,701.5967407226562
98,2.0,201.0,222.6676788330078,646.6771240234375,296.63812255859375,701.678955078125
99,2.0,201.0,223.0444793701172,647.3587036132812,298.6881103515625,702.6780395507812
100,2.0,201.0,223.24929809570312,648.1239013671875,300.2406005859375,702.67724609375
101,2.0,201.0,223.5355224609375,648.2103881835938,301.31085205078125,702.9906616210938
102,2.0,201.0,223.85531616210938,648.0799560546875,302.6445007324219,703.9329223632812
103,2.0,201.0,223.83334350585938,647.7683715820312,304.0931091308594,704.3612670898438
104,2.0,201.0,223.80543518066406,647.8531494140625,305.00628662109375,705.4790649414062
105,2.0,201.0,224.1239013671875,647.3182983398438,306.67242431640625,705.8422241210938
106,2.0,201.0,224.85585021972656,645.4920043945312,307.93914794921875,705.773193359375
107,2.0,201.0,225.64378356933594,645.7386474609375,309.9063415527344,705.783203125
108,2.0,201.0,226.19798278808594,645.1106567382812,310.01385498046875,706.5103149414062
109,2.0,201.0,226.57745361328125,645.7349853515625,311.2217102050781,706.41650390625
110,2.0,201.0,227.23785400390625,646.4086303710938,313.2942199707031,707.0631713867188
111,2.0,201.0,228.0328369140625,646.2103881835938,314.13763427734375,708.2700805664062
112,2.0,201.0,228.8920135498047,645.7459716796875,314.842529296875,709.046142578125
113,2.0,201.0,229.1190643310547,645.6124877929688,316.2198181152344,710.8804931640625
114,2.0,201.0,229.96115112304688,645.677490234375,318.4673767089844,712.3111572265625
115,2.0,201.0,230.46054077148438,645.795654296875,320.630126953125,713.6842651367188
116,2.0,201.0,230.38409423828125,645.9653930664062,322.3531494140625,714.5142822265625
117,2.0,201.0,230.1536865234375,645.5213012695312,323.70068359375,715.1880493164062
118,2.0,201.0,230.16275024414062,645.3668212890625,325.8194274902344,716.0557861328125
119,2.0,201.0,231.95863342285156,644.7394409179688,327.0455017089844,716.1417846679688
120,2.0,201.0,232.39088439941406,644.447265625,328.9190368652344,716.6763305664062
121,2.0,201.0,232.89633178710938,645.5564575195312,331.25201416015625,718.0260009765625
122,2.0,201.0,233.01268005371094,645.4414672851562,332.39398193359375,718.795166015625
123,2.0,201.0,233.28311157226562,645.6076049804688,333.6630859375,719.45703125
124,2.0,201.0,233.65589904785156,646.031494140625,335.1380615234375,719.8193359375
125,2.0,201.0,234.53396606445312,645.1945190429688,337.3304138183594,719.9959106445312
126,2.0,201.0,235.66958618164062,644.9198608398438,339.806884765625,721.1412353515625
127,2.0,201.0,236.38006591796875,643.9534912109375,342.7153625488281,722.1123046875
128,2.0,201.0,237.01654052734375,643.3099365234375,346.0916442871094,723.1084594726562
129,2.0,201.0,237.5500946044922,642.22412109375,347.687255859375,723.788818359375
130,2.0,201.0,238.7613525390625,641.1621704101562,349.5203552246094,724.4961547851562
131,2.0,201.0,239.8566131591797,641.473876953125,353.0732727050781,726.8807983398438
132,2.0,201.0,240.61582946777344,640.481201171875,356.34844970703125,728.180908203125
133,2.0,201.0,241.03321838378906,641.4839477539062,357.975830078125,729.505615234375
134,2.0,201.0,241.27061462402344,642.000244140625,362.2860107421875,731.4237060546875
135,2.0,201.0,241.49215698242188,641.9912109375,365.0757751464844,731.4443969726562
136,2.0,201.0,241.497802734375,642.031982421875,367.4676513671875,733.3327026367188
137,2.0,201.0,242.4374237060547,641.7597045898438,369.9066162109375,734.46630859375
138,2.0,201.0,243.35604858398438,641.1412963867188,372.0257568359375,734.0125122070312
139,2.0,201.0,243.4530792236328,641.1027221679688,375.19195556640625,735.1678466796875
140,2.0,201.0,244.8948974609375,641.0516357421875,379.1584167480469,735.9397583007812
141,2.0,201.0,247.2321319580078,639.8446044921875,381.8750305175781,738.4766845703125
142,2.0,201.0,248.40077209472656,639.2005004882812,384.60638427734375,739.8285522460938
143,2.0,201.0,249.53294372558594,639.0812377929688,387.533935546875,740.5734252929688
144,2.0,201.0,249.8696746826172,638.273193359375,391.2225646972656,741.6506958007812
145,2.0,201.0,251.3431854248047,638.5303955078125,394.4642333984375,743.2913208007812
146,2.0,201.0,252.57553100585938,637.7095947265625,398.21051025390625,744.10400390625
147,2.0,201.0,253.9140167236328,638.1177368164062,402.53863525390625,746.2916259765625
148,2.0,201.0,255.04527282714844,637.6866455078125,406.14227294921875,749.2992553710938
149,2.0,201.0,255.53240966796875,636.1688232421875,410.95831298828125,750.3251342773438
150,2.0,201.0,256.80133056640625,635.0322875976562,415.3460388183594,754.2546997070312
151,2.0,201.0,257.8266906738281,634.630615234375,420.5114440917969,756.2813720703125
152,2.0,201.0,260.2329406738281,633.6460571289062,425.0106201171875,759.2267456054688
153,2.0,201.0,262.2236633300781,632.4781494140625,430.661376953125,761.6094970703125
154,2.0,201.0,263.5038757324219,632.6276245117188,435.45599365234375,764.2947387695312
155,2.0,201.0,264.2057800292969,631.77294921875,442.07244873046875,766.081787109375
156,2.0,201.0,265.85906982421875,631.665771484375,446.1283264160156,767.566650390625
157,2.0,201.0,268.31658935546875,631.6972045898438,451.85491943359375,769.636962890625
158,2.0,201.0,269.5960693359375,632.538818359375,458.2232666015625,772.2066650390625
159,2.0,201.0,271.15460205078125,633.2431640625,464.81298828125,774.2511596679688
160,2.0,201.0,271.9691467285156,632.8550415039062,471.9862976074219,778.442626953125
161,2.0,201.0,274.3777160644531,631.9862670898438,479.75567626953125,782.0631103515625
162,2.0,201.0,275.4820251464844,631.4796142578125,488.0598449707031,784.841064453125
163,2.0,201.0,276.9024353027344,630.5448608398438,495.45794677734375,789.2498168945312
164,2.0,201.0,278.6049499511719,629.5642700195312,505.4317626953125,793.8909912109375
165,2.0,201.0,280.8174743652344,629.4112548828125,515.6800537109375,797.9595947265625
166,2.0,201.0,283.4884948730469,629.2764892578125,524.0228271484375,801.5748291015625
167,2.0,201.0,286.0169677734375,628.05126953125,534.0570678710938,806.4868774414062
168,2.0,201.0,288.7337646484375,627.2874145507812,545.1797485351562,811.1964721679688
169,2.0,201.0,290.6916809082031,626.5145874023438,557.0115356445312,813.6248168945312
170,2.0,201.0,293.92510986328125,624.8836669921875,569.200439453125,820.0391845703125
171,2.0,201.0,296.88568115234375,624.3934326171875,581.5914306640625,825.7095336914062
172,2.0,201.0,300.17816162109375,623.0972290039062,596.6091918945312,830.2472534179688
173,2.0,201.0,304.12017822265625,622.175537109375,609.6434326171875,834.303466796875
174,2.0,201.0,308.9133605957031,621.1980590820312,625.9789428710938,840.8311157226562
175,2.0,201.0,312.4233093261719,620.1248168945312,644.080322265625,847.4148559570312
176,2.0,201.0,317.611083984375,618.1842041015625,663.8258056640625,855.3013305664062
177,2.0,201.0,321.2801513671875,617.42333984375,685.4406127929688,862.2227172851562
178,2.0,201.0,326.17901611328125,616.45703125,708.7451171875,872.4446411132812
179,2.0,201.0,331.8008117675781,613.51904296875,733.9021606445312,881.8699340820312
180,2.0,201.0,338.29937744140625,612.7628173828125,761.5834350585938,893.6910400390625
181,2.0,201.0,345.620361328125,602.4373168945312,793.1007690429688,904.0730590820312
182,2.0,201.0,355.01904296875,598.6966552734375,826.9400024414062,915.7420654296875
183,2.0,201.0,361.1756286621094,596.278564453125,863.985595703125,929.6181640625
184,2.0,201.0,368.25543212890625,594.3330688476562,906.4325561523438,945.1063842773438
185,2.0,201.0,376.8996887207031,591.4248657226562,952.0999145507812,966.4727783203125
186,2.0,201.0,384.6873474121094,587.92578125,1007.1060791015625,988.5
187,2.0,201.0,394.8363952636719,585.5275268554688,1069.0906982421875,1015.2950439453125
188,2.0,201.0,406.6527404785156,582.628662109375,1138.5252685546875,1042.846435546875
189,2.0,201.0,420.2283020019531,579.1694946289062,1229.2337646484375,1066.61279296875
190,2.0,201.0,435.9522705078125,566.7162475585938,1319.875732421875,1075.6455078125
191,2.0,201.0,454.6544189453125,559.69287109375,1434.482421875,1078.3472900390625
192,2.0,201.0,470.13970947265625,552.5603637695312,1568.607177734375,1080.0
193,2.0,201.0,491.4469299316406,548.9710693359375,1730.84912109375,1080.0
194,2.0,201.0,503.57476806640625,542.3585205078125,1865.1505126953125,1080.0
195,2.0,201.0,539.8024291992188,526.80908203125,1917.899169921875,1078.080810546875
196,2.0,201.0,575.140869140625,512.979248046875,1920.0,1074.6748046875
197,2.0,201.0,621.336669921875,493.34844970703125,1920.0,1075.3629150390625
198,2.0,201.0,670.6163330078125,472.4019775390625,1920.0,1075.3092041015625
199,2.0,201.0,730.3614501953125,445.2560119628906,1920.0,1077.1572265625
200,2.0,201.0,798.7360229492188,405.5726318359375,1920.0,1075.4429931640625
201,2.0,201.0,887.9234619140625,368.25347900390625,1920.0,1074.1314697265625
202,2.0,201.0,1002.6454467773438,350.9259033203125,1920.0,1073.7928466796875
203,2.0,201.0,1159.1513671875,365.6026611328125,1920.0,1073.1358642578125
204,2.0,201.0,1388.0272216796875,417.4841003417969,1920.0,1072.211669921875
