39,2.0,206.0,229.47093200683594,637.5332641601562,278.64501953125,674.5543823242188
40,2.0,206.0,229.79466247558594,638.0771484375,279.33599853515625,675.02734375
41,2.0,206.0,229.58384704589844,637.826416015625,279.99822998046875,676.5132446289062
42,2.0,206.0,229.1209259033203,639.0841674804688,281.1214599609375,677.15087890625
43,2.0,206.0,228.86207580566406,638.365234375,281.4177551269531,676.7317504882812
44,2.0,206.0,228.58978271484375,639.168701171875,282.1336669921875,676.8281860351562
45,2.0,206.0,229.45970153808594,638.6420288085938,282.3765869140625,676.02685546875
46,2.0,206.0,230.0437469482422,638.0225830078125,283.10577392578125,675.73486328125
47,2.0,206.0,230.3349609375,638.069580078125,283.96234130859375,675.3877563476562
48,2.0,206.0,231.23353576660156,637.7860107421875,284.2402038574219,675.73095703125
49,2.0,206.0,231.8075714111328,638.074462890625,285.0331115722656,676.5834350585938
50,2.0,206.0,231.89456176757812,639.2266845703125,287.7354431152344,678.1696166992188
51,2.0,206.0,232.495361328125,640.157958984375,290.1416320800781,679.1626586914062
52,2.0,206.0,232.3596649169922,638.845947265625,291.32098388671875,679.5413208007812
53,2.0,206.0,231.5811309814453,640.5399780273438,291.7403259277344,680.2622680664062
54,2.0,206.0,232.62158203125,640.62841796875,291.5978698730469,680.8385009765625
55,2.0,206.0,235.10093688964844,639.01904296875,292.1627502441406,679.6231079101562
56,2.0,206.0,236.1641082763672,638.1127319335938,292.54766845703125,679.7767944335938
57,2.0,206.0,236.26954650878906,638.26171875,292.71514892578125,680.4563598632812
58,2.0,206.0,235.80763244628906,637.8246459960938,292.98919677734375,680.9650268554688
59,2.0,206.0,237.30599975585938,636.1165771484375,293.6660461425781,681.146728515625
60,2.0,206.0,236.9119873046875,638.8416137695312,294.25836181640625,682.1689453125
61,2.0,206.0,237.1998748779297,640.26220703125,294.47064208984375,682.5805053710938
62,2.0,206.0,237.76246643066406,642.679931640625,295.21343994140625,683.0337524414062
63,2.0,206.0,238.7667694091797,638.5405883789062,296.24462890625,683.040771484375
64,2.0,206.0,239.03504943847656,637.93896484375,298.58624267578125,683.4599609375
65,2.0,206.0,239.71913146972656,639.1337890625,300.5960388183594,683.6673583984375
66,2.0,206.0,239.67886352539062,639.1140747070312,302.0760803222656,683.8555908203125
67,2.0,206.0,240.54090881347656,638.988525390625,302.81866455078125,683.9542236328125
68,2.0,206.0,240.97023010253906,636.710693359375,303.50518798828125,684.7706909179688
69,2.0,206.0,241.14407348632812,641.2473754882812,304.068603515625,684.9562377929688
70,2.0,206.0,241.32337951660156,637.8751831054688,305.4245910644531,685.6166381835938
71,2.0,206.0,241.3979949951172,637.0228881835938,305.57830810546875,685.793212890625
72,2.0,206.0,242.03955078125,638.1062622070312,308.47686767578125,686.0614013671875
73,2.0,206.0,243.12689208984375,636.7277221679688,310.3605651855469,687.2592163085938
74,2.0,206.0,243.99151611328125,636.4083251953125,312.439453125,688.8519287109375
75,2.0,206.0,244.70993041992188,636.357421875,314.3131103515625,689.9880981445312
76,2.0,206.0,244.56576538085938,635.9583740234375,316.56439208984375,691.19140625
77,2.0,206.0,244.9562225341797,635.804443359375,318.0266418457031,691.9531860351562
78,2.0,206.0,245.6405029296875,635.5440673828125,319.7861328125,692.6642456054688
79,2.0,206.0,246.78143310546875,635.7088012695312,319.7500915527344,693.0872802734375
80,2.0,206.0,247.28065490722656,636.2445068359375,320.471435546875,693.4265747070312
81,2.0,206.0,247.36785888671875,635.8331909179688,320.5946350097656,693.7450561523438
82,2.0,206.0,247.71102905273438,636.0075073242188,322.3154602050781,693.9515991210938
83,2.0,206.0,248.236572265625,636.8485717773438,324.0870361328125,693.705322265625
84,2.0,206.0,248.6112823486328,637.1044311523438,327.1290588378906,693.5384521484375
85,2.0,206.0,249.05264282226562,636.6075439453125,329.1130676269531,693.76708984375
86,2.0,206.0,249.01260375976562,636.17724609375,331.5653991699219,694.9428100585938
87,2.0,206.0,249.56448364257812,635.888916015625,333.7322998046875,695.621826171875
88,2.0,206.0,250.61524963378906,636.2720947265625,334.2007141113281,696.2571411132812
89,2.0,206.0,251.38449096679688,636.097900390625,335.39520263671875,696.9922485351562
90,2.0,206.0,252.56063842773438,635.9570922851562,336.7925109863281,697.1849365234375
91,2.0,206.0,253.09323120117188,636.3694458007812,338.2530822753906,697.890869140625
92,2.0,206.0,253.6530303955078,636.3126220703125,339.84124755859375,699.1332397460938
93,2.0,206.0,253.58660888671875,636.0526733398438,342.7566833496094,700.4307861328125
94,2.0,206.0,253.53428649902344,635.5560913085938,345.9403991699219,701.7533569335938
95,2.0,206.0,254.17076110839844,635.1393432617188,347.7740478515625,702.8031616210938
96,2.0,206.0,255.6645050048828,635.1709594726562,349.9508056640625,703.6922607421875
97,2.0,206.0,256.7027282714844,634.9337158203125,352.7059020996094,705.1806030273438
98,2.0,206.0,257.7774963378906,634.7296142578125,355.2799987792969,706.1932373046875
99,2.0,206.0,257.94854736328125,633.8482666015625,357.2047424316406,707.0764770507812
100,2.0,206.0,258.1726379394531,632.9073486328125,359.8952331542969,708.9127197265625
101,2.0,206.0,259.6014709472656,632.6116943359375,362.564453125,709.9616088867188
102,2.0,206.0,260.6476745605469,632.17626953125,365.0897216796875,711.2605590820312
103,2.0,206.0,262.40606689453125,631.7169799804688,368.01373291015625,713.0844116210938
104,2.0,206.0,263.7310791015625,631.5894775390625,369.8320007324219,713.134765625
105,2.0,206.0,264.42840576171875,630.9241943359375,373.6257019042969,714.8272094726562
106,2.0,206.0,265.6393127441406,631.1232299804688,377.25970458984375,716.497802734375
107,2.0,206.0,266.5502624511719,631.2926025390625,380.9339904785156,717.9549560546875
108,2.0,206.0,266.6797180175781,631.295166015625,383.1496887207031,718.9580688476562
109,2.0,206.0,265.2563781738281,630.9361572265625,386.61865234375,719.8768310546875
110,2.0,206.0,265.4302062988281,631.09130859375,391.0622863769531,721.2969970703125
111,2.0,206.0,269.14398193359375,631.0352783203125,394.5208435058594,722.2940063476562
112,2.0,206.0,268.4454650878906,630.8798217773438,398.35626220703125,723.8116455078125
113,2.0,206.0,271.3052062988281,631.0996704101562,402.6544189453125,725.379638671875
114,2.0,206.0,273.1259765625,630.349365234375,408.2840270996094,727.89208984375
115,2.0,206.0,275.4465026855469,629.3505859375,412.6161804199219,729.7474975585938
116,2.0,206.0,275.9708557128906,629.055908203125,416.7828369140625,731.1956787109375
117,2.0,206.0,278.13055419921875,628.64501953125,422.15142822265625,733.0039672851562
118,2.0,206.0,280.6529541015625,628.4066772460938,427.0649108886719,735.3936767578125
119,2.0,206.0,282.9900817871094,627.5964965820312,433.68731689453125,737.363525390625
120,2.0,206.0,285.817626953125,626.453125,439.8563232421875,739.7457885742188
121,2.0,206.0,288.66961669921875,626.2339477539062,445.6512451171875,741.85791015625
122,2.0,206.0,290.3388366699219,626.0642700195312,452.78778076171875,743.7642822265625
123,2.0,206.0,292.4009094238281,625.723876953125,459.6319274902344,746.8910522460938
124,2.0,206.0,296.2452697753906,625.1044311523438,465.822998046875,750.0337524414062
125,2.0,206.0,298.98638916015625,625.0504760742188,473.65460205078125,752.8007202148438
126,2.0,206.0,300.9161682128906,624.8699340820312,480.8228454589844,757.5709838867188
127,2.0,206.0,302.7621154785156,624.0230712890625,489.4208984375,760.8536987304688
128,2.0,206.0,306.1432189941406,623.7208251953125,498.3761291503906,764.4782104492188
129,2.0,206.0,308.77978515625,622.6759033203125,508.1815185546875,768.0079345703125
130,2.0,206.0,310.4485168457031,623.6722412109375,517.0042114257812,771.96630859375
131,2.0,206.0,312.4076232910156,623.420166015625,527.7378540039062,775.835693359375
132,2.0,206.0,316.6902770996094,621.8646850585938,539.4347534179688,781.1846923828125
133,2.0,206.0,321.44183349609375,621.1206665039062,551.7071533203125,784.7351684570312
134,2.0,206.0,325.5924987792969,618.8077392578125,565.5335083007812,789.9051513671875
135,2.0,206.0,329.2498779296875,618.6971435546875,579.8140258789062,796.6979370117188
136,2.0,206.0,335.04400634765625,617.941162109375,594.5040893554688,802.2863159179688
137,2.0,206.0,338.16802978515625,617.1838989257812,611.3628540039062,807.216064453125
138,2.0,206.0,344.98291015625,616.2968139648438,630.0445556640625,812.4782104492188
139,2.0,206.0,350.9356994628906,616.0315551757812,650.365478515625,821.216552734375
140,2.0,206.0,357.4209899902344,614.4476318359375,671.4373779296875,830.5056762695312
141,2.0,206.0,363.66583251953125,612.7929077148438,695.279296875,835.656494140625
142,2.0,206.0,370.687255859375,611.0862426757812,721.4562377929688,844.8635864257812
143,2.0,206.0,378.01702880859375,610.3897094726562,748.6708374023438,853.2396850585938
144,2.0,206.0,386.44146728515625,609.24169921875,783.6928100585938,866.4520263671875
145,2.0,206.0,394.7128601074219,605.0818481445312,821.0986938476562,878.9163208007812
146,2.0,206.0,404.3190612792969,601.9652099609375,862.31689453125,894.7112426757812
147,2.0,206.0,416.1646728515625,594.8253784179688,909.1864624023438,907.91796875
148,2.0,206.0,428.8633728027344,590.3773193359375,961.8926391601562,927.8527221679688
149,2.0,206.0,442.7682189941406,584.1099243164062,1024.7176513671875,951.596435546875
150,2.0,206.0,457.2135314941406,583.0245971679688,1098.1502685546875,980.1968383789062
151,2.0,206.0,474.010009765625,579.5853881835938,1185.531005859375,1012.5850830078125
152,2.0,206.0,494.2147521972656,571.0159912109375,1289.19287109375,1050.787353515625
153,2.0,206.0,517.5082397460938,561.9534301757812,1413.632568359375,1070.34716796875
154,2.0,206.0,546.105224609375,551.3692626953125,1569.480712890625,1076.2750244140625
155,2.0,206.0,576.9730224609375,547.6161499023438,1772.3701171875,1080.0
156,2.0,206.0,604.9928588867188,538.1643676757812,1882.8048095703125,1080.0
157,2.0,206.0,645.3802490234375,524.9475708007812,1920.0,1080.0
158,2.0,206.0,709.005615234375,506.5917053222656,1920.0,1078.80078125
159,2.0,206.0,778.8273315429688,482.0381164550781,1920.0,1076.337890625
160,2.0,206.0,861.2193603515625,452.67572021484375,1920.0,1077.7308349609375
161,2.0,206.0,966.6242065429688,418.01129150390625,1920.0,1077.0653076171875
162,2.0,206.0,1113.5753173828125,409.5367126464844,1920.0,1076.8836669921875
