28,2.0,195.0,212.07022094726562,645.9176025390625,267.8821716308594,685.8057861328125
29,2.0,195.0,211.68826293945312,647.5453491210938,268.6299133300781,686.0707397460938
30,2.0,195.0,212.01919555664062,647.8796997070312,268.8525695800781,685.662109375
31,2.0,195.0,212.21017456054688,645.4659423828125,267.5355529785156,685.2540893554688
32,2.0,195.0,212.53643798828125,646.7338256835938,267.47198486328125,685.257080078125
33,2.0,195.0,212.90219116210938,648.3392944335938,267.9757385253906,685.0100708007812
34,2.0,195.0,213.43551635742188,647.7109375,268.40972900390625,685.0146484375
35,2.0,195.0,213.31533813476562,647.8570556640625,268.3755798339844,685.018798828125
36,2.0,195.0,213.35525512695312,646.79443359375,268.6949157714844,685.265869140625
37,2.0,195.0,213.75311279296875,646.7700805664062,269.02105712890625,685.7597045898438
38,2.0,195.0,213.72021484375,645.49853515625,269.6806335449219,686.893798828125
39,2.0,195.0,213.67495727539062,645.5303344726562,270.9400329589844,687.9142456054688
40,2.0,195.0,214.10873413085938,645.2012939453125,271.5821228027344,688.2504272460938
41,2.0,195.0,214.23403930664062,645.463134765625,272.9438171386719,688.8115234375
42,2.0,195.0,214.61862182617188,645.638427734375,273.9297180175781,688.9937744140625
43,2.0,195.0,214.7076873779297,645.3836059570312,274.4244079589844,689.2597045898438
44,2.0,195.0,214.7380828857422,646.2052001953125,274.8046875,689.2509155273438
45,2.0,195.0,214.70968627929688,646.3316650390625,274.9366760253906,689.1621704101562
46,2.0,195.0,215.2910919189453,645.6011352539062,275.6979675292969,689.2994995117188
47,2.0,195.0,215.83901977539062,645.2906494140625,276.0370178222656,689.3914794921875
48,2.0,195.0,216.0965576171875,645.3253784179688,276.5653991699219,689.3419799804688
49,2.0,195.0,216.5907440185547,645.540771484375,277.2164611816406,689.4220581054688
50,2.0,195.0,217.0472412109375,645.2890625,278.0439453125,689.6771850585938
51,2.0,195.0,217.62551879882812,645.4922485351562,278.9208984375,690.1616821289062
52,2.0,195.0,217.8350067138672,645.7328491210938,280.02838134765625,690.746826171875
53,2.0,195.0,217.46566772460938,646.688720703125,280.382568359375,691.0157470703125
54,2.0,195.0,217.01596069335938,646.5843505859375,279.9418640136719,691.0366821289062
55,2.0,195.0,216.94528198242188,646.9483032226562,280.4463806152344,691.0382690429688
56,2.0,195.0,217.1422576904297,646.6876220703125,281.1967468261719,691.7367553710938
57,2.0,195.0,217.9025421142578,645.476806640625,281.3995361328125,692.382568359375
58,2.0,195.0,218.20620727539062,644.8428955078125,282.01171875,693.1034545898438
59,2.0,195.0,218.5287322998047,644.4905395507812,282.718017578125,693.3701171875
60,2.0,195.0,218.5137939453125,644.4895629882812,283.42803955078125,693.9086303710938
61,2.0,195.0,218.02415466308594,645.5711669921875,284.41717529296875,694.1242065429688
62,2.0,195.0,217.35675048828125,645.6790771484375,285.8468933105469,693.8751220703125
63,2.0,195.0,217.21519470214844,645.64111328125,286.9549560546875,693.6582641601562
64,2.0,195.0,217.97772216796875,644.685546875,286.67022705078125,693.523681640625
65,2.0,195.0,218.67376708984375,645.146728515625,286.5792236328125,693.6598510742188
66,2.0,195.0,218.81561279296875,644.7743530273438,286.1029968261719,694.0003051757812
67,2.0,195.0,219.2225341796875,644.4053955078125,285.9952087402344,694.5614013671875
68,2.0,195.0,219.17884826660156,643.9735717773438,288.2015075683594,694.8123168945312
69,2.0,195.0,218.97787475585938,643.398193359375,289.1142883300781,695.0686645507812
70,2.0,195.0,219.41009521484375,643.3958129882812,290.005615234375,695.962158203125
71,2.0,195.0,219.17770385742188,643.724609375,290.4595947265625,695.7117919921875
72,2.0,195.0,219.500732421875,642.39892578125,291.2251281738281,695.7752075195312
73,2.0,195.0,219.9042205810547,641.879638671875,291.1357116699219,695.9461669921875
74,2.0,195.0,220.2532958984375,641.05419921875,290.4271240234375,696.1695556640625
75,2.0,195.0,220.60775756835938,641.2110595703125,290.6305236816406,696.4578247070312
76,2.0,195.0,220.4551239013672,641.629638671875,291.60345458984375,696.7700805664062
77,2.0,195.0,220.76358032226562,641.7810668945312,292.4874572753906,696.6944580078125
78,2.0,195.0,220.69717407226562,641.2099609375,295.28460693359375,696.8084106445312
79,2.0,195.0,220.70306396484375,639.4716186523438,296.2341613769531,697.4140014648438
80,2.0,195.0,220.8275146484375,640.6646728515625,297.0406494140625,699.4237670898438
81,2.0,195.0,221.24111938476562,641.5286865234375,298.0450439453125,700.1441650390625
82,2.0,195.0,221.5821990966797,641.8226318359375,299.32476806640625,700.0986938476562
83,2.0,195.0,221.18014526367188,640.0844116210938,300.11065673828125,699.1333618164062
84,2.0,195.0,220.99734497070312,638.9310302734375,300.3113708496094,698.721923828125
85,2.0,195.0,221.25088500976562,639.0060424804688,300.940185546875,698.5549926757812
86,2.0,195.0,221.98388671875,641.1651611328125,302.11041259765625,700.9292602539062
87,2.0,195.0,222.5254669189453,642.0453491210938,303.7272644042969,701.769775390625
88,2.0,195.0,222.45071411132812,643.162841796875,304.7916564941406,701.8549194335938
89,2.0,195.0,222.4679718017578,643.9227905273438,305.8436584472656,702.8700561523438
90,2.0,195.0,222.5218963623047,642.2511596679688,305.8070983886719,703.62890625
91,2.0,195.0,222.0326385498047,640.823486328125,306.7783508300781,704.1661376953125
92,2.0,195.0,221.81353759765625,639.2398071289062,307.2942810058594,704.69384765625
93,2.0,195.0,222.17161560058594,640.697998046875,308.7264404296875,705.09326171875
94,2.0,195.0,222.9115447998047,639.9275512695312,309.3667297363281,705.2249755859375
95,2.0,195.0,223.35995483398438,640.2554931640625,309.987060546875,705.2274780273438
96,2.0,195.0,223.859130859375,640.255859375,310.17138671875,705.1249389648438
97,2.0,195.0,223.94155883789062,639.7026977539062,311.346923828125,705.3496704101562
98,2.0,195.0,223.88760375976562,640.2727661132812,313.885009765625,706.2909545898438
99,2.0,195.0,223.6053924560547,640.1195678710938,315.120361328125,707.16943359375
100,2.0,195.0,223.8738250732422,639.9201049804688,317.03973388671875,707.4221801757812
101,2.0,195.0,224.371337890625,639.5197143554688,317.6003723144531,708.138916015625
102,2.0,195.0,224.7913055419922,639.7543334960938,318.7576904296875,709.21240234375
103,2.0,195.0,224.9825439453125,639.2003173828125,320.2875061035156,710.2620239257812
104,2.0,195.0,225.23419189453125,639.1426391601562,322.18072509765625,711.7471923828125
105,2.0,195.0,227.0177459716797,639.5830688476562,323.36322021484375,712.542236328125
106,2.0,195.0,228.3665313720703,639.3651733398438,324.2953186035156,713.4488525390625
107,2.0,195.0,229.30958557128906,639.0164794921875,325.7304382324219,713.916015625
108,2.0,195.0,229.27374267578125,638.5203857421875,327.34857177734375,714.497802734375
109,2.0,195.0,229.2338104248047,638.2890625,329.6502685546875,715.472412109375
110,2.0,195.0,229.3321075439453,637.7625122070312,331.4403991699219,716.2061157226562
111,2.0,195.0,230.2239990234375,638.2225952148438,332.5753173828125,716.6792602539062
112,2.0,195.0,229.55970764160156,637.5794677734375,335.01324462890625,717.0059204101562
113,2.0,195.0,230.5023651123047,638.3463134765625,335.4892578125,717.7117919921875
114,2.0,195.0,230.66773986816406,638.4609985351562,336.4756774902344,717.9253540039062
115,2.0,195.0,230.75018310546875,637.8489379882812,338.7931213378906,718.6657104492188
116,2.0,195.0,230.5483856201172,637.1448974609375,340.4443359375,719.29443359375
117,2.0,195.0,230.9229278564453,636.9271240234375,341.9693908691406,720.3329467773438
118,2.0,195.0,231.81353759765625,635.9613647460938,344.0616760253906,720.9076538085938
119,2.0,195.0,231.9638671875,636.1192626953125,346.2168273925781,720.814453125
120,2.0,195.0,232.14051818847656,636.0180053710938,347.5661315917969,721.8436889648438
121,2.0,195.0,232.7632598876953,635.2884521484375,349.7970886230469,722.878662109375
122,2.0,195.0,234.96295166015625,634.7012329101562,351.92138671875,723.8631591796875
123,2.0,195.0,235.84671020507812,634.56787109375,354.9228515625,724.1828002929688
124,2.0,195.0,237.61041259765625,634.7305908203125,357.9454650878906,725.8257446289062
125,2.0,195.0,238.5323486328125,634.4028930664062,360.7392578125,727.6163940429688
126,2.0,195.0,238.89390563964844,634.4222412109375,362.00677490234375,728.8779296875
127,2.0,195.0,238.9901123046875,634.8582153320312,364.44036865234375,729.5895385742188
128,2.0,195.0,241.01805114746094,635.1021728515625,366.9984436035156,730.7476196289062
129,2.0,195.0,241.67298889160156,634.9328002929688,369.76153564453125,731.5104370117188
130,2.0,195.0,241.3771514892578,634.2901000976562,371.9078063964844,731.8343505859375
131,2.0,195.0,242.2379608154297,633.4531860351562,373.7010498046875,733.2918090820312
132,2.0,195.0,241.74314880371094,633.1619873046875,376.1303405761719,734.14013671875
133,2.0,195.0,241.34873962402344,633.2372436523438,379.6168212890625,734.7986450195312
134,2.0,195.0,241.14707946777344,633.5658569335938,382.14996337890625,735.7976684570312
135,2.0,195.0,242.49932861328125,633.916748046875,384.3815002441406,736.8734741210938
136,2.0,195.0,244.42247009277344,632.6742553710938,387.511962890625,738.4028930664062
137,2.0,195.0,245.97503662109375,632.0087890625,389.52130126953125,739.3502807617188
138,2.0,195.0,246.2314910888672,630.6005859375,393.3313293457031,740.6937255859375
139,2.0,195.0,248.62030029296875,629.5194702148438,396.0517883300781,742.135498046875
140,2.0,195.0,248.9410400390625,628.3338012695312,398.79443359375,742.1627807617188
141,2.0,195.0,250.974365234375,629.121826171875,402.1908264160156,743.20361328125
142,2.0,195.0,252.62498474121094,628.8097534179688,405.7783508300781,744.4382934570312
143,2.0,195.0,253.6399383544922,629.7377319335938,409.62200927734375,746.4136352539062
144,2.0,195.0,254.48895263671875,630.1548461914062,412.326904296875,748.7044067382812
145,2.0,195.0,254.8538818359375,628.873779296875,416.11187744140625,751.3264770507812
146,2.0,195.0,256.0800476074219,627.77392578125,420.6738586425781,752.7696533203125
147,2.0,195.0,256.9541931152344,626.5487670898438,424.7165222167969,754.3446655273438
148,2.0,195.0,258.0845947265625,627.4700927734375,428.9403991699219,756.5828247070312
149,2.0,195.0,259.35711669921875,627.726806640625,433.0089111328125,758.9461059570312
150,2.0,195.0,260.07452392578125,627.5110473632812,437.7890625,761.0775756835938
151,2.0,195.0,262.2807312011719,627.277099609375,443.10772705078125,762.5996704101562
152,2.0,195.0,263.57525634765625,627.2930297851562,447.65887451171875,764.6436157226562
153,2.0,195.0,264.07879638671875,626.9790649414062,452.8163146972656,765.7904052734375
154,2.0,195.0,265.00152587890625,627.7677001953125,457.9871520996094,766.8088989257812
155,2.0,195.0,267.35223388671875,628.5068359375,462.4503479003906,767.9456787109375
156,2.0,195.0,269.4091796875,628.7459716796875,466.2400817871094,771.0023803710938
157,2.0,195.0,270.7518310546875,629.1210327148438,472.72161865234375,773.2000732421875
158,2.0,195.0,271.6993408203125,628.4580078125,478.71868896484375,775.8263549804688
159,2.0,195.0,274.18157958984375,628.4964599609375,484.6128234863281,778.927978515625
160,2.0,195.0,275.480712890625,627.8701782226562,491.8576354980469,781.8582153320312
161,2.0,195.0,276.0840759277344,627.1666259765625,498.219482421875,784.1174926757812
162,2.0,195.0,277.406005859375,627.5056762695312,504.660888671875,786.8047485351562
163,2.0,195.0,279.569580078125,626.7716064453125,511.9775085449219,789.833984375
164,2.0,195.0,282.25335693359375,624.8514404296875,519.8366088867188,794.7742309570312
165,2.0,195.0,284.73016357421875,624.2283935546875,527.6466064453125,798.108642578125
166,2.0,195.0,288.6036071777344,624.1956176757812,534.9725341796875,801.0902099609375
167,2.0,195.0,290.3018493652344,623.3263549804688,543.694091796875,803.8477172851562
168,2.0,195.0,291.5396423339844,622.9210815429688,552.7096557617188,806.3760375976562
169,2.0,195.0,295.21221923828125,621.9732666015625,563.3919067382812,809.0045776367188
170,2.0,195.0,298.087890625,621.9849243164062,572.1617431640625,811.001953125
171,2.0,195.0,300.1765441894531,621.6142578125,582.0927124023438,816.9804077148438
172,2.0,195.0,303.2037048339844,620.5961303710938,592.8855590820312,822.54248046875
173,2.0,195.0,306.44671630859375,619.6552124023438,604.4977416992188,826.932861328125
174,2.0,195.0,309.5568542480469,618.5905151367188,616.7180786132812,830.2019653320312
175,2.0,195.0,312.5755615234375,617.7007446289062,629.9662475585938,834.1436157226562
176,2.0,195.0,316.1169738769531,616.5689086914062,643.5885620117188,840.53173828125
177,2.0,195.0,320.09515380859375,616.54296875,657.01708984375,845.561279296875
178,2.0,195.0,322.9461669921875,613.7971801757812,671.6383666992188,851.5601806640625
179,2.0,195.0,325.94244384765625,613.0217895507812,688.59423828125,855.4874877929688
180,2.0,195.0,331.90338134765625,613.9244995117188,706.4930419921875,859.8416137695312
181,2.0,195.0,334.9896545410156,611.7357788085938,726.1012573242188,867.9039306640625
182,2.0,195.0,342.0880432128906,610.791015625,744.511962890625,874.6824340820312
183,2.0,195.0,347.7826232910156,606.1904907226562,766.6488037109375,882.327392578125
184,2.0,195.0,352.9066467285156,602.9734497070312,789.2772216796875,892.3421020507812
185,2.0,195.0,358.5075988769531,600.0563354492188,814.16796875,900.0906982421875
186,2.0,195.0,363.2041320800781,598.0382080078125,840.0484619140625,908.0323486328125
187,2.0,195.0,368.5441589355469,598.1581420898438,868.2939453125,919.39013671875
188,2.0,195.0,375.27288818359375,593.7699584960938,898.9989624023438,930.8560180664062
189,2.0,195.0,381.4663391113281,590.6235961914062,932.5222778320312,944.0183715820312
190,2.0,195.0,387.8323669433594,587.0366821289062,970.184326171875,959.152587890625
191,2.0,195.0,396.5792236328125,584.0482177734375,1011.6372680664062,977.7577514648438
192,2.0,195.0,405.3508605957031,582.47509765625,1056.351318359375,993.6250610351562
193,2.0,195.0,413.8980407714844,581.878173828125,1106.13427734375,1014.52490234375
194,2.0,195.0,425.16729736328125,580.2752685546875,1162.7977294921875,1036.948974609375
195,2.0,195.0,436.2026672363281,578.609375,1227.1356201171875,1060.71826171875
196,2.0,195.0,449.25469970703125,573.220947265625,1296.0787353515625,1073.66943359375
197,2.0,195.0,461.7115173339844,563.0889892578125,1372.176513671875,1077.8291015625
198,2.0,195.0,475.1737060546875,555.874267578125,1460.9830322265625,1077.0423583984375
199,2.0,195.0,489.1936340332031,550.4411010742188,1584.5797119140625,1078.2989501953125
200,2.0,195.0,506.08721923828125,549.3198852539062,1698.727294921875,1078.7283935546875
201,2.0,195.0,523.5164184570312,545.733154296875,1831.1673583984375,1078.0947265625
202,2.0,195.0,544.0530395507812,540.0133056640625,1905.5303955078125,1079.3924560546875
203,2.0,195.0,569.4730224609375,532.2110595703125,1920.0,1078.21728515625
204,2.0,195.0,597.233154296875,522.4548950195312,1920.0,1075.361572265625
205,2.0,195.0,627.7532348632812,507.4493713378906,1920.0,1074.2811279296875
206,2.0,195.0,661.3109741210938,493.17034912109375,1920.0,1072.918701171875
207,2.0,195.0,697.1416015625,478.9886474609375,1920.0,1073.83447265625
208,2.0,195.0,743.2575073242188,461.2481689453125,1920.0,1075.2203369140625
209,2.0,195.0,791.8675537109375,437.4817810058594,1920.0,1076.3232421875
210,2.0,195.0,848.0463256835938,407.8282470703125,1920.0,1074.6798095703125
211,2.0,195.0,917.1963500976562,382.1827087402344,1920.0,1073.564208984375
212,2.0,195.0,1001.2930908203125,365.80792236328125,1920.0,1072.6636962890625
213,2.0,195.0,1104.8582763671875,372.6769104003906,1920.0,1073.088134765625
214,2.0,195.0,1233.09130859375,388.0706787109375,1920.0,1071.2529296875
215,2.0,195.0,1400.748779296875,431.5351257324219,1920.0,1071.0340576171875
