2,2.0,194.0,219.98338317871094,650.5509643554688,283.2593994140625,693.3931274414062
3,2.0,194.0,220.79136657714844,648.34033203125,283.8783264160156,693.7448120117188
4,2.0,194.0,221.48606872558594,648.248046875,285.3444519042969,694.48291015625
5,2.0,194.0,221.31898498535156,648.5433349609375,283.6788024902344,694.8472290039062
6,2.0,194.0,221.16421508789062,647.3908081054688,287.4355163574219,694.94677734375
7,2.0,194.0,221.3296661376953,647.6669921875,288.7538146972656,695.1959838867188
8,2.0,194.0,221.02293395996094,646.2333984375,290.0113525390625,695.0693359375
9,2.0,194.0,221.12916564941406,645.4112548828125,291.3433532714844,695.2590942382812
10,2.0,194.0,221.01922607421875,644.770751953125,291.38519287109375,695.5090942382812
11,2.0,194.0,220.93397521972656,643.9403076171875,290.4597473144531,695.5707397460938
12,2.0,194.0,220.84339904785156,644.0623779296875,289.7178039550781,696.7617797851562
13,2.0,194.0,221.74832153320312,645.4681396484375,291.2498779296875,697.1992797851562
14,2.0,194.0,222.1442413330078,646.6273193359375,293.01104736328125,697.7975463867188
15,2.0,194.0,223.094970703125,646.32373046875,294.80322265625,698.1066284179688
16,2.0,194.0,223.34507751464844,646.0729370117188,295.0013732910156,698.77490234375
17,2.0,194.0,223.43421936035156,648.6927490234375,294.1128845214844,698.9738159179688
18,2.0,194.0,223.18711853027344,648.35400390625,294.6097412109375,699.121337890625
19,2.0,194.0,223.7682647705078,649.4028930664062,298.30596923828125,699.6553955078125
20,2.0,194.0,224.54318237304688,649.8193359375,300.2716369628906,699.787109375
21,2.0,194.0,224.8938446044922,649.5194091796875,300.7445068359375,699.7736206054688
22,2.0,194.0,225.2255401611328,649.8616943359375,302.2225036621094,700.113525390625
23,2.0,194.0,225.16102600097656,648.3234252929688,302.925537109375,700.6776123046875
24,2.0,194.0,225.07322692871094,647.2669067382812,303.7878112792969,700.9659423828125
25,2.0,194.0,225.00836181640625,647.20556640625,304.5206604003906,701.1753540039062
26,2.0,194.0,224.9738311767578,647.189208984375,305.3172912597656,701.465087890625
27,2.0,194.0,225.07559204101562,646.6325073242188,306.429931640625,701.4595947265625
28,2.0,194.0,225.70440673828125,646.2230224609375,307.5619812011719,702.1610107421875
29,2.0,194.0,226.5399932861328,646.6292114257812,308.3735046386719,703.1126708984375
30,2.0,194.0,227.74386596679688,646.1574096679688,309.0043029785156,703.501220703125
31,2.0,194.0,228.8545379638672,645.3609619140625,309.80816650390625,704.1320190429688
32,2.0,194.0,229.2420654296875,644.9400024414062,311.1009216308594,704.5630493164062
33,2.0,194.0,229.7459259033203,644.955322265625,312.47222900390625,705.0216674804688
34,2.0,194.0,230.04173278808594,644.5656127929688,313.64373779296875,704.6784057617188
35,2.0,194.0,230.07174682617188,644.2986450195312,314.749755859375,705.0501098632812
36,2.0,194.0,230.0576171875,644.0189819335938,315.8838806152344,705.130859375
37,2.0,194.0,230.19024658203125,642.9014282226562,317.6498107910156,705.3367919921875
38,2.0,194.0,230.25588989257812,642.5142822265625,317.8654479980469,705.3627319335938
39,2.0,194.0,230.98707580566406,643.5830078125,318.5536804199219,705.5704345703125
40,2.0,194.0,231.6732940673828,643.9581909179688,320.6435546875,706.650390625
41,2.0,194.0,232.08154296875,644.0469970703125,322.825439453125,707.8342895507812
42,2.0,194.0,232.6575164794922,644.0469360351562,324.57867431640625,707.9078369140625
43,2.0,194.0,233.58692932128906,643.7255859375,326.8344421386719,707.5650024414062
44,2.0,194.0,233.942138671875,644.156005859375,327.9888610839844,708.8572998046875
45,2.0,194.0,233.88026428222656,643.8082885742188,328.534912109375,710.1416015625
46,2.0,194.0,234.60162353515625,644.35791015625,329.2776184082031,711.5811767578125
47,2.0,194.0,235.54611206054688,643.7794799804688,329.8274230957031,712.1367797851562
48,2.0,194.0,236.67835998535156,642.6206665039062,331.944091796875,713.093994140625
49,2.0,194.0,237.1936798095703,642.6475219726562,334.2251892089844,713.6513061523438
50,2.0,194.0,237.7210235595703,642.8817138671875,336.4474792480469,714.182373046875
51,2.0,194.0,237.8721466064453,642.5557861328125,337.5750732421875,714.6654052734375
52,2.0,194.0,238.79296875,642.156982421875,339.1787414550781,715.3718872070312
53,2.0,194.0,239.8192901611328,641.282470703125,339.9190673828125,715.764892578125
54,2.0,194.0,240.1408233642578,640.7677612304688,341.2229919433594,715.84912109375
55,2.0,194.0,240.5971221923828,639.8816528320312,342.8785705566406,716.364013671875
56,2.0,194.0,240.6511688232422,638.802490234375,344.34881591796875,716.60302734375
57,2.0,194.0,241.68569946289062,639.0681762695312,345.9144592285156,717.4929809570312
58,2.0,194.0,242.43540954589844,639.3250732421875,347.73699951171875,717.7965087890625
59,2.0,194.0,243.0509490966797,639.2898559570312,348.8124084472656,718.598876953125
60,2.0,194.0,244.151611328125,638.9369506835938,352.1187438964844,719.4013671875
61,2.0,194.0,244.1276092529297,638.5424194335938,355.1125183105469,720.017822265625
62,2.0,194.0,245.3400421142578,638.5919799804688,356.53118896484375,720.5305786132812
63,2.0,194.0,246.06150817871094,637.8864135742188,358.50872802734375,720.5299072265625
64,2.0,194.0,246.381103515625,637.3924560546875,360.3431091308594,721.1832885742188
65,2.0,194.0,247.69178771972656,637.4953002929688,362.3279113769531,722.3085327148438
66,2.0,194.0,247.53704833984375,636.8727416992188,364.5683288574219,722.9072265625
67,2.0,194.0,248.84934997558594,637.0120849609375,365.783203125,723.5121459960938
68,2.0,194.0,247.838134765625,637.0323486328125,367.3280029296875,725.1505737304688
69,2.0,194.0,250.31788635253906,637.193359375,369.6153564453125,726.2920532226562
70,2.0,194.0,251.75547790527344,637.2279052734375,371.8199768066406,727.3425903320312
71,2.0,194.0,252.3234100341797,637.1099853515625,373.47088623046875,727.6665649414062
72,2.0,194.0,252.88490295410156,637.1590576171875,375.5207824707031,728.09814453125
73,2.0,194.0,252.90786743164062,637.4066162109375,376.7692565917969,729.8099975585938
74,2.0,194.0,251.5966339111328,637.7109375,379.2419128417969,731.103271484375
75,2.0,194.0,252.8421630859375,637.6149291992188,382.1402587890625,731.864013671875
76,2.0,194.0,253.29779052734375,637.697265625,385.3220520019531,732.5362548828125
77,2.0,194.0,254.99624633789062,637.360595703125,388.2596435546875,733.3541870117188
78,2.0,194.0,255.86561584472656,637.8417358398438,390.73602294921875,735.0975341796875
79,2.0,194.0,258.18389892578125,637.5879516601562,393.8233337402344,735.4305419921875
80,2.0,194.0,260.84637451171875,636.9825439453125,395.9442443847656,735.9920043945312
81,2.0,194.0,261.99176025390625,636.5799560546875,398.1357727050781,736.8007202148438
82,2.0,194.0,262.3756408691406,636.7959594726562,399.99505615234375,738.3309326171875
83,2.0,194.0,263.46478271484375,636.007080078125,403.26214599609375,739.531494140625
84,2.0,194.0,263.833251953125,635.4931640625,406.7039489746094,740.573974609375
85,2.0,194.0,264.2380065917969,635.3900146484375,409.91021728515625,740.804931640625
86,2.0,194.0,265.2108459472656,635.8753051757812,412.6209716796875,739.9047241210938
87,2.0,194.0,265.3929748535156,634.64453125,416.3412170410156,741.9029541015625
88,2.0,194.0,264.88616943359375,634.0327758789062,419.50640869140625,743.189208984375
89,2.0,194.0,266.354248046875,633.1843872070312,423.07855224609375,744.117431640625
90,2.0,194.0,266.1240539550781,632.6830444335938,426.59906005859375,744.6419067382812
91,2.0,194.0,269.931640625,633.2634887695312,430.380615234375,746.58642578125
92,2.0,194.0,272.858642578125,633.1268310546875,432.75262451171875,748.5188598632812
93,2.0,194.0,274.7882080078125,633.1724853515625,436.384765625,751.6146240234375
94,2.0,194.0,277.0284729003906,631.9555053710938,439.3511962890625,751.8579711914062
95,2.0,194.0,276.6819763183594,631.312255859375,443.9217834472656,753.971923828125
96,2.0,194.0,277.58978271484375,631.0357666015625,447.8939208984375,755.34375
97,2.0,194.0,277.4380187988281,631.2222900390625,453.4505615234375,756.7453002929688
98,2.0,194.0,280.2115783691406,631.1270751953125,457.60797119140625,758.069091796875
99,2.0,194.0,281.1771240234375,631.3728637695312,461.4354248046875,760.763916015625
100,2.0,194.0,283.2956237792969,631.8644409179688,465.0674743652344,761.8850708007812
101,2.0,194.0,285.0502624511719,631.58544921875,469.28314208984375,763.7206420898438
102,2.0,194.0,286.923583984375,631.62158203125,475.007080078125,764.806884765625
103,2.0,194.0,287.90045166015625,631.755859375,479.6957092285156,766.4600219726562
104,2.0,194.0,289.6173095703125,631.6994018554688,486.3617858886719,766.780517578125
105,2.0,194.0,291.4618225097656,631.67431640625,491.4698486328125,769.4359130859375
106,2.0,194.0,293.68365478515625,631.3292846679688,495.9814147949219,771.0142822265625
107,2.0,194.0,295.22772216796875,631.2719116210938,501.9376220703125,773.3836059570312
108,2.0,194.0,296.8783264160156,630.7344970703125,507.3058166503906,776.428466796875
109,2.0,194.0,298.0742492675781,630.8373413085938,514.2399291992188,779.23388671875
110,2.0,194.0,301.3286437988281,630.2364501953125,519.7662963867188,782.5018310546875
111,2.0,194.0,304.05938720703125,629.8080444335938,525.908203125,784.4326782226562
112,2.0,194.0,307.3638000488281,629.9093017578125,531.8553466796875,785.6304931640625
113,2.0,194.0,309.9327392578125,628.4280395507812,540.3679809570312,788.0614013671875
114,2.0,194.0,312.33551025390625,627.1361083984375,547.2827758789062,791.6813354492188
115,2.0,194.0,313.99945068359375,627.01416015625,554.5570678710938,795.1112060546875
116,2.0,194.0,316.46771240234375,627.2501831054688,563.904541015625,796.5067138671875
117,2.0,194.0,318.4266662597656,626.30322265625,572.5543823242188,799.2297973632812
118,2.0,194.0,321.7742614746094,624.8380737304688,579.3679809570312,804.0924682617188
119,2.0,194.0,324.5977783203125,624.1126098632812,589.345703125,808.537353515625
120,2.0,194.0,328.16851806640625,623.3421020507812,598.6893920898438,810.2283325195312
121,2.0,194.0,331.0120849609375,623.3858032226562,608.4484252929688,811.27978515625
122,2.0,194.0,334.4919128417969,622.6263427734375,617.6599731445312,816.608642578125
123,2.0,194.0,336.52423095703125,622.32470703125,628.4872436523438,820.5003662109375
124,2.0,194.0,339.6518249511719,621.2007446289062,640.1119384765625,824.4650268554688
125,2.0,194.0,345.3385009765625,620.2031860351562,651.2722778320312,828.6490478515625
126,2.0,194.0,348.7932434082031,619.5272827148438,664.4519653320312,831.8641357421875
127,2.0,194.0,351.7594909667969,619.7669067382812,677.710693359375,834.8663940429688
128,2.0,194.0,356.72137451171875,619.9891357421875,690.3189086914062,839.858642578125
129,2.0,194.0,360.24468994140625,619.2341918945312,703.3070068359375,845.554931640625
130,2.0,194.0,366.27618408203125,618.7372436523438,720.2138061523438,851.8356323242188
131,2.0,194.0,368.9917297363281,618.23388671875,735.5906372070312,855.5411987304688
132,2.0,194.0,373.72149658203125,618.0217895507812,751.4281616210938,858.370849609375
133,2.0,194.0,379.92962646484375,616.5906982421875,770.4757690429688,866.7418212890625
134,2.0,194.0,383.8526306152344,614.31689453125,790.5264892578125,872.1740112304688
135,2.0,194.0,389.76324462890625,612.820556640625,811.620849609375,880.4909057617188
136,2.0,194.0,394.2575378417969,611.3316650390625,833.8455200195312,888.1954345703125
137,2.0,194.0,402.142578125,610.1023559570312,857.4323120117188,895.6104125976562
138,2.0,194.0,408.2314147949219,609.2545166015625,882.6940307617188,901.3414306640625
139,2.0,194.0,416.2672119140625,606.2537231445312,909.6455688476562,910.4308471679688
140,2.0,194.0,423.22796630859375,601.8081665039062,940.0296630859375,918.9545288085938
141,2.0,194.0,431.2220153808594,599.0404663085938,969.6215209960938,930.0003662109375
142,2.0,194.0,439.2939453125,596.3036499023438,1004.2342529296875,942.8040771484375
143,2.0,194.0,449.38690185546875,593.3280029296875,1041.6021728515625,957.0078125
144,2.0,194.0,457.90020751953125,591.6444702148438,1081.540771484375,973.7785034179688
145,2.0,194.0,464.6928405761719,590.38037109375,1125.56298828125,988.3330688476562
146,2.0,194.0,475.7758483886719,589.9829711914062,1171.9310302734375,1005.6931762695312
147,2.0,194.0,486.05731201171875,587.3489990234375,1226.3653564453125,1025.5233154296875
148,2.0,194.0,498.5167541503906,583.5247192382812,1284.610595703125,1045.744140625
149,2.0,194.0,510.86541748046875,577.7305908203125,1350.3931884765625,1066.9798583984375
150,2.0,194.0,525.883544921875,568.3748168945312,1419.1552734375,1076.2457275390625
151,2.0,194.0,543.0516357421875,561.2463989257812,1497.2900390625,1077.6148681640625
152,2.0,194.0,558.7197875976562,562.2684326171875,1584.1370849609375,1077.18408203125
153,2.0,194.0,572.39208984375,560.4288330078125,1685.7686767578125,1077.9151611328125
154,2.0,194.0,576.076171875,556.6549682617188,1803.547119140625,1078.91015625
155,2.0,194.0,607.7739868164062,552.2282104492188,1892.8902587890625,1080.0
156,2.0,194.0,630.3092651367188,546.377685546875,1920.0,1080.0
157,2.0,194.0,660.7595825195312,539.898193359375,1920.0,1080.0
158,2.0,194.0,692.119140625,531.4849243164062,1920.0,1078.057373046875
159,2.0,194.0,725.2643432617188,522.2662353515625,1920.0,1075.7945556640625
160,2.0,194.0,759.2723999023438,510.9911193847656,1920.0,1072.7525634765625
161,2.0,194.0,798.3789672851562,496.475830078125,1920.0,1072.6900634765625
162,2.0,194.0,843.7710571289062,480.985107421875,1920.0,1074.2139892578125
163,2.0,194.0,892.0320434570312,466.00177001953125,1920.0,1075.904541015625
164,2.0,194.0,946.7190551757812,442.35687255859375,1920.0,1076.3853759765625
165,2.0,194.0,1012.865966796875,422.0596618652344,1920.0,1074.5936279296875
166,2.0,194.0,1088.494140625,414.9700012207031,1920.0,1073.6602783203125
167,2.0,194.0,1176.8690185546875,416.9582824707031,1920.0,1073.39208984375
168,2.0,194.0,1287.385986328125,426.3941650390625,1920.0,1071.4757080078125
169,2.0,194.0,1419.0679931640625,450.146728515625,1920.0,1070.768310546875
