39,2.0,203.0,230.69825744628906,643.8114013671875,280.74560546875,680.9937133789062
40,2.0,203.0,230.74888610839844,642.980712890625,280.3406677246094,680.6343383789062
41,2.0,203.0,230.31878662109375,641.8468627929688,280.2065734863281,680.6050415039062
42,2.0,203.0,230.4225616455078,643.105224609375,279.77911376953125,680.38818359375
43,2.0,203.0,230.17446899414062,643.6201782226562,280.5728454589844,680.7024536132812
44,2.0,203.0,230.2000732421875,643.93310546875,281.62188720703125,681.2333374023438
45,2.0,203.0,230.30050659179688,643.3101196289062,282.2146911621094,681.6804809570312
46,2.0,203.0,230.98904418945312,641.8833618164062,283.19537353515625,682.05712890625
47,2.0,203.0,231.2742919921875,641.416259765625,283.46240234375,682.1146850585938
48,2.0,203.0,231.21102905273438,640.5153198242188,285.36798095703125,682.2886352539062
49,2.0,203.0,231.0391387939453,639.6045532226562,286.345458984375,682.5296020507812
50,2.0,203.0,230.71182250976562,637.4197998046875,286.8089294433594,682.55322265625
51,2.0,203.0,231.02821350097656,638.5419921875,287.2457275390625,682.93017578125
52,2.0,203.0,231.34390258789062,638.8078002929688,287.8465576171875,683.2535400390625
53,2.0,203.0,231.7405242919922,638.9307250976562,288.4747009277344,683.3385620117188
54,2.0,203.0,232.2199249267578,638.9415893554688,289.689208984375,683.5303955078125
55,2.0,203.0,232.4745330810547,640.1661376953125,290.5524597167969,683.7838134765625
56,2.0,203.0,232.18479919433594,640.7113647460938,291.1244812011719,683.8623046875
57,2.0,203.0,232.72740173339844,641.0777587890625,291.5567626953125,684.0343627929688
58,2.0,203.0,233.96905517578125,640.8604736328125,291.45654296875,683.9482421875
59,2.0,203.0,234.90728759765625,640.9396362304688,292.2889404296875,684.8932495117188
60,2.0,203.0,235.09596252441406,641.421875,292.88177490234375,685.7013549804688
61,2.0,203.0,235.6803436279297,640.503173828125,293.92938232421875,685.653076171875
62,2.0,203.0,235.8936767578125,640.5631713867188,295.6348876953125,685.801513671875
63,2.0,203.0,235.8887481689453,640.6024169921875,296.9282531738281,686.4271240234375
64,2.0,203.0,236.26878356933594,640.9725952148438,297.9464416503906,686.8126220703125
65,2.0,203.0,236.7220001220703,640.4905395507812,299.8131408691406,687.4342041015625
66,2.0,203.0,236.82427978515625,639.7224731445312,300.6721496582031,688.5797729492188
67,2.0,203.0,236.75245666503906,639.4920043945312,301.960205078125,688.8698120117188
68,2.0,203.0,237.1732635498047,639.46337890625,303.5823669433594,689.5286254882812
69,2.0,203.0,237.3742218017578,639.5155639648438,304.9550476074219,689.97412109375
70,2.0,203.0,237.45770263671875,639.1707763671875,305.0631103515625,690.2120971679688
71,2.0,203.0,237.6256103515625,639.4470825195312,305.41961669921875,690.2725830078125
72,2.0,203.0,238.64674377441406,639.6478881835938,306.5162353515625,690.7346801757812
73,2.0,203.0,238.7489013671875,638.8762817382812,308.2292785644531,691.1697998046875
74,2.0,203.0,239.10452270507812,638.3921508789062,309.7702331542969,692.2962646484375
75,2.0,203.0,239.87472534179688,637.73291015625,311.7377014160156,693.2503051757812
76,2.0,203.0,240.27377319335938,638.6045532226562,312.10992431640625,693.2122802734375
77,2.0,203.0,240.87283325195312,638.1326293945312,312.86834716796875,693.54052734375
78,2.0,203.0,241.99655151367188,638.3308715820312,313.9971008300781,693.6796264648438
79,2.0,203.0,242.76617431640625,638.0003051757812,314.8507995605469,693.866455078125
80,2.0,203.0,243.23854064941406,637.5972290039062,316.1827087402344,694.3128662109375
81,2.0,203.0,243.9226531982422,636.8316650390625,317.33709716796875,694.986572265625
82,2.0,203.0,244.42349243164062,637.2955932617188,319.536376953125,696.2413330078125
83,2.0,203.0,244.7161407470703,636.884765625,320.9820861816406,697.21240234375
84,2.0,203.0,245.29681396484375,635.8991088867188,322.5721435546875,696.6531982421875
85,2.0,203.0,244.56785583496094,636.5938720703125,323.5965576171875,697.2658081054688
86,2.0,203.0,243.87355041503906,637.0252075195312,324.5347595214844,697.7887573242188
87,2.0,203.0,244.8982696533203,637.03955078125,325.82470703125,699.4051513671875
88,2.0,203.0,246.15846252441406,635.923095703125,326.7974853515625,700.6018676757812
89,2.0,203.0,246.9701385498047,635.4684448242188,328.45184326171875,701.0914916992188
90,2.0,203.0,247.03372192382812,635.0152587890625,330.9757080078125,701.8464965820312
91,2.0,203.0,245.90162658691406,635.2741088867188,331.82879638671875,702.4232177734375
92,2.0,203.0,246.79425048828125,635.071044921875,333.5662536621094,702.6909790039062
93,2.0,203.0,246.84747314453125,634.827880859375,335.7811279296875,702.8877563476562
94,2.0,203.0,247.44436645507812,635.2735595703125,337.13665771484375,703.4098510742188
95,2.0,203.0,248.818115234375,635.7664794921875,339.177001953125,704.1828002929688
96,2.0,203.0,250.43968200683594,636.1766357421875,341.62109375,704.8086547851562
97,2.0,203.0,252.5206756591797,636.69091796875,344.9223937988281,705.190673828125
98,2.0,203.0,253.02362060546875,636.6968994140625,347.0646057128906,705.8568725585938
99,2.0,203.0,253.24253845214844,636.42236328125,347.97601318359375,707.1632690429688
100,2.0,203.0,253.53318786621094,636.6771240234375,351.0343017578125,708.6241455078125
101,2.0,203.0,254.63230895996094,637.249267578125,354.64093017578125,710.2966918945312
102,2.0,203.0,255.01438903808594,637.1695556640625,356.64447021484375,711.692626953125
103,2.0,203.0,255.22784423828125,636.97900390625,358.8575134277344,713.473388671875
104,2.0,203.0,256.3122863769531,635.5319213867188,360.9024963378906,713.9052734375
105,2.0,203.0,257.0905456542969,635.3612060546875,364.1767883300781,714.555419921875
106,2.0,203.0,258.3941955566406,635.245849609375,366.23651123046875,715.611572265625
107,2.0,203.0,260.51123046875,634.6402587890625,368.8526916503906,716.204345703125
108,2.0,203.0,261.5167541503906,634.25244140625,370.7400817871094,717.3007202148438
109,2.0,203.0,261.9354248046875,633.943115234375,373.7369689941406,718.0384521484375
110,2.0,203.0,262.7166748046875,633.75,377.16387939453125,718.9190063476562
111,2.0,203.0,263.6972961425781,633.09228515625,379.6299133300781,719.9210815429688
112,2.0,203.0,263.6338806152344,632.7503051757812,381.8974609375,721.1522216796875
113,2.0,203.0,263.20977783203125,632.123046875,385.793212890625,722.6614990234375
114,2.0,203.0,263.7507019042969,631.343994140625,388.7561950683594,723.7254638671875
115,2.0,203.0,264.0860595703125,630.9080810546875,391.8711853027344,724.582763671875
116,2.0,203.0,266.2789001464844,630.828857421875,395.8421936035156,726.032958984375
117,2.0,203.0,267.51300048828125,631.0120239257812,400.07366943359375,727.810302734375
118,2.0,203.0,268.09906005859375,630.6890869140625,404.2440490722656,729.973388671875
119,2.0,203.0,271.48321533203125,630.8716430664062,409.0628967285156,731.499755859375
120,2.0,203.0,273.8190612792969,630.6300659179688,412.7215576171875,733.1762084960938
121,2.0,203.0,278.9255065917969,630.8839111328125,416.8816833496094,734.1318969726562
122,2.0,203.0,279.1240234375,629.822509765625,420.975830078125,736.6041870117188
123,2.0,203.0,280.2525939941406,628.8258666992188,424.9822082519531,737.6757202148438
124,2.0,203.0,282.1103515625,628.9033813476562,431.1864013671875,739.3743286132812
125,2.0,203.0,284.3848571777344,628.5626831054688,435.87103271484375,741.7988891601562
126,2.0,203.0,286.70208740234375,628.176513671875,441.0270080566406,742.6461181640625
127,2.0,203.0,288.09820556640625,627.1268920898438,446.8658752441406,744.7211303710938
128,2.0,203.0,290.2073669433594,627.0145263671875,452.85687255859375,747.9852294921875
129,2.0,203.0,290.890380859375,626.9793090820312,457.0517578125,751.0779418945312
130,2.0,203.0,292.9484558105469,626.8655395507812,463.6182861328125,753.832275390625
131,2.0,203.0,296.16632080078125,626.6575317382812,470.7988586425781,757.3047485351562
132,2.0,203.0,298.1460876464844,627.4448852539062,478.3348388671875,760.4879150390625
133,2.0,203.0,300.1834716796875,627.2798461914062,486.0174865722656,762.270263671875
134,2.0,203.0,300.8569641113281,626.2919921875,493.6074523925781,764.849609375
135,2.0,203.0,301.4880676269531,626.028076171875,501.84857177734375,767.5538940429688
136,2.0,203.0,305.2250671386719,625.6263427734375,509.6990966796875,770.6105346679688
137,2.0,203.0,308.92559814453125,626.090576171875,517.8756103515625,774.0277099609375
138,2.0,203.0,311.4068298339844,625.7278442382812,527.658203125,777.2618408203125
139,2.0,203.0,314.9942321777344,625.2622680664062,538.1766357421875,781.2215576171875
140,2.0,203.0,318.1136169433594,623.7677612304688,549.22705078125,784.7626953125
141,2.0,203.0,322.32574462890625,621.8427734375,561.7815551757812,790.211181640625
142,2.0,203.0,325.5386047363281,621.1275634765625,572.9889526367188,796.0326538085938
143,2.0,203.0,329.3965148925781,620.53125,585.4889526367188,800.3057861328125
144,2.0,203.0,335.2380676269531,619.969970703125,598.9534912109375,804.8886108398438
145,2.0,203.0,338.1741027832031,619.1697998046875,613.120849609375,809.3631591796875
146,2.0,203.0,343.6300354003906,618.0525512695312,628.60009765625,812.9061889648438
147,2.0,203.0,349.58935546875,617.4354248046875,645.9420166015625,820.2981567382812
148,2.0,203.0,354.02215576171875,617.4732666015625,665.0194702148438,828.2139282226562
149,2.0,203.0,359.0649719238281,617.2003784179688,685.151123046875,834.0746459960938
150,2.0,203.0,367.08837890625,615.3999633789062,704.9215087890625,839.652099609375
151,2.0,203.0,373.1829528808594,614.0623168945312,729.3888549804688,847.8707885742188
152,2.0,203.0,379.4795837402344,612.3837280273438,754.2434692382812,853.2874755859375
153,2.0,203.0,387.0125427246094,611.8445434570312,784.2800903320312,866.2725830078125
154,2.0,203.0,394.2083435058594,608.8745727539062,816.0442504882812,876.4968872070312
155,2.0,203.0,403.1102600097656,607.7632446289062,851.6482543945312,889.5738525390625
156,2.0,203.0,413.7073059082031,604.4774169921875,891.27685546875,900.5484619140625
157,2.0,203.0,425.3634338378906,598.7764282226562,935.4310302734375,915.1124877929688
158,2.0,203.0,437.87957763671875,594.9323120117188,984.4119262695312,930.1558227539062
159,2.0,203.0,450.49078369140625,589.9844970703125,1040.443359375,951.9840087890625
160,2.0,203.0,463.8387756347656,586.51025390625,1102.90869140625,977.2023315429688
161,2.0,203.0,478.88824462890625,584.3474731445312,1176.2943115234375,1003.2467651367188
162,2.0,203.0,497.04864501953125,580.157470703125,1263.84619140625,1034.7086181640625
163,2.0,203.0,516.7334594726562,571.6205444335938,1359.5911865234375,1064.4559326171875
164,2.0,203.0,541.1332397460938,563.240966796875,1473.3277587890625,1074.329345703125
165,2.0,203.0,565.3544921875,557.5591430664062,1618.4014892578125,1077.5299072265625
166,2.0,203.0,577.9204711914062,552.9335327148438,1789.1256103515625,1080.0
167,2.0,203.0,622.56005859375,546.4070434570312,1888.1390380859375,1080.0
168,2.0,203.0,654.0087280273438,536.4270629882812,1920.0,1080.0
169,2.0,203.0,707.3917846679688,524.1920166015625,1920.0,1079.0802001953125
170,2.0,203.0,767.525146484375,506.672119140625,1920.0,1076.206298828125
171,2.0,203.0,833.9959716796875,486.00677490234375,1920.0,1076.3990478515625
172,2.0,203.0,910.6273193359375,461.4302978515625,1920.0,1077.64990234375
173,2.0,203.0,1006.8355712890625,432.742919921875,1920.0,1077.6966552734375
174,2.0,203.0,1133.4720458984375,425.4606628417969,1920.0,1076.81982421875
175,2.0,203.0,1294.501953125,436.9277648925781,1920.0,1074.7388916015625
176,2.0,203.0,1513.7872314453125,476.8979797363281,1920.0,1074.7882080078125
