2,2.0,193.0,232.51132202148438,645.1101684570312,298.3357238769531,691.6055908203125
3,2.0,193.0,233.54652404785156,644.959228515625,299.5343322753906,692.074462890625
4,2.0,193.0,233.68055725097656,645.3832397460938,299.921875,693.2234497070312
5,2.0,193.0,233.66128540039062,645.54736328125,300.7287292480469,693.9998779296875
6,2.0,193.0,234.1309814453125,645.3917846679688,301.302978515625,694.4564819335938
7,2.0,193.0,234.35008239746094,645.4566040039062,302.14276123046875,694.6231689453125
8,2.0,193.0,234.61764526367188,646.6845703125,302.287841796875,694.7158203125
9,2.0,193.0,234.6407012939453,647.416748046875,302.81097412109375,694.8933715820312
10,2.0,193.0,234.51348876953125,648.00830078125,302.9806213378906,695.1102905273438
11,2.0,193.0,234.39315795898438,648.8096923828125,303.07977294921875,695.2691040039062
12,2.0,193.0,234.85650634765625,647.8053588867188,303.3126525878906,695.7763061523438
13,2.0,193.0,235.12059020996094,646.84228515625,304.2704162597656,696.134765625
14,2.0,193.0,235.1979522705078,645.6207275390625,305.9757080078125,696.4111328125
15,2.0,193.0,233.93190002441406,645.8800048828125,307.63555908203125,697.8046264648438
16,2.0,193.0,234.0607147216797,644.29833984375,308.0149230957031,697.5570068359375
17,2.0,193.0,234.9026641845703,644.0162963867188,308.426025390625,697.3591918945312
18,2.0,193.0,235.4888458251953,644.6517333984375,308.5880126953125,697.4595336914062
19,2.0,193.0,235.81265258789062,644.7638549804688,309.598876953125,697.8120727539062
20,2.0,193.0,235.95648193359375,644.5888061523438,311.0484924316406,698.0191040039062
21,2.0,193.0,235.94520568847656,644.9046020507812,311.81060791015625,698.3019409179688
22,2.0,193.0,236.0924835205078,644.1807861328125,313.6590881347656,699.3045043945312
23,2.0,193.0,235.950927734375,642.8460693359375,314.25054931640625,699.6259155273438
24,2.0,193.0,236.0925750732422,642.7120971679688,315.0960388183594,700.0079956054688
25,2.0,193.0,236.29205322265625,642.0784301757812,316.0835876464844,700.45849609375
26,2.0,193.0,236.3971405029297,642.5671997070312,317.0174255371094,701.1561889648438
27,2.0,193.0,235.71688842773438,642.0281372070312,318.251220703125,701.7496948242188
28,2.0,193.0,235.8178253173828,642.290283203125,318.6117858886719,702.5795288085938
29,2.0,193.0,236.01431274414062,641.9473876953125,318.39166259765625,703.32080078125
30,2.0,193.0,236.08580017089844,642.1162719726562,318.7116394042969,703.9541015625
31,2.0,193.0,236.92579650878906,641.5896606445312,319.86865234375,703.6973876953125
32,2.0,193.0,237.31399536132812,641.7442016601562,321.1448974609375,703.9480590820312
33,2.0,193.0,237.2783660888672,641.720703125,321.6553649902344,704.7218017578125
34,2.0,193.0,237.4874725341797,641.4525146484375,322.6679992675781,705.117431640625
35,2.0,193.0,238.0656280517578,641.7012329101562,323.5374755859375,705.4199829101562
36,2.0,193.0,238.68910217285156,642.3707885742188,323.8487854003906,705.7782592773438
37,2.0,193.0,238.1542510986328,643.7590942382812,324.51190185546875,706.2450561523438
38,2.0,193.0,239.76708984375,641.2232055664062,325.2489013671875,705.49560546875
39,2.0,193.0,240.2775115966797,642.0384521484375,326.87982177734375,706.11767578125
40,2.0,193.0,240.75047302246094,641.9098510742188,327.6907043457031,706.474609375
41,2.0,193.0,240.47140502929688,641.7041015625,328.7320556640625,707.5575561523438
42,2.0,193.0,240.60598754882812,641.719970703125,330.4464416503906,708.7777709960938
43,2.0,193.0,240.6449737548828,641.8590698242188,330.9236145019531,709.1112670898438
44,2.0,193.0,240.52279663085938,641.7777709960938,331.94525146484375,709.3345336914062
45,2.0,193.0,240.79470825195312,641.6787719726562,333.4583435058594,709.2785034179688
46,2.0,193.0,241.32608032226562,641.8275146484375,334.60076904296875,710.1777954101562
47,2.0,193.0,241.54522705078125,640.091064453125,336.2129211425781,711.2864990234375
48,2.0,193.0,241.62139892578125,640.680908203125,337.8547058105469,712.2185668945312
49,2.0,193.0,241.67185974121094,640.7850341796875,338.933837890625,712.5324096679688
50,2.0,193.0,241.99913024902344,640.0794067382812,339.22894287109375,713.0166015625
51,2.0,193.0,242.61582946777344,639.6635131835938,340.04412841796875,713.2215576171875
52,2.0,193.0,243.459228515625,640.0376586914062,340.2901916503906,713.203857421875
53,2.0,193.0,243.94459533691406,639.5844116210938,341.47998046875,713.9566650390625
54,2.0,193.0,243.4542999267578,638.6332397460938,343.09783935546875,714.8573608398438
55,2.0,193.0,243.80860900878906,638.3712158203125,344.2957763671875,715.621337890625
56,2.0,193.0,244.90232849121094,637.9052124023438,346.27752685546875,716.1275024414062
57,2.0,193.0,246.10504150390625,637.9005737304688,347.7033996582031,716.7263793945312
58,2.0,193.0,246.60858154296875,637.7697143554688,348.86041259765625,717.279296875
59,2.0,193.0,246.91969299316406,638.0922241210938,350.9546203613281,717.48193359375
60,2.0,193.0,247.41432189941406,638.32080078125,353.1739196777344,717.7299194335938
61,2.0,193.0,247.3260040283203,639.3248901367188,353.7419128417969,718.0704956054688
62,2.0,193.0,248.9384307861328,639.4817504882812,355.3364562988281,718.8927001953125
63,2.0,193.0,249.36631774902344,639.9572143554688,357.0381164550781,719.4381713867188
64,2.0,193.0,250.3751678466797,638.4298706054688,359.0804748535156,719.7987670898438
65,2.0,193.0,251.29364013671875,637.5480346679688,360.3448791503906,720.1289672851562
66,2.0,193.0,251.22930908203125,637.5498657226562,361.66973876953125,720.5863037109375
67,2.0,193.0,251.95944213867188,639.1787719726562,364.0105285644531,721.7867431640625
68,2.0,193.0,252.2035369873047,638.3139038085938,365.3995361328125,722.1236572265625
69,2.0,193.0,252.64622497558594,638.3499755859375,366.7325439453125,723.2542114257812
70,2.0,193.0,253.11148071289062,639.033935546875,368.0896301269531,723.6011962890625
71,2.0,193.0,253.64434814453125,638.3649291992188,368.920654296875,723.5140380859375
72,2.0,193.0,253.51316833496094,637.316650390625,370.3603210449219,724.9066162109375
73,2.0,193.0,253.8734130859375,637.331787109375,372.2682800292969,726.42626953125
74,2.0,193.0,253.8376922607422,637.4546508789062,374.77691650390625,727.3009033203125
75,2.0,193.0,254.011962890625,637.4078369140625,377.59014892578125,728.08154296875
76,2.0,193.0,254.9121551513672,637.179443359375,379.3231506347656,728.8945922851562
77,2.0,193.0,254.80381774902344,637.806884765625,380.7305603027344,729.9465942382812
78,2.0,193.0,255.57626342773438,636.9443969726562,382.875732421875,731.3685913085938
79,2.0,193.0,255.8767547607422,636.4899291992188,384.2002868652344,731.6297607421875
80,2.0,193.0,257.279052734375,636.0304565429688,387.8305358886719,732.5913696289062
81,2.0,193.0,258.6251220703125,636.292724609375,390.31207275390625,733.010009765625
82,2.0,193.0,260.1850280761719,636.096435546875,392.0418701171875,733.8877563476562
83,2.0,193.0,259.1059875488281,635.3529663085938,393.1238098144531,734.9083251953125
84,2.0,193.0,260.5871887207031,635.8203735351562,395.5736389160156,734.6622924804688
85,2.0,193.0,261.27685546875,635.2094116210938,396.64178466796875,736.6635131835938
86,2.0,193.0,262.2400817871094,633.57763671875,398.20623779296875,737.7125244140625
87,2.0,193.0,262.6878356933594,632.7317504882812,400.5627746582031,738.9965209960938
88,2.0,193.0,262.6406555175781,632.5931396484375,403.41485595703125,739.57958984375
89,2.0,193.0,263.7310791015625,632.138916015625,406.5588073730469,739.916748046875
90,2.0,193.0,263.56060791015625,631.16943359375,409.11456298828125,740.8828735351562
91,2.0,193.0,263.140380859375,630.529296875,410.8106994628906,741.7906494140625
92,2.0,193.0,264.5060119628906,631.57177734375,413.8835754394531,741.7210083007812
93,2.0,193.0,265.4263000488281,630.0767822265625,415.5151672363281,742.1204833984375
94,2.0,193.0,266.0647277832031,629.5960083007812,417.6057434082031,743.17138671875
95,2.0,193.0,267.1907653808594,629.0270385742188,420.65106201171875,744.5225219726562
96,2.0,193.0,267.23876953125,629.1253051757812,424.1565246582031,746.2374877929688
97,2.0,193.0,268.62078857421875,629.2039184570312,427.1195983886719,747.694091796875
98,2.0,193.0,270.1097412109375,629.6622314453125,430.6125183105469,749.6912231445312
99,2.0,193.0,271.3127746582031,629.9073486328125,432.4598388671875,750.9647827148438
100,2.0,193.0,273.3759460449219,629.5734252929688,434.1711120605469,752.3938598632812
101,2.0,193.0,274.7313232421875,628.895263671875,437.3373107910156,754.708984375
102,2.0,193.0,277.283935546875,628.4619140625,440.6604309082031,756.6539916992188
103,2.0,193.0,277.6589050292969,629.0130615234375,444.6386413574219,757.0665283203125
104,2.0,193.0,277.05303955078125,628.9576416015625,448.97021484375,757.8609619140625
105,2.0,193.0,277.11785888671875,628.4808959960938,453.14447021484375,758.2203979492188
106,2.0,193.0,277.78076171875,627.4236450195312,456.1434020996094,760.1260986328125
107,2.0,193.0,279.18414306640625,627.75244140625,459.66937255859375,762.6508178710938
108,2.0,193.0,280.4173889160156,627.621337890625,462.6505432128906,764.0768432617188
109,2.0,193.0,281.85858154296875,627.5517578125,466.927490234375,765.70361328125
110,2.0,193.0,283.8016662597656,628.1493530273438,470.1416931152344,767.3416137695312
111,2.0,193.0,285.50274658203125,628.5703735351562,474.95648193359375,769.725341796875
112,2.0,193.0,285.9287414550781,628.8687744140625,479.6983642578125,770.49267578125
113,2.0,193.0,287.36273193359375,629.1196899414062,482.8883972167969,771.2137451171875
114,2.0,193.0,288.0638427734375,628.1835327148438,487.3895568847656,772.4481811523438
115,2.0,193.0,288.8096008300781,627.4091186523438,491.15179443359375,773.5477294921875
116,2.0,193.0,289.9510192871094,627.2537841796875,496.41937255859375,777.8156127929688
117,2.0,193.0,290.4502868652344,627.3798217773438,502.4618225097656,781.6792602539062
118,2.0,193.0,291.600341796875,626.8370971679688,507.14251708984375,783.67822265625
119,2.0,193.0,292.4451904296875,626.6201782226562,513.3980102539062,784.983154296875
120,2.0,193.0,293.98297119140625,626.1853637695312,517.7832641601562,787.3938598632812
121,2.0,193.0,296.754150390625,626.2059936523438,523.4361572265625,791.0703125
122,2.0,193.0,298.2016906738281,626.2052001953125,529.259521484375,795.1627807617188
123,2.0,193.0,298.371337890625,625.0146484375,536.015625,797.4130249023438
124,2.0,193.0,298.9579772949219,623.7893676757812,541.551025390625,799.0570678710938
125,2.0,193.0,300.60968017578125,624.0037231445312,547.8272705078125,801.5951538085938
126,2.0,193.0,304.59088134765625,623.3544311523438,554.1283569335938,804.4797973632812
127,2.0,193.0,306.0298767089844,623.4654541015625,562.5137939453125,806.3018188476562
128,2.0,193.0,307.3959045410156,622.1365356445312,570.8016357421875,809.1660766601562
129,2.0,193.0,310.0545959472656,621.3679809570312,576.8856811523438,810.961181640625
130,2.0,193.0,311.6923522949219,621.0169067382812,585.190185546875,813.8595581054688
131,2.0,193.0,312.3669128417969,621.0559692382812,594.1859741210938,818.204345703125
132,2.0,193.0,314.4912109375,620.5638427734375,601.8016967773438,820.7089233398438
133,2.0,193.0,317.2816162109375,620.1176147460938,609.7470703125,825.4705200195312
134,2.0,193.0,320.9614562988281,619.6752319335938,619.1570434570312,829.5186157226562
135,2.0,193.0,323.40301513671875,618.7885131835938,630.0791015625,833.3843994140625
136,2.0,193.0,325.8357238769531,618.026611328125,638.7482299804688,835.2928466796875
137,2.0,193.0,328.24285888671875,616.7528076171875,649.6196899414062,839.7048950195312
138,2.0,193.0,331.2315673828125,615.4796142578125,659.3961791992188,845.05517578125
139,2.0,193.0,334.34796142578125,615.805419921875,670.5065307617188,848.7734985351562
140,2.0,193.0,335.2926025390625,614.7835083007812,683.7888793945312,852.4159545898438
141,2.0,193.0,337.39837646484375,614.4629516601562,698.036865234375,855.1304931640625
142,2.0,193.0,342.7267761230469,613.9634399414062,712.0603637695312,861.1846923828125
143,2.0,193.0,346.8401184082031,613.068603515625,726.6231079101562,868.8562622070312
144,2.0,193.0,350.20361328125,610.3524780273438,741.8795776367188,875.2125244140625
145,2.0,193.0,353.49493408203125,609.45263671875,759.007080078125,880.2560424804688
146,2.0,193.0,359.3132019042969,606.6998901367188,775.6557006835938,888.3189697265625
147,2.0,193.0,361.1546630859375,605.3838500976562,794.689453125,894.2777099609375
148,2.0,193.0,366.0082702636719,600.076171875,815.1307983398438,900.6572875976562
149,2.0,193.0,370.1751708984375,596.2553100585938,835.3441772460938,907.026611328125
150,2.0,193.0,374.4449462890625,595.6016235351562,856.8377075195312,915.2002563476562
151,2.0,193.0,378.3464050292969,594.6294555664062,880.5614013671875,923.9806518554688
152,2.0,193.0,382.5069580078125,593.7023315429688,906.4983520507812,936.16259765625
153,2.0,193.0,387.1828308105469,590.0156860351562,934.325927734375,945.806884765625
154,2.0,193.0,391.5526428222656,586.1611938476562,963.021728515625,958.4655151367188
155,2.0,193.0,398.5292663574219,585.467041015625,993.8243408203125,972.93359375
156,2.0,193.0,405.51934814453125,584.1630859375,1028.740966796875,986.773193359375
157,2.0,193.0,412.19024658203125,581.973388671875,1065.750732421875,1001.1679077148438
158,2.0,193.0,417.7497253417969,582.7976684570312,1106.454345703125,1017.5803833007812
159,2.0,193.0,426.78692626953125,581.2577514648438,1150.013671875,1037.362548828125
160,2.0,193.0,435.4461975097656,578.8605346679688,1201.81396484375,1055.2698974609375
161,2.0,193.0,443.47821044921875,573.5777587890625,1258.135498046875,1070.8514404296875
162,2.0,193.0,452.68133544921875,563.3477783203125,1314.5198974609375,1077.16015625
163,2.0,193.0,462.6667175292969,559.1135864257812,1378.3798828125,1078.0908203125
164,2.0,193.0,473.5111083984375,555.2295532226562,1451.3048095703125,1077.0947265625
165,2.0,193.0,483.03253173828125,552.444580078125,1536.3189697265625,1077.3612060546875
166,2.0,193.0,494.8663635253906,548.5059814453125,1624.9166259765625,1076.7374267578125
167,2.0,193.0,509.1729431152344,547.0689697265625,1715.614013671875,1076.498291015625
168,2.0,193.0,523.5364379882812,544.3055419921875,1841.63623046875,1077.9140625
169,2.0,193.0,536.6336669921875,541.12353515625,1908.6612548828125,1079.341064453125
170,2.0,193.0,557.8441162109375,534.4290161132812,1920.0,1077.7720947265625
171,2.0,193.0,577.894287109375,525.8844604492188,1920.0,1075.3428955078125
172,2.0,193.0,602.6328125,513.9015502929688,1920.0,1073.5098876953125
173,2.0,193.0,626.851806640625,501.9403381347656,1920.0,1072.5560302734375
174,2.0,193.0,656.5256958007812,490.26812744140625,1920.0,1072.472900390625
175,2.0,193.0,687.0083618164062,478.07489013671875,1920.0,1073.7022705078125
176,2.0,193.0,719.8748168945312,463.5359191894531,1920.0,1073.3988037109375
177,2.0,193.0,756.470458984375,445.499267578125,1920.0,1074.15283203125
178,2.0,193.0,797.855224609375,427.8793029785156,1920.0,1076.05419921875
179,2.0,193.0,845.754638671875,398.4588928222656,1920.0,1073.7510986328125
180,2.0,193.0,897.726318359375,375.2792053222656,1920.0,1072.265625
181,2.0,193.0,964.505615234375,357.3901672363281,1920.0,1070.7255859375
182,2.0,193.0,1039.1170654296875,359.13677978515625,1920.0,1070.604736328125
183,2.0,193.0,1131.0360107421875,372.0511474609375,1920.0,1070.99267578125
184,2.0,193.0,1238.690185546875,390.3612976074219,1920.0,1071.919189453125
185,2.0,193.0,1373.1143798828125,419.58892822265625,1920.0,1071.2529296875
