32,2.0,205.0,241.21388244628906,639.1528930664062,287.49371337890625,673.7372436523438
33,2.0,205.0,241.2308807373047,638.4852905273438,287.9897766113281,673.6595458984375
34,2.0,205.0,240.6925506591797,637.4260864257812,287.9348449707031,673.5667724609375
35,2.0,205.0,240.35244750976562,638.213134765625,289.0294189453125,673.4369506835938
36,2.0,205.0,240.00543212890625,635.960205078125,289.52972412109375,672.9747314453125
37,2.0,205.0,239.88543701171875,638.0863647460938,289.8247985839844,672.9205322265625
38,2.0,205.0,240.4368896484375,638.2124633789062,290.5575866699219,672.88818359375
39,2.0,205.0,240.99896240234375,638.78369140625,290.9368591308594,673.2047729492188
40,2.0,205.0,241.44680786132812,639.3480224609375,290.72113037109375,673.3111572265625
41,2.0,205.0,242.09310913085938,639.0581665039062,291.38897705078125,673.6139526367188
42,2.0,205.0,242.48184204101562,637.8446044921875,291.9384765625,673.7888793945312
43,2.0,205.0,242.69415283203125,637.2483520507812,292.32647705078125,673.9347534179688
44,2.0,205.0,242.61045837402344,637.3992919921875,292.2725524902344,674.5379028320312
45,2.0,205.0,242.71534729003906,637.9187622070312,292.36761474609375,675.030029296875
46,2.0,205.0,243.3045654296875,638.0017700195312,292.4092712402344,675.4638671875
47,2.0,205.0,243.23776245117188,637.9654541015625,292.5094299316406,676.084228515625
48,2.0,205.0,243.02879333496094,638.0089111328125,292.85321044921875,676.5601806640625
49,2.0,205.0,242.46002197265625,637.9488525390625,293.2520751953125,676.669921875
50,2.0,205.0,241.98287963867188,638.7398071289062,293.4351501464844,677.1712646484375
51,2.0,205.0,242.23037719726562,639.0487670898438,293.7708435058594,676.9495239257812
52,2.0,205.0,242.39991760253906,638.7960205078125,293.6664733886719,676.3081665039062
53,2.0,205.0,243.19839477539062,638.2727661132812,294.5249938964844,676.238525390625
54,2.0,205.0,243.5546417236328,638.9442749023438,295.0901794433594,676.7100219726562
55,2.0,205.0,244.41021728515625,639.1583251953125,295.80902099609375,677.0488891601562
56,2.0,205.0,244.94505310058594,639.0940551757812,296.5332946777344,678.0469360351562
57,2.0,205.0,245.29287719726562,639.5252075195312,298.26861572265625,679.8472900390625
58,2.0,205.0,245.54595947265625,641.1771850585938,299.6742248535156,681.376708984375
59,2.0,205.0,245.90277099609375,640.4373779296875,299.9638977050781,681.8563842773438
60,2.0,205.0,245.56663513183594,639.8784790039062,301.6826477050781,682.3590087890625
61,2.0,205.0,245.84701538085938,639.8992309570312,302.6070556640625,682.5518798828125
62,2.0,205.0,247.0502166748047,638.954833984375,302.3377990722656,682.2972412109375
63,2.0,205.0,248.13165283203125,638.0888061523438,302.3147277832031,681.1246948242188
64,2.0,205.0,248.83802795410156,638.1448974609375,303.6781921386719,681.7881469726562
65,2.0,205.0,249.20541381835938,637.8988647460938,304.4524230957031,682.2763061523438
66,2.0,205.0,248.6526641845703,639.0873413085938,305.21240234375,682.2506713867188
67,2.0,205.0,248.4525909423828,640.619140625,305.7414245605469,682.0909423828125
68,2.0,205.0,248.3932647705078,639.8491821289062,306.5202941894531,682.4777221679688
69,2.0,205.0,248.49517822265625,639.3419799804688,307.4517822265625,682.8411865234375
70,2.0,205.0,248.7584991455078,639.5090942382812,308.205078125,683.1528930664062
71,2.0,205.0,249.32716369628906,639.4210205078125,309.8783264160156,683.4325561523438
72,2.0,205.0,250.91964721679688,638.3063354492188,311.76251220703125,683.619873046875
73,2.0,205.0,251.60760498046875,638.5343017578125,313.2743225097656,683.9606323242188
74,2.0,205.0,251.72691345214844,638.8070068359375,315.25469970703125,684.022705078125
75,2.0,205.0,252.03639221191406,638.2897338867188,316.0843505859375,684.2684326171875
76,2.0,205.0,252.22927856445312,638.5950927734375,316.4034729003906,684.577880859375
77,2.0,205.0,252.68814086914062,638.5808715820312,317.2062072753906,685.2400512695312
78,2.0,205.0,252.75843811035156,638.5336303710938,317.7911682128906,686.7208862304688
79,2.0,205.0,252.87132263183594,638.7905883789062,318.69134521484375,687.4550170898438
80,2.0,205.0,253.22303771972656,638.2733764648438,320.04595947265625,687.7491455078125
81,2.0,205.0,253.5622100830078,637.820068359375,320.286376953125,688.3538818359375
82,2.0,205.0,253.84793090820312,638.4934692382812,322.4337463378906,688.9855346679688
83,2.0,205.0,254.1730499267578,638.6100463867188,324.1297912597656,689.5822143554688
84,2.0,205.0,254.3671875,638.52880859375,325.8058166503906,690.3458862304688
85,2.0,205.0,254.5000762939453,638.6546020507812,328.315673828125,691.0535278320312
86,2.0,205.0,254.81480407714844,638.4430541992188,329.0676574707031,691.5115356445312
87,2.0,205.0,256.111572265625,638.6006469726562,330.7010498046875,691.7704467773438
88,2.0,205.0,256.4269714355469,638.2814331054688,332.4503173828125,692.7091064453125
89,2.0,205.0,257.06451416015625,638.6923828125,333.8365173339844,692.6590576171875
90,2.0,205.0,257.6370544433594,638.7247314453125,335.0819396972656,693.1778564453125
91,2.0,205.0,259.4438781738281,639.076171875,336.9509582519531,693.7321166992188
92,2.0,205.0,259.91766357421875,638.4129028320312,338.2328796386719,693.8202514648438
93,2.0,205.0,260.0849609375,638.4745483398438,339.6579895019531,693.827392578125
94,2.0,205.0,260.9345397949219,638.3121948242188,341.0555725097656,693.844482421875
95,2.0,205.0,261.9228820800781,638.0380249023438,342.0491027832031,694.1767578125
96,2.0,205.0,262.742431640625,637.608154296875,344.22674560546875,694.5321044921875
97,2.0,205.0,264.65386962890625,636.96923828125,346.03472900390625,695.5090942382812
98,2.0,205.0,265.6853332519531,636.0991821289062,345.91070556640625,696.7772827148438
99,2.0,205.0,266.7134094238281,635.7816162109375,347.77435302734375,697.244140625
100,2.0,205.0,267.3449401855469,635.5238037109375,349.22503662109375,698.102294921875
101,2.0,205.0,267.301025390625,635.2328491210938,350.2930908203125,699.3531494140625
102,2.0,205.0,267.6717834472656,635.1363525390625,352.6214904785156,700.620849609375
103,2.0,205.0,267.54913330078125,634.9029541015625,355.0669250488281,701.1696166992188
104,2.0,205.0,267.3966369628906,635.3895263671875,359.91680908203125,703.0834350585938
105,2.0,205.0,267.2740478515625,634.4440307617188,361.89642333984375,703.6769409179688
106,2.0,205.0,268.6273193359375,635.2655029296875,363.75775146484375,704.5364990234375
107,2.0,205.0,269.454345703125,635.0350341796875,365.21282958984375,705.5014038085938
108,2.0,205.0,271.0060119628906,634.2648315429688,368.8731994628906,705.8063354492188
109,2.0,205.0,272.3360290527344,632.7201538085938,370.23779296875,706.3014526367188
110,2.0,205.0,273.9295959472656,632.4720458984375,372.8533935546875,707.691650390625
111,2.0,205.0,275.0771179199219,632.2122802734375,374.8960266113281,708.3557739257812
112,2.0,205.0,275.802978515625,631.844970703125,378.445556640625,710.45263671875
113,2.0,205.0,275.8472595214844,630.9244995117188,382.629638671875,712.4649047851562
114,2.0,205.0,276.0046081542969,631.4205322265625,383.958984375,712.81298828125
115,2.0,205.0,277.6890869140625,632.1214599609375,388.1944274902344,713.9580688476562
116,2.0,205.0,279.1753234863281,631.924560546875,391.092041015625,715.2249145507812
117,2.0,205.0,281.3184509277344,631.5502319335938,393.8594055175781,716.2898559570312
118,2.0,205.0,283.3167419433594,630.7765502929688,397.5096130371094,717.796875
119,2.0,205.0,284.38189697265625,630.8590698242188,400.38385009765625,717.9030151367188
120,2.0,205.0,285.7776184082031,630.66357421875,405.0135192871094,719.42529296875
121,2.0,205.0,287.75897216796875,630.7658081054688,408.8004150390625,720.1154174804688
122,2.0,205.0,289.49017333984375,631.9522705078125,413.6132507324219,722.3907470703125
123,2.0,205.0,289.4707336425781,631.1748657226562,416.9159240722656,724.3109130859375
124,2.0,205.0,290.61480712890625,630.9389038085938,421.5038146972656,725.1473999023438
125,2.0,205.0,292.3212890625,630.7509765625,426.361572265625,726.7183227539062
126,2.0,205.0,292.1637268066406,630.5371704101562,431.66107177734375,729.8028564453125
127,2.0,205.0,292.6840515136719,630.0026245117188,435.6996154785156,731.384521484375
128,2.0,205.0,295.8996887207031,629.6798706054688,440.3985290527344,732.7210083007812
129,2.0,205.0,298.36981201171875,628.931884765625,445.5626220703125,734.4262084960938
130,2.0,205.0,300.8739929199219,628.6627807617188,451.6471252441406,737.3155517578125
131,2.0,205.0,302.4630126953125,627.4470825195312,457.2129211425781,739.693115234375
132,2.0,205.0,305.5962829589844,627.9053344726562,463.4632873535156,742.4276733398438
133,2.0,205.0,308.3214416503906,627.099609375,470.9100036621094,743.6154174804688
134,2.0,205.0,311.52032470703125,626.546630859375,477.9786376953125,745.4169311523438
135,2.0,205.0,313.89117431640625,626.5045166015625,482.7750549316406,747.9405517578125
136,2.0,205.0,316.842041015625,627.0023803710938,490.81011962890625,752.0360717773438
137,2.0,205.0,318.9615173339844,626.6400146484375,498.41363525390625,755.234375
138,2.0,205.0,322.35504150390625,626.1089477539062,506.92742919921875,757.7808227539062
139,2.0,205.0,324.20391845703125,624.966064453125,515.7095336914062,761.61865234375
140,2.0,205.0,327.8729553222656,624.3997192382812,526.3221435546875,765.575439453125
141,2.0,205.0,330.9852600097656,623.75830078125,537.73779296875,768.8902587890625
142,2.0,205.0,333.54937744140625,622.5543823242188,547.168212890625,772.6272583007812
143,2.0,205.0,337.4222412109375,621.6754150390625,558.8328247070312,775.0121459960938
144,2.0,205.0,341.94757080078125,621.2125854492188,571.07958984375,780.3101196289062
145,2.0,205.0,346.3675842285156,620.5914916992188,584.0140380859375,784.5396728515625
146,2.0,205.0,351.168701171875,619.470703125,597.8984375,789.8365478515625
147,2.0,205.0,357.1973876953125,617.848876953125,612.6192626953125,796.7651977539062
148,2.0,205.0,361.5218200683594,618.0358276367188,627.1355590820312,801.575927734375
149,2.0,205.0,367.93218994140625,617.3549194335938,645.0503540039062,807.4287719726562
150,2.0,205.0,374.46240234375,617.6388549804688,663.0994873046875,812.38916015625
151,2.0,205.0,381.0930480957031,617.0582275390625,684.2696533203125,819.803466796875
152,2.0,205.0,387.0890808105469,615.758056640625,707.1163330078125,827.9854125976562
153,2.0,205.0,394.5970153808594,614.7659301757812,731.8856201171875,833.0363159179688
154,2.0,205.0,402.9116516113281,612.7774658203125,759.8851318359375,842.5187377929688
155,2.0,205.0,413.94085693359375,611.3863525390625,790.81103515625,852.208251953125
156,2.0,205.0,423.2785339355469,609.42919921875,824.0291748046875,861.8640747070312
157,2.0,205.0,434.5658264160156,606.5841674804688,860.666259765625,874.3615112304688
158,2.0,205.0,444.67156982421875,602.1332397460938,903.70849609375,890.3963623046875
159,2.0,205.0,457.599365234375,598.218994140625,950.5996704101562,902.8008422851562
160,2.0,205.0,472.13043212890625,592.9812622070312,1004.3652954101562,918.9723510742188
161,2.0,205.0,485.6710510253906,590.13232421875,1067.3419189453125,939.7979736328125
162,2.0,205.0,503.7917175292969,587.3028564453125,1138.03466796875,965.1548461914062
163,2.0,205.0,523.3370971679688,584.041015625,1221.5531005859375,993.7620849609375
164,2.0,205.0,545.4141845703125,579.2039794921875,1318.424560546875,1029.966064453125
165,2.0,205.0,571.6760864257812,572.77783203125,1435.2657470703125,1062.1944580078125
166,2.0,205.0,597.5711059570312,566.4115600585938,1574.3109130859375,1074.033203125
167,2.0,205.0,631.8616333007812,559.7245483398438,1754.122802734375,1080.0
168,2.0,205.0,657.2899169921875,550.8532104492188,1874.5562744140625,1080.0
169,2.0,205.0,713.3258666992188,539.450439453125,1920.0,1080.0
170,2.0,205.0,770.6202392578125,526.120361328125,1920.0,1080.0
171,2.0,205.0,833.3932495117188,508.2913513183594,1920.0,1077.629150390625
172,2.0,205.0,913.877197265625,486.1663818359375,1920.0,1076.7998046875
173,2.0,205.0,1012.2830810546875,456.5399169921875,1920.0,1078.3238525390625
174,2.0,205.0,1141.58154296875,442.84771728515625,1920.0,1078.053955078125
175,2.0,205.0,1311.681640625,451.4598693847656,1920.0,1076.8553466796875
