77,2.0,220.0,230.04656982421875,637.4246826171875,276.50531005859375,672.80029296875
78,2.0,220.0,230.09475708007812,637.1304931640625,277.3719787597656,672.6646728515625
79,2.0,220.0,229.6994171142578,638.0702514648438,279.18048095703125,673.1537475585938
80,2.0,220.0,229.95228576660156,638.999755859375,280.4147644042969,674.0950927734375
81,2.0,220.0,230.57395935058594,639.2782592773438,281.0994567871094,674.88330078125
82,2.0,220.0,230.14419555664062,640.7349243164062,282.4017639160156,676.4653930664062
83,2.0,220.0,230.3440399169922,640.3400268554688,283.85693359375,677.1641845703125
84,2.0,220.0,230.14389038085938,640.139892578125,283.9109191894531,677.4918212890625
85,2.0,220.0,230.716796875,640.4280395507812,285.5937805175781,677.57666015625
86,2.0,220.0,231.36073303222656,640.3280639648438,287.60162353515625,677.4459228515625
87,2.0,220.0,231.73391723632812,640.0316162109375,290.2186584472656,677.0328369140625
88,2.0,220.0,233.11204528808594,639.2429809570312,291.1510009765625,677.295166015625
89,2.0,220.0,234.2705535888672,639.8270263671875,292.04522705078125,679.7698974609375
90,2.0,220.0,235.49195861816406,640.7304077148438,292.8285827636719,680.9462890625
91,2.0,220.0,236.4982147216797,639.9151000976562,293.1041259765625,681.6528930664062
92,2.0,220.0,237.22250366210938,639.3743286132812,293.326416015625,681.751708984375
93,2.0,220.0,237.66847229003906,638.9762573242188,293.4874572753906,681.2637329101562
94,2.0,220.0,238.2506561279297,638.6884155273438,294.9066162109375,681.74609375
95,2.0,220.0,238.4691925048828,639.3338012695312,295.1987609863281,681.8325805664062
96,2.0,220.0,239.4334259033203,639.8604125976562,297.4204406738281,682.4611206054688
97,2.0,220.0,240.22515869140625,639.621826171875,299.3390197753906,682.8231811523438
98,2.0,220.0,240.49392700195312,641.5753784179688,301.6279296875,683.3728637695312
99,2.0,220.0,241.68348693847656,640.1655883789062,302.7731628417969,683.8604125976562
100,2.0,220.0,242.42709350585938,640.1543579101562,303.1934814453125,683.880615234375
101,2.0,220.0,243.12841796875,640.8311767578125,305.5674133300781,684.3659057617188
102,2.0,220.0,243.75685119628906,640.4339599609375,307.2421569824219,684.8170166015625
103,2.0,220.0,244.1970977783203,640.1287231445312,310.3135681152344,685.1983032226562
104,2.0,220.0,244.66619873046875,640.887939453125,312.969970703125,686.1635131835938
105,2.0,220.0,246.08694458007812,637.9876708984375,315.1302795410156,687.3190307617188
106,2.0,220.0,247.07861328125,636.6139526367188,317.2230224609375,688.6856689453125
107,2.0,220.0,248.04779052734375,635.5645141601562,318.32977294921875,690.4636840820312
108,2.0,220.0,248.35382080078125,635.4727172851562,319.9232482910156,691.8466186523438
109,2.0,220.0,249.08059692382812,636.192626953125,320.8391418457031,692.6431884765625
110,2.0,220.0,249.46795654296875,637.195068359375,323.0453796386719,692.7091674804688
111,2.0,220.0,250.6195526123047,637.0343017578125,326.4461975097656,693.31494140625
112,2.0,220.0,251.86953735351562,636.4647216796875,328.704833984375,693.75048828125
113,2.0,220.0,250.98773193359375,636.8718872070312,331.63677978515625,694.153076171875
114,2.0,220.0,252.006103515625,637.11962890625,333.78546142578125,694.3980712890625
115,2.0,220.0,253.7447509765625,637.4855346679688,336.45989990234375,694.73193359375
116,2.0,220.0,254.49667358398438,637.6033325195312,339.0589599609375,695.8046875
117,2.0,220.0,255.21336364746094,637.2017822265625,341.8910217285156,697.3541870117188
118,2.0,220.0,255.81124877929688,636.8644409179688,344.65692138671875,698.357177734375
119,2.0,220.0,258.04351806640625,636.2056884765625,347.391845703125,699.5042724609375
120,2.0,220.0,259.4839782714844,635.244384765625,349.5649108886719,700.6303100585938
121,2.0,220.0,260.724853515625,633.8963012695312,352.7603454589844,703.3169555664062
122,2.0,220.0,261.8764343261719,633.2251586914062,356.10736083984375,705.5001831054688
123,2.0,220.0,263.9469909667969,633.0013427734375,360.11236572265625,706.23681640625
124,2.0,220.0,264.94049072265625,633.12451171875,363.5605773925781,708.8135986328125
125,2.0,220.0,266.3548889160156,632.427001953125,367.6614990234375,710.4945068359375
126,2.0,220.0,267.6795654296875,632.0740356445312,371.7314147949219,712.7427368164062
127,2.0,220.0,269.2193298339844,631.605712890625,376.78875732421875,713.9685668945312
128,2.0,220.0,270.7777404785156,631.0003051757812,381.6047058105469,715.3905639648438
129,2.0,220.0,270.14642333984375,631.0006103515625,386.1812438964844,716.7636108398438
130,2.0,220.0,272.3103332519531,631.2047119140625,391.2078552246094,718.11083984375
131,2.0,220.0,275.6347351074219,631.6865844726562,396.1578063964844,719.7427978515625
132,2.0,220.0,277.9023132324219,630.9304809570312,401.87872314453125,721.7484741210938
133,2.0,220.0,280.6759338378906,630.153564453125,408.3998107910156,722.8270263671875
134,2.0,220.0,283.4853210449219,629.3939819335938,414.8250732421875,727.0869750976562
135,2.0,220.0,285.6033935546875,628.8296508789062,421.0731201171875,729.9761962890625
136,2.0,220.0,286.7520751953125,628.3875732421875,428.84539794921875,733.4894409179688
137,2.0,220.0,288.3226013183594,627.9122924804688,436.5084228515625,736.8490600585938
138,2.0,220.0,291.6470031738281,627.822998046875,445.03985595703125,739.5878295898438
139,2.0,220.0,295.09564208984375,626.1329345703125,453.2268981933594,742.9812622070312
140,2.0,220.0,299.2679443359375,626.4393310546875,462.8954162597656,746.8504028320312
141,2.0,220.0,302.4973449707031,625.6483154296875,474.1040954589844,749.9177856445312
142,2.0,220.0,308.04388427734375,624.340576171875,485.5611267089844,754.9610595703125
143,2.0,220.0,311.2259521484375,623.65234375,497.48406982421875,758.6837768554688
144,2.0,220.0,314.84539794921875,623.4913940429688,509.91595458984375,764.1223754882812
145,2.0,220.0,319.27728271484375,622.4638061523438,524.4744262695312,770.3009033203125
146,2.0,220.0,323.9391784667969,621.6087646484375,539.376220703125,774.736328125
147,2.0,220.0,329.21112060546875,619.739990234375,557.705322265625,781.6156005859375
148,2.0,220.0,335.96600341796875,618.7948608398438,576.1411743164062,789.8767700195312
149,2.0,220.0,340.7695007324219,618.341552734375,597.0796508789062,797.0704345703125
150,2.0,220.0,348.91534423828125,617.8251953125,619.1885986328125,804.86962890625
151,2.0,220.0,356.69866943359375,616.9251098632812,646.9331665039062,814.1013793945312
152,2.0,220.0,367.3424987792969,614.9028930664062,677.1273193359375,825.5394897460938
153,2.0,220.0,377.8180236816406,613.3721923828125,712.277587890625,835.7615966796875
154,2.0,220.0,388.70330810546875,611.5562133789062,752.1326293945312,847.9984130859375
155,2.0,220.0,401.28424072265625,609.1602172851562,799.0064086914062,864.4119262695312
156,2.0,220.0,414.8003845214844,606.625732421875,852.8411865234375,884.8282470703125
157,2.0,220.0,432.0111999511719,597.7887573242188,919.9400024414062,906.1053466796875
158,2.0,220.0,449.83087158203125,590.0116577148438,1000.1329345703125,932.5382690429688
159,2.0,220.0,470.8073425292969,584.5216064453125,1100.96728515625,970.1495361328125
160,2.0,220.0,497.3830261230469,579.0386962890625,1225.177490234375,1017.1649169921875
161,2.0,220.0,529.9007568359375,569.4132080078125,1387.09326171875,1056.503662109375
162,2.0,220.0,568.4547119140625,557.4761962890625,1600.7269287109375,1073.1083984375
163,2.0,220.0,616.4583129882812,545.454833984375,1808.4757080078125,1080.0
164,2.0,220.0,682.3927612304688,524.7213134765625,1894.745361328125,1080.0
165,2.0,220.0,767.3773193359375,498.936279296875,1920.0,1080.0
166,2.0,220.0,882.2525024414062,459.6328125,1920.0,1080.0
167,2.0,220.0,1045.7293701171875,423.4380187988281,1920.0,1080.0
168,2.0,220.0,1304.1856689453125,426.8564147949219,1920.0,1078.65478515625
