71,2.0,17.0,434.99591064453125,685.8714599609375,483.935546875,724.4016723632812
72,2.0,17.0,435.608154296875,686.4310302734375,483.92132568359375,724.9824829101562
73,2.0,17.0,435.9761962890625,687.6702880859375,484.32611083984375,725.4087524414062
74,2.0,17.0,436.8498840332031,685.8546752929688,484.6025085449219,724.8981323242188
75,2.0,17.0,436.8209228515625,686.462646484375,484.79339599609375,725.1719360351562
76,2.0,17.0,438.1995849609375,686.2796630859375,485.4974060058594,724.8959350585938
77,2.0,17.0,437.768310546875,686.4705810546875,486.43109130859375,725.3757934570312
78,2.0,17.0,438.0907287597656,687.1369018554688,486.5872802734375,725.5986938476562
79,2.0,17.0,440.1448669433594,686.4998168945312,487.7524108886719,724.985595703125
80,2.0,17.0,440.6433410644531,686.1533203125,488.3323974609375,725.2435913085938
81,2.0,17.0,440.7975158691406,684.9542236328125,489.6592712402344,725.4246215820312
82,2.0,17.0,440.85101318359375,684.4420166015625,490.4712829589844,725.84765625
83,2.0,17.0,440.9812927246094,684.9734497070312,491.78118896484375,726.7553100585938
84,2.0,17.0,441.6339416503906,690.1988525390625,493.4065856933594,728.71142578125
85,2.0,17.0,441.032958984375,692.1421508789062,493.7528381347656,728.2083129882812
86,2.0,17.0,443.6874694824219,687.3890991210938,494.83856201171875,728.5036010742188
87,2.0,17.0,444.29876708984375,683.8924560546875,495.93731689453125,728.5597534179688
88,2.0,17.0,444.9144287109375,684.3423461914062,497.542236328125,729.4393310546875
89,2.0,17.0,445.1341247558594,683.221923828125,498.0604553222656,729.6791381835938
90,2.0,17.0,445.4146423339844,682.507080078125,500.5677490234375,728.6715698242188
92,2.0,17.0,446.1239318847656,683.9097900390625,502.31591796875,728.6549072265625
93,2.0,17.0,445.86962890625,683.0496215820312,504.7405090332031,728.4087524414062
94,2.0,17.0,446.1826171875,684.9842529296875,506.4319763183594,729.518798828125
95,2.0,17.0,447.28643798828125,686.7457885742188,506.91070556640625,730.1184692382812
96,2.0,17.0,448.2104187011719,684.8871459960938,508.2604064941406,730.2774047851562
97,2.0,17.0,449.6652526855469,688.6148071289062,508.3699951171875,730.8716430664062
98,2.0,17.0,449.7182312011719,684.145263671875,509.4159240722656,730.810791015625
99,2.0,17.0,450.5617980957031,690.5133666992188,509.4582824707031,731.0877685546875
100,2.0,17.0,451.5296936035156,684.3140258789062,510.8898010253906,731.0675048828125
101,2.0,17.0,452.63287353515625,681.183837890625,513.1312866210938,730.9732666015625
102,2.0,17.0,452.8455505371094,680.749267578125,514.0792236328125,731.1597290039062
103,2.0,17.0,453.22088623046875,681.9782104492188,515.6060180664062,731.467041015625
104,2.0,17.0,454.00128173828125,678.0794677734375,517.3289794921875,731.7446899414062
105,2.0,17.0,454.0634460449219,676.6284790039062,519.1829833984375,732.8137817382812
106,2.0,17.0,454.4552917480469,677.33544921875,521.147705078125,733.4448852539062
107,2.0,17.0,455.2518310546875,678.6018676757812,522.9414672851562,734.1843872070312
108,2.0,17.0,455.37353515625,678.970947265625,522.5874633789062,734.1401977539062
109,2.0,17.0,456.9646301269531,680.1673583984375,521.556396484375,734.6990966796875
110,2.0,17.0,457.9278869628906,679.998046875,522.6460571289062,735.4796752929688
111,2.0,17.0,457.55999755859375,679.77734375,526.0813598632812,736.7843017578125
112,2.0,17.0,458.8164978027344,678.9081420898438,528.3785400390625,737.4601440429688
113,2.0,17.0,459.494873046875,676.575927734375,531.1724243164062,737.814697265625
114,2.0,17.0,460.049072265625,677.0508422851562,532.387451171875,738.6641235351562
115,2.0,17.0,459.8779602050781,676.4052124023438,533.4739379882812,739.4495239257812
116,2.0,17.0,460.402099609375,676.9498291015625,534.3673706054688,739.9471435546875
117,2.0,17.0,461.0909423828125,676.4323120117188,536.838134765625,740.499267578125
118,2.0,17.0,461.0286865234375,676.6724243164062,539.7450561523438,740.3685302734375
119,2.0,17.0,462.2163391113281,677.2343139648438,541.4271240234375,740.9010009765625
120,2.0,17.0,462.8670654296875,677.5987548828125,541.787841796875,741.4636840820312
121,2.0,17.0,463.5471496582031,678.162109375,542.4127807617188,742.0526733398438
122,2.0,17.0,464.65692138671875,677.3011474609375,545.1326904296875,742.2030639648438
123,2.0,17.0,466.70489501953125,677.6669311523438,548.5957641601562,742.3544311523438
124,2.0,17.0,468.82867431640625,678.309814453125,552.1387939453125,743.1459350585938
125,2.0,17.0,469.5240783691406,678.2200317382812,554.6868286132812,744.6249389648438
126,2.0,17.0,470.2805480957031,678.2277221679688,556.1847534179688,745.6986694335938
127,2.0,17.0,471.4244079589844,677.573486328125,559.1219482421875,745.975341796875
128,2.0,17.0,472.0036315917969,678.0460205078125,563.0194091796875,747.0264282226562
129,2.0,17.0,473.1089782714844,678.1131591796875,565.6444091796875,748.2034912109375
130,2.0,17.0,473.8829040527344,678.2044677734375,567.580810546875,748.617431640625
131,2.0,17.0,474.7627868652344,677.7305908203125,570.3182983398438,750.15673828125
132,2.0,17.0,475.86383056640625,677.3411865234375,572.4968872070312,751.2516479492188
133,2.0,17.0,478.7438659667969,677.1112060546875,573.8023071289062,751.6012573242188
134,2.0,17.0,479.6907653808594,677.0914306640625,577.9981689453125,752.9005737304688
135,2.0,17.0,480.08673095703125,675.6631469726562,581.6731567382812,753.5848999023438
136,2.0,17.0,480.7720642089844,675.492919921875,586.045654296875,754.167236328125
137,2.0,17.0,482.07196044921875,674.859619140625,588.5077514648438,754.8573608398438
138,2.0,17.0,483.71014404296875,673.391845703125,592.8796997070312,755.3545532226562
139,2.0,17.0,486.13616943359375,671.5516967773438,596.1434326171875,757.9664916992188
140,2.0,17.0,487.57794189453125,672.1119995117188,598.2238159179688,758.02392578125
141,2.0,17.0,490.6746826171875,673.2796020507812,601.6671752929688,759.0664672851562
142,2.0,17.0,493.579345703125,672.911376953125,605.5327758789062,761.7177734375
143,2.0,17.0,496.0306091308594,670.7637329101562,610.3580322265625,763.3107299804688
144,2.0,17.0,497.7754821777344,670.3512573242188,615.1386108398438,764.6343994140625
145,2.0,17.0,500.5025634765625,669.1885986328125,617.5001831054688,765.4751586914062
146,2.0,17.0,501.0720520019531,669.3318481445312,623.3915405273438,766.6720581054688
147,2.0,17.0,500.2093200683594,666.3275146484375,627.536865234375,767.7161254882812
148,2.0,17.0,503.2548828125,664.4478759765625,631.6065673828125,768.3098754882812
149,2.0,17.0,504.4827880859375,664.5691528320312,638.706298828125,769.1754150390625
150,2.0,17.0,506.0264892578125,664.3685913085938,643.7307739257812,770.7085571289062
151,2.0,17.0,506.47418212890625,664.0926513671875,650.5736083984375,773.470703125
152,2.0,17.0,509.51513671875,663.3198852539062,656.0399169921875,776.04931640625
153,2.0,17.0,513.1851196289062,663.446533203125,664.5796508789062,778.2413940429688
154,2.0,17.0,514.9896850585938,663.986572265625,670.2764282226562,780.6978149414062
155,2.0,17.0,516.0451049804688,664.9459228515625,676.6375732421875,783.8077392578125
156,2.0,17.0,520.9130249023438,664.185546875,683.3363037109375,785.9634399414062
157,2.0,17.0,524.7808227539062,660.996826171875,691.95751953125,788.407958984375
158,2.0,17.0,528.9634399414062,660.2728271484375,699.56787109375,791.5322265625
159,2.0,17.0,530.1123046875,659.7472534179688,709.3343505859375,793.2847900390625
160,2.0,17.0,533.8466186523438,658.4895629882812,718.4852294921875,795.7416381835938
161,2.0,17.0,538.8329467773438,657.08251953125,727.8325805664062,797.4475708007812
162,2.0,17.0,543.0598754882812,654.760498046875,737.648193359375,799.1700439453125
163,2.0,17.0,552.362548828125,652.8468627929688,749.5794067382812,803.2833862304688
164,2.0,17.0,552.42529296875,649.8707885742188,761.8434448242188,807.6627807617188
165,2.0,17.0,554.2945556640625,647.55712890625,775.07958984375,810.79345703125
166,2.0,17.0,559.9320678710938,646.2156372070312,789.6085815429688,814.91064453125
167,2.0,17.0,565.880615234375,643.8460693359375,804.5512084960938,819.4863891601562
168,2.0,17.0,571.907470703125,641.3231811523438,820.7520141601562,824.0010375976562
169,2.0,17.0,575.9390258789062,639.6082763671875,838.5496215820312,829.579833984375
170,2.0,17.0,583.8450317382812,635.406982421875,857.1083374023438,835.7433471679688
171,2.0,17.0,589.9389038085938,631.0642700195312,879.5568237304688,842.105224609375
172,2.0,17.0,597.21044921875,628.3829956054688,901.8528442382812,849.0009765625
173,2.0,17.0,605.4498291015625,624.3159790039062,926.7774658203125,858.5575561523438
174,2.0,17.0,613.9814453125,621.853759765625,953.8777465820312,867.07666015625
175,2.0,17.0,624.2492065429688,618.124755859375,984.3324584960938,875.463623046875
176,2.0,17.0,634.8857421875,614.4514770507812,1018.1670532226562,888.055908203125
177,2.0,17.0,646.3682861328125,614.4888305664062,1054.7518310546875,899.5079956054688
178,2.0,17.0,656.7605590820312,611.5349731445312,1097.0572509765625,913.1519165039062
179,2.0,17.0,670.1090087890625,605.579833984375,1146.1634521484375,928.491455078125
180,2.0,17.0,686.568359375,599.3931274414062,1203.428955078125,946.341552734375
181,2.0,17.0,701.7838745117188,594.2726440429688,1270.1517333984375,967.6671142578125
182,2.0,17.0,720.9714965820312,588.2402954101562,1345.912109375,990.8612670898438
183,2.0,17.0,742.6029663085938,576.6517333984375,1435.6707763671875,1019.0215454101562
184,2.0,17.0,764.8948364257812,564.6235961914062,1543.2877197265625,1051.815185546875
185,2.0,17.0,794.6879272460938,551.4837646484375,1674.8817138671875,1069.5064697265625
186,2.0,17.0,829.0390625,538.841064453125,1837.0078125,1075.7921142578125
187,2.0,17.0,868.2388916015625,522.7188720703125,1905.442138671875,1078.4520263671875
188,2.0,17.0,914.2638549804688,500.3304443359375,1920.0,1080.0
189,2.0,17.0,972.6981811523438,472.67950439453125,1920.0,1079.5206298828125
190,2.0,17.0,1040.337158203125,437.1690673828125,1920.0,1077.4256591796875
191,2.0,17.0,1129.517333984375,385.3448181152344,1920.0,1076.223876953125
192,2.0,17.0,1247.0616455078125,341.89862060546875,1920.0,1076.525634765625
193,2.0,17.0,1406.3603515625,317.32708740234375,1920.0,1076.5419921875
194,2.0,17.0,1627.1123046875,366.6612243652344,1920.0,1075.6424560546875
