31,2.0,9.0,448.1707458496094,679.6096801757812,502.35894775390625,724.5250244140625
32,2.0,9.0,448.1556091308594,679.4867553710938,503.68377685546875,725.2971801757812
33,2.0,9.0,448.171142578125,678.674560546875,504.6029968261719,725.8992309570312
34,2.0,9.0,449.3885803222656,679.9525756835938,504.3711853027344,725.7462768554688
35,2.0,9.0,450.32171630859375,679.943603515625,504.4453430175781,725.6830444335938
36,2.0,9.0,450.635498046875,677.9686889648438,506.5387268066406,727.2290649414062
37,2.0,9.0,450.0050048828125,678.8475952148438,508.3437805175781,728.535888671875
38,2.0,9.0,449.7225646972656,678.6622314453125,509.70843505859375,728.834228515625
39,2.0,9.0,450.0876159667969,678.2410278320312,509.862060546875,728.97265625
40,2.0,9.0,450.1849060058594,679.3963012695312,510.7502746582031,729.9249877929688
41,2.0,9.0,451.3166809082031,678.9588623046875,511.4624938964844,730.0675659179688
42,2.0,9.0,451.6993713378906,679.3280029296875,511.48077392578125,728.974609375
43,2.0,9.0,452.8214416503906,679.2041625976562,511.550048828125,728.03955078125
44,2.0,9.0,454.1539611816406,679.3080444335938,511.921875,728.5252075195312
45,2.0,9.0,454.6447448730469,678.5751953125,513.5367431640625,728.5950927734375
46,2.0,9.0,454.83837890625,678.3980712890625,514.9595336914062,729.4815063476562
47,2.0,9.0,455.3409118652344,677.599609375,516.0482788085938,730.4077758789062
48,2.0,9.0,455.5296325683594,676.2861328125,517.2484130859375,730.67138671875
49,2.0,9.0,455.6427307128906,675.6986694335938,519.5831909179688,731.0062866210938
50,2.0,9.0,455.9529724121094,676.4746704101562,519.807861328125,730.9896850585938
51,2.0,9.0,456.4333190917969,676.4012451171875,519.9483032226562,730.9083251953125
52,2.0,9.0,456.72711181640625,677.2334594726562,520.5181884765625,730.98974609375
53,2.0,9.0,457.7530212402344,678.302001953125,521.509521484375,731.2989501953125
54,2.0,9.0,458.65338134765625,679.9229125976562,522.8900756835938,731.6849975585938
55,2.0,9.0,458.840576171875,679.432373046875,524.6026000976562,731.8740234375
56,2.0,9.0,458.8515625,678.8096923828125,526.06005859375,731.8593139648438
57,2.0,9.0,458.9601135253906,678.7969970703125,528.5347290039062,732.2437133789062
58,2.0,9.0,459.4775390625,678.6621704101562,530.1654052734375,733.0919799804688
59,2.0,9.0,459.7122497558594,678.4689331054688,531.5099487304688,733.5640869140625
60,2.0,9.0,460.7326965332031,678.5614013671875,532.4486694335938,734.4227905273438
61,2.0,9.0,461.5107421875,678.0565185546875,533.2427368164062,735.5188598632812
62,2.0,9.0,461.8805847167969,678.6621704101562,533.8485717773438,735.8721313476562
63,2.0,9.0,463.3457946777344,678.1698608398438,534.398193359375,735.6812133789062
64,2.0,9.0,464.15472412109375,678.358154296875,534.8026123046875,735.3550415039062
65,2.0,9.0,464.43804931640625,678.9097290039062,536.1569213867188,735.988525390625
66,2.0,9.0,464.53253173828125,678.629150390625,538.5662841796875,737.2152099609375
67,2.0,9.0,465.7981872558594,678.2659301757812,540.1852416992188,737.6159057617188
68,2.0,9.0,467.9581298828125,679.0618896484375,542.733642578125,738.1141357421875
69,2.0,9.0,468.65875244140625,678.7724609375,543.2564086914062,738.0787963867188
70,2.0,9.0,469.12957763671875,678.5935668945312,544.1156005859375,737.9971923828125
71,2.0,9.0,469.9237060546875,677.604248046875,546.2904052734375,739.0775146484375
72,2.0,9.0,470.45599365234375,676.809814453125,547.707275390625,739.7940063476562
73,2.0,9.0,470.8110046386719,677.5482788085938,551.343994140625,740.6283569335938
74,2.0,9.0,471.3564147949219,677.87548828125,553.694091796875,740.989501953125
75,2.0,9.0,472.351806640625,677.4365844726562,555.9033813476562,741.2144775390625
76,2.0,9.0,473.0116271972656,675.9910888671875,555.7749633789062,741.6387329101562
77,2.0,9.0,474.0850524902344,676.9496459960938,557.5344848632812,742.5805053710938
78,2.0,9.0,475.2218017578125,676.2548828125,558.3734741210938,743.2254028320312
79,2.0,9.0,476.10064697265625,675.0779418945312,560.8426513671875,743.1435546875
80,2.0,9.0,478.6533508300781,675.2982177734375,563.2800903320312,742.4835205078125
81,2.0,9.0,479.38568115234375,676.2523803710938,565.0106201171875,742.5823974609375
82,2.0,9.0,479.78997802734375,676.7095336914062,568.0126342773438,743.7327270507812
83,2.0,9.0,480.478515625,676.5726928710938,569.5484008789062,745.4562377929688
84,2.0,9.0,481.0592346191406,676.2836303710938,570.5548706054688,746.1380615234375
85,2.0,9.0,481.374755859375,675.1998291015625,571.86572265625,746.3888549804688
86,2.0,9.0,481.27569580078125,674.27587890625,574.1321411132812,747.2807006835938
87,2.0,9.0,481.2688293457031,673.443115234375,577.42724609375,747.2265014648438
88,2.0,9.0,481.46612548828125,672.4154052734375,579.7413330078125,747.0154418945312
89,2.0,9.0,482.58538818359375,672.57177734375,582.6447143554688,747.8270874023438
90,2.0,9.0,483.8813781738281,672.65869140625,586.4901733398438,749.6844482421875
91,2.0,9.0,486.1971740722656,673.12890625,589.039794921875,751.2395629882812
92,2.0,9.0,487.809814453125,671.9400634765625,591.5341796875,752.2056274414062
93,2.0,9.0,489.518798828125,670.9940185546875,594.2031860351562,752.7926635742188
94,2.0,9.0,491.5006408691406,672.529052734375,595.1591186523438,753.448974609375
95,2.0,9.0,492.77130126953125,672.3911743164062,597.5093994140625,753.9636840820312
96,2.0,9.0,496.1745910644531,671.3271484375,599.754638671875,754.091552734375
97,2.0,9.0,498.2009582519531,669.2677612304688,604.1954956054688,754.1935424804688
98,2.0,9.0,499.0777282714844,667.6895141601562,607.0206298828125,754.5271606445312
99,2.0,9.0,501.1903991699219,667.2330322265625,610.2469482421875,755.2473754882812
100,2.0,9.0,501.619384765625,666.9462890625,613.0838012695312,755.8818969726562
101,2.0,9.0,502.84381103515625,666.90673828125,616.0836181640625,757.3833618164062
102,2.0,9.0,504.2498779296875,667.47265625,618.27978515625,758.335693359375
103,2.0,9.0,504.8822937011719,667.1232299804688,622.14013671875,759.4943237304688
104,2.0,9.0,506.5596008300781,665.9983520507812,625.6653442382812,761.1303100585938
105,2.0,9.0,506.82806396484375,664.0878295898438,628.80908203125,762.2871704101562
106,2.0,9.0,508.18463134765625,663.9122314453125,633.677978515625,762.7171630859375
107,2.0,9.0,510.82354736328125,664.654052734375,637.95654296875,764.1314086914062
108,2.0,9.0,513.7467651367188,664.3237915039062,643.1336059570312,765.4913940429688
109,2.0,9.0,514.0664672851562,664.1881713867188,646.2173461914062,767.2976684570312
110,2.0,9.0,515.8541870117188,663.8128051757812,651.0971069335938,766.9115600585938
111,2.0,9.0,515.7008056640625,663.6143798828125,654.4649658203125,767.7672729492188
112,2.0,9.0,516.0697631835938,663.3342895507812,660.124755859375,768.529052734375
113,2.0,9.0,517.5608520507812,662.4564208984375,664.3096923828125,769.351318359375
114,2.0,9.0,521.0115966796875,663.7404174804688,669.81201171875,772.7255859375
115,2.0,9.0,526.2099609375,664.0938720703125,674.9698486328125,772.753173828125
116,2.0,9.0,527.8247680664062,663.5284423828125,678.6608276367188,774.5415649414062
117,2.0,9.0,529.9600219726562,662.1322631835938,684.876220703125,776.2251586914062
118,2.0,9.0,530.451416015625,661.9248046875,690.790771484375,777.8511352539062
119,2.0,9.0,532.2929077148438,661.21240234375,694.9884643554688,778.7344970703125
120,2.0,9.0,537.9044189453125,661.4918823242188,700.6962280273438,780.8508911132812
121,2.0,9.0,539.8787841796875,661.58349609375,708.3237915039062,782.8212890625
122,2.0,9.0,545.510498046875,660.0803833007812,713.5955810546875,785.3475341796875
123,2.0,9.0,548.8073120117188,657.7242431640625,720.3184204101562,787.00927734375
124,2.0,9.0,551.3047485351562,657.0355834960938,728.48291015625,787.4008178710938
125,2.0,9.0,552.840576171875,656.564453125,736.6884765625,788.55859375
126,2.0,9.0,553.99267578125,655.6891479492188,743.882568359375,789.9710083007812
127,2.0,9.0,556.7623291015625,653.9396362304688,751.0047607421875,793.0576171875
128,2.0,9.0,561.6407470703125,651.7041015625,759.4794921875,795.5197143554688
129,2.0,9.0,566.3434448242188,649.406005859375,768.8396606445312,797.869873046875
130,2.0,9.0,571.3602294921875,646.3585815429688,777.71484375,799.9247436523438
131,2.0,9.0,574.890380859375,645.4207763671875,785.6007690429688,801.3145751953125
132,2.0,9.0,576.9413452148438,645.0803833007812,795.395263671875,803.7977905273438
133,2.0,9.0,582.5742797851562,644.6054077148438,807.0653076171875,806.9410400390625
134,2.0,9.0,587.0487060546875,643.1596069335938,817.9868774414062,809.4611206054688
135,2.0,9.0,592.505859375,641.7881469726562,830.7131958007812,811.9595947265625
136,2.0,9.0,597.5066528320312,639.909912109375,842.8222045898438,814.6965942382812
137,2.0,9.0,601.1552734375,637.6089477539062,856.3903198242188,817.7252197265625
138,2.0,9.0,607.6443481445312,636.4038696289062,870.3602294921875,821.5636596679688
139,2.0,9.0,613.4474487304688,635.9411010742188,885.483642578125,824.734130859375
140,2.0,9.0,619.5843505859375,634.8436279296875,899.77978515625,830.9835205078125
141,2.0,9.0,624.7088012695312,633.7192993164062,915.5419921875,836.40185546875
142,2.0,9.0,632.3088989257812,632.0811767578125,932.3944091796875,840.6480712890625
143,2.0,9.0,637.1089477539062,627.0707397460938,951.3472900390625,845.1119384765625
144,2.0,9.0,643.7741088867188,626.489990234375,971.4159545898438,849.3120727539062
145,2.0,9.0,651.7212524414062,624.3806762695312,991.9276123046875,855.0943603515625
146,2.0,9.0,659.0845947265625,622.1304321289062,1014.9804077148438,861.4896240234375
147,2.0,9.0,668.016357421875,619.6220703125,1039.4593505859375,868.6646728515625
148,2.0,9.0,677.4646606445312,619.1961669921875,1066.5947265625,876.4119873046875
149,2.0,9.0,687.0297241210938,617.283203125,1095.3985595703125,885.253662109375
150,2.0,9.0,697.533203125,613.8140258789062,1125.934814453125,894.8413696289062
151,2.0,9.0,708.5205688476562,610.2728271484375,1159.9140625,903.5254516601562
152,2.0,9.0,719.1031494140625,605.8812255859375,1196.0421142578125,912.1867065429688
153,2.0,9.0,732.1804809570312,600.6370239257812,1236.337890625,923.3804321289062
154,2.0,9.0,745.6155395507812,597.7598266601562,1283.15283203125,935.8592529296875
155,2.0,9.0,761.0234375,592.3438110351562,1331.671630859375,950.2872314453125
156,2.0,9.0,776.8729248046875,587.0366821289062,1388.72802734375,965.7343139648438
157,2.0,9.0,794.4951782226562,579.8716430664062,1450.73779296875,982.5487060546875
158,2.0,9.0,812.8627319335938,573.06591796875,1520.2061767578125,1001.1116333007812
159,2.0,9.0,833.6399536132812,563.8699951171875,1600.6341552734375,1022.9334106445312
160,2.0,9.0,856.7147827148438,555.0802612304688,1689.4388427734375,1047.1094970703125
161,2.0,9.0,883.5565185546875,548.2947998046875,1787.468994140625,1069.6839599609375
162,2.0,9.0,912.899658203125,538.6995239257812,1884.8856201171875,1077.7772216796875
163,2.0,9.0,944.4523315429688,524.8399047851562,1920.0,1079.2943115234375
164,2.0,9.0,982.2242431640625,513.7601318359375,1920.0,1080.0
165,2.0,9.0,1022.99560546875,497.2713928222656,1920.0,1080.0
166,2.0,9.0,1066.7691650390625,479.7999267578125,1920.0,1080.0
167,2.0,9.0,1121.94970703125,457.5249328613281,1920.0,1079.138916015625
168,2.0,9.0,1183.83447265625,433.0257568359375,1920.0,1076.1427001953125
169,2.0,9.0,1256.61376953125,401.1659240722656,1920.0,1075.568359375
170,2.0,9.0,1344.9107666015625,382.7745056152344,1920.0,1074.4083251953125
171,2.0,9.0,1449.00537109375,376.946533203125,1920.0,1074.4931640625
172,2.0,9.0,1576.8958740234375,393.7028503417969,1920.0,1076.707763671875
173,2.0,9.0,1729.26416015625,472.1964111328125,1920.0,1075.927001953125
