157,2.0,27.0,452.2103271484375,689.0950927734375,507.0193786621094,729.2250366210938
158,2.0,27.0,452.473388671875,687.6192626953125,508.1771545410156,729.8612060546875
159,2.0,27.0,452.9102783203125,687.5603637695312,509.07763671875,730.2809448242188
160,2.0,27.0,453.25909423828125,687.26416015625,509.79913330078125,730.6013793945312
161,2.0,27.0,454.6239013671875,685.9691772460938,509.50701904296875,730.7921142578125
162,2.0,27.0,455.8935546875,686.0970458984375,511.0763854980469,731.0687866210938
163,2.0,27.0,456.26654052734375,687.4774169921875,513.19287109375,731.235107421875
164,2.0,27.0,457.30621337890625,686.8108520507812,516.2232055664062,731.1636962890625
165,2.0,27.0,458.2408142089844,685.6141967773438,518.6158447265625,731.1632690429688
166,2.0,27.0,459.14263916015625,684.4664306640625,521.0342407226562,731.5655517578125
167,2.0,27.0,459.808349609375,683.305419921875,521.4813232421875,731.684814453125
168,2.0,27.0,461.065185546875,681.5975952148438,522.5052490234375,732.1488647460938
169,2.0,27.0,460.85321044921875,679.5985107421875,523.6221313476562,732.43603515625
170,2.0,27.0,461.140380859375,680.1231079101562,525.2155151367188,732.4549560546875
171,2.0,27.0,461.4026184082031,677.4789428710938,527.5352172851562,733.8453979492188
172,2.0,27.0,461.2787780761719,678.2603149414062,529.4716796875,735.0629272460938
173,2.0,27.0,463.3554992675781,678.6643676757812,530.781982421875,735.6942138671875
174,2.0,27.0,463.7889099121094,679.6537475585938,533.5750732421875,737.1614990234375
175,2.0,27.0,465.5702209472656,679.3642578125,535.727783203125,738.41259765625
176,2.0,27.0,467.36724853515625,680.2789916992188,538.1553955078125,739.1194458007812
177,2.0,27.0,468.78155517578125,680.1580200195312,541.4507446289062,739.6170043945312
178,2.0,27.0,469.96173095703125,680.2179565429688,542.1216430664062,740.064453125
179,2.0,27.0,471.0130615234375,679.581787109375,546.6365966796875,740.4181518554688
180,2.0,27.0,472.6023254394531,678.7619018554688,549.6353149414062,741.0665893554688
181,2.0,27.0,473.23602294921875,678.9928588867188,552.8455200195312,742.0665283203125
182,2.0,27.0,475.0560302734375,672.8387451171875,556.3216552734375,742.7988891601562
183,2.0,27.0,476.9018859863281,676.2025146484375,559.4166870117188,742.237060546875
184,2.0,27.0,478.159912109375,677.2247924804688,561.6250610351562,743.6611328125
185,2.0,27.0,479.7516174316406,677.2242431640625,564.2774047851562,745.1787719726562
186,2.0,27.0,480.6144104003906,677.9483642578125,568.6124267578125,745.82861328125
187,2.0,27.0,481.4638977050781,677.9366455078125,571.5059204101562,747.2393798828125
188,2.0,27.0,481.8581848144531,677.4645385742188,574.2070922851562,748.5098266601562
189,2.0,27.0,482.7412109375,676.8006591796875,579.04833984375,750.2689819335938
190,2.0,27.0,485.9035949707031,676.4425048828125,582.9714965820312,751.37841796875
191,2.0,27.0,488.5545349121094,675.0118408203125,587.7577514648438,752.6744995117188
192,2.0,27.0,491.1231994628906,674.8832397460938,591.9133911132812,753.7965698242188
193,2.0,27.0,494.0510559082031,675.8102416992188,595.9136962890625,754.3653564453125
194,2.0,27.0,497.3901672363281,675.3213500976562,599.6757202148438,755.191650390625
195,2.0,27.0,501.1290283203125,673.9435424804688,605.43310546875,756.8900756835938
196,2.0,27.0,504.0009460449219,672.5839233398438,611.29052734375,758.5362548828125
197,2.0,27.0,505.5190124511719,672.6610107421875,615.7765502929688,760.7835693359375
198,2.0,27.0,508.1246032714844,670.9060668945312,622.3069458007812,762.6494140625
199,2.0,27.0,507.9560241699219,669.03369140625,628.3184814453125,764.6096801757812
200,2.0,27.0,509.2307434082031,668.03369140625,635.4288940429688,766.709716796875
201,2.0,27.0,513.1157836914062,666.4562377929688,641.812744140625,767.6740112304688
202,2.0,27.0,515.525634765625,665.3515625,649.8931274414062,769.0217895507812
203,2.0,27.0,517.5891723632812,665.1258544921875,657.6644287109375,771.1782836914062
204,2.0,27.0,522.3939208984375,665.922119140625,667.6906127929688,774.09228515625
205,2.0,27.0,525.5750122070312,665.5830078125,675.2215576171875,776.9884643554688
206,2.0,27.0,528.2077026367188,664.14013671875,684.6802368164062,780.7023315429688
207,2.0,27.0,531.8211059570312,662.7185668945312,694.0921020507812,784.3342895507812
208,2.0,27.0,538.5148315429688,662.9471435546875,704.1565551757812,787.8612670898438
209,2.0,27.0,545.7940673828125,661.4891967773438,716.5406494140625,790.8606567382812
210,2.0,27.0,551.0943603515625,660.5877075195312,730.1790771484375,793.7266845703125
211,2.0,27.0,553.9966430664062,657.5554809570312,743.8656005859375,796.8264770507812
212,2.0,27.0,560.2325439453125,654.8905639648438,758.7877197265625,799.8565063476562
213,2.0,27.0,565.940673828125,652.0092163085938,774.7239990234375,804.5114135742188
214,2.0,27.0,572.939697265625,650.0929565429688,791.7940673828125,809.2310180664062
215,2.0,27.0,580.1029052734375,646.5560913085938,810.9783935546875,814.0096435546875
216,2.0,27.0,589.2274169921875,644.2291259765625,833.6536865234375,819.0321655273438
217,2.0,27.0,597.6823120117188,639.674560546875,857.005859375,825.752685546875
218,2.0,27.0,607.6268310546875,638.0451049804688,884.2792358398438,834.3720703125
219,2.0,27.0,618.1716918945312,634.91748046875,914.0225830078125,842.8980712890625
220,2.0,27.0,630.6834716796875,630.0311279296875,947.2290649414062,852.7496948242188
221,2.0,27.0,642.9694213867188,624.8207397460938,984.914794921875,863.7171020507812
222,2.0,27.0,657.7498168945312,621.5853271484375,1029.68994140625,876.7437744140625
223,2.0,27.0,673.816650390625,617.2882690429688,1080.5311279296875,891.9693603515625
224,2.0,27.0,691.5809936523438,610.4094848632812,1140.181884765625,910.765869140625
225,2.0,27.0,711.7102661132812,602.57666015625,1211.377685546875,931.2825317382812
226,2.0,27.0,737.5132446289062,595.5952758789062,1296.85107421875,956.9750366210938
227,2.0,27.0,766.0709228515625,585.082275390625,1403.7119140625,986.6730346679688
228,2.0,27.0,798.9142456054688,569.9132080078125,1532.1912841796875,1024.885986328125
229,2.0,27.0,839.0615844726562,555.8704833984375,1696.7425537109375,1060.5439453125
230,2.0,27.0,889.0130004882812,538.7048950195312,1846.3756103515625,1073.6971435546875
231,2.0,27.0,948.3369140625,515.8538818359375,1909.7696533203125,1080.0
232,2.0,27.0,1027.4903564453125,484.4844055175781,1920.0,1080.0
233,2.0,27.0,1137.2357177734375,440.4716796875,1920.0,1079.8299560546875
234,2.0,27.0,1283.2921142578125,392.8485412597656,1920.0,1078.15283203125
235,2.0,27.0,1496.0755615234375,390.84942626953125,1920.0,1079.1309814453125
