3,2.0,5.0,450.87646484375,678.4963989257812,504.9438171386719,723.8842163085938
4,2.0,5.0,451.5282897949219,680.0001831054688,504.64324951171875,724.1500854492188
5,2.0,5.0,451.1972961425781,679.8226928710938,505.38116455078125,724.4782104492188
6,2.0,5.0,451.3490295410156,679.0778198242188,506.80078125,725.14306640625
7,2.0,5.0,451.982421875,679.9197998046875,507.531005859375,725.44921875
8,2.0,5.0,452.2419128417969,678.9241943359375,507.5746154785156,724.9972534179688
9,2.0,5.0,452.62091064453125,677.3504028320312,508.40252685546875,725.0986938476562
10,2.0,5.0,452.80645751953125,676.8125610351562,508.2375183105469,724.5643310546875
11,2.0,5.0,452.88458251953125,676.2454223632812,509.1836242675781,724.6922607421875
12,2.0,5.0,452.6744079589844,676.2698364257812,510.1156921386719,724.701416015625
13,2.0,5.0,452.56085205078125,677.257080078125,510.1067199707031,724.8088989257812
14,2.0,5.0,452.87030029296875,677.7066040039062,510.3385314941406,725.2042236328125
15,2.0,5.0,453.38946533203125,678.2714233398438,510.5865478515625,725.105712890625
16,2.0,5.0,454.0391540527344,678.8596801757812,510.1890563964844,725.306396484375
17,2.0,5.0,454.7352600097656,678.76611328125,510.63128662109375,725.3001708984375
18,2.0,5.0,455.2147216796875,677.586669921875,511.15386962890625,725.576904296875
19,2.0,5.0,455.7877197265625,678.574951171875,511.4031677246094,726.1707153320312
20,2.0,5.0,456.2801208496094,679.1513671875,512.4569702148438,727.2257690429688
21,2.0,5.0,455.9361572265625,678.1175537109375,514.0791625976562,727.9459228515625
22,2.0,5.0,456.20574951171875,678.356689453125,514.9419555664062,728.6777954101562
23,2.0,5.0,456.5147705078125,677.055908203125,515.4713134765625,729.2144775390625
24,2.0,5.0,457.08843994140625,677.3087768554688,516.0330810546875,728.9717407226562
25,2.0,5.0,457.19671630859375,677.4977416992188,517.17431640625,728.8167114257812
26,2.0,5.0,457.0086975097656,678.10888671875,517.8474731445312,728.501953125
27,2.0,5.0,457.12164306640625,677.8523559570312,518.4135131835938,728.4111938476562
28,2.0,5.0,457.4920654296875,676.7996215820312,519.0802612304688,729.1121215820312
29,2.0,5.0,457.753662109375,676.618896484375,519.6647338867188,729.5357666015625
30,2.0,5.0,457.9266357421875,676.1838989257812,521.0112915039062,730.0880737304688
31,2.0,5.0,458.0301513671875,674.8546142578125,521.8749389648438,730.8656005859375
32,2.0,5.0,458.084228515625,675.6929931640625,521.916259765625,731.1168823242188
33,2.0,5.0,458.27386474609375,676.6843872070312,522.0772705078125,730.9786987304688
34,2.0,5.0,458.1217041015625,676.3314208984375,522.7990112304688,730.765380859375
35,2.0,5.0,458.7701416015625,676.8292236328125,523.6913452148438,730.351318359375
36,2.0,5.0,459.36102294921875,676.2723999023438,524.5429077148438,730.394775390625
37,2.0,5.0,460.08154296875,677.5716552734375,524.9852905273438,730.7459106445312
38,2.0,5.0,460.2792053222656,678.3224487304688,526.3291625976562,730.7471923828125
39,2.0,5.0,460.7996826171875,678.6371459960938,527.0137939453125,731.2900390625
40,2.0,5.0,460.91424560546875,678.3807373046875,527.5153198242188,731.9973754882812
41,2.0,5.0,460.8442077636719,678.003173828125,527.7814331054688,732.3019409179688
42,2.0,5.0,460.882080078125,677.6959228515625,529.3200073242188,732.442626953125
43,2.0,5.0,461.0032043457031,677.2545166015625,530.720947265625,732.9429321289062
44,2.0,5.0,461.5035400390625,676.8377075195312,532.343017578125,733.6510620117188
45,2.0,5.0,461.91510009765625,676.7019653320312,533.2432250976562,734.1332397460938
46,2.0,5.0,462.1776428222656,676.3204345703125,533.9319458007812,734.889892578125
47,2.0,5.0,462.9107971191406,676.0364990234375,533.8726196289062,735.3433227539062
48,2.0,5.0,463.17919921875,675.5427856445312,535.0617065429688,736.0105590820312
49,2.0,5.0,462.7400207519531,674.3341674804688,535.3876342773438,736.820556640625
50,2.0,5.0,463.3468933105469,675.7645874023438,536.7180786132812,737.1317749023438
51,2.0,5.0,463.84765625,676.0091552734375,538.8486328125,736.8993530273438
52,2.0,5.0,464.4834899902344,675.576416015625,539.70849609375,737.5629272460938
53,2.0,5.0,465.30950927734375,676.199951171875,541.8418579101562,737.7033081054688
54,2.0,5.0,466.5466613769531,675.205810546875,543.60986328125,737.8975830078125
55,2.0,5.0,468.2848815917969,675.5298461914062,543.9745483398438,737.939208984375
56,2.0,5.0,468.8491516113281,675.742919921875,544.208984375,738.275146484375
57,2.0,5.0,468.6163635253906,675.5731201171875,545.1165771484375,738.6624145507812
58,2.0,5.0,469.1695861816406,674.324951171875,545.6763305664062,739.0086669921875
59,2.0,5.0,469.43865966796875,673.1987915039062,546.2863159179688,739.89990234375
60,2.0,5.0,470.09222412109375,674.0120849609375,547.9423217773438,740.3533325195312
61,2.0,5.0,470.273681640625,674.5631103515625,550.2952270507812,740.2394409179688
62,2.0,5.0,470.6251525878906,675.6632690429688,553.0050659179688,740.6220703125
67,2.0,5.0,472.9169616699219,673.8975830078125,556.8430786132812,743.9918212890625
68,2.0,5.0,474.5547790527344,674.5404663085938,559.1558227539062,743.2931518554688
69,2.0,5.0,475.3710632324219,673.7802124023438,561.6064453125,743.6033935546875
70,2.0,5.0,476.0259094238281,674.1240844726562,563.9120483398438,743.152099609375
71,2.0,5.0,476.32196044921875,674.308349609375,565.5436401367188,744.2280883789062
72,2.0,5.0,476.7294006347656,675.021728515625,567.1990966796875,745.046142578125
73,2.0,5.0,476.84735107421875,675.6156005859375,568.0327758789062,745.727294921875
74,2.0,5.0,478.3497619628906,676.7684326171875,569.8560791015625,746.3810424804688
75,2.0,5.0,478.3160705566406,676.2750244140625,570.6427612304688,746.3169555664062
76,2.0,5.0,479.659423828125,675.5623779296875,572.3431396484375,746.671875
77,2.0,5.0,481.36260986328125,674.1088256835938,573.6434326171875,747.049560546875
78,2.0,5.0,482.06201171875,672.71142578125,574.8611450195312,747.3977661132812
79,2.0,5.0,481.2406005859375,673.3934326171875,578.3519897460938,748.9064331054688
80,2.0,5.0,480.8431091308594,672.3697509765625,580.6109008789062,750.1350708007812
81,2.0,5.0,480.5644836425781,672.0598754882812,583.0504760742188,751.29296875
82,2.0,5.0,480.0163269042969,670.8077392578125,584.8951416015625,752.0233154296875
83,2.0,5.0,480.99688720703125,670.4400024414062,587.4805297851562,752.3829956054688
84,2.0,5.0,481.5732421875,669.9940185546875,589.6321411132812,752.7769775390625
85,2.0,5.0,483.3486633300781,667.8521118164062,590.7677612304688,753.1393432617188
86,2.0,5.0,485.1629333496094,667.2359619140625,593.3080444335938,753.1425170898438
87,2.0,5.0,486.32989501953125,666.7198486328125,596.0399169921875,753.1250610351562
88,2.0,5.0,487.52447509765625,665.8706665039062,597.528076171875,753.5740356445312
89,2.0,5.0,488.5703430175781,667.0623779296875,597.7426147460938,753.9652709960938
90,2.0,5.0,489.093505859375,668.2698364257812,600.0046997070312,754.7781982421875
91,2.0,5.0,493.647705078125,667.6057739257812,603.6237182617188,755.1333618164062
92,2.0,5.0,493.76507568359375,666.67333984375,605.6405639648438,756.6138305664062
93,2.0,5.0,494.3770446777344,666.2957153320312,607.6980590820312,758.6600341796875
94,2.0,5.0,497.0439758300781,666.1672973632812,610.6836547851562,760.3041381835938
95,2.0,5.0,499.05670166015625,666.2879028320312,612.8499145507812,761.3843383789062
96,2.0,5.0,500.0972595214844,666.1653442382812,614.9310302734375,762.4588623046875
97,2.0,5.0,498.9881286621094,665.9739379882812,617.3540649414062,762.9307861328125
98,2.0,5.0,499.0903625488281,665.658203125,620.7491455078125,764.2164916992188
99,2.0,5.0,499.6062927246094,663.9261474609375,623.9682006835938,765.2664184570312
100,2.0,5.0,501.48077392578125,662.9324340820312,626.6091918945312,765.8773193359375
101,2.0,5.0,501.9033203125,663.3499755859375,629.9677124023438,766.6401977539062
102,2.0,5.0,504.0024719238281,663.5839233398438,633.1143188476562,766.9375
103,2.0,5.0,505.2491760253906,662.4338989257812,636.3487548828125,767.3499755859375
104,2.0,5.0,506.9620361328125,662.41064453125,639.6279296875,767.7601928710938
105,2.0,5.0,507.1795959472656,662.5255126953125,642.68798828125,768.3853759765625
106,2.0,5.0,507.9049377441406,663.1456298828125,647.2749633789062,769.2770385742188
107,2.0,5.0,509.5012512207031,663.265869140625,651.1947021484375,770.5042114257812
108,2.0,5.0,509.8751525878906,662.408203125,653.5317993164062,771.7276611328125
109,2.0,5.0,510.390380859375,660.5230102539062,657.178466796875,773.707275390625
110,2.0,5.0,512.8442993164062,661.0392456054688,662.9364013671875,774.8280639648438
111,2.0,5.0,515.724853515625,659.989013671875,667.4181518554688,775.9503173828125
112,2.0,5.0,515.8732299804688,660.4921264648438,670.8112182617188,777.41015625
113,2.0,5.0,515.9111938476562,660.6573486328125,675.3572998046875,778.5503540039062
114,2.0,5.0,519.298095703125,660.3803100585938,678.8484497070312,780.8667602539062
115,2.0,5.0,519.473388671875,658.9229736328125,684.3931884765625,782.7731323242188
116,2.0,5.0,523.1910400390625,657.7032470703125,689.6665649414062,784.697509765625
117,2.0,5.0,525.3895874023438,655.9508056640625,694.666015625,786.1453857421875
118,2.0,5.0,525.4488525390625,656.3163452148438,699.2366333007812,787.3015747070312
119,2.0,5.0,527.452392578125,655.36962890625,704.9310913085938,788.204345703125
120,2.0,5.0,529.4143676757812,655.0869750976562,711.533447265625,789.1781005859375
121,2.0,5.0,531.665283203125,654.448486328125,717.5094604492188,790.6484985351562
122,2.0,5.0,534.9730834960938,653.267822265625,724.1428833007812,793.5824584960938
123,2.0,5.0,538.7584228515625,651.3076171875,729.6256713867188,794.9511108398438
124,2.0,5.0,540.7607421875,649.815185546875,735.9451904296875,797.8046875
125,2.0,5.0,544.0015869140625,648.9075927734375,742.8712158203125,799.0736694335938
126,2.0,5.0,550.2014770507812,648.664794921875,751.7422485351562,801.1170654296875
127,2.0,5.0,550.9111328125,646.8670654296875,758.8008422851562,802.5834350585938
128,2.0,5.0,552.0947265625,645.6552734375,766.4472045898438,804.4986572265625
129,2.0,5.0,553.5590209960938,643.7825317382812,776.103515625,807.1278686523438
130,2.0,5.0,556.464599609375,642.8890991210938,784.0723266601562,809.5971069335938
131,2.0,5.0,560.8917236328125,641.5847778320312,793.1995239257812,811.9566650390625
132,2.0,5.0,563.7572021484375,640.4918212890625,802.1834716796875,814.4945068359375
133,2.0,5.0,568.2737426757812,639.0846557617188,812.7981567382812,816.9323120117188
134,2.0,5.0,572.9097900390625,638.0858154296875,823.561767578125,819.793701171875
135,2.0,5.0,576.0770263671875,636.3010864257812,835.1181030273438,822.7923583984375
136,2.0,5.0,577.8033447265625,633.6380004882812,845.6666259765625,826.8499755859375
137,2.0,5.0,584.42626953125,633.0167846679688,858.2699584960938,831.6744995117188
138,2.0,5.0,588.8499755859375,632.0247192382812,872.3681030273438,836.2767944335938
139,2.0,5.0,592.47216796875,630.8500366210938,886.0853881835938,839.1842041015625
140,2.0,5.0,597.2518310546875,627.9466552734375,899.8237915039062,843.5999755859375
141,2.0,5.0,604.2269287109375,625.5650634765625,916.2077026367188,847.115966796875
142,2.0,5.0,609.6936645507812,625.5361328125,932.48486328125,851.94384765625
143,2.0,5.0,615.7789916992188,625.8150024414062,950.804443359375,856.781982421875
144,2.0,5.0,621.8587646484375,623.3422241210938,968.343017578125,862.6742553710938
145,2.0,5.0,627.2916870117188,620.7862548828125,988.6231689453125,868.5875244140625
146,2.0,5.0,634.4698486328125,618.8057250976562,1009.8682861328125,874.5191650390625
147,2.0,5.0,643.2571411132812,617.2369995117188,1030.5733642578125,881.7921142578125
148,2.0,5.0,649.808349609375,616.667724609375,1055.1728515625,890.056884765625
149,2.0,5.0,655.8866577148438,613.8707885742188,1080.55322265625,896.2612915039062
150,2.0,5.0,666.3098754882812,611.2006225585938,1108.0421142578125,903.5271606445312
151,2.0,5.0,674.2610473632812,605.9534301757812,1138.7109375,913.2999877929688
152,2.0,5.0,683.4494018554688,601.80419921875,1171.7674560546875,922.416748046875
153,2.0,5.0,694.5896606445312,597.062744140625,1208.005126953125,934.560546875
154,2.0,5.0,705.6405029296875,595.0623779296875,1244.921875,946.1167602539062
155,2.0,5.0,717.0946044921875,591.0375366210938,1287.238525390625,960.6227416992188
156,2.0,5.0,729.8151245117188,587.55908203125,1333.7144775390625,970.3358764648438
157,2.0,5.0,742.617431640625,581.1978759765625,1385.4752197265625,984.6250610351562
158,2.0,5.0,757.8508911132812,574.9945678710938,1444.0443115234375,1001.2077026367188
159,2.0,5.0,774.3544311523438,567.709228515625,1506.5181884765625,1020.3872680664062
160,2.0,5.0,789.7583618164062,560.0958862304688,1575.2698974609375,1038.788818359375
161,2.0,5.0,808.6224975585938,552.2012329101562,1654.0322265625,1059.248291015625
162,2.0,5.0,829.377197265625,543.8192749023438,1753.5269775390625,1074.0059814453125
163,2.0,5.0,852.6566772460938,538.0215454101562,1847.7098388671875,1078.3814697265625
164,2.0,5.0,877.6613159179688,527.1590576171875,1908.4742431640625,1078.784423828125
165,2.0,5.0,905.5382080078125,516.998291015625,1920.0,1078.5086669921875
166,2.0,5.0,939.1231079101562,504.39044189453125,1920.0,1078.5736083984375
167,2.0,5.0,971.1729736328125,490.1375732421875,1920.0,1080.0
168,2.0,5.0,1009.1883544921875,473.2029724121094,1920.0,1079.2686767578125
169,2.0,5.0,1051.6781005859375,453.5484924316406,1920.0,1076.863525390625
170,2.0,5.0,1102.6405029296875,432.0281066894531,1920.0,1074.707763671875
171,2.0,5.0,1163.572998046875,402.2668762207031,1920.0,1074.8765869140625
172,2.0,5.0,1230.970458984375,371.6907958984375,1920.0,1074.1202392578125
173,2.0,5.0,1307.587158203125,354.3616943359375,1920.0,1073.4580078125
174,2.0,5.0,1399.9661865234375,348.43133544921875,1920.0,1074.4111328125
175,2.0,5.0,1511.4339599609375,362.57025146484375,1920.0,1074.823486328125
176,2.0,5.0,1639.839599609375,389.37799072265625,1920.0,1073.4583740234375
