2,2.0,3.0,436.2593994140625,686.2677001953125,493.78802490234375,730.1624145507812
3,2.0,3.0,437.111083984375,685.9706420898438,494.6956787109375,730.5987548828125
4,2.0,3.0,438.1239013671875,687.57177734375,494.886474609375,730.7551879882812
5,2.0,3.0,438.5458984375,685.0076904296875,494.1996765136719,730.7364501953125
6,2.0,3.0,438.5552062988281,684.8155517578125,494.7594909667969,731.1030883789062
7,2.0,3.0,438.8138122558594,682.0577392578125,496.1215515136719,731.1222534179688
8,2.0,3.0,441.1413269042969,680.581787109375,497.8553466796875,731.2171020507812
9,2.0,3.0,442.3822021484375,679.86279296875,498.1906433105469,731.1195068359375
10,2.0,3.0,442.6175537109375,680.03076171875,498.8769836425781,731.1193237304688
11,2.0,3.0,442.3914794921875,680.2315063476562,499.87225341796875,731.0267944335938
12,2.0,3.0,442.3920593261719,680.354736328125,500.7473449707031,731.1327514648438
13,2.0,3.0,443.0596008300781,682.2435302734375,501.6924743652344,731.2573852539062
14,2.0,3.0,442.3769226074219,681.1875610351562,502.414794921875,731.2139282226562
15,2.0,3.0,442.3053283691406,679.8098754882812,503.7354431152344,731.4417114257812
16,2.0,3.0,443.5067138671875,680.1742553710938,504.162841796875,731.4532470703125
17,2.0,3.0,444.3415222167969,680.2683715820312,504.7288818359375,731.3985595703125
18,2.0,3.0,444.40960693359375,679.2107543945312,504.9830627441406,731.149169921875
19,2.0,3.0,445.09918212890625,678.1185302734375,505.2764587402344,731.1749267578125
20,2.0,3.0,445.361328125,676.8385009765625,506.86334228515625,731.9863891601562
21,2.0,3.0,444.90020751953125,676.45703125,508.9567565917969,733.0103149414062
22,2.0,3.0,444.9873962402344,674.8278198242188,509.5873107910156,733.5575561523438
23,2.0,3.0,445.1526794433594,676.32421875,510.16986083984375,734.2863159179688
24,2.0,3.0,445.3049011230469,677.0421752929688,510.5787353515625,734.6951293945312
25,2.0,3.0,446.2817077636719,676.9127197265625,510.4093933105469,734.5610961914062
26,2.0,3.0,446.2220764160156,676.6122436523438,509.84576416015625,734.8453369140625
27,2.0,3.0,446.8673400878906,676.1864624023438,509.7164306640625,734.8644409179688
28,2.0,3.0,446.7875671386719,676.44091796875,510.4300231933594,735.0744018554688
29,2.0,3.0,446.4230041503906,676.9114379882812,510.9314880371094,734.6727294921875
30,2.0,3.0,446.3833923339844,678.2913208007812,511.9040832519531,734.56640625
31,2.0,3.0,446.833740234375,679.2266235351562,513.5155639648438,734.4644775390625
32,2.0,3.0,447.3282775878906,679.0892944335938,514.5167846679688,734.692138671875
33,2.0,3.0,447.09326171875,679.619140625,515.453857421875,736.0060424804688
34,2.0,3.0,447.3499450683594,679.2825317382812,516.2505493164062,736.8720092773438
35,2.0,3.0,448.1506652832031,679.600830078125,518.1456298828125,737.321533203125
36,2.0,3.0,449.451416015625,678.6907958984375,518.9661254882812,737.816162109375
37,2.0,3.0,450.01025390625,677.9263916015625,519.5816040039062,737.76025390625
38,2.0,3.0,450.0809326171875,677.5723266601562,520.6884155273438,737.711669921875
39,2.0,3.0,450.7642517089844,678.388671875,522.240478515625,738.06689453125
40,2.0,3.0,451.0189208984375,676.5851440429688,522.663818359375,738.6085815429688
41,2.0,3.0,450.70416259765625,676.5653076171875,522.865234375,739.0221557617188
42,2.0,3.0,451.8680419921875,677.2066650390625,523.0914916992188,738.7682495117188
43,2.0,3.0,451.8113098144531,677.7055053710938,524.62255859375,738.7379150390625
44,2.0,3.0,452.08349609375,678.8745727539062,524.8804321289062,739.1294555664062
45,2.0,3.0,452.8783874511719,676.62646484375,525.949951171875,739.8657836914062
46,2.0,3.0,453.39019775390625,674.1243286132812,527.260009765625,740.1131591796875
47,2.0,3.0,453.3040771484375,674.849365234375,528.6790161132812,740.322998046875
48,2.0,3.0,452.9981689453125,672.2662353515625,529.3101196289062,740.7535400390625
49,2.0,3.0,453.192138671875,673.49853515625,530.717529296875,741.2888793945312
50,2.0,3.0,453.9833068847656,673.2817993164062,531.7059326171875,741.410400390625
51,2.0,3.0,455.5985107421875,675.2346801757812,531.6687622070312,741.65185546875
52,2.0,3.0,456.24127197265625,675.56005859375,532.30859375,741.9642944335938
53,2.0,3.0,456.2308044433594,674.8162231445312,533.1685791015625,742.225341796875
54,2.0,3.0,456.344970703125,675.1121215820312,533.5233154296875,742.1594848632812
55,2.0,3.0,456.9547119140625,674.6611328125,535.7845458984375,742.096435546875
56,2.0,3.0,457.18658447265625,673.9906616210938,536.327880859375,742.0011596679688
57,2.0,3.0,458.09356689453125,675.0833129882812,537.3097534179688,742.453369140625
58,2.0,3.0,458.708984375,676.1126098632812,539.55078125,743.246826171875
59,2.0,3.0,458.79241943359375,677.6947021484375,539.7348022460938,744.0443115234375
60,2.0,3.0,458.6943359375,677.7167358398438,540.5604248046875,744.7918090820312
61,2.0,3.0,457.0849609375,678.7254028320312,542.0912475585938,745.7792358398438
62,2.0,3.0,457.2371826171875,679.3921508789062,543.6016235351562,745.439208984375
63,2.0,3.0,458.3201904296875,678.4780883789062,545.9008178710938,745.3312377929688
64,2.0,3.0,457.9674987792969,678.2918701171875,546.4857788085938,746.4450073242188
65,2.0,3.0,457.8511962890625,677.6216430664062,547.2608642578125,747.9686889648438
66,2.0,3.0,457.74957275390625,677.1921997070312,547.2909545898438,748.2039184570312
67,2.0,3.0,458.12384033203125,677.9954223632812,547.371826171875,748.3728637695312
68,2.0,3.0,458.8118591308594,678.53759765625,548.0704956054688,748.5587768554688
69,2.0,3.0,459.0652160644531,678.1216430664062,550.198974609375,749.26513671875
70,2.0,3.0,458.9677734375,677.411376953125,553.05224609375,749.725341796875
71,2.0,3.0,458.6973876953125,676.7169799804688,556.142578125,749.961669921875
72,2.0,3.0,459.3189392089844,676.2113037109375,557.7840576171875,750.3036499023438
73,2.0,3.0,460.33349609375,675.8170166015625,559.7560424804688,751.2776489257812
74,2.0,3.0,460.83026123046875,675.9354858398438,560.5037231445312,751.8381958007812
75,2.0,3.0,461.4320373535156,675.4931030273438,562.4190063476562,752.2380981445312
76,2.0,3.0,463.4960632324219,674.2293701171875,563.373291015625,752.8152465820312
77,2.0,3.0,465.8006286621094,675.5459594726562,564.7102661132812,753.0841674804688
78,2.0,3.0,467.0847473144531,675.7119750976562,565.676025390625,753.1463623046875
79,2.0,3.0,467.4613037109375,674.9209594726562,567.3662109375,753.7359008789062
80,2.0,3.0,468.2940979003906,674.2325439453125,568.6654052734375,754.3711547851562
81,2.0,3.0,468.2718505859375,674.5151977539062,570.6192016601562,754.6077880859375
82,2.0,3.0,468.49847412109375,675.0331420898438,571.5099487304688,754.9810791015625
83,2.0,3.0,469.03326416015625,675.90478515625,572.4596557617188,755.4583740234375
84,2.0,3.0,469.1717834472656,675.4041137695312,574.508056640625,755.9330444335938
85,2.0,3.0,469.2331237792969,674.9541015625,575.3797607421875,757.8191528320312
86,2.0,3.0,469.7479553222656,674.6484985351562,577.2349853515625,758.6163940429688
87,2.0,3.0,471.6556396484375,673.93603515625,578.628662109375,759.2435302734375
88,2.0,3.0,474.2477722167969,672.97265625,581.6612548828125,759.3446044921875
89,2.0,3.0,475.0005187988281,672.5597534179688,584.0125122070312,759.7200927734375
90,2.0,3.0,474.6747131347656,672.2918701171875,584.8544311523438,761.284912109375
91,2.0,3.0,476.06829833984375,671.64990234375,587.5650024414062,763.3963012695312
92,2.0,3.0,477.6462707519531,671.726318359375,588.85595703125,763.8107299804688
93,2.0,3.0,478.04296875,671.6920166015625,590.8225708007812,763.2503051757812
94,2.0,3.0,479.35308837890625,671.4329223632812,592.3160400390625,763.6580810546875
95,2.0,3.0,479.5956726074219,671.5376586914062,594.58203125,764.7407836914062
96,2.0,3.0,479.4087829589844,670.9059448242188,596.61279296875,765.1221923828125
97,2.0,3.0,478.9105224609375,670.1547241210938,598.82275390625,765.4747924804688
98,2.0,3.0,480.2874755859375,669.6964111328125,602.44189453125,765.9054565429688
99,2.0,3.0,481.0889892578125,669.1798095703125,605.74560546875,766.4500122070312
100,2.0,3.0,481.208251953125,668.0138549804688,607.4410400390625,766.8890991210938
101,2.0,3.0,482.67987060546875,667.50341796875,609.7214965820312,767.7526245117188
102,2.0,3.0,482.9826354980469,667.3739624023438,612.4619140625,768.4846801757812
103,2.0,3.0,483.5699462890625,668.0670776367188,615.5037231445312,769.0349731445312
104,2.0,3.0,483.8421630859375,668.0140380859375,617.7267456054688,770.090087890625
105,2.0,3.0,486.1648254394531,667.6154174804688,620.3026733398438,771.259033203125
106,2.0,3.0,487.57159423828125,667.3103637695312,623.8182373046875,772.5775756835938
107,2.0,3.0,488.52587890625,667.0682373046875,627.2969360351562,773.5125732421875
108,2.0,3.0,491.6686096191406,666.7432250976562,629.817138671875,774.665771484375
109,2.0,3.0,493.560546875,666.1506958007812,632.1524658203125,775.864013671875
110,2.0,3.0,494.57562255859375,665.3009643554688,636.156005859375,776.5399780273438
111,2.0,3.0,494.76397705078125,663.4395141601562,639.3795166015625,776.97802734375
112,2.0,3.0,494.9670104980469,662.3143920898438,642.039306640625,778.7593994140625
113,2.0,3.0,496.39385986328125,661.4992065429688,645.4385986328125,779.1390991210938
114,2.0,3.0,497.6853332519531,661.7280883789062,649.6100463867188,782.0860595703125
115,2.0,3.0,499.9842834472656,661.9461059570312,653.1995849609375,782.8343505859375
116,2.0,3.0,501.7735900878906,662.5667724609375,656.2078247070312,784.0146484375
117,2.0,3.0,502.8511657714844,662.6968383789062,659.8270874023438,786.4722900390625
118,2.0,3.0,503.8721008300781,662.2319946289062,663.4873046875,787.5643920898438
119,2.0,3.0,504.3890380859375,661.5308837890625,669.1807250976562,789.0046997070312
120,2.0,3.0,505.4169616699219,659.6624755859375,672.3132934570312,790.0921020507812
121,2.0,3.0,505.86102294921875,658.6296997070312,677.2514038085938,790.5140991210938
122,2.0,3.0,507.35498046875,659.402587890625,681.1663208007812,792.0860595703125
123,2.0,3.0,507.09051513671875,659.1712036132812,686.1773071289062,793.1161499023438
124,2.0,3.0,509.55828857421875,658.97900390625,689.7474975585938,794.6256713867188
125,2.0,3.0,514.0117797851562,656.7011108398438,696.53369140625,795.5103149414062
126,2.0,3.0,515.56689453125,655.4808349609375,701.7260131835938,797.0861206054688
127,2.0,3.0,518.0353393554688,654.891845703125,707.3895263671875,797.6915283203125
128,2.0,3.0,519.9921875,654.5183715820312,713.7144775390625,799.5538330078125
129,2.0,3.0,522.352294921875,654.2020874023438,718.9935913085938,800.607666015625
130,2.0,3.0,524.6492919921875,653.012939453125,724.5817260742188,803.3599243164062
131,2.0,3.0,526.569091796875,652.0684204101562,730.6813354492188,805.1764526367188
132,2.0,3.0,528.4232177734375,650.9071655273438,736.9569091796875,808.213623046875
133,2.0,3.0,530.2698364257812,649.4824829101562,743.6998901367188,809.2631225585938
134,2.0,3.0,532.546875,648.4266357421875,749.8186645507812,811.6183471679688
135,2.0,3.0,536.6693115234375,647.3129272460938,757.2184448242188,813.5961303710938
136,2.0,3.0,539.4154663085938,647.3193969726562,763.825927734375,815.0337524414062
137,2.0,3.0,540.9677124023438,646.0714721679688,771.6661376953125,816.5236206054688
138,2.0,3.0,542.822021484375,644.5169677734375,780.277587890625,818.3784790039062
139,2.0,3.0,546.5542602539062,643.5660400390625,789.8536987304688,820.1608276367188
140,2.0,3.0,550.0453491210938,642.1526489257812,798.197509765625,821.9043579101562
141,2.0,3.0,552.0807495117188,640.96484375,807.5244750976562,824.9464721679688
142,2.0,3.0,554.8872680664062,640.0692138671875,815.8624267578125,828.9971923828125
143,2.0,3.0,558.1950073242188,638.2339477539062,825.4263305664062,833.409912109375
144,2.0,3.0,563.3560791015625,637.0006713867188,835.3568725585938,835.7518920898438
145,2.0,3.0,568.0965576171875,635.8377075195312,846.0497436523438,837.5368041992188
146,2.0,3.0,571.15673828125,634.9329833984375,857.99072265625,842.1024780273438
147,2.0,3.0,573.6275634765625,633.4824829101562,869.098876953125,846.8515625
148,2.0,3.0,575.8533935546875,632.3302612304688,882.2107543945312,849.7839965820312
149,2.0,3.0,580.6253662109375,628.2376708984375,894.9479370117188,853.943115234375
150,2.0,3.0,586.5647583007812,626.2360229492188,908.3397216796875,858.5874633789062
151,2.0,3.0,589.7625732421875,622.1829833984375,923.338623046875,863.84619140625
152,2.0,3.0,595.6049194335938,621.0652465820312,938.1156616210938,867.07568359375
153,2.0,3.0,601.955322265625,619.2811279296875,952.7009887695312,871.3583374023438
154,2.0,3.0,606.3135375976562,620.3668823242188,970.4814453125,876.6431274414062
155,2.0,3.0,613.2525634765625,618.1735229492188,989.1345825195312,885.2984619140625
156,2.0,3.0,617.66943359375,615.9881591796875,1006.9685668945312,892.8849487304688
157,2.0,3.0,623.0659790039062,614.4851684570312,1027.2276611328125,898.0320434570312
158,2.0,3.0,629.0032958984375,614.697509765625,1048.55419921875,903.6083374023438
159,2.0,3.0,635.246826171875,612.2669067382812,1071.891845703125,911.7601928710938
160,2.0,3.0,642.2803955078125,610.428955078125,1097.6959228515625,918.2576293945312
161,2.0,3.0,648.8720703125,606.5904541015625,1124.35009765625,927.50146484375
162,2.0,3.0,656.4459228515625,603.3352661132812,1150.5086669921875,937.7199096679688
163,2.0,3.0,666.373291015625,599.8075561523438,1182.3668212890625,945.9351806640625
164,2.0,3.0,672.9981079101562,595.8880615234375,1215.399658203125,957.4586181640625
165,2.0,3.0,680.62158203125,591.790283203125,1250.175048828125,967.93310546875
166,2.0,3.0,692.3834838867188,589.675048828125,1290.27099609375,979.3268432617188
167,2.0,3.0,702.8119506835938,586.1055297851562,1331.7784423828125,992.7969360351562
168,2.0,3.0,714.7252807617188,579.8837280273438,1378.749755859375,1007.2095947265625
169,2.0,3.0,727.1480712890625,574.1356811523438,1431.277587890625,1023.1708984375
170,2.0,3.0,739.5244750976562,564.85498046875,1483.7615966796875,1040.9532470703125
171,2.0,3.0,752.9266967773438,560.5315551757812,1545.737060546875,1057.9022216796875
172,2.0,3.0,766.6389770507812,552.944091796875,1614.9998779296875,1072.1181640625
173,2.0,3.0,781.2691040039062,546.781494140625,1690.794677734375,1076.9281005859375
174,2.0,3.0,798.1646118164062,539.8840942382812,1776.4595947265625,1078.778564453125
175,2.0,3.0,817.8259887695312,531.0139770507812,1867.497802734375,1078.0728759765625
176,2.0,3.0,841.3764038085938,522.6210327148438,1916.1453857421875,1077.458984375
177,2.0,3.0,862.4221801757812,513.8073120117188,1920.0,1077.16162109375
178,2.0,3.0,889.0725708007812,499.47454833984375,1920.0,1079.379638671875
179,2.0,3.0,914.0640869140625,486.3313903808594,1920.0,1078.9893798828125
180,2.0,3.0,946.046875,470.6694030761719,1920.0,1078.521240234375
181,2.0,3.0,981.0791625976562,453.2419128417969,1920.0,1075.2554931640625
182,2.0,3.0,1017.8284301757812,434.6019287109375,1920.0,1073.779052734375
183,2.0,3.0,1059.5177001953125,411.8276672363281,1920.0,1072.3487548828125
184,2.0,3.0,1107.29736328125,381.3262939453125,1920.0,1071.23291015625
185,2.0,3.0,1164.9798583984375,345.5860290527344,1920.0,1071.2305908203125
186,2.0,3.0,1228.8843994140625,325.0672302246094,1920.0,1074.049560546875
187,2.0,3.0,1303.9495849609375,315.5572204589844,1920.0,1073.5322265625
188,2.0,3.0,1390.5679931640625,319.3076477050781,1920.0,1074.3785400390625
189,2.0,3.0,1491.779296875,336.61785888671875,1920.0,1074.108154296875
190,2.0,3.0,1609.7730712890625,369.5658874511719,1920.0,1072.56005859375
191,2.0,3.0,1751.7630615234375,498.3826599121094,1920.0,1073.66259765625
