158,2.0,1.0,455.7719421386719,688.607421875,508.10009765625,728.1461181640625
159,2.0,1.0,457.1964111328125,688.7145385742188,508.7156982421875,728.5042114257812
160,2.0,1.0,457.7274169921875,688.5823974609375,509.8225402832031,729.5916137695312
161,2.0,1.0,457.8858947753906,686.6751708984375,512.9049682617188,730.0714111328125
162,2.0,1.0,458.4617004394531,686.5924682617188,515.547607421875,730.498291015625
163,2.0,1.0,459.5408020019531,685.6162719726562,517.2747192382812,730.1914672851562
164,2.0,1.0,460.10614013671875,685.9453125,519.1497192382812,730.3497924804688
165,2.0,1.0,460.9415588378906,686.4889526367188,520.2638549804688,730.55078125
166,2.0,1.0,461.1341247558594,686.994140625,521.4230346679688,730.9080200195312
167,2.0,1.0,461.44696044921875,684.9852905273438,523.245361328125,731.4100341796875
168,2.0,1.0,462.7438659667969,679.9190673828125,524.9550170898438,731.3929443359375
169,2.0,1.0,464.4765625,678.335205078125,527.4179077148438,731.31396484375
170,2.0,1.0,466.2171936035156,679.3207397460938,529.3977661132812,731.35791015625
171,2.0,1.0,467.81121826171875,679.31787109375,530.85205078125,732.0392456054688
172,2.0,1.0,469.0352783203125,679.2980346679688,532.696533203125,732.7433471679688
173,2.0,1.0,470.40338134765625,680.7163696289062,535.5458374023438,733.4105224609375
174,2.0,1.0,470.7529296875,681.5140380859375,538.317626953125,733.9313354492188
175,2.0,1.0,472.5149841308594,681.3271484375,540.5453491210938,734.9583740234375
176,2.0,1.0,473.7520446777344,680.5097045898438,542.6487426757812,735.6178588867188
177,2.0,1.0,475.0897521972656,679.8348388671875,544.5244750976562,736.821044921875
178,2.0,1.0,476.49786376953125,679.7843017578125,547.2320556640625,737.6160278320312
179,2.0,1.0,478.5730285644531,680.4515380859375,551.9036865234375,738.524658203125
180,2.0,1.0,480.4477844238281,678.3260498046875,555.011474609375,738.740478515625
181,2.0,1.0,482.26220703125,674.7423706054688,558.4918823242188,739.9627075195312
182,2.0,1.0,482.787353515625,675.2301025390625,560.933349609375,740.7361450195312
183,2.0,1.0,483.3758239746094,677.0868530273438,564.3311767578125,741.8186645507812
184,2.0,1.0,484.1512145996094,677.634033203125,568.5948486328125,742.8875122070312
185,2.0,1.0,485.44061279296875,678.2005004882812,571.974853515625,742.68994140625
186,2.0,1.0,487.6846008300781,677.6629028320312,574.0021362304688,744.5076293945312
187,2.0,1.0,490.6925354003906,678.4513549804688,578.5684814453125,745.3917846679688
188,2.0,1.0,493.3740539550781,678.749267578125,583.35009765625,746.445068359375
189,2.0,1.0,495.7249450683594,678.3755493164062,587.390380859375,747.72705078125
190,2.0,1.0,497.37237548828125,676.7884521484375,592.9430541992188,750.2247924804688
191,2.0,1.0,500.7173156738281,675.5103149414062,597.4351196289062,751.5255126953125
192,2.0,1.0,502.94647216796875,674.9513549804688,603.2693481445312,753.0648193359375
193,2.0,1.0,504.8870849609375,674.394775390625,608.4241333007812,754.0667724609375
194,2.0,1.0,506.9078369140625,673.53271484375,613.2830810546875,754.7137451171875
195,2.0,1.0,507.91888427734375,672.7444458007812,618.0519409179688,755.7820434570312
196,2.0,1.0,510.8759765625,673.314697265625,623.2940673828125,758.1383666992188
197,2.0,1.0,514.8297119140625,670.8069458007812,628.7977905273438,760.5997924804688
198,2.0,1.0,518.4940795898438,670.0624389648438,636.3869018554688,763.0774536132812
199,2.0,1.0,520.1295776367188,668.5750732421875,644.0712890625,765.0699462890625
200,2.0,1.0,523.6959228515625,667.816650390625,651.4998779296875,766.4851684570312
201,2.0,1.0,527.8069458007812,667.060546875,659.8095092773438,767.6834106445312
202,2.0,1.0,530.8903198242188,666.187744140625,666.9764404296875,769.939208984375
203,2.0,1.0,533.44921875,665.0962524414062,675.9993286132812,772.48974609375
204,2.0,1.0,537.8242797851562,664.3908081054688,686.0570068359375,776.0167236328125
205,2.0,1.0,543.57470703125,663.8877563476562,696.9361572265625,777.945556640625
206,2.0,1.0,549.108154296875,663.349365234375,707.6129150390625,781.571044921875
207,2.0,1.0,552.0935668945312,661.203857421875,720.3983764648438,785.9697875976562
208,2.0,1.0,556.3033447265625,660.0709228515625,732.6439819335938,788.8944702148438
209,2.0,1.0,562.2907104492188,657.1929931640625,746.555419921875,793.0328369140625
210,2.0,1.0,568.4097900390625,654.2501831054688,761.5526733398438,796.4971313476562
211,2.0,1.0,575.3154296875,651.3964233398438,778.3455200195312,800.9898071289062
212,2.0,1.0,583.8556518554688,648.9558715820312,797.3609619140625,806.4541625976562
213,2.0,1.0,592.6070556640625,645.914306640625,818.0980834960938,811.1795654296875
214,2.0,1.0,600.1192016601562,643.5142211914062,840.98681640625,816.8978271484375
215,2.0,1.0,610.7223510742188,640.7426147460938,867.95654296875,822.779296875
216,2.0,1.0,620.1312866210938,638.9163818359375,897.7427978515625,833.6471557617188
217,2.0,1.0,633.1115112304688,636.34423828125,930.484619140625,842.7753295898438
218,2.0,1.0,646.6817016601562,630.867431640625,969.5191040039062,853.642333984375
219,2.0,1.0,661.5904541015625,624.1151123046875,1013.360107421875,866.7403564453125
220,2.0,1.0,677.8434448242188,620.5360107421875,1064.488037109375,882.898193359375
221,2.0,1.0,697.3903198242188,614.33447265625,1125.1434326171875,899.3212890625
222,2.0,1.0,718.794677734375,605.7952270507812,1197.0640869140625,920.419189453125
223,2.0,1.0,744.3404541015625,596.6974487304688,1286.9189453125,946.5558471679688
224,2.0,1.0,776.6221923828125,585.8464965820312,1398.34228515625,978.0294799804688
225,2.0,1.0,812.7446899414062,570.6261596679688,1537.538818359375,1019.2149047851562
226,2.0,1.0,854.3407592773438,554.6876220703125,1720.5452880859375,1056.876708984375
227,2.0,1.0,912.9165649414062,533.686279296875,1855.7003173828125,1071.4486083984375
228,2.0,1.0,982.6268310546875,508.2518615722656,1914.3153076171875,1079.9068603515625
229,2.0,1.0,1078.8966064453125,470.4289855957031,1920.0,1078.95947265625
230,2.0,1.0,1212.239013671875,415.8292236328125,1920.0,1079.3597412109375
231,2.0,1.0,1407.9080810546875,391.7318420410156,1920.0,1080.0
