61,2.0,18.0,453.6256103515625,681.2888793945312,506.4345397949219,726.1438598632812
62,2.0,18.0,453.2462463378906,681.1693115234375,506.8204040527344,726.8497314453125
63,2.0,18.0,453.2368469238281,682.187255859375,507.5680847167969,728.2530517578125
64,2.0,18.0,453.7579345703125,681.9545288085938,508.1925048828125,728.5589599609375
65,2.0,18.0,454.7666931152344,682.1040649414062,508.8503723144531,729.0325927734375
66,2.0,18.0,454.7350769042969,682.0342407226562,508.57464599609375,729.2841796875
67,2.0,18.0,455.1025390625,683.3076171875,509.8139343261719,729.5983276367188
68,2.0,18.0,456.13311767578125,682.7376098632812,510.9396057128906,730.2442626953125
69,2.0,18.0,456.9367370605469,684.5822143554688,513.4443359375,730.2933349609375
70,2.0,18.0,456.89453125,683.6251220703125,515.80908203125,729.8614501953125
71,2.0,18.0,458.22802734375,683.5053100585938,516.9117431640625,729.890869140625
72,2.0,18.0,459.15423583984375,683.1286010742188,518.9537963867188,730.134033203125
73,2.0,18.0,459.9331359863281,683.71826171875,519.3795776367188,730.3086547851562
74,2.0,18.0,460.44036865234375,683.1485595703125,520.560302734375,730.80859375
75,2.0,18.0,460.2916564941406,683.2503662109375,521.6356811523438,731.4017333984375
76,2.0,18.0,460.79962158203125,683.3960571289062,523.6076049804688,731.2255249023438
77,2.0,18.0,460.7359924316406,683.5515747070312,526.2324829101562,731.4278564453125
78,2.0,18.0,462.4295959472656,681.82373046875,526.7913818359375,730.9315185546875
79,2.0,18.0,463.9452209472656,680.729248046875,528.0809326171875,730.8270874023438
80,2.0,18.0,464.963623046875,679.636474609375,529.8873291015625,731.6996459960938
81,2.0,18.0,466.3532409667969,679.503662109375,530.53857421875,732.0264282226562
82,2.0,18.0,466.9566955566406,679.8411865234375,532.6152954101562,733.0245361328125
83,2.0,18.0,468.49444580078125,680.1674194335938,534.164794921875,733.697509765625
84,2.0,18.0,469.70294189453125,680.9769287109375,535.9937744140625,733.7317504882812
85,2.0,18.0,470.3605041503906,681.7940673828125,538.5465087890625,734.19384765625
86,2.0,18.0,471.3454284667969,681.8068237304688,539.936279296875,735.1217041015625
87,2.0,18.0,472.2225646972656,680.69091796875,541.3880615234375,735.330322265625
88,2.0,18.0,473.515625,679.6829223632812,543.9866333007812,735.9385986328125
89,2.0,18.0,474.1140441894531,678.067626953125,546.1513671875,736.9376220703125
90,2.0,18.0,475.2826232910156,677.6490478515625,547.39013671875,737.3945922851562
91,2.0,18.0,476.5068054199219,676.745361328125,549.867431640625,737.5258178710938
92,2.0,18.0,478.392578125,677.7505493164062,553.2314453125,738.4290771484375
93,2.0,18.0,479.6183166503906,678.6383056640625,555.34326171875,738.3135986328125
94,2.0,18.0,481.8916931152344,678.0708618164062,557.9090576171875,739.36572265625
95,2.0,18.0,481.5389709472656,677.537353515625,561.1812744140625,740.6343994140625
96,2.0,18.0,482.93505859375,677.4137573242188,562.5980224609375,740.9299926757812
97,2.0,18.0,482.6871032714844,677.8441162109375,564.6351928710938,741.6954956054688
98,2.0,18.0,483.2657775878906,678.1500854492188,566.5654296875,743.0660400390625
99,2.0,18.0,483.24676513671875,678.2530517578125,570.1340942382812,743.813232421875
100,2.0,18.0,485.8662414550781,677.6510620117188,573.2959594726562,743.8435668945312
101,2.0,18.0,487.5364685058594,676.87939453125,575.4853515625,744.380615234375
102,2.0,18.0,490.0122985839844,676.9924926757812,578.9627075195312,745.416015625
103,2.0,18.0,492.2854309082031,677.2127075195312,581.5941772460938,746.3432006835938
104,2.0,18.0,493.94390869140625,676.4273681640625,585.8125610351562,746.6278686523438
106,2.0,18.0,495.693603515625,676.0813598632812,592.8814086914062,748.8766479492188
107,2.0,18.0,500.0231018066406,676.2212524414062,594.8119506835938,749.6282348632812
108,2.0,18.0,501.77777099609375,676.1680908203125,597.517822265625,751.4953002929688
110,2.0,18.0,504.7079162597656,674.5709838867188,604.555419921875,752.5653686523438
111,2.0,18.0,505.1914978027344,674.4871826171875,609.0628662109375,753.712890625
112,2.0,18.0,506.5646667480469,674.4985961914062,612.7392578125,753.9974365234375
113,2.0,18.0,508.8904113769531,673.6300048828125,615.9773559570312,754.3289794921875
114,2.0,18.0,510.6050720214844,672.6879272460938,620.2908935546875,755.2647094726562
115,2.0,18.0,514.2738037109375,671.5999145507812,623.8214721679688,756.16259765625
116,2.0,18.0,516.638916015625,671.1807861328125,628.8821411132812,758.4535522460938
117,2.0,18.0,519.2323608398438,671.0386352539062,634.6160278320312,760.3533325195312
118,2.0,18.0,519.6890258789062,669.8190307617188,641.0826416015625,762.4035034179688
119,2.0,18.0,522.3495483398438,668.21435546875,645.5885620117188,763.603759765625
120,2.0,18.0,524.8253784179688,667.7339477539062,650.4171142578125,764.5933227539062
121,2.0,18.0,528.3033447265625,666.9129028320312,656.6041870117188,765.8505249023438
122,2.0,18.0,529.5968017578125,667.0880126953125,662.6856079101562,767.2688598632812
123,2.0,18.0,531.8680419921875,665.8899536132812,666.8858032226562,768.6593017578125
124,2.0,18.0,533.8462524414062,665.7430419921875,673.8809814453125,769.6133422851562
125,2.0,18.0,538.3958129882812,663.8673706054688,679.7521362304688,770.431640625
126,2.0,18.0,540.3475952148438,663.8682250976562,687.6447143554688,773.6170043945312
127,2.0,18.0,544.0389404296875,663.85205078125,693.9749755859375,774.569091796875
128,2.0,18.0,546.8174438476562,664.36279296875,700.80810546875,776.5696411132812
129,2.0,18.0,549.897705078125,664.6677856445312,710.5322265625,779.6181030273438
130,2.0,18.0,552.4556274414062,663.0798950195312,718.3423461914062,782.67333984375
131,2.0,18.0,556.2551879882812,661.0325927734375,725.9387817382812,785.5750732421875
132,2.0,18.0,560.285888671875,659.6607666015625,735.60986328125,788.453369140625
133,2.0,18.0,565.6961669921875,657.3240356445312,746.2283325195312,790.52197265625
134,2.0,18.0,570.5380249023438,654.9481811523438,757.537353515625,793.2919311523438
135,2.0,18.0,575.4545288085938,653.6030883789062,767.2132568359375,795.95849609375
136,2.0,18.0,579.4491577148438,651.9485473632812,779.6240234375,798.2972412109375
137,2.0,18.0,585.2366333007812,649.9388427734375,792.6101684570312,800.4804077148438
138,2.0,18.0,590.9893188476562,647.3906860351562,806.0201416015625,804.5643920898438
139,2.0,18.0,597.3959350585938,645.3116455078125,819.943115234375,809.0740356445312
140,2.0,18.0,601.1591796875,643.9171752929688,835.935302734375,812.3807983398438
141,2.0,18.0,608.7115478515625,642.2954711914062,854.1535034179688,816.40478515625
142,2.0,18.0,617.312744140625,639.9611206054688,872.5188598632812,821.5440063476562
143,2.0,18.0,623.5084838867188,638.9570922851562,891.5833129882812,827.8859252929688
144,2.0,18.0,631.7098388671875,637.166748046875,912.2772827148438,834.9931030273438
145,2.0,18.0,639.7095947265625,634.3209228515625,936.7508544921875,840.3095092773438
146,2.0,18.0,648.50341796875,631.1867065429688,963.5274658203125,848.0562744140625
147,2.0,18.0,659.2676391601562,626.1443481445312,993.2210083007812,854.6886596679688
148,2.0,18.0,670.1672973632812,622.6743774414062,1024.6739501953125,864.1488037109375
149,2.0,18.0,681.0453491210938,620.9320068359375,1059.218994140625,875.2168579101562
150,2.0,18.0,695.2569580078125,618.366943359375,1097.379638671875,888.083984375
151,2.0,18.0,710.2393188476562,613.630859375,1142.864990234375,899.0187377929688
152,2.0,18.0,725.1868896484375,608.4158935546875,1192.759521484375,913.0056762695312
153,2.0,18.0,742.971923828125,601.0719604492188,1252.593505859375,930.1950073242188
154,2.0,18.0,762.0541381835938,595.6678466796875,1320.003662109375,950.7344360351562
155,2.0,18.0,785.0071411132812,588.2775268554688,1400.98876953125,972.3558959960938
156,2.0,18.0,809.6934204101562,577.6620483398438,1493.8511962890625,998.59130859375
157,2.0,18.0,837.8189086914062,566.670654296875,1602.1292724609375,1030.30810546875
158,2.0,18.0,870.3930053710938,556.0076293945312,1737.71435546875,1063.353271484375
159,2.0,18.0,909.8231811523438,541.71484375,1864.3890380859375,1076.0118408203125
160,2.0,18.0,952.2623901367188,525.06689453125,1916.2828369140625,1079.0618896484375
161,2.0,18.0,1009.5098266601562,502.45123291015625,1920.0,1080.0
162,2.0,18.0,1074.97119140625,475.7830505371094,1920.0,1080.0
163,2.0,18.0,1158.41162109375,442.4258117675781,1920.0,1077.6859130859375
164,2.0,18.0,1262.6658935546875,400.0221252441406,1920.0,1076.597900390625
165,2.0,18.0,1398.1700439453125,379.32281494140625,1920.0,1077.2607421875
166,2.0,18.0,1581.2816162109375,392.9333190917969,1920.0,1079.8021240234375
