65,2.0,16.0,451.8420715332031,687.0392456054688,505.8110656738281,727.1640625
66,2.0,16.0,452.7439270019531,683.8941650390625,506.66107177734375,726.8236083984375
67,2.0,16.0,452.766357421875,682.2821044921875,507.7053527832031,727.7042846679688
68,2.0,16.0,452.7110900878906,682.8638916015625,507.6203918457031,728.8497924804688
69,2.0,16.0,453.2735595703125,682.0501708984375,508.37579345703125,729.3236083984375
70,2.0,16.0,454.41802978515625,682.6165771484375,509.7928161621094,729.852294921875
71,2.0,16.0,454.701416015625,682.993408203125,510.0364685058594,729.7847290039062
72,2.0,16.0,454.7752380371094,683.4635620117188,510.827880859375,730.1273193359375
73,2.0,16.0,454.68353271484375,683.8062744140625,511.81573486328125,729.8252563476562
74,2.0,16.0,455.072265625,684.3818359375,513.4973754882812,728.670654296875
75,2.0,16.0,456.1109924316406,686.1588134765625,515.8219604492188,729.9804077148438
76,2.0,16.0,457.2190856933594,684.9610595703125,516.1207885742188,730.039794921875
77,2.0,16.0,458.1692810058594,684.5477905273438,518.1123046875,730.1817016601562
78,2.0,16.0,459.205810546875,685.4156494140625,519.73876953125,730.6830444335938
79,2.0,16.0,460.1145324707031,682.957275390625,520.1366577148438,731.0885009765625
80,2.0,16.0,460.7183532714844,685.2678833007812,521.809326171875,731.23388671875
81,2.0,16.0,460.718017578125,684.9981689453125,522.8820190429688,731.2269287109375
82,2.0,16.0,460.5694580078125,687.1202392578125,520.1057739257812,731.1485595703125
83,2.0,16.0,460.65057373046875,686.2784423828125,520.924072265625,731.134765625
84,2.0,16.0,461.6906433105469,683.2806396484375,524.7486572265625,730.8526000976562
85,2.0,16.0,461.71038818359375,681.6251220703125,527.9610595703125,731.7822265625
86,2.0,16.0,461.8750915527344,681.3364868164062,529.8009643554688,732.5067749023438
87,2.0,16.0,463.0353088378906,679.8738403320312,531.3887939453125,734.3621215820312
88,2.0,16.0,464.289794921875,678.7966918945312,533.1000366210938,735.1485595703125
89,2.0,16.0,467.1359558105469,677.974365234375,533.5386352539062,735.0174560546875
90,2.0,16.0,468.9881896972656,679.9269409179688,534.3983154296875,734.8472290039062
91,2.0,16.0,469.7994079589844,680.5673217773438,535.1368408203125,735.1087036132812
92,2.0,16.0,470.4215393066406,681.3894653320312,536.968017578125,735.4424438476562
93,2.0,16.0,470.4418029785156,681.7805786132812,538.6118774414062,736.1563720703125
94,2.0,16.0,470.873779296875,680.4994506835938,542.0409545898438,737.3646240234375
95,2.0,16.0,471.8773193359375,680.293701171875,545.1987915039062,738.123046875
96,2.0,16.0,472.72967529296875,679.7092895507812,547.2478637695312,738.0328979492188
97,2.0,16.0,473.16253662109375,678.2099609375,548.1814575195312,738.486328125
98,2.0,16.0,475.7825012207031,677.9083251953125,550.174072265625,738.860107421875
99,2.0,16.0,477.0815734863281,677.19677734375,552.3336181640625,739.5433959960938
100,2.0,16.0,478.0747985839844,677.029541015625,555.433349609375,739.9869995117188
101,2.0,16.0,479.33258056640625,678.6321411132812,557.1319580078125,740.4880981445312
102,2.0,16.0,480.8504638671875,678.1737060546875,559.3167114257812,740.6806030273438
103,2.0,16.0,482.4964294433594,678.3893432617188,561.1539306640625,741.0929565429688
104,2.0,16.0,481.8484191894531,677.3488159179688,562.83154296875,742.497314453125
105,2.0,16.0,481.4930419921875,677.7621459960938,564.8267822265625,743.6356201171875
106,2.0,16.0,481.8591003417969,676.9146118164062,567.978515625,743.7688598632812
108,2.0,16.0,482.91058349609375,677.2373046875,572.1929321289062,744.8507080078125
109,2.0,16.0,484.1197814941406,677.5093383789062,573.2627563476562,745.798828125
110,2.0,16.0,485.62591552734375,676.964111328125,576.76025390625,746.9663696289062
111,2.0,16.0,487.0985412597656,676.9570922851562,581.50244140625,747.0055541992188
112,2.0,16.0,489.8726806640625,676.8447265625,584.1657104492188,747.4656982421875
113,2.0,16.0,492.716064453125,676.3020629882812,587.09375,748.482177734375
114,2.0,16.0,493.441162109375,675.9542846679688,589.1301879882812,750.1596069335938
115,2.0,16.0,495.70794677734375,674.9791870117188,592.0208740234375,750.7999877929688
116,2.0,16.0,496.5491027832031,675.7622680664062,594.7113037109375,752.0499267578125
117,2.0,16.0,498.57476806640625,676.4007568359375,597.523193359375,752.7279052734375
118,2.0,16.0,499.44384765625,676.1583251953125,600.6898193359375,753.5314331054688
119,2.0,16.0,502.5391845703125,675.48388671875,604.8924560546875,754.4329833984375
120,2.0,16.0,504.46478271484375,675.0238647460938,608.78857421875,754.9603881835938
121,2.0,16.0,505.26702880859375,673.8994140625,612.2449340820312,755.3709716796875
122,2.0,16.0,506.3846435546875,673.3604736328125,615.5575561523438,755.6876831054688
123,2.0,16.0,507.16827392578125,673.2189331054688,619.5052490234375,756.4047241210938
124,2.0,16.0,508.9093322753906,671.9479370117188,622.766357421875,759.2048950195312
125,2.0,16.0,509.99615478515625,672.282470703125,626.13525390625,759.3217163085938
126,2.0,16.0,512.2130126953125,670.85107421875,628.7940063476562,761.9104614257812
127,2.0,16.0,515.7801513671875,669.491943359375,634.4765014648438,763.8035888671875
128,2.0,16.0,516.520751953125,666.6373901367188,638.958251953125,764.4146118164062
129,2.0,16.0,518.8544311523438,664.8194580078125,645.1265258789062,765.7260131835938
130,2.0,16.0,520.1964111328125,666.4724731445312,650.7890625,766.60693359375
131,2.0,16.0,522.6638793945312,666.1015625,655.194580078125,767.371826171875
132,2.0,16.0,524.8040771484375,665.7653198242188,660.3389282226562,768.4539184570312
133,2.0,16.0,528.0640258789062,665.9889526367188,665.2686767578125,769.3350219726562
134,2.0,16.0,529.0670166015625,665.9251098632812,671.7680053710938,771.3363647460938
135,2.0,16.0,530.79296875,664.21875,677.836669921875,773.2455444335938
136,2.0,16.0,533.9028930664062,663.6301879882812,684.506591796875,775.04443359375
137,2.0,16.0,537.0267944335938,663.1674194335938,692.0428466796875,776.541748046875
138,2.0,16.0,539.9552612304688,664.236083984375,698.5398559570312,778.2430419921875
139,2.0,16.0,544.7146606445312,664.0927734375,705.8901977539062,781.4388427734375
140,2.0,16.0,549.771484375,661.628662109375,713.7904663085938,785.2967529296875
141,2.0,16.0,552.2432250976562,660.7651977539062,722.9212036132812,787.5096435546875
142,2.0,16.0,554.3819580078125,660.0311889648438,730.525634765625,788.723388671875
143,2.0,16.0,557.0814819335938,658.3373413085938,740.0612182617188,791.2559814453125
144,2.0,16.0,562.2825927734375,656.6278076171875,749.0528564453125,794.11181640625
145,2.0,16.0,565.662353515625,654.1306762695312,759.6917114257812,796.5106201171875
146,2.0,16.0,571.1908569335938,652.0100708007812,769.8759765625,798.9888305664062
147,2.0,16.0,575.95654296875,651.09130859375,781.1788330078125,800.7262573242188
148,2.0,16.0,581.0985107421875,648.64892578125,793.62353515625,804.4210205078125
149,2.0,16.0,586.1325073242188,646.5223388671875,807.1546630859375,808.2279663085938
150,2.0,16.0,591.3807373046875,645.6943359375,821.85107421875,812.4495849609375
151,2.0,16.0,597.4019775390625,643.2713623046875,837.1986694335938,815.6553344726562
152,2.0,16.0,603.042724609375,640.2214965820312,854.3236694335938,819.2189331054688
153,2.0,16.0,611.239990234375,637.9066772460938,871.628173828125,822.6734008789062
154,2.0,16.0,618.094970703125,637.7079467773438,889.2886962890625,829.0869140625
155,2.0,16.0,624.7467041015625,636.7276611328125,909.811279296875,835.3550415039062
156,2.0,16.0,632.7675170898438,635.2510986328125,932.4290161132812,841.6614379882812
157,2.0,16.0,642.1860961914062,632.1181640625,957.110595703125,847.92578125
158,2.0,16.0,651.4223022460938,628.2507934570312,983.7625732421875,854.73486328125
159,2.0,16.0,661.4060668945312,623.768310546875,1011.6985473632812,864.2658081054688
160,2.0,16.0,671.47265625,621.3388061523438,1043.4356689453125,872.5119018554688
161,2.0,16.0,682.5623168945312,620.2869262695312,1078.9779052734375,883.4557495117188
162,2.0,16.0,696.4436645507812,616.3524169921875,1118.4842529296875,893.9423217773438
163,2.0,16.0,712.1685791015625,611.4498291015625,1162.3643798828125,906.1911010742188
164,2.0,16.0,725.24853515625,605.6566772460938,1211.2025146484375,919.3973999023438
165,2.0,16.0,743.075439453125,599.8955688476562,1267.864990234375,936.1145629882812
166,2.0,16.0,760.9754638671875,594.27197265625,1330.6778564453125,955.8252563476562
167,2.0,16.0,784.019287109375,587.675537109375,1407.219482421875,974.89013671875
168,2.0,16.0,806.3533935546875,579.3971557617188,1492.813720703125,997.59765625
169,2.0,16.0,832.5455932617188,568.4719848632812,1593.6463623046875,1026.6109619140625
170,2.0,16.0,862.8592529296875,557.376220703125,1714.7071533203125,1057.2249755859375
171,2.0,16.0,896.9344482421875,546.6751708984375,1854.8619384765625,1072.71337890625
172,2.0,16.0,937.3428955078125,530.2084350585938,1912.65087890625,1077.3165283203125
173,2.0,16.0,983.8810424804688,512.87548828125,1920.0,1080.0
174,2.0,16.0,1039.2508544921875,491.396240234375,1920.0,1080.0
175,2.0,16.0,1109.4923095703125,465.33245849609375,1920.0,1079.65771484375
176,2.0,16.0,1191.3701171875,430.2127685546875,1920.0,1078.5556640625
177,2.0,16.0,1294.550048828125,393.7352294921875,1920.0,1076.8494873046875
178,2.0,16.0,1427.87060546875,383.3439636230469,1920.0,1076.6751708984375
179,2.0,16.0,1598.536865234375,399.95599365234375,1920.0,1078.8553466796875
