2,2.0,58.0,135.06103515625,515.5028076171875,182.5806427001953,547.6167602539062
3,2.0,58.0,134.95413208007812,515.168701171875,182.28530883789062,547.9058837890625
4,2.0,58.0,135.34083557128906,515.5079345703125,183.72747802734375,548.44873046875
5,2.0,58.0,136.06118774414062,515.675048828125,183.84820556640625,548.6029052734375
6,2.0,58.0,136.30715942382812,514.1154174804688,184.1588134765625,548.7364501953125
7,2.0,58.0,136.70162963867188,514.60498046875,185.09344482421875,548.8971557617188
8,2.0,58.0,137.22264099121094,514.796630859375,186.26324462890625,548.7420043945312
9,2.0,58.0,137.90061950683594,516.5528564453125,186.98348999023438,548.7108154296875
10,2.0,58.0,138.60328674316406,517.1004028320312,187.26951599121094,548.7772216796875
11,2.0,58.0,138.82284545898438,515.6708374023438,188.16688537597656,548.8629150390625
12,2.0,58.0,139.2223663330078,514.8973388671875,188.56101989746094,548.8609619140625
13,2.0,58.0,139.47720336914062,515.1104125976562,188.89244079589844,549.1024169921875
14,2.0,58.0,139.65208435058594,514.4756469726562,189.673828125,549.9285888671875
15,2.0,58.0,140.08880615234375,513.990234375,190.3875732421875,550.0919189453125
16,2.0,58.0,140.50672912597656,513.5514526367188,190.46795654296875,550.1950073242188
17,2.0,58.0,140.49209594726562,513.018310546875,190.8980712890625,550.478515625
18,2.0,58.0,140.3638916015625,512.865478515625,191.12896728515625,550.643310546875
19,2.0,58.0,140.61175537109375,512.609619140625,191.68124389648438,550.995849609375
20,2.0,58.0,141.20407104492188,512.5106201171875,192.197509765625,551.8296508789062
21,2.0,58.0,141.850341796875,512.581787109375,192.51708984375,552.1163330078125
22,2.0,58.0,142.37818908691406,512.77587890625,193.11900329589844,552.4264526367188
23,2.0,58.0,142.20216369628906,514.0093383789062,193.951416015625,552.7216186523438
24,2.0,58.0,142.81382751464844,514.33740234375,194.8463897705078,552.7068481445312
25,2.0,58.0,142.91659545898438,512.9907836914062,195.7447967529297,552.979248046875
26,2.0,58.0,143.11061096191406,512.7964477539062,196.94595336914062,553.480712890625
27,2.0,58.0,143.46827697753906,512.7921142578125,198.0157012939453,553.7802734375
28,2.0,58.0,143.7014923095703,514.011474609375,199.022216796875,553.7930297851562
29,2.0,58.0,143.8614044189453,514.3279418945312,200.3517608642578,553.9273071289062
30,2.0,58.0,143.97169494628906,513.8276977539062,201.69082641601562,553.8866577148438
31,2.0,58.0,143.68447875976562,512.2906494140625,202.7223663330078,553.9561767578125
32,2.0,58.0,144.20565795898438,513.6599731445312,203.50083923339844,553.9729614257812
33,2.0,58.0,144.46031188964844,512.3836059570312,204.3870849609375,554.28173828125
34,2.0,58.0,144.90040588378906,511.1718444824219,205.0026397705078,554.6170654296875
35,2.0,58.0,145.60165405273438,510.55010986328125,204.701416015625,554.2427978515625
36,2.0,58.0,146.8304901123047,510.8685607910156,205.79226684570312,554.2029418945312
37,2.0,58.0,147.72669982910156,511.3318176269531,208.84036254882812,554.6771240234375
38,2.0,58.0,147.50779724121094,507.6763916015625,210.5239715576172,554.9776611328125
39,2.0,58.0,148.02023315429688,506.3646240234375,211.84780883789062,555.7178344726562
40,2.0,58.0,147.62286376953125,507.093017578125,212.17808532714844,556.1357421875
41,2.0,58.0,148.5205535888672,508.6684265136719,213.81471252441406,556.3406982421875
42,2.0,58.0,151.29830932617188,510.14105224609375,215.94725036621094,556.42724609375
43,2.0,58.0,152.60560607910156,509.848388671875,217.17169189453125,556.5166625976562
44,2.0,58.0,154.65797424316406,511.78216552734375,218.7132568359375,557.15478515625
45,2.0,58.0,156.5883331298828,512.4080200195312,218.52999877929688,556.8471069335938
46,2.0,58.0,158.22950744628906,512.77294921875,219.40216064453125,557.4239501953125
47,2.0,58.0,159.3063201904297,511.9658203125,220.85989379882812,558.4617309570312
48,2.0,58.0,159.29327392578125,509.0794982910156,222.36485290527344,559.0838623046875
49,2.0,58.0,159.39329528808594,508.5189208984375,224.36294555664062,559.0022583007812
50,2.0,58.0,158.6448211669922,507.7880859375,225.65025329589844,560.3165893554688
51,2.0,58.0,158.41273498535156,508.7590026855469,227.93280029296875,561.44580078125
52,2.0,58.0,158.302734375,509.36083984375,229.27528381347656,562.1203002929688
53,2.0,58.0,159.19602966308594,506.95458984375,230.60079956054688,562.5126342773438
54,2.0,58.0,160.3462677001953,506.0428771972656,231.7458953857422,562.6119995117188
55,2.0,58.0,160.76596069335938,505.6712341308594,233.05775451660156,562.8872680664062
56,2.0,58.0,161.61439514160156,504.9804382324219,235.3285675048828,563.1055297851562
57,2.0,58.0,163.86325073242188,502.8944091796875,238.3443603515625,564.7603759765625
58,2.0,58.0,165.55023193359375,501.6972961425781,239.83982849121094,565.2199096679688
59,2.0,58.0,165.77743530273438,501.9383239746094,241.34707641601562,565.5382080078125
60,2.0,58.0,167.14349365234375,502.08880615234375,243.42861938476562,566.217041015625
61,2.0,58.0,167.92367553710938,503.5369567871094,245.95669555664062,566.765869140625
62,2.0,58.0,167.0442352294922,504.35791015625,248.47525024414062,566.1277465820312
63,2.0,58.0,167.88507080078125,504.2696228027344,250.96461486816406,568.3861694335938
64,2.0,58.0,168.5110626220703,503.8892822265625,253.04429626464844,568.5739135742188
65,2.0,58.0,169.09219360351562,504.0870666503906,255.24000549316406,569.34033203125
66,2.0,58.0,169.61997985839844,503.5888977050781,256.27789306640625,570.0009765625
67,2.0,58.0,170.5897674560547,503.0000305175781,257.96295166015625,570.9944458007812
68,2.0,58.0,171.4882354736328,503.62359619140625,260.5857849121094,571.7006225585938
69,2.0,58.0,172.9539031982422,503.2695617675781,262.8687438964844,571.6657104492188
70,2.0,58.0,174.19163513183594,503.4385681152344,265.0460205078125,571.9743041992188
71,2.0,58.0,175.19029235839844,503.0445251464844,267.4164123535156,572.58154296875
72,2.0,58.0,178.34295654296875,500.9474792480469,270.4189147949219,573.2382202148438
73,2.0,58.0,179.4182586669922,499.7555236816406,274.8702392578125,573.8931274414062
74,2.0,58.0,180.4466552734375,498.4319152832031,278.8121643066406,575.236572265625
75,2.0,58.0,182.088134765625,497.4068908691406,280.68115234375,576.2286376953125
76,2.0,58.0,183.90777587890625,497.848388671875,283.74981689453125,576.5184936523438
77,2.0,58.0,185.4324493408203,497.9668884277344,287.2646484375,576.860595703125
78,2.0,58.0,188.6771697998047,496.336669921875,290.8202209472656,577.56689453125
79,2.0,58.0,189.72547912597656,496.8591003417969,294.04510498046875,578.4362182617188
80,2.0,58.0,192.23394775390625,496.3083801269531,297.9998474121094,579.338623046875
81,2.0,58.0,193.7281951904297,494.81951904296875,303.8190002441406,581.3866577148438
82,2.0,58.0,195.11868286132812,493.96453857421875,306.6421813964844,583.4805297851562
83,2.0,58.0,197.31434631347656,494.73162841796875,309.2427978515625,584.9051513671875
84,2.0,58.0,198.6752471923828,493.6275634765625,314.6768798828125,585.4927978515625
85,2.0,58.0,200.2842254638672,493.40216064453125,319.8935241699219,586.3359985351562
86,2.0,58.0,201.13104248046875,492.47442626953125,323.9876403808594,586.662841796875
87,2.0,58.0,203.6761932373047,492.1654968261719,329.7304382324219,587.922119140625
88,2.0,58.0,206.2177734375,491.31451416015625,334.2364196777344,588.8878173828125
89,2.0,58.0,208.76190185546875,490.9284973144531,338.76629638671875,591.0013427734375
90,2.0,58.0,210.3167266845703,491.2182922363281,345.3418273925781,593.141845703125
91,2.0,58.0,214.5304718017578,489.9942932128906,351.610107421875,595.097412109375
92,2.0,58.0,217.06356811523438,488.5982666015625,357.8468933105469,596.4313354492188
93,2.0,58.0,218.98899841308594,487.3525390625,363.4312744140625,597.62841796875
94,2.0,58.0,220.9904327392578,486.8077697753906,369.62249755859375,599.1626586914062
95,2.0,58.0,224.50128173828125,484.6805114746094,379.1522521972656,600.52197265625
96,2.0,58.0,227.20822143554688,483.32830810546875,386.77532958984375,601.81396484375
97,2.0,58.0,230.00216674804688,482.6319580078125,394.3892822265625,604.257568359375
98,2.0,58.0,233.15005493164062,480.5046691894531,400.7710876464844,606.94775390625
99,2.0,58.0,237.1534423828125,479.1150817871094,407.676025390625,608.2847900390625
100,2.0,58.0,240.85646057128906,478.4083557128906,418.0326843261719,610.0115356445312
101,2.0,58.0,244.032958984375,477.1555480957031,429.3854675292969,611.7705078125
105,2.0,58.0,263.56060791015625,466.02008056640625,473.21185302734375,624.1140747070312
106,2.0,58.0,267.55072021484375,469.6539611816406,485.867431640625,627.9199829101562
107,2.0,58.0,274.1159362792969,470.9462585449219,499.8719787597656,631.0903930664062
108,2.0,58.0,279.667236328125,470.13226318359375,515.6226806640625,632.8558349609375
109,2.0,58.0,284.7911376953125,468.2001647949219,531.5787353515625,638.6580200195312
110,2.0,58.0,294.51171875,466.1404113769531,548.701171875,643.633056640625
111,2.0,58.0,302.26287841796875,463.9217834472656,568.454833984375,646.5706176757812
112,2.0,58.0,309.6298828125,461.17327880859375,588.9586791992188,649.1127319335938
113,2.0,58.0,317.86920166015625,457.1438903808594,610.3121337890625,655.3468627929688
114,2.0,58.0,325.8133850097656,454.6612243652344,636.5432739257812,663.0780029296875
115,2.0,58.0,335.62823486328125,451.0217590332031,662.0948486328125,671.0316772460938
116,2.0,58.0,344.3636779785156,448.2721252441406,690.4157104492188,678.4535522460938
117,2.0,58.0,355.8915100097656,445.0796203613281,723.344482421875,685.3935546875
118,2.0,58.0,368.77349853515625,440.93927001953125,758.443359375,694.9276733398438
119,2.0,58.0,381.1084899902344,435.5022277832031,797.9356689453125,708.1799926757812
120,2.0,58.0,396.2192077636719,433.3048400878906,842.3397827148438,719.8092651367188
121,2.0,58.0,412.3154296875,428.1871032714844,893.0079956054688,735.0755004882812
122,2.0,58.0,429.5104675292969,421.6661682128906,950.446044921875,751.5419921875
123,2.0,58.0,450.42376708984375,412.7242736816406,1016.58447265625,769.5181884765625
124,2.0,58.0,472.3509521484375,404.76220703125,1091.0859375,790.7117309570312
125,2.0,58.0,498.1251220703125,398.35736083984375,1178.26123046875,814.520751953125
126,2.0,58.0,527.1257934570312,388.7916259765625,1285.302734375,845.314453125
127,2.0,58.0,560.4176025390625,378.4301452636719,1407.118408203125,879.8373413085938
128,2.0,58.0,597.4003295898438,366.6818542480469,1558.735107421875,922.6075439453125
129,2.0,58.0,643.1221313476562,349.8747863769531,1750.704345703125,976.7950439453125
130,2.0,58.0,696.8440551757812,331.35675048828125,1875.1026611328125,1038.60107421875
131,2.0,58.0,761.7304077148438,307.7205505371094,1920.0,1067.90087890625
132,2.0,58.0,840.1650390625,280.29510498046875,1920.0,1074.6605224609375
133,2.0,58.0,932.7428588867188,244.06797790527344,1920.0,1061.1739501953125
134,2.0,58.0,1057.0086669921875,199.02157592773438,1920.0,1066.1175537109375
135,2.0,58.0,1217.5963134765625,165.13571166992188,1920.0,1074.8753662109375
