57,2.0,71.0,249.00790405273438,457.2647399902344,303.0087585449219,491.1887512207031
58,2.0,71.0,249.3700714111328,457.08599853515625,302.55841064453125,491.1239929199219
59,2.0,71.0,250.20591735839844,457.182861328125,304.9238586425781,491.2523193359375
60,2.0,71.0,250.89169311523438,457.7652587890625,305.8499755859375,491.3707275390625
61,2.0,71.0,251.23451232910156,453.7550048828125,306.4004821777344,491.309326171875
62,2.0,71.0,252.85760498046875,452.4703063964844,306.8528137207031,491.4579162597656
63,2.0,71.0,253.48838806152344,453.24700927734375,307.1885070800781,491.6051025390625
64,2.0,71.0,254.0137481689453,452.7379150390625,309.788330078125,491.4738464355469
65,2.0,71.0,254.1647186279297,453.8736267089844,310.1506042480469,492.26177978515625
66,2.0,71.0,254.07284545898438,453.54034423828125,312.8258361816406,492.9418029785156
67,2.0,71.0,254.596435546875,454.9647216796875,315.44244384765625,493.47418212890625
68,2.0,71.0,255.8909912109375,455.83807373046875,316.3905334472656,493.8196716308594
69,2.0,71.0,256.26092529296875,455.5411071777344,317.82806396484375,493.81512451171875
70,2.0,71.0,257.2322998046875,453.7256774902344,318.1590881347656,493.69091796875
71,2.0,71.0,258.7538146972656,452.664794921875,320.0948791503906,493.6921081542969
72,2.0,71.0,260.0947265625,452.5495910644531,322.94189453125,494.3450622558594
73,2.0,71.0,260.9434814453125,453.2720031738281,324.3157958984375,495.3648376464844
74,2.0,71.0,261.45037841796875,454.5155029296875,326.97076416015625,496.52667236328125
75,2.0,71.0,261.70733642578125,454.6951904296875,329.1512756347656,496.96038818359375
76,2.0,71.0,262.1938781738281,455.1611328125,330.2899475097656,497.5755310058594
77,2.0,71.0,262.4056091308594,453.7034606933594,331.24359130859375,497.78314208984375
78,2.0,71.0,263.7579345703125,454.7940368652344,332.9085388183594,498.3643798828125
79,2.0,71.0,264.8492736816406,456.24114990234375,335.00079345703125,498.78021240234375
80,2.0,71.0,263.44256591796875,455.4538879394531,338.8963928222656,501.01025390625
81,2.0,71.0,263.14678955078125,454.59002685546875,341.0828857421875,501.83331298828125
82,2.0,71.0,263.6260070800781,449.4624328613281,343.40863037109375,501.9488525390625
83,2.0,71.0,266.8660583496094,453.476318359375,345.25701904296875,501.724853515625
84,2.0,71.0,268.0991516113281,448.8651428222656,346.6600036621094,503.0013427734375
85,2.0,71.0,268.4174499511719,451.15545654296875,348.1358337402344,503.4239501953125
86,2.0,71.0,270.0643005371094,445.5597839355469,350.0375061035156,503.70086669921875
87,2.0,71.0,271.7012634277344,442.7032470703125,353.0248718261719,504.498046875
88,2.0,71.0,273.14788818359375,440.80548095703125,355.3817138671875,505.34283447265625
89,2.0,71.0,274.8266296386719,441.20806884765625,358.2458801269531,506.2655029296875
90,2.0,71.0,275.4512634277344,441.82647705078125,361.6215515136719,507.8529052734375
91,2.0,71.0,276.3880920410156,445.3191833496094,365.3183288574219,509.87286376953125
92,2.0,71.0,277.1866149902344,443.1017761230469,368.6213684082031,510.8082580566406
93,2.0,71.0,279.0898132324219,447.43524169921875,372.301513671875,511.91119384765625
94,2.0,71.0,280.5855712890625,441.8951721191406,376.07818603515625,513.386962890625
95,2.0,71.0,281.9251403808594,438.9838562011719,379.55072021484375,513.9849243164062
96,2.0,71.0,283.1181945800781,437.4916076660156,383.5497131347656,514.4235229492188
97,2.0,71.0,286.6580505371094,438.59893798828125,387.0972595214844,515.3544311523438
98,2.0,71.0,288.27435302734375,438.09698486328125,390.9815368652344,516.79150390625
99,2.0,71.0,290.17181396484375,435.6342468261719,395.3779296875,519.4082641601562
100,2.0,71.0,292.04156494140625,434.2759094238281,400.21600341796875,522.0784301757812
101,2.0,71.0,293.6893310546875,431.9034118652344,405.801025390625,523.3128051757812
102,2.0,71.0,296.46893310546875,431.18487548828125,410.9360046386719,524.2953491210938
103,2.0,71.0,300.46734619140625,431.3459777832031,415.69598388671875,525.8804931640625
104,2.0,71.0,302.52288818359375,431.96710205078125,421.1378479003906,527.3059692382812
105,2.0,71.0,304.0689697265625,430.8858337402344,427.8625183105469,528.7736206054688
106,2.0,71.0,306.0673522949219,430.97015380859375,433.5277404785156,531.49365234375
107,2.0,71.0,309.4127197265625,430.5025939941406,440.1953125,533.7691040039062
108,2.0,71.0,311.33447265625,429.529296875,447.1589050292969,535.8701171875
109,2.0,71.0,313.2751159667969,428.4963073730469,454.6399841308594,538.0950317382812
110,2.0,71.0,315.80615234375,427.37506103515625,462.9385681152344,540.3262329101562
111,2.0,71.0,320.5178527832031,426.2784729003906,472.1288757324219,542.305908203125
112,2.0,71.0,322.29278564453125,424.2862854003906,481.87164306640625,546.0775756835938
113,2.0,71.0,330.3824157714844,423.70269775390625,490.6545104980469,548.9658813476562
114,2.0,71.0,336.2443542480469,423.6085205078125,500.62109375,552.2598266601562
115,2.0,71.0,339.25732421875,423.2764587402344,511.0924987792969,555.8863525390625
116,2.0,71.0,344.29248046875,422.66534423828125,523.974853515625,560.808837890625
117,2.0,71.0,349.71636962890625,420.8942565917969,537.0481567382812,563.8833618164062
118,2.0,71.0,355.86334228515625,418.5822448730469,550.502197265625,568.7066650390625
119,2.0,71.0,360.0116271972656,417.571533203125,566.5391845703125,572.7518920898438
120,2.0,71.0,364.62652587890625,416.35198974609375,583.4238891601562,577.3975830078125
121,2.0,71.0,371.4451904296875,414.3185729980469,600.2734375,583.480712890625
122,2.0,71.0,379.780517578125,413.1036376953125,619.7838745117188,587.7422485351562
123,2.0,71.0,388.281494140625,411.1149597167969,641.2389526367188,595.9172973632812
124,2.0,71.0,396.13458251953125,408.18524169921875,665.56884765625,601.9241333007812
125,2.0,71.0,404.0126647949219,402.29888916015625,692.36083984375,609.8660888671875
126,2.0,71.0,415.90545654296875,397.90673828125,724.3302001953125,619.0510864257812
127,2.0,71.0,427.5940856933594,390.55670166015625,757.7225341796875,628.0753784179688
128,2.0,71.0,441.29296875,387.5138854980469,795.7247924804688,639.421142578125
129,2.0,71.0,455.9034118652344,386.9216003417969,839.416748046875,651.866455078125
130,2.0,71.0,473.2115783691406,385.0344543457031,889.9351196289062,665.4528198242188
131,2.0,71.0,490.9692687988281,382.3287353515625,949.1486206054688,681.5654296875
132,2.0,71.0,511.9579162597656,377.82391357421875,1016.3394165039062,701.1085205078125
133,2.0,71.0,535.802978515625,369.0066833496094,1098.06591796875,725.7208251953125
134,2.0,71.0,563.1369018554688,360.0209045410156,1196.4017333984375,754.1790161132812
135,2.0,71.0,596.36376953125,350.1871643066406,1317.7041015625,789.51416015625
136,2.0,71.0,633.5497436523438,338.0594177246094,1467.1650390625,837.4308471679688
137,2.0,71.0,683.6761474609375,324.1994934082031,1663.5706787109375,903.4868774414062
139,2.0,71.0,812.7622680664062,282.489013671875,1907.811279296875,1051.8746337890625
140,2.0,71.0,910.3822021484375,251.75062561035156,1920.0,1076.7034912109375
141,2.0,71.0,1039.0634765625,213.24485778808594,1920.0,1072.1370849609375
142,2.0,71.0,1215.45947265625,181.6987762451172,1920.0,1078.34521484375
