42,2.0,69.0,243.29832458496094,454.34149169921875,290.2183837890625,486.0793762207031
43,2.0,69.0,243.08340454101562,455.3839111328125,290.5970764160156,486.270263671875
44,2.0,69.0,243.05775451660156,456.32769775390625,290.71881103515625,486.7929382324219
45,2.0,69.0,243.18045043945312,456.61090087890625,291.5796203613281,487.66558837890625
46,2.0,69.0,244.28890991210938,458.3550109863281,292.98944091796875,489.030517578125
47,2.0,69.0,244.79159545898438,459.8697814941406,292.5793151855469,489.6845397949219
48,2.0,69.0,244.73941040039062,460.19287109375,292.54376220703125,490.12811279296875
49,2.0,69.0,244.59890747070312,458.2427673339844,293.8630676269531,489.3921813964844
50,2.0,69.0,244.9381866455078,458.2383728027344,295.6619567871094,488.9389953613281
51,2.0,69.0,245.96241760253906,459.56536865234375,295.7356872558594,489.2890625
52,2.0,69.0,246.8910369873047,460.0345153808594,296.5776672363281,489.9338073730469
53,2.0,69.0,248.07118225097656,456.9932556152344,297.7887878417969,490.4382629394531
54,2.0,69.0,248.908447265625,455.1385192871094,298.3721923828125,490.7495422363281
55,2.0,69.0,248.63815307617188,454.6840515136719,299.4611511230469,490.93450927734375
56,2.0,69.0,248.23829650878906,453.34503173828125,302.14794921875,491.12249755859375
57,2.0,69.0,248.7486572265625,453.8222961425781,303.2547912597656,491.3661193847656
58,2.0,69.0,248.9857635498047,456.8908386230469,304.11566162109375,491.56964111328125
59,2.0,69.0,249.08099365234375,457.1656188964844,305.58905029296875,491.9184875488281
60,2.0,69.0,249.7463836669922,453.47882080078125,305.25750732421875,491.88494873046875
61,2.0,69.0,250.5153350830078,449.8212585449219,305.56536865234375,491.59857177734375
62,2.0,69.0,250.96337890625,449.4320373535156,306.3789978027344,491.7263488769531
63,2.0,69.0,251.31192016601562,449.653076171875,307.4385681152344,491.80950927734375
64,2.0,69.0,252.18809509277344,449.89678955078125,309.69464111328125,492.1755065917969
65,2.0,69.0,252.85279846191406,452.7776184082031,311.0726318359375,492.42889404296875
66,2.0,69.0,252.78915405273438,454.8631286621094,313.9709777832031,493.9751281738281
67,2.0,69.0,253.24073791503906,453.57037353515625,315.059326171875,494.4244689941406
68,2.0,69.0,253.7261505126953,451.87310791015625,316.7356872558594,494.42340087890625
69,2.0,69.0,254.39691162109375,450.1725769042969,317.1653747558594,494.1385498046875
70,2.0,69.0,254.53909301757812,450.3573913574219,318.2294921875,494.6618347167969
71,2.0,69.0,255.05999755859375,447.2021789550781,319.8506774902344,494.79803466796875
72,2.0,69.0,256.5886535644531,449.62469482421875,322.4757080078125,495.9300842285156
73,2.0,69.0,257.65826416015625,451.1876525878906,324.0500793457031,497.1494445800781
74,2.0,69.0,259.63299560546875,451.94573974609375,325.7498779296875,497.43048095703125
75,2.0,69.0,260.4054260253906,452.2449645996094,327.4794616699219,497.1990966796875
76,2.0,69.0,260.63812255859375,445.9089050292969,330.5381164550781,497.38525390625
77,2.0,69.0,261.5701599121094,446.6990661621094,331.7728271484375,498.0333251953125
78,2.0,69.0,262.10675048828125,451.5098571777344,333.70977783203125,498.8466796875
79,2.0,69.0,262.24853515625,448.696044921875,335.8798522949219,499.5833435058594
80,2.0,69.0,263.34185791015625,439.5920715332031,338.1368103027344,499.8136291503906
81,2.0,69.0,263.8201904296875,437.73773193359375,340.19781494140625,500.0418395996094
82,2.0,69.0,264.483642578125,444.7315368652344,341.83160400390625,500.6224670410156
83,2.0,69.0,265.3058776855469,442.9737548828125,343.86700439453125,501.32244873046875
84,2.0,69.0,266.041015625,444.1576843261719,346.5885314941406,502.0125427246094
85,2.0,69.0,267.0230712890625,441.19329833984375,348.5045166015625,502.4692077636719
86,2.0,69.0,268.4498596191406,441.22540283203125,350.738525390625,502.7646179199219
87,2.0,69.0,269.0217590332031,440.62548828125,352.8022766113281,504.76287841796875
88,2.0,69.0,269.7947998046875,441.0842590332031,355.63330078125,506.9302062988281
89,2.0,69.0,271.133544921875,441.17047119140625,358.3933410644531,507.86395263671875
90,2.0,69.0,272.8767395019531,442.30865478515625,361.01263427734375,509.2274475097656
91,2.0,69.0,274.69183349609375,442.89288330078125,363.8382873535156,510.5994873046875
92,2.0,69.0,275.8856506347656,440.1900329589844,367.4552001953125,511.6622314453125
93,2.0,69.0,276.5350036621094,439.16668701171875,371.5387878417969,512.5531005859375
94,2.0,69.0,278.4825439453125,439.7875671386719,374.89642333984375,513.47119140625
95,2.0,69.0,279.5560302734375,439.008056640625,377.4229431152344,514.0552368164062
96,2.0,69.0,281.0131530761719,437.899658203125,381.0323181152344,514.8424072265625
97,2.0,69.0,281.77618408203125,436.79437255859375,384.9728698730469,515.5980834960938
98,2.0,69.0,286.45513916015625,435.6424255371094,388.92694091796875,517.147216796875
99,2.0,69.0,287.7704162597656,434.7103271484375,393.076416015625,519.418212890625
100,2.0,69.0,289.7452392578125,433.7478942871094,397.2509765625,521.4099731445312
101,2.0,69.0,291.29345703125,433.3976745605469,402.63726806640625,523.169677734375
102,2.0,69.0,293.4687805175781,431.7768249511719,407.5276794433594,523.7974243164062
103,2.0,69.0,295.5747985839844,431.6570129394531,411.4603576660156,525.3163452148438
104,2.0,69.0,298.03033447265625,431.7814636230469,415.52471923828125,526.704833984375
105,2.0,69.0,300.54339599609375,431.9131774902344,421.775146484375,528.3615112304688
106,2.0,69.0,302.41717529296875,431.6116027832031,428.7605895996094,530.0826416015625
107,2.0,69.0,305.0091247558594,430.4142150878906,434.0303649902344,532.8590087890625
108,2.0,69.0,306.9884338378906,430.6634216308594,439.9809265136719,535.9739990234375
109,2.0,69.0,310.3053894042969,429.96588134765625,446.3779602050781,536.9755249023438
110,2.0,69.0,312.4158630371094,429.04547119140625,454.0887145996094,538.6907348632812
111,2.0,69.0,314.6015319824219,428.91064453125,462.2326965332031,540.8837890625
112,2.0,69.0,316.0191650390625,427.73492431640625,469.8823547363281,543.7855224609375
113,2.0,69.0,321.6860046386719,426.6412658691406,478.4898376464844,546.938720703125
114,2.0,69.0,325.88836669921875,424.89599609375,487.7532653808594,549.6478881835938
115,2.0,69.0,330.6131591796875,423.8807678222656,496.1767272949219,551.9918212890625
116,2.0,69.0,335.2193908691406,423.007568359375,505.86297607421875,555.6148681640625
117,2.0,69.0,338.9656066894531,422.77557373046875,517.4987182617188,559.9197387695312
118,2.0,69.0,342.74755859375,420.9312744140625,529.059326171875,563.6820068359375
119,2.0,69.0,348.2909240722656,418.7395324707031,542.2117309570312,567.2293701171875
120,2.0,69.0,354.7698669433594,417.0382995605469,554.911865234375,570.8736572265625
121,2.0,69.0,359.2133483886719,416.94757080078125,570.4942016601562,574.5215454101562
122,2.0,69.0,363.33917236328125,416.00390625,586.0181884765625,580.106689453125
123,2.0,69.0,370.2262268066406,414.6996154785156,603.3173217773438,585.3720703125
124,2.0,69.0,376.8758239746094,412.6018981933594,621.4998779296875,590.5645751953125
125,2.0,69.0,384.60638427734375,410.4686279296875,641.9725952148438,597.5855712890625
126,2.0,69.0,392.4570617675781,407.9372863769531,664.8992309570312,603.93212890625
127,2.0,69.0,401.156005859375,403.5101013183594,689.9869384765625,611.1172485351562
128,2.0,69.0,410.9810791015625,397.57476806640625,719.9012451171875,619.9015502929688
129,2.0,69.0,420.52496337890625,393.32208251953125,750.8438720703125,628.345458984375
130,2.0,69.0,432.4210510253906,389.7557067871094,785.1377563476562,639.6177368164062
131,2.0,69.0,445.5474853515625,383.80096435546875,825.1156616210938,650.6649169921875
132,2.0,69.0,459.82672119140625,382.4278869628906,872.5218505859375,664.5263061523438
133,2.0,69.0,475.6177978515625,379.5426025390625,925.9697875976562,679.8222045898438
134,2.0,69.0,494.64239501953125,374.9977111816406,988.0454711914062,699.689697265625
135,2.0,69.0,516.3890991210938,368.5654296875,1061.2183837890625,721.1216430664062
136,2.0,69.0,539.15576171875,359.8759765625,1149.394287109375,749.3309936523438
137,2.0,69.0,565.8602294921875,351.2594909667969,1253.9527587890625,782.3096313476562
138,2.0,69.0,598.7649536132812,341.61480712890625,1383.671630859375,822.7935180664062
139,2.0,69.0,639.1227416992188,329.13616943359375,1548.1484375,877.8929443359375
140,2.0,69.0,683.4638671875,314.1507568359375,1761.3221435546875,951.7205810546875
142,2.0,69.0,813.9845581054688,268.1719665527344,1920.0,1068.380859375
143,2.0,69.0,910.8912963867188,234.04747009277344,1920.0,1076.1588134765625
144,2.0,69.0,1039.7059326171875,190.506103515625,1920.0,1074.3104248046875
145,2.0,69.0,1215.5723876953125,158.85525512695312,1920.0,1079.2371826171875
