37,2.0,67.0,295.05731201171875,554.2208251953125,343.19610595703125,586.55224609375
38,2.0,67.0,295.51507568359375,555.5715942382812,343.1170654296875,586.487060546875
39,2.0,67.0,296.3581237792969,554.0106201171875,344.9405822753906,586.689453125
40,2.0,67.0,296.4048767089844,554.2459716796875,345.475830078125,586.956298828125
41,2.0,67.0,296.6935729980469,551.9768676757812,346.32452392578125,587.2630004882812
42,2.0,67.0,297.423583984375,553.1285400390625,347.0732421875,587.6459350585938
43,2.0,67.0,298.7844543457031,553.0894165039062,347.81549072265625,587.9185180664062
44,2.0,67.0,299.0529479980469,552.94384765625,347.7447204589844,588.3262329101562
45,2.0,67.0,299.0152282714844,551.4505004882812,350.42230224609375,588.7571411132812
46,2.0,67.0,300.0517883300781,549.4732666015625,351.7413024902344,589.134765625
47,2.0,67.0,300.3984375,550.9588012695312,352.6894836425781,589.0967407226562
48,2.0,67.0,301.12347412109375,548.7421264648438,354.2643127441406,588.548095703125
49,2.0,67.0,302.671142578125,551.1508178710938,355.202392578125,588.2648315429688
50,2.0,67.0,303.36279296875,553.3214111328125,356.7449035644531,588.403076171875
51,2.0,67.0,302.8423156738281,554.5486450195312,357.7213439941406,588.7872314453125
52,2.0,67.0,302.94036865234375,556.21044921875,357.4781799316406,589.2825317382812
53,2.0,67.0,303.83380126953125,556.2533569335938,359.6848449707031,589.9410400390625
54,2.0,67.0,305.1655578613281,554.8510131835938,361.3874816894531,590.7218627929688
55,2.0,67.0,305.25177001953125,554.3482055664062,363.17059326171875,591.1009521484375
56,2.0,67.0,306.56854248046875,552.6365356445312,364.0762939453125,590.95068359375
57,2.0,67.0,307.4164123535156,551.2416381835938,364.8172912597656,591.2384033203125
58,2.0,67.0,308.44384765625,549.6820068359375,366.0240478515625,591.7481689453125
59,2.0,67.0,308.9980773925781,548.9547119140625,368.8518981933594,591.8134765625
60,2.0,67.0,309.21917724609375,548.1647338867188,371.0345764160156,592.24560546875
61,2.0,67.0,309.6741638183594,549.256103515625,373.0130615234375,591.9754638671875
62,2.0,67.0,309.93707275390625,550.5026245117188,375.3055114746094,591.7405395507812
63,2.0,67.0,310.53912353515625,551.41650390625,376.0727233886719,592.6326904296875
64,2.0,67.0,311.1514587402344,551.1898803710938,378.2279357910156,593.6035766601562
65,2.0,67.0,312.4543762207031,550.0014038085938,379.3628234863281,594.6182250976562
66,2.0,67.0,313.8798522949219,549.8226318359375,382.09454345703125,595.3759765625
67,2.0,67.0,314.5501403808594,551.7101440429688,383.6995849609375,595.472900390625
68,2.0,67.0,314.196044921875,551.3368530273438,386.0190734863281,596.4825439453125
69,2.0,67.0,315.06683349609375,553.177001953125,387.6982421875,596.8858642578125
70,2.0,67.0,316.9563293457031,552.3179321289062,390.0908508300781,597.8031005859375
71,2.0,67.0,317.3418884277344,551.1153564453125,392.8074035644531,598.7316284179688
72,2.0,67.0,317.3273010253906,550.9352416992188,394.1341552734375,598.4118041992188
73,2.0,67.0,318.3206787109375,551.3710327148438,395.2575378417969,598.755859375
74,2.0,67.0,318.94482421875,549.178466796875,397.74273681640625,600.5550537109375
75,2.0,67.0,319.38385009765625,545.9794311523438,400.6445617675781,602.0184936523438
77,2.0,67.0,322.982666015625,539.9985961914062,404.9887390136719,603.0447387695312
78,2.0,67.0,324.22161865234375,539.8556518554688,407.92864990234375,604.1182861328125
79,2.0,67.0,324.7775573730469,542.4843139648438,410.4336242675781,605.7818603515625
80,2.0,67.0,325.48565673828125,540.7642211914062,414.1341247558594,606.6417846679688
81,2.0,67.0,326.66485595703125,539.6461181640625,418.4024353027344,607.612548828125
82,2.0,67.0,327.8750915527344,541.96533203125,421.8354187011719,608.9441528320312
83,2.0,67.0,330.23114013671875,539.92578125,424.9972229003906,609.4515991210938
84,2.0,67.0,331.2606506347656,537.4579467773438,425.997802734375,609.6513671875
85,2.0,67.0,331.59149169921875,534.4566040039062,429.5617980957031,610.2754516601562
86,2.0,67.0,333.4410095214844,534.6810913085938,433.08990478515625,611.0225830078125
87,2.0,67.0,335.21380615234375,534.5646362304688,435.84197998046875,612.1513061523438
88,2.0,67.0,337.307373046875,533.603271484375,440.05865478515625,613.6298217773438
89,2.0,67.0,339.04364013671875,532.7048950195312,443.62774658203125,616.1029663085938
90,2.0,67.0,341.40350341796875,532.3298950195312,447.3293151855469,617.6791381835938
91,2.0,67.0,343.56976318359375,530.2095947265625,452.3603515625,619.1011962890625
92,2.0,67.0,346.2869567871094,529.9146728515625,456.3124694824219,620.4684448242188
93,2.0,67.0,347.9715270996094,530.397705078125,460.95904541015625,621.6599731445312
94,2.0,67.0,349.155029296875,529.6150512695312,465.7469177246094,622.9930419921875
95,2.0,67.0,351.2309265136719,529.4742431640625,472.6445007324219,624.4962768554688
96,2.0,67.0,354.0723571777344,529.4957885742188,477.22625732421875,627.0440063476562
97,2.0,67.0,356.3526611328125,529.927001953125,483.00006103515625,630.1231079101562
98,2.0,67.0,358.89666748046875,529.1307373046875,489.0535888671875,632.4173583984375
99,2.0,67.0,361.4794921875,528.2611083984375,495.5238952636719,634.0589599609375
100,2.0,67.0,363.13092041015625,527.577392578125,503.1718444824219,636.1369018554688
101,2.0,67.0,364.5747375488281,527.210693359375,510.61822509765625,638.5790405273438
102,2.0,67.0,370.31365966796875,526.4490356445312,517.8058471679688,640.4234619140625
103,2.0,67.0,373.39019775390625,525.87109375,525.6988525390625,643.89208984375
104,2.0,67.0,376.0592041015625,524.9257202148438,533.701171875,646.2260131835938
105,2.0,67.0,380.5366516113281,523.4751586914062,542.8353881835938,647.9876708984375
106,2.0,67.0,384.4393615722656,522.6755981445312,551.4722900390625,651.3703002929688
107,2.0,67.0,386.9106750488281,521.5145874023438,561.8146362304688,654.17333984375
108,2.0,67.0,388.9736022949219,519.627685546875,572.9126586914062,657.7947998046875
109,2.0,67.0,393.9732360839844,518.3983154296875,585.4586181640625,661.7164306640625
110,2.0,67.0,401.33709716796875,517.0707397460938,597.529296875,665.4344482421875
111,2.0,67.0,407.1347961425781,517.0992431640625,610.8875732421875,668.4074096679688
112,2.0,67.0,410.0179748535156,514.8187255859375,624.7180786132812,672.4249267578125
113,2.0,67.0,416.5993347167969,513.5010986328125,641.4276733398438,678.98486328125
114,2.0,67.0,424.0673522949219,511.5288391113281,659.7173461914062,685.10009765625
115,2.0,67.0,431.61712646484375,509.39593505859375,678.2762451171875,691.7086181640625
116,2.0,67.0,437.4222106933594,506.5611267089844,698.8170776367188,698.9082641601562
117,2.0,67.0,444.56884765625,502.3245544433594,722.1052856445312,705.6491088867188
118,2.0,67.0,453.5958557128906,498.5809020996094,746.9701538085938,713.3002319335938
119,2.0,67.0,463.7082214355469,493.2275085449219,776.1382446289062,721.2400512695312
120,2.0,67.0,474.7890319824219,488.21600341796875,807.7290649414062,729.6572875976562
121,2.0,67.0,485.4521484375,485.345947265625,842.2418823242188,739.1968383789062
122,2.0,67.0,498.2475891113281,482.3728942871094,882.3544921875,750.93896484375
123,2.0,67.0,511.2911071777344,480.9107360839844,928.66845703125,764.012451171875
124,2.0,67.0,528.4998168945312,480.878173828125,981.1657104492188,779.228271484375
125,2.0,67.0,545.5065307617188,477.70074462890625,1043.271484375,798.15869140625
126,2.0,67.0,567.1412353515625,470.896484375,1115.4500732421875,820.7804565429688
127,2.0,67.0,591.405517578125,461.6034851074219,1200.428466796875,846.7965087890625
128,2.0,67.0,617.9951782226562,451.9490966796875,1303.158447265625,878.7374877929688
129,2.0,67.0,649.68701171875,441.4082946777344,1427.5211181640625,918.515380859375
130,2.0,67.0,687.5878295898438,429.4781188964844,1584.4190673828125,972.0679931640625
131,2.0,67.0,732.693603515625,415.8598937988281,1787.4945068359375,1034.3729248046875
132,2.0,67.0,785.9669799804688,396.6427307128906,1888.11376953125,1064.6658935546875
133,2.0,67.0,856.4207153320312,372.6087646484375,1920.0,1078.1224365234375
134,2.0,67.0,946.519775390625,341.9745178222656,1920.0,1078.9993896484375
135,2.0,67.0,1062.279296875,299.3802795410156,1920.0,1077.545654296875
136,2.0,67.0,1220.6217041015625,260.88336181640625,1920.0,1077.89453125
137,2.0,67.0,1437.5257568359375,260.0890808105469,1920.0,1080.0
