15,2.0,55.0,153.90248107910156,484.5694274902344,200.66481018066406,518.1723022460938
16,2.0,55.0,153.65577697753906,482.644287109375,201.3953399658203,518.5066528320312
17,2.0,55.0,153.79165649414062,481.3370361328125,200.72715759277344,518.3224487304688
18,2.0,55.0,153.9877471923828,481.18597412109375,202.6196746826172,518.3251953125
19,2.0,55.0,154.35716247558594,482.0498352050781,204.41848754882812,519.798828125
20,2.0,55.0,155.20028686523438,482.29669189453125,206.00393676757812,519.4814453125
21,2.0,55.0,154.8329620361328,482.7443542480469,206.63235473632812,519.52978515625
22,2.0,55.0,155.3528289794922,483.7395935058594,207.7946014404297,519.0210571289062
23,2.0,55.0,155.7027130126953,483.3779296875,208.95782470703125,520.0869140625
24,2.0,55.0,155.59840393066406,481.6849365234375,209.86285400390625,520.7035522460938
25,2.0,55.0,155.46998596191406,481.3963623046875,210.2982635498047,520.940185546875
26,2.0,55.0,156.25631713867188,482.1576843261719,211.53346252441406,521.44189453125
27,2.0,55.0,156.6660919189453,481.7887268066406,212.64939880371094,521.9408569335938
28,2.0,55.0,156.4759979248047,481.3665771484375,212.9643096923828,522.0645141601562
29,2.0,55.0,157.19273376464844,482.38671875,213.6603546142578,522.2415771484375
30,2.0,55.0,157.8262939453125,482.58319091796875,215.2908477783203,522.9571533203125
31,2.0,55.0,158.0803680419922,480.983642578125,215.71051025390625,523.14697265625
32,2.0,55.0,158.76658630371094,481.4339294433594,215.93101501464844,523.906005859375
33,2.0,55.0,158.45001220703125,480.5323791503906,217.40672302246094,524.8377685546875
34,2.0,55.0,160.5001983642578,479.725830078125,218.5623779296875,524.6513671875
35,2.0,55.0,160.54151916503906,479.3218078613281,218.7390594482422,524.8212280273438
36,2.0,55.0,160.1217041015625,479.6723327636719,219.68838500976562,525.5733642578125
37,2.0,55.0,160.0133514404297,479.8331298828125,220.93612670898438,525.8046875
38,2.0,55.0,159.55267333984375,480.25347900390625,221.57583618164062,525.8475952148438
39,2.0,55.0,162.04876708984375,479.90496826171875,222.20431518554688,526.3763427734375
40,2.0,55.0,163.1714630126953,478.6884460449219,222.76612854003906,526.213623046875
41,2.0,55.0,164.01527404785156,477.9061279296875,223.4119415283203,526.1456298828125
42,2.0,55.0,164.23997497558594,477.66351318359375,225.64801025390625,526.4518432617188
43,2.0,55.0,163.38815307617188,477.63311767578125,226.7012481689453,526.6536254882812
44,2.0,55.0,163.5634307861328,477.7297668457031,227.35122680664062,527.0331420898438
45,2.0,55.0,163.85789489746094,478.033203125,228.42848205566406,527.673095703125
46,2.0,55.0,164.4745635986328,477.6023254394531,228.93212890625,527.8729858398438
47,2.0,55.0,165.00869750976562,477.3821105957031,230.25341796875,527.8753051757812
48,2.0,55.0,165.8753662109375,477.3606262207031,231.5955047607422,528.35205078125
49,2.0,55.0,167.04452514648438,477.556640625,232.41888427734375,528.525634765625
50,2.0,55.0,167.68801879882812,477.510498046875,234.097412109375,528.8361206054688
51,2.0,55.0,167.4393768310547,478.5141906738281,236.08251953125,530.923095703125
52,2.0,55.0,168.40771484375,476.40179443359375,237.4630126953125,530.3172607421875
53,2.0,55.0,168.42494201660156,477.2015686035156,240.51715087890625,530.412353515625
54,2.0,55.0,169.86746215820312,477.0433654785156,242.0779571533203,531.3519897460938
55,2.0,55.0,169.5854034423828,475.853759765625,243.54241943359375,532.5021362304688
56,2.0,55.0,168.6454620361328,476.7273864746094,245.68028259277344,533.7285766601562
57,2.0,55.0,169.27171325683594,476.2176208496094,247.92958068847656,533.9551391601562
58,2.0,55.0,169.10369873046875,473.9137268066406,250.0200958251953,533.2891845703125
59,2.0,55.0,169.26068115234375,472.9636535644531,252.2596435546875,533.32958984375
60,2.0,55.0,169.90365600585938,469.2012023925781,253.9560546875,533.8134155273438
61,2.0,55.0,171.52027893066406,469.588134765625,254.34019470214844,533.531494140625
62,2.0,55.0,172.58456420898438,470.8700866699219,254.9943389892578,534.202880859375
63,2.0,55.0,173.85507202148438,472.34149169921875,256.984619140625,534.7905883789062
64,2.0,55.0,173.90298461914062,475.1227722167969,259.5484313964844,536.233642578125
65,2.0,55.0,176.4476776123047,475.90838623046875,262.1025695800781,536.633544921875
66,2.0,55.0,176.94496154785156,474.8409423828125,264.4471130371094,537.3792114257812
67,2.0,55.0,179.0764617919922,474.67901611328125,266.5857238769531,538.0187377929688
68,2.0,55.0,179.58836364746094,474.4300231933594,269.3661193847656,538.336669921875
69,2.0,55.0,180.71017456054688,469.0483093261719,272.791259765625,539.0496215820312
70,2.0,55.0,181.0952606201172,470.6221008300781,275.8279724121094,540.2987060546875
71,2.0,55.0,181.21530151367188,467.889892578125,277.94439697265625,543.055908203125
72,2.0,55.0,182.34744262695312,466.2617492675781,279.0386657714844,543.833251953125
73,2.0,55.0,183.66172790527344,465.6165466308594,280.0355224609375,543.9535522460938
74,2.0,55.0,185.07862854003906,465.3224792480469,283.44830322265625,545.1369018554688
75,2.0,55.0,186.57757568359375,465.82318115234375,286.6583557128906,545.9122314453125
76,2.0,55.0,189.4194793701172,465.83587646484375,290.9584655761719,546.41796875
77,2.0,55.0,191.01028442382812,465.6734924316406,293.68890380859375,547.2073974609375
78,2.0,55.0,192.29515075683594,464.6894836425781,296.329833984375,548.72412109375
79,2.0,55.0,193.19178771972656,464.322998046875,300.3143005371094,549.8035888671875
80,2.0,55.0,195.03248596191406,464.1232604980469,303.50958251953125,550.33984375
81,2.0,55.0,196.04962158203125,464.08087158203125,307.3778381347656,551.4351806640625
82,2.0,55.0,197.80917358398438,463.7977294921875,310.1576232910156,552.0084228515625
83,2.0,55.0,198.15220642089844,463.84002685546875,314.2279357910156,553.3050537109375
84,2.0,55.0,201.9427032470703,463.1988830566406,316.9433288574219,555.2916870117188
85,2.0,55.0,203.2533416748047,462.905029296875,320.9066162109375,556.041015625
86,2.0,55.0,205.19259643554688,462.62750244140625,326.9998474121094,558.6283569335938
87,2.0,55.0,206.48162841796875,461.8486633300781,332.4456787109375,560.6785888671875
88,2.0,55.0,207.7539825439453,459.71258544921875,335.78057861328125,561.6467895507812
89,2.0,55.0,210.1560821533203,458.9745788574219,340.1260681152344,561.9474487304688
90,2.0,55.0,212.87930297851562,458.0875244140625,345.5657653808594,563.0259399414062
91,2.0,55.0,213.2715301513672,457.5696105957031,350.71453857421875,564.6181640625
92,2.0,55.0,214.9796600341797,456.1923828125,356.8433532714844,566.9593505859375
93,2.0,55.0,216.74742126464844,455.6341552734375,361.8644104003906,569.2321166992188
94,2.0,55.0,218.58932495117188,455.41748046875,368.03668212890625,572.1884155273438
95,2.0,55.0,220.39735412597656,454.512939453125,373.8984680175781,574.6048583984375
96,2.0,55.0,224.0489044189453,453.7213439941406,381.6929016113281,575.3453979492188
97,2.0,55.0,227.77024841308594,452.6710205078125,388.45989990234375,576.9918823242188
98,2.0,55.0,232.41073608398438,451.61956787109375,393.96368408203125,579.7037963867188
99,2.0,55.0,237.7026824951172,449.83709716796875,401.892333984375,583.29931640625
100,2.0,55.0,240.4567108154297,449.2652893066406,408.8970642089844,585.4082641601562
101,2.0,55.0,242.13446044921875,448.8511047363281,418.1719665527344,587.710205078125
102,2.0,55.0,246.35963439941406,448.9050598144531,427.53985595703125,591.2090454101562
103,2.0,55.0,247.9713592529297,447.9089050292969,436.1319885253906,594.5094604492188
104,2.0,55.0,249.90126037597656,447.060791015625,446.8110046386719,596.769775390625
105,2.0,55.0,255.18081665039062,446.2692565917969,457.4637756347656,600.249755859375
106,2.0,55.0,259.3962707519531,445.2537536621094,468.4236755371094,605.0467529296875
107,2.0,55.0,263.57318115234375,443.50341796875,479.8638916015625,609.4385375976562
108,2.0,55.0,267.3228454589844,441.57122802734375,492.73687744140625,612.749267578125
109,2.0,55.0,272.4404296875,439.1932373046875,505.8922119140625,617.3068237304688
110,2.0,55.0,278.44384765625,438.5688171386719,520.1868896484375,621.1521606445312
111,2.0,55.0,284.1009521484375,439.42486572265625,535.9758911132812,624.4255981445312
112,2.0,55.0,288.53497314453125,436.2640380859375,552.423095703125,629.5387573242188
113,2.0,55.0,295.8190002441406,435.4737854003906,570.3677978515625,634.361572265625
114,2.0,55.0,301.3403015136719,433.0523376464844,591.3571166992188,642.1378173828125
115,2.0,55.0,307.4424743652344,427.22540283203125,611.9426879882812,647.90478515625
116,2.0,55.0,315.5195617675781,425.72918701171875,635.7606811523438,655.4585571289062
117,2.0,55.0,324.04351806640625,420.4386901855469,660.9728393554688,662.5003662109375
118,2.0,55.0,336.52581787109375,418.5638122558594,689.0715942382812,672.0325927734375
119,2.0,55.0,345.9876708984375,417.2364196777344,720.127197265625,681.6949462890625
120,2.0,55.0,356.3292541503906,413.37799072265625,754.076171875,691.21533203125
121,2.0,55.0,368.95965576171875,411.13873291015625,792.8246459960938,701.8935546875
122,2.0,55.0,380.5873718261719,408.413330078125,835.425048828125,715.0997314453125
123,2.0,55.0,393.7104797363281,406.4158630371094,883.642333984375,729.3543701171875
124,2.0,55.0,410.38580322265625,401.0252990722656,937.3963623046875,745.0313110351562
125,2.0,55.0,427.4339294433594,395.28619384765625,1002.1095581054688,767.0532836914062
126,2.0,55.0,446.4528503417969,388.70306396484375,1072.474853515625,790.1648559570312
127,2.0,55.0,468.7699279785156,381.77374267578125,1157.4293212890625,815.9317626953125
128,2.0,55.0,491.57257080078125,372.75396728515625,1255.392822265625,847.4832153320312
129,2.0,55.0,519.9202270507812,365.3841552734375,1374.908203125,889.2659301757812
130,2.0,55.0,559.0006713867188,355.1378479003906,1514.7667236328125,937.9341430664062
131,2.0,55.0,596.1476440429688,343.7982177734375,1687.17529296875,1003.7435302734375
132,2.0,55.0,638.4534912109375,327.9461364746094,1847.5548095703125,1055.1263427734375
133,2.0,55.0,691.9161987304688,312.01385498046875,1915.26318359375,1078.494384765625
134,2.0,55.0,760.2258911132812,290.12152099609375,1920.0,1080.0
135,2.0,55.0,842.8770751953125,263.5870361328125,1920.0,1080.0
136,2.0,55.0,945.9832153320312,233.1028594970703,1920.0,1079.706298828125
137,2.0,55.0,1075.54150390625,190.95599365234375,1920.0,1077.6160888671875
138,2.0,55.0,1239.7279052734375,181.03216552734375,1920.0,1078.3536376953125
