16,2.0,45.0,252.00982666015625,580.2921752929688,323.45263671875,635.9361572265625
17,2.0,45.0,253.01341247558594,582.4169311523438,323.1721496582031,636.3233032226562
18,2.0,45.0,253.7926788330078,579.1504516601562,323.9804382324219,637.55322265625
19,2.0,45.0,254.78843688964844,578.5186157226562,325.0718994140625,638.5851440429688
20,2.0,45.0,256.3428955078125,577.1885986328125,325.11846923828125,639.0077514648438
21,2.0,45.0,256.79473876953125,576.6996459960938,326.2995300292969,639.0531616210938
22,2.0,45.0,258.658935546875,576.5205688476562,327.2134704589844,639.0003051757812
23,2.0,45.0,258.93206787109375,575.4223022460938,326.9911804199219,639.55029296875
24,2.0,45.0,258.8650207519531,574.415771484375,327.9237365722656,639.944091796875
25,2.0,45.0,258.4637145996094,576.7033081054688,328.4556884765625,639.0164794921875
26,2.0,45.0,257.27099609375,577.1812133789062,330.13592529296875,639.9141845703125
27,2.0,45.0,259.0518798828125,573.6068115234375,333.5497741699219,639.8580932617188
28,2.0,45.0,259.9208679199219,573.454833984375,335.4769287109375,640.4888916015625
29,2.0,45.0,260.58294677734375,573.0880737304688,336.5669860839844,641.0901489257812
30,2.0,45.0,260.5470886230469,572.0086059570312,337.61993408203125,641.8973999023438
31,2.0,45.0,260.2796630859375,571.34814453125,338.6519470214844,642.6630249023438
32,2.0,45.0,261.3219299316406,573.6859130859375,339.4036560058594,643.1181640625
33,2.0,45.0,262.1499328613281,573.7425537109375,340.9700012207031,643.123291015625
34,2.0,45.0,262.8768615722656,572.18359375,343.0857238769531,643.3857421875
35,2.0,45.0,262.78399658203125,569.9682006835938,345.10247802734375,643.6182250976562
36,2.0,45.0,262.8277587890625,568.9837036132812,346.0174255371094,643.6412353515625
37,2.0,45.0,263.5787658691406,568.1492309570312,347.9841003417969,643.8903198242188
38,2.0,45.0,263.6131896972656,568.3653564453125,349.1920166015625,643.85400390625
39,2.0,45.0,263.45721435546875,568.052978515625,350.7035217285156,644.3068237304688
40,2.0,45.0,263.6948547363281,566.8243408203125,352.0984802246094,644.8478393554688
42,2.0,45.0,263.95819091796875,567.0316772460938,353.96820068359375,645.3975830078125
43,2.0,45.0,264.4410095214844,568.4086303710938,354.68316650390625,645.6082763671875
44,2.0,45.0,265.6091613769531,569.5089721679688,355.67034912109375,646.0217895507812
45,2.0,45.0,266.01385498046875,569.555419921875,358.2184143066406,646.5869750976562
46,2.0,45.0,266.3930358886719,571.7036743164062,359.8062744140625,647.8955078125
47,2.0,45.0,267.1022644042969,571.6346435546875,362.6320495605469,648.422119140625
48,2.0,45.0,268.35577392578125,571.383056640625,363.4689636230469,648.1500854492188
49,2.0,45.0,269.4252014160156,571.787109375,364.26959228515625,648.8182983398438
50,2.0,45.0,270.5011901855469,572.0199584960938,365.8360290527344,649.4472045898438
51,2.0,45.0,271.1704406738281,571.5852661132812,369.0226135253906,650.8887939453125
52,2.0,45.0,272.143310546875,570.2955932617188,372.8923034667969,651.5543212890625
53,2.0,45.0,272.3660888671875,570.17138671875,375.6181335449219,652.418212890625
54,2.0,45.0,273.1324768066406,569.5845947265625,378.5526428222656,653.1057739257812
55,2.0,45.0,274.6746826171875,569.233642578125,380.0447998046875,654.649169921875
56,2.0,45.0,275.7713623046875,569.5983276367188,379.7593994140625,655.6248779296875
57,2.0,45.0,276.1882629394531,569.7418823242188,380.3575744628906,656.3383178710938
58,2.0,45.0,277.32403564453125,570.3281860351562,382.37762451171875,656.57763671875
59,2.0,45.0,277.9653625488281,570.4677124023438,385.1748962402344,657.5933227539062
60,2.0,45.0,280.0436706542969,570.0805053710938,387.3352355957031,658.1256713867188
61,2.0,45.0,279.6432189941406,569.9970703125,389.30670166015625,658.6041870117188
62,2.0,45.0,279.1325988769531,569.3287353515625,391.5032958984375,658.76416015625
63,2.0,45.0,280.85675048828125,569.1071166992188,395.018798828125,659.5316162109375
64,2.0,45.0,281.8862609863281,568.7612915039062,398.52996826171875,661.7147216796875
65,2.0,45.0,283.6566467285156,569.3243408203125,400.47967529296875,661.6412963867188
66,2.0,45.0,287.0965881347656,568.8971557617188,401.96185302734375,661.8309936523438
67,2.0,45.0,288.07757568359375,568.2643432617188,404.623291015625,662.4536743164062
68,2.0,45.0,289.1813049316406,567.6719360351562,406.839599609375,663.2985229492188
69,2.0,45.0,288.91766357421875,567.8958129882812,409.92431640625,665.6082153320312
70,2.0,45.0,288.6522216796875,568.0361938476562,413.33746337890625,667.05078125
71,2.0,45.0,289.1074523925781,567.8631591796875,415.97698974609375,668.9114379882812
72,2.0,45.0,289.6532897949219,567.3381958007812,419.5014953613281,669.150146484375
73,2.0,45.0,290.56781005859375,566.3057250976562,423.2327575683594,670.429443359375
74,2.0,45.0,292.9903869628906,565.7608642578125,427.5591735839844,671.4678955078125
75,2.0,45.0,292.65643310546875,565.6163940429688,430.69500732421875,672.5761108398438
76,2.0,45.0,294.8985900878906,565.6172485351562,432.7216491699219,673.664306640625
77,2.0,45.0,297.1839599609375,563.6167602539062,436.1139831542969,673.8787231445312
78,2.0,45.0,297.95819091796875,561.2657470703125,439.3055419921875,674.70556640625
79,2.0,45.0,299.76617431640625,560.6888427734375,443.2921142578125,676.7169799804688
80,2.0,45.0,301.01666259765625,559.6068725585938,449.250732421875,678.99951171875
81,2.0,45.0,301.6249694824219,559.1672973632812,453.4292297363281,680.2479248046875
82,2.0,45.0,302.43817138671875,558.7244873046875,455.7228088378906,681.4730224609375
83,2.0,45.0,303.9222717285156,558.5588989257812,460.6050109863281,682.7919921875
84,2.0,45.0,306.52093505859375,558.015625,464.70391845703125,684.3834228515625
85,2.0,45.0,308.5645751953125,557.576416015625,471.53936767578125,686.0654296875
86,2.0,45.0,309.58282470703125,556.1824340820312,477.9476318359375,687.5016479492188
87,2.0,45.0,311.0611877441406,555.4183349609375,481.1536865234375,688.9186401367188
88,2.0,45.0,311.8830871582031,554.8385009765625,487.2937316894531,691.6752319335938
89,2.0,45.0,312.2654113769531,554.7975463867188,492.2294616699219,693.7076416015625
90,2.0,45.0,316.04547119140625,553.7265014648438,498.1562805175781,696.0858764648438
91,2.0,45.0,318.9790954589844,554.0154418945312,503.22467041015625,698.2864990234375
92,2.0,45.0,322.22027587890625,553.3724975585938,509.0693054199219,700.41357421875
93,2.0,45.0,323.9051818847656,552.4638671875,516.3055419921875,702.6604614257812
94,2.0,45.0,325.831298828125,550.9987182617188,523.3607788085938,705.5191040039062
95,2.0,45.0,330.8907775878906,550.2183227539062,531.274169921875,708.7523193359375
96,2.0,45.0,338.36358642578125,549.1554565429688,537.8828125,711.507080078125
97,2.0,45.0,338.58349609375,548.4912719726562,545.6856079101562,714.2993774414062
98,2.0,45.0,338.2264404296875,548.3355102539062,553.2116088867188,716.73876953125
99,2.0,45.0,339.4931335449219,548.38134765625,562.3814086914062,718.355224609375
100,2.0,45.0,340.8914794921875,547.2147827148438,572.1182861328125,721.5106201171875
101,2.0,45.0,344.3664855957031,543.6121826171875,581.4285888671875,726.2969970703125
102,2.0,45.0,347.1890869140625,540.7549438476562,591.844970703125,728.8250122070312
103,2.0,45.0,352.5715026855469,541.90771484375,601.4854736328125,731.3580322265625
104,2.0,45.0,357.5832214355469,540.9083862304688,612.697509765625,734.5997924804688
105,2.0,45.0,359.68585205078125,540.9793701171875,624.0618286132812,738.9083251953125
106,2.0,45.0,363.05523681640625,537.9765014648438,637.3013916015625,742.350341796875
107,2.0,45.0,367.3271179199219,535.8241577148438,650.168701171875,747.8516235351562
108,2.0,45.0,371.1312255859375,534.7954711914062,663.4078369140625,752.548095703125
109,2.0,45.0,376.0296936035156,533.1541137695312,679.1575927734375,757.6130981445312
110,2.0,45.0,380.9705505371094,531.4928588867188,694.1289672851562,762.9053344726562
111,2.0,45.0,385.1236267089844,528.7000122070312,711.0913696289062,768.2194213867188
112,2.0,45.0,390.6546325683594,527.3589477539062,729.5889892578125,774.3971557617188
113,2.0,45.0,395.9216613769531,525.6092529296875,748.006591796875,778.3388671875
114,2.0,45.0,403.71875,523.9642944335938,769.7198486328125,785.9061889648438
115,2.0,45.0,408.418212890625,522.3186645507812,792.0648193359375,793.7753295898438
116,2.0,45.0,416.20953369140625,520.5817260742188,815.1612548828125,801.4946899414062
117,2.0,45.0,423.558349609375,518.7693481445312,841.8084106445312,809.7596435546875
118,2.0,45.0,431.3570556640625,514.9461059570312,871.9140014648438,819.938720703125
119,2.0,45.0,440.43682861328125,514.2157592773438,902.4647827148438,827.7342529296875
120,2.0,45.0,449.2327575683594,511.42315673828125,936.3456420898438,837.3534545898438
121,2.0,45.0,457.87158203125,507.011474609375,973.1555786132812,851.4158935546875
122,2.0,45.0,468.236572265625,503.9117736816406,1015.317626953125,865.398193359375
123,2.0,45.0,479.03253173828125,498.48577880859375,1061.4208984375,878.6226196289062
124,2.0,45.0,490.81298828125,494.120361328125,1111.393310546875,897.1300659179688
125,2.0,45.0,502.8344421386719,488.85406494140625,1167.2451171875,913.5089111328125
126,2.0,45.0,519.30224609375,483.9118957519531,1230.569580078125,936.580078125
127,2.0,45.0,535.5777587890625,478.28607177734375,1302.2476806640625,961.5197143554688
128,2.0,45.0,552.8195190429688,470.8252258300781,1382.9271240234375,990.6787109375
129,2.0,45.0,571.1607666015625,463.31671142578125,1477.204833984375,1024.659423828125
130,2.0,45.0,591.5059204101562,453.05535888671875,1583.8714599609375,1057.2235107421875
131,2.0,45.0,616.6583862304688,443.2409362792969,1705.925537109375,1070.1865234375
132,2.0,45.0,645.7122192382812,431.4431457519531,1852.842529296875,1076.7569580078125
133,2.0,45.0,665.0662841796875,420.44586181640625,1914.125,1078.4954833984375
135,2.0,45.0,748.816650390625,383.8712158203125,1920.0,1080.0
136,2.0,45.0,799.4935302734375,361.06951904296875,1920.0,1078.82763671875
137,2.0,45.0,858.8201904296875,332.50738525390625,1920.0,1074.6641845703125
138,2.0,45.0,927.8928833007812,301.70257568359375,1920.0,1072.2911376953125
139,2.0,45.0,1006.8448486328125,260.7455749511719,1920.0,1070.90234375
140,2.0,45.0,1104.2879638671875,216.43215942382812,1920.0,1070.83984375
141,2.0,45.0,1216.3087158203125,214.90516662597656,1920.0,1074.7568359375
