40,2.0,53.0,229.10655212402344,426.9425354003906,284.1009216308594,470.318359375
41,2.0,53.0,229.05706787109375,426.62677001953125,285.0934143066406,471.3010559082031
42,2.0,53.0,228.62135314941406,426.7702331542969,286.0739440917969,472.2075500488281
43,2.0,53.0,229.59442138671875,428.3145751953125,286.49072265625,472.65118408203125
44,2.0,53.0,230.89865112304688,430.89068603515625,286.70751953125,472.2060546875
45,2.0,53.0,232.85845947265625,431.7973327636719,289.2313537597656,472.6213073730469
46,2.0,53.0,232.86192321777344,430.6299133300781,290.8402099609375,472.8830871582031
47,2.0,53.0,232.448974609375,431.17431640625,291.3701171875,473.2863464355469
48,2.0,53.0,232.830078125,430.3034973144531,291.9071960449219,473.3226013183594
49,2.0,53.0,232.66897583007812,429.4331359863281,292.3739318847656,472.7492370605469
50,2.0,53.0,233.1671600341797,429.475830078125,292.6875915527344,472.21563720703125
51,2.0,53.0,232.7566680908203,429.23248291015625,294.3519592285156,472.9550476074219
52,2.0,53.0,232.2257080078125,428.4524841308594,294.96380615234375,473.1241455078125
53,2.0,53.0,233.35458374023438,427.7895812988281,295.1398010253906,472.2583312988281
54,2.0,53.0,235.02920532226562,427.5469055175781,296.3169250488281,472.7045593261719
55,2.0,53.0,236.3042755126953,427.3934020996094,297.98187255859375,473.337890625
56,2.0,53.0,237.00294494628906,427.7167053222656,299.2027587890625,473.7718200683594
57,2.0,53.0,237.00279235839844,426.3149108886719,301.3071594238281,474.35931396484375
58,2.0,53.0,237.2356719970703,426.6281433105469,302.75909423828125,474.9779357910156
59,2.0,53.0,238.17874145507812,427.1471252441406,303.5131530761719,474.9730224609375
60,2.0,53.0,239.20701599121094,426.8493347167969,304.6027526855469,475.6671447753906
61,2.0,53.0,240.00762939453125,427.22900390625,305.3153991699219,475.552734375
62,2.0,53.0,240.4324493408203,427.93524169921875,305.51568603515625,475.4030456542969
63,2.0,53.0,240.7423553466797,428.8354797363281,306.1137390136719,475.833251953125
64,2.0,53.0,240.81439208984375,430.9087219238281,306.7511901855469,476.1531677246094
65,2.0,53.0,241.05255126953125,430.745361328125,310.7845764160156,477.0777282714844
66,2.0,53.0,240.5259246826172,428.3683166503906,315.22784423828125,477.7505798339844
67,2.0,53.0,240.5859375,427.8829650878906,317.377685546875,477.5307312011719
68,2.0,53.0,239.84844970703125,428.8454895019531,318.5735168457031,478.40911865234375
69,2.0,53.0,240.33592224121094,418.6631164550781,319.5802307128906,479.6219482421875
70,2.0,53.0,240.7134246826172,414.7879333496094,320.11163330078125,480.3499450683594
71,2.0,53.0,241.0980224609375,420.8555908203125,321.37091064453125,481.39837646484375
72,2.0,53.0,241.0668487548828,418.28375244140625,321.6513366699219,481.7336120605469
73,2.0,53.0,241.10960388183594,414.1208801269531,323.0021057128906,482.0475769042969
74,2.0,53.0,241.15280151367188,410.4817810058594,324.2401123046875,481.91314697265625
75,2.0,53.0,241.4901885986328,414.3187561035156,327.51171875,482.9214782714844
76,2.0,53.0,243.4298858642578,417.6262512207031,327.8818664550781,482.7858581542969
77,2.0,53.0,244.836181640625,423.8541259765625,329.46514892578125,484.28472900390625
78,2.0,53.0,244.12860107421875,423.58258056640625,331.4709777832031,485.3257141113281
79,2.0,53.0,246.55027770996094,420.07562255859375,331.7876892089844,485.009033203125
80,2.0,53.0,249.0895538330078,419.9425964355469,333.8609313964844,484.4916076660156
81,2.0,53.0,252.8157501220703,420.7497863769531,335.8468933105469,484.73779296875
82,2.0,53.0,254.52633666992188,419.51483154296875,337.43072509765625,484.696044921875
83,2.0,53.0,254.1201934814453,418.4378662109375,340.849365234375,486.8843994140625
84,2.0,53.0,254.74342346191406,417.31396484375,343.8580322265625,487.6372985839844
85,2.0,53.0,255.19981384277344,415.921142578125,347.255859375,487.72576904296875
86,2.0,53.0,255.06105041503906,415.6385803222656,350.1583251953125,488.76708984375
87,2.0,53.0,255.67910766601562,413.165283203125,353.0518493652344,489.6402587890625
88,2.0,53.0,256.234375,412.43658447265625,353.8970031738281,490.05206298828125
89,2.0,53.0,257.46270751953125,412.4045715332031,356.6675720214844,490.61492919921875
90,2.0,53.0,259.1631164550781,412.63604736328125,358.5334777832031,491.447265625
91,2.0,53.0,262.5663146972656,412.8348388671875,360.6441345214844,491.7503356933594
92,2.0,53.0,264.6253662109375,412.9981384277344,363.8077392578125,492.766845703125
93,2.0,53.0,265.474609375,412.7283020019531,367.5342712402344,493.6202392578125
94,2.0,53.0,266.6964416503906,412.3742370605469,369.72259521484375,494.2716979980469
95,2.0,53.0,266.8613586425781,411.6678161621094,372.6705322265625,495.9398498535156
96,2.0,53.0,267.69793701171875,409.8108215332031,374.9919128417969,498.211181640625
97,2.0,53.0,268.2419128417969,409.9806213378906,377.6989440917969,498.09686279296875
98,2.0,53.0,269.55517578125,408.6769714355469,380.2952575683594,500.2145080566406
99,2.0,53.0,269.26824951171875,409.3489990234375,384.0426940917969,501.22021484375
100,2.0,53.0,270.3121032714844,409.72314453125,387.4721984863281,501.9235534667969
101,2.0,53.0,272.4442138671875,408.869384765625,390.9502868652344,502.9049072265625
102,2.0,53.0,275.3533935546875,408.47772216796875,394.9765930175781,503.90484619140625
103,2.0,53.0,277.6230163574219,407.2774353027344,400.1178894042969,504.4462585449219
104,2.0,53.0,279.63201904296875,406.4114685058594,404.72698974609375,506.430908203125
105,2.0,53.0,280.6282958984375,406.1189880371094,408.34088134765625,509.80615234375
106,2.0,53.0,282.45123291015625,405.1350402832031,412.8436279296875,511.22576904296875
107,2.0,53.0,285.86199951171875,405.4067077636719,417.97247314453125,512.5422973632812
108,2.0,53.0,286.4831848144531,404.3367614746094,423.3606262207031,513.546875
109,2.0,53.0,285.7543640136719,403.9795227050781,429.6075439453125,514.1852416992188
110,2.0,53.0,286.3359375,403.00555419921875,434.2455139160156,515.603515625
111,2.0,53.0,287.06451416015625,402.2120056152344,437.9372863769531,516.6838989257812
112,2.0,53.0,288.8369445800781,401.3626708984375,443.4927673339844,518.703369140625
113,2.0,53.0,291.8585510253906,400.5606384277344,449.7960510253906,522.6744384765625
114,2.0,53.0,297.23480224609375,399.53131103515625,455.7017517089844,523.1966552734375
115,2.0,53.0,301.326416015625,399.29034423828125,462.46539306640625,525.5220947265625
116,2.0,53.0,302.953369140625,398.8421325683594,469.7971496582031,527.5711059570312
117,2.0,53.0,306.0091247558594,398.0736999511719,476.7909851074219,530.2398681640625
118,2.0,53.0,312.96875,396.1793212890625,484.0647277832031,532.269287109375
119,2.0,53.0,317.3016662597656,395.2174377441406,492.2170715332031,536.41943359375
120,2.0,53.0,316.99737548828125,393.55364990234375,500.47186279296875,538.2012939453125
121,2.0,53.0,319.2772521972656,392.23040771484375,509.0663757324219,540.7752075195312
122,2.0,53.0,321.533447265625,391.12115478515625,519.2147827148438,543.9785766601562
123,2.0,53.0,324.4091491699219,391.07275390625,528.799072265625,546.7666015625
124,2.0,53.0,326.7861328125,389.00872802734375,538.9619750976562,550.2676391601562
125,2.0,53.0,331.5028991699219,387.91192626953125,549.5818481445312,553.6956176757812
126,2.0,53.0,335.33563232421875,386.4673767089844,562.2017211914062,556.1796875
127,2.0,53.0,339.40362548828125,386.1884460449219,574.1758422851562,560.2582397460938
128,2.0,53.0,346.00592041015625,384.2758483886719,588.387451171875,564.9312133789062
129,2.0,53.0,351.8324890136719,380.46258544921875,601.728271484375,568.8193359375
130,2.0,53.0,356.9461364746094,378.1081848144531,616.8323364257812,574.2449951171875
131,2.0,53.0,360.55108642578125,376.1798400878906,633.1527099609375,579.2736206054688
132,2.0,53.0,367.8052978515625,374.7843933105469,650.1641235351562,584.0806884765625
133,2.0,53.0,372.6423034667969,373.5780334472656,668.7772216796875,590.8513793945312
134,2.0,53.0,379.2974548339844,371.0583190917969,689.6171875,596.91650390625
135,2.0,53.0,384.72125244140625,368.4808044433594,712.0858154296875,603.9950561523438
136,2.0,53.0,391.4679870605469,364.2665710449219,736.7310791015625,611.147705078125
137,2.0,53.0,400.67083740234375,360.0815124511719,764.4935302734375,619.3024291992188
138,2.0,53.0,410.2420959472656,357.4342041015625,794.0681762695312,628.4485473632812
139,2.0,53.0,420.23382568359375,354.8778381347656,824.6422119140625,637.0551147460938
140,2.0,53.0,430.83978271484375,349.9916687011719,860.0054321289062,647.9671630859375
141,2.0,53.0,441.3455810546875,348.46466064453125,901.7633056640625,659.8023071289062
142,2.0,53.0,453.49468994140625,345.6241760253906,946.27783203125,673.5413208007812
143,2.0,53.0,467.1048278808594,338.8540954589844,997.3712768554688,687.704833984375
144,2.0,53.0,482.2585754394531,335.9607238769531,1056.5194091796875,706.8369140625
145,2.0,53.0,500.02728271484375,329.7854309082031,1121.5035400390625,726.15478515625
146,2.0,53.0,518.8356323242188,320.81805419921875,1197.593017578125,753.7615356445312
147,2.0,53.0,537.9829711914062,311.8079528808594,1286.720458984375,783.136962890625
148,2.0,53.0,563.661865234375,303.0577392578125,1392.652099609375,818.3302612304688
149,2.0,53.0,589.255615234375,294.06640625,1515.6435546875,861.230224609375
150,2.0,53.0,616.7342529296875,283.2750244140625,1665.5938720703125,916.3275146484375
151,2.0,53.0,652.163330078125,269.7313537597656,1836.4903564453125,985.3305053710938
154,2.0,53.0,819.2130737304688,206.0794219970703,1920.0,1080.0
155,2.0,53.0,897.5542602539062,176.69326782226562,1920.0,1080.0
156,2.0,53.0,992.386962890625,138.89599609375,1920.0,1076.2042236328125
157,2.0,53.0,1112.10693359375,104.67742156982422,1920.0,1078.337646484375
158,2.0,53.0,1267.808837890625,96.22420501708984,1920.0,1078.0128173828125
