11,2.0,47.0,308.3668518066406,528.3346557617188,363.070068359375,576.395263671875
12,2.0,47.0,309.06982421875,529.1232299804688,363.59320068359375,576.298828125
13,2.0,47.0,309.8824462890625,530.9281616210938,364.2648620605469,576.5392456054688
14,2.0,47.0,309.86529541015625,530.4842529296875,364.25146484375,576.6259155273438
15,2.0,47.0,309.7591857910156,531.6971435546875,364.5208740234375,577.3072509765625
17,2.0,47.0,310.0046691894531,529.4269409179688,365.8805847167969,577.422607421875
18,2.0,47.0,309.7701721191406,530.2964477539062,366.4662170410156,577.2738647460938
19,2.0,47.0,309.6300354003906,529.4290161132812,366.7261047363281,577.2908325195312
20,2.0,47.0,310.629150390625,528.3381958007812,368.76336669921875,577.4105224609375
21,2.0,47.0,311.08428955078125,528.9568481445312,370.001953125,578.043701171875
22,2.0,47.0,311.1446228027344,528.6167602539062,370.9183044433594,577.8809814453125
23,2.0,47.0,312.0035400390625,529.3069458007812,371.92913818359375,578.6626586914062
24,2.0,47.0,311.59808349609375,528.202392578125,373.7010803222656,578.3345336914062
25,2.0,47.0,312.4791259765625,527.2174682617188,373.6408386230469,578.4498901367188
26,2.0,47.0,312.4939880371094,528.0907592773438,374.84466552734375,578.6192016601562
27,2.0,47.0,313.1203308105469,529.9139404296875,376.6181335449219,579.1920776367188
28,2.0,47.0,312.8623962402344,532.6961059570312,377.0978088378906,580.3139038085938
29,2.0,47.0,313.3909606933594,533.049560546875,378.6964111328125,580.2550659179688
30,2.0,47.0,313.76068115234375,530.3616943359375,380.0280456542969,580.3773193359375
31,2.0,47.0,314.7506103515625,528.4778442382812,380.3343811035156,580.9339599609375
32,2.0,47.0,314.3545837402344,525.21337890625,383.77197265625,581.5562133789062
33,2.0,47.0,314.7769775390625,523.540283203125,384.960205078125,581.5883178710938
34,2.0,47.0,315.0596618652344,522.9432373046875,387.01763916015625,582.0836791992188
35,2.0,47.0,315.63555908203125,523.9464111328125,387.8126220703125,582.0995483398438
36,2.0,47.0,315.26904296875,522.4658203125,388.395751953125,582.5462036132812
37,2.0,47.0,315.6419372558594,521.9874877929688,390.4865417480469,582.6613159179688
38,2.0,47.0,316.9928283691406,520.8793334960938,392.22760009765625,582.8348388671875
39,2.0,47.0,317.712890625,520.6304931640625,393.9346008300781,583.1712646484375
40,2.0,47.0,318.301025390625,520.755126953125,395.11871337890625,583.7450561523438
41,2.0,47.0,318.5845031738281,520.7434692382812,396.5926513671875,583.9973754882812
42,2.0,47.0,319.0152282714844,522.1416015625,398.1361389160156,584.1860961914062
43,2.0,47.0,320.6419372558594,522.64794921875,397.8397521972656,584.6103515625
44,2.0,47.0,322.45806884765625,522.2698364257812,398.1905517578125,584.7723999023438
45,2.0,47.0,322.5086364746094,521.4706420898438,399.08831787109375,585.0834350585938
46,2.0,47.0,322.32183837890625,523.6800537109375,401.652099609375,585.2728881835938
47,2.0,47.0,323.150390625,524.0861206054688,403.2253112792969,585.6331176757812
48,2.0,47.0,323.68109130859375,521.824951171875,405.1917419433594,586.228515625
49,2.0,47.0,324.0732421875,523.1949462890625,407.05413818359375,586.6403198242188
50,2.0,47.0,325.1277770996094,522.9511108398438,408.4753112792969,586.8480224609375
51,2.0,47.0,325.6784362792969,522.9320678710938,410.57861328125,586.7025146484375
52,2.0,47.0,326.08685302734375,522.280517578125,411.81866455078125,586.5883178710938
53,2.0,47.0,326.73419189453125,522.3734130859375,413.7270812988281,587.299072265625
54,2.0,47.0,328.4830322265625,522.4234008789062,414.5746154785156,588.4400024414062
55,2.0,47.0,329.4789123535156,522.0557861328125,416.9184875488281,589.0518188476562
56,2.0,47.0,331.16717529296875,521.3713989257812,419.9009704589844,590.029296875
57,2.0,47.0,332.3675231933594,520.8790283203125,421.3436279296875,590.67041015625
58,2.0,47.0,333.74658203125,519.273193359375,422.6487731933594,590.576171875
59,2.0,47.0,335.1226806640625,518.7431640625,423.83331298828125,590.8831787109375
60,2.0,47.0,336.5742492675781,518.7474975585938,424.45452880859375,592.1143188476562
61,2.0,47.0,337.02813720703125,518.6671142578125,426.7695007324219,593.5770263671875
62,2.0,47.0,337.8617858886719,518.599365234375,428.6673889160156,593.8818969726562
63,2.0,47.0,338.1991882324219,518.7322387695312,431.90203857421875,593.7272338867188
64,2.0,47.0,338.61224365234375,518.7978515625,434.1573791503906,594.0307006835938
65,2.0,47.0,338.7247314453125,518.8313598632812,436.7073059082031,595.9833984375
66,2.0,47.0,340.3147888183594,518.55908203125,438.6835632324219,597.4505615234375
67,2.0,47.0,342.08868408203125,518.4157104492188,441.1286315917969,598.0894165039062
68,2.0,47.0,344.1177062988281,518.8333740234375,443.39544677734375,597.3536376953125
69,2.0,47.0,344.7481689453125,519.2454223632812,447.4398498535156,598.1331787109375
70,2.0,47.0,346.6473083496094,517.528564453125,449.87249755859375,598.970703125
71,2.0,47.0,348.08587646484375,516.185302734375,450.9872131347656,599.7989501953125
73,2.0,47.0,349.7301940917969,515.8812255859375,457.1487731933594,601.184814453125
74,2.0,47.0,351.370849609375,514.7127075195312,459.3074035644531,601.5888061523438
75,2.0,47.0,352.1842956542969,514.1275634765625,462.0210876464844,602.5467529296875
76,2.0,47.0,354.1343688964844,513.5445556640625,466.0796813964844,603.8239135742188
77,2.0,47.0,355.10638427734375,512.9600830078125,471.34912109375,606.23095703125
78,2.0,47.0,355.943603515625,512.8375854492188,475.13555908203125,606.7861938476562
79,2.0,47.0,358.56195068359375,512.5465698242188,476.0088806152344,607.4188232421875
80,2.0,47.0,360.5904541015625,512.0222778320312,479.22662353515625,607.8775634765625
81,2.0,47.0,360.3609619140625,511.5133361816406,482.83087158203125,608.8325805664062
82,2.0,47.0,360.5162048339844,511.46490478515625,485.81536865234375,609.889404296875
83,2.0,47.0,361.6244201660156,510.85296630859375,489.7554016113281,610.6343383789062
84,2.0,47.0,362.1449890136719,510.96685791015625,494.6706848144531,611.4478149414062
85,2.0,47.0,361.55810546875,510.4012756347656,498.597900390625,612.7921752929688
86,2.0,47.0,364.9273376464844,508.89013671875,502.1357727050781,615.0611572265625
87,2.0,47.0,366.6215515136719,508.7386779785156,506.43829345703125,617.7884521484375
88,2.0,47.0,368.81903076171875,508.69915771484375,510.7419738769531,618.3748779296875
89,2.0,47.0,370.7840270996094,508.2187194824219,515.0313720703125,620.3001708984375
90,2.0,47.0,373.7382507324219,506.6979675292969,520.4376220703125,620.5734252929688
91,2.0,47.0,376.13031005859375,505.4981994628906,526.2487182617188,622.3217163085938
92,2.0,47.0,379.5426330566406,505.0372009277344,530.8350219726562,622.1251831054688
93,2.0,47.0,382.0472717285156,504.9640197753906,534.8212280273438,624.5687255859375
94,2.0,47.0,384.7628173828125,504.0650939941406,540.2008056640625,626.263427734375
95,2.0,47.0,384.9805908203125,503.2264099121094,546.84033203125,629.753173828125
96,2.0,47.0,386.54913330078125,502.4066467285156,550.8132934570312,631.8366088867188
97,2.0,47.0,387.8421630859375,502.4079895019531,558.6805419921875,632.7855834960938
98,2.0,47.0,393.6675720214844,503.33221435546875,564.93115234375,634.6483764648438
99,2.0,47.0,395.62384033203125,502.5478210449219,572.5470581054688,636.6909790039062
100,2.0,47.0,396.90142822265625,502.7423400878906,578.6351318359375,639.0162353515625
101,2.0,47.0,402.243896484375,501.07696533203125,586.2344970703125,640.0603637695312
102,2.0,47.0,406.13238525390625,500.48583984375,593.72119140625,642.9496459960938
103,2.0,47.0,408.69415283203125,500.1436767578125,601.9529418945312,644.9798583984375
104,2.0,47.0,410.48248291015625,497.32855224609375,610.5868530273438,647.9774169921875
105,2.0,47.0,412.9934997558594,497.775390625,618.0491943359375,652.1315307617188
106,2.0,47.0,417.1518859863281,497.602294921875,626.7103271484375,655.0354614257812
107,2.0,47.0,420.6780090332031,496.7463073730469,635.9957885742188,657.8518676757812
108,2.0,47.0,424.80145263671875,495.4254150390625,645.7589721679688,660.1941528320312
109,2.0,47.0,429.6901550292969,495.0041198730469,657.0160522460938,663.6541748046875
110,2.0,47.0,433.3197021484375,493.9241027832031,667.7672119140625,666.5310668945312
111,2.0,47.0,437.1161193847656,491.07696533203125,679.27197265625,669.5230102539062
112,2.0,47.0,442.661376953125,486.9671325683594,692.1996459960938,671.7874145507812
113,2.0,47.0,445.9203186035156,486.5587463378906,705.2001342773438,675.0300903320312
114,2.0,47.0,452.22296142578125,484.7054138183594,717.6470947265625,677.5982055664062
115,2.0,47.0,456.8832092285156,483.47613525390625,732.6016235351562,682.97314453125
116,2.0,47.0,463.2961730957031,481.066650390625,748.319580078125,689.0974731445312
117,2.0,47.0,469.037353515625,477.3233947753906,764.3218383789062,693.2993774414062
118,2.0,47.0,474.6955261230469,476.3677673339844,783.399169921875,698.9572143554688
119,2.0,47.0,480.3476867675781,472.37359619140625,801.7975463867188,705.24267578125
120,2.0,47.0,486.2391662597656,472.2244873046875,823.2156982421875,710.8399658203125
121,2.0,47.0,494.7624816894531,469.0235900878906,844.457275390625,718.0784301757812
122,2.0,47.0,502.8494873046875,468.6688232421875,868.6959838867188,724.4273071289062
123,2.0,47.0,513.2764282226562,469.7628479003906,894.1130981445312,730.0016479492188
124,2.0,47.0,521.4328002929688,470.10101318359375,921.3963623046875,737.5355224609375
125,2.0,47.0,531.2078247070312,468.545654296875,951.5477294921875,747.712890625
126,2.0,47.0,540.2813110351562,464.3691711425781,986.0205078125,756.5838623046875
127,2.0,47.0,551.0496215820312,459.0769348144531,1021.4342041015625,766.2625732421875
128,2.0,47.0,561.9231567382812,455.67547607421875,1063.2801513671875,777.666748046875
129,2.0,47.0,574.009765625,450.0470886230469,1105.796142578125,790.1332397460938
130,2.0,47.0,587.2597045898438,445.94293212890625,1154.6737060546875,804.2607421875
131,2.0,47.0,604.4929809570312,441.4356384277344,1208.21044921875,820.3558349609375
132,2.0,47.0,620.7147827148438,437.02801513671875,1268.777099609375,838.3040771484375
133,2.0,47.0,639.15869140625,430.72430419921875,1341.515380859375,861.0181274414062
134,2.0,47.0,660.1666870117188,424.9896240234375,1417.894287109375,885.70263671875
135,2.0,47.0,681.2625122070312,417.3844909667969,1505.8094482421875,913.1776733398438
136,2.0,47.0,706.4408569335938,410.929443359375,1605.596435546875,945.0609741210938
137,2.0,47.0,737.3948364257812,402.4246520996094,1725.4422607421875,985.4879150390625
138,2.0,47.0,766.781005859375,393.10308837890625,1860.3868408203125,1030.2161865234375
139,2.0,47.0,801.6640625,381.3046569824219,1917.4425048828125,1062.4569091796875
142,2.0,47.0,948.1143188476562,333.639892578125,1920.0,1080.0
143,2.0,47.0,1014.9019165039062,313.8333435058594,1920.0,1077.831298828125
144,2.0,47.0,1092.3037109375,286.5274963378906,1920.0,1075.03857421875
145,2.0,47.0,1183.306640625,256.4659423828125,1920.0,1075.817138671875
146,2.0,47.0,1289.120361328125,246.6276397705078,1920.0,1076.7445068359375
