6,2.0,41.0,385.69818115234375,563.3228759765625,455.2645568847656,617.8272094726562
7,2.0,41.0,385.56884765625,564.7919311523438,455.78173828125,618.4364013671875
8,2.0,41.0,386.1245422363281,563.8992309570312,456.2442321777344,619.5523681640625
9,2.0,41.0,386.33563232421875,563.3525390625,456.8773498535156,620.106201171875
10,2.0,41.0,387.2599792480469,562.3907470703125,458.1531066894531,620.2953491210938
11,2.0,41.0,388.1794128417969,561.86328125,459.2146301269531,619.9237670898438
12,2.0,41.0,388.9606018066406,562.3858032226562,460.8556213378906,619.7432861328125
13,2.0,41.0,389.921142578125,561.5072021484375,462.11419677734375,619.9723510742188
14,2.0,41.0,391.1081237792969,560.697021484375,462.8421325683594,619.93603515625
15,2.0,41.0,392.000732421875,560.4801635742188,463.30224609375,620.1488037109375
16,2.0,41.0,392.811279296875,561.00634765625,464.2326965332031,620.5444946289062
17,2.0,41.0,393.5021057128906,561.9747314453125,464.9460754394531,621.0059204101562
18,2.0,41.0,393.06524658203125,562.240966796875,466.3765563964844,621.6301879882812
19,2.0,41.0,393.17816162109375,563.0026245117188,467.0548400878906,622.2597045898438
20,2.0,41.0,394.5352478027344,565.2996215820312,468.0761413574219,622.5650024414062
21,2.0,41.0,395.57928466796875,565.8152465820312,468.7445068359375,623.0294799804688
22,2.0,41.0,395.7938232421875,566.7509155273438,469.7434997558594,623.4888916015625
23,2.0,41.0,396.1993103027344,568.66796875,470.32421875,623.2775268554688
24,2.0,41.0,396.0437316894531,567.5804443359375,471.62646484375,623.351318359375
25,2.0,41.0,396.44122314453125,566.3978881835938,474.4156188964844,623.4503173828125
26,2.0,41.0,397.4740295410156,564.4481811523438,474.89947509765625,624.1428833007812
27,2.0,41.0,397.8875732421875,562.8584594726562,474.8180236816406,624.1242065429688
28,2.0,41.0,398.9908447265625,562.6046142578125,475.53045654296875,625.1063842773438
29,2.0,41.0,398.8728942871094,562.9432373046875,477.0989074707031,625.533935546875
30,2.0,41.0,398.43463134765625,562.5584716796875,478.1582336425781,626.2283935546875
31,2.0,41.0,399.8620300292969,562.931396484375,478.82879638671875,626.813232421875
32,2.0,41.0,400.624755859375,561.9583129882812,480.26202392578125,626.3894653320312
33,2.0,41.0,400.8973388671875,561.3687133789062,481.0342102050781,626.072998046875
34,2.0,41.0,400.6547546386719,561.58984375,482.1827392578125,626.7300415039062
35,2.0,41.0,401.320556640625,561.7260131835938,484.0759582519531,626.655517578125
36,2.0,41.0,401.630126953125,561.6468505859375,486.21826171875,626.8853759765625
37,2.0,41.0,402.0858154296875,561.3934326171875,487.18585205078125,627.1458740234375
38,2.0,41.0,403.86798095703125,561.309326171875,487.63525390625,627.7972412109375
39,2.0,41.0,403.4604187011719,560.1734619140625,489.54400634765625,628.76123046875
40,2.0,41.0,403.5792541503906,560.0388793945312,492.0882873535156,629.8829956054688
41,2.0,41.0,403.9903564453125,559.9743041992188,493.15643310546875,630.2180786132812
42,2.0,41.0,404.693359375,559.9199829101562,494.20977783203125,630.2467041015625
44,2.0,41.0,405.7597351074219,558.006103515625,496.9088439941406,631.5272216796875
45,2.0,41.0,405.9823913574219,557.8866577148438,497.9254150390625,633.177001953125
46,2.0,41.0,406.5040588378906,557.6377563476562,499.021728515625,634.050048828125
47,2.0,41.0,406.8387756347656,557.3820190429688,500.291015625,634.7470092773438
48,2.0,41.0,407.5498352050781,557.5264282226562,501.6902770996094,634.916748046875
49,2.0,41.0,408.15069580078125,557.1524658203125,502.5585021972656,634.803955078125
50,2.0,41.0,409.4443054199219,557.2378540039062,505.9827575683594,634.4412231445312
51,2.0,41.0,410.03631591796875,558.670654296875,506.82940673828125,634.3399658203125
52,2.0,41.0,408.9714660644531,558.662841796875,508.8970642089844,634.3726196289062
53,2.0,41.0,410.28265380859375,558.4278564453125,510.7420959472656,635.4506225585938
54,2.0,41.0,411.94146728515625,557.8919677734375,512.420166015625,635.6495361328125
55,2.0,41.0,411.5997619628906,558.1146850585938,514.238037109375,635.4931030273438
56,2.0,41.0,411.9576110839844,558.646240234375,515.9920043945312,635.2005615234375
57,2.0,41.0,413.0970153808594,557.8150024414062,518.4036254882812,635.7353515625
58,2.0,41.0,415.6330871582031,557.0796508789062,519.58642578125,636.772216796875
59,2.0,41.0,417.24847412109375,556.4801635742188,521.9834594726562,638.0226440429688
60,2.0,41.0,418.4104919433594,555.615966796875,523.0328979492188,639.7008056640625
61,2.0,41.0,421.4624938964844,555.9395751953125,526.60302734375,639.2870483398438
62,2.0,41.0,422.0981140136719,555.2067260742188,528.442138671875,639.3366088867188
63,2.0,41.0,421.7916259765625,554.6315307617188,531.5806274414062,641.4328002929688
64,2.0,41.0,422.485107421875,553.849853515625,533.4779052734375,642.8196411132812
65,2.0,41.0,420.95458984375,553.8699340820312,535.9328002929688,642.77001953125
66,2.0,41.0,420.8395690917969,553.0189819335938,538.3164672851562,643.3118286132812
67,2.0,41.0,421.69189453125,551.7987060546875,539.9113159179688,644.4483032226562
68,2.0,41.0,423.794677734375,550.7674560546875,541.45166015625,645.2809448242188
69,2.0,41.0,426.8226623535156,551.7933959960938,544.5487670898438,645.57421875
70,2.0,41.0,427.3019104003906,552.3271484375,546.3536987304688,645.6010131835938
71,2.0,41.0,427.17657470703125,552.4138793945312,547.9783935546875,646.5556030273438
72,2.0,41.0,428.40362548828125,551.730712890625,550.1930541992188,647.551025390625
73,2.0,41.0,430.78204345703125,550.7366333007812,553.4672241210938,647.9595947265625
74,2.0,41.0,431.7694396972656,550.9920654296875,556.9677124023438,648.633056640625
75,2.0,41.0,433.4591979980469,551.417724609375,559.75732421875,650.000244140625
76,2.0,41.0,434.1651306152344,551.1443481445312,561.8416137695312,651.1493530273438
77,2.0,41.0,435.500732421875,550.4224853515625,564.7144775390625,651.998779296875
78,2.0,41.0,436.3963317871094,550.1326904296875,567.4402465820312,653.9923706054688
79,2.0,41.0,436.5444641113281,550.0614013671875,570.1907958984375,655.5037841796875
80,2.0,41.0,438.6629638671875,549.4371337890625,573.9486083984375,656.1370239257812
81,2.0,41.0,440.4022216796875,549.1715087890625,577.1139526367188,656.8304443359375
82,2.0,41.0,442.0858459472656,548.7478637695312,580.2944946289062,657.8528442382812
83,2.0,41.0,443.9645690917969,548.0394287109375,583.5232543945312,659.4268798828125
84,2.0,41.0,444.91302490234375,547.5529174804688,586.4486694335938,660.5236206054688
85,2.0,41.0,445.8945007324219,548.39501953125,590.8970336914062,661.2461547851562
86,2.0,41.0,446.3027648925781,548.5897827148438,595.3129272460938,662.8078002929688
87,2.0,41.0,448.547607421875,549.095947265625,598.9944458007812,663.5509033203125
88,2.0,41.0,448.1799621582031,549.5966796875,601.587890625,665.3156127929688
89,2.0,41.0,451.81573486328125,548.5460205078125,605.7621459960938,666.6597290039062
90,2.0,41.0,451.6693115234375,546.4871826171875,609.0342407226562,668.4724731445312
91,2.0,41.0,453.658935546875,545.324951171875,613.1353759765625,669.4492797851562
92,2.0,41.0,455.2728576660156,545.150634765625,620.514892578125,670.4569702148438
93,2.0,41.0,454.4988708496094,544.806884765625,624.64990234375,672.3231201171875
94,2.0,41.0,456.7743835449219,544.075927734375,629.172607421875,672.9207763671875
95,2.0,41.0,459.43939208984375,542.2024536132812,634.0372314453125,673.3847045898438
96,2.0,41.0,461.3431396484375,541.5248413085938,638.8355102539062,674.5971069335938
97,2.0,41.0,463.8484802246094,540.1976318359375,643.5333251953125,677.0845336914062
98,2.0,41.0,466.0313415527344,540.6000366210938,648.4525756835938,679.84716796875
99,2.0,41.0,468.4810791015625,540.4661865234375,655.1370239257812,681.35400390625
100,2.0,41.0,469.8836669921875,541.211669921875,660.6065673828125,683.0848999023438
101,2.0,41.0,471.1499328613281,541.8722534179688,664.2415161132812,684.9559326171875
102,2.0,41.0,472.3273010253906,539.8505859375,670.9777221679688,686.89501953125
103,2.0,41.0,475.0835876464844,526.808837890625,678.6259765625,689.5504760742188
104,2.0,41.0,477.45135498046875,521.7713012695312,685.2007446289062,691.7018432617188
105,2.0,41.0,478.5912170410156,511.70294189453125,691.2007446289062,692.9557495117188
107,2.0,41.0,480.1946716308594,508.4554443359375,706.9599609375,695.6766967773438
108,2.0,41.0,485.86334228515625,525.34814453125,714.406005859375,699.593017578125
109,2.0,41.0,488.3797912597656,530.031494140625,722.8733520507812,702.1876831054688
110,2.0,41.0,493.15362548828125,531.8055419921875,730.8826293945312,705.7879028320312
111,2.0,41.0,498.4283752441406,531.765869140625,739.2853393554688,708.1376953125
112,2.0,41.0,502.9155578613281,532.0929565429688,748.2367553710938,710.4700317382812
113,2.0,41.0,506.31011962890625,530.595703125,758.0811767578125,712.3255615234375
114,2.0,41.0,507.5443420410156,528.599853515625,768.3943481445312,716.4805297851562
115,2.0,41.0,512.7116088867188,528.4264526367188,779.7422485351562,718.8377685546875
116,2.0,41.0,516.2534790039062,527.47412109375,791.1405639648438,722.6389770507812
117,2.0,41.0,518.5531005859375,527.0055541992188,803.1314697265625,726.607666015625
118,2.0,41.0,522.6768798828125,525.4888916015625,815.5208129882812,729.4991455078125
119,2.0,41.0,528.9151000976562,524.7446899414062,830.363525390625,734.4581298828125
120,2.0,41.0,533.9161987304688,523.5353393554688,842.0388793945312,737.5693359375
121,2.0,41.0,538.1502075195312,521.4375,857.0950317382812,739.086181640625
122,2.0,41.0,543.3150634765625,520.44677734375,872.7528076171875,742.8099975585938
123,2.0,41.0,548.445556640625,519.056884765625,888.4685668945312,746.441162109375
124,2.0,41.0,553.7174682617188,519.0593872070312,905.67333984375,753.1710815429688
125,2.0,41.0,558.592041015625,516.9146728515625,924.3311767578125,758.7916259765625
126,2.0,41.0,564.3748168945312,517.0772094726562,942.135498046875,763.9510498046875
127,2.0,41.0,571.81787109375,514.0005493164062,963.0606689453125,770.527099609375
128,2.0,41.0,577.8441162109375,510.43994140625,984.044677734375,776.9708862304688
129,2.0,41.0,584.5450439453125,507.8019714355469,1008.05810546875,783.3803100585938
130,2.0,41.0,594.0742797851562,504.7506408691406,1032.6640625,792.4473876953125
131,2.0,41.0,601.4160766601562,502.5013732910156,1059.9039306640625,799.7330322265625
132,2.0,41.0,610.73779296875,498.6458740234375,1088.0252685546875,808.2036743164062
133,2.0,41.0,619.7855834960938,495.71221923828125,1118.39013671875,816.5388793945312
134,2.0,41.0,627.93310546875,492.63616943359375,1151.3363037109375,823.2781982421875
135,2.0,41.0,638.9386596679688,489.2027587890625,1186.8743896484375,834.3469848632812
136,2.0,41.0,648.6762084960938,485.937744140625,1226.7567138671875,849.1077270507812
137,2.0,41.0,660.2706298828125,483.3786926269531,1269.8424072265625,864.8297119140625
138,2.0,41.0,672.2946166992188,480.4758605957031,1318.45458984375,882.2669067382812
139,2.0,41.0,686.3031616210938,475.54345703125,1367.998046875,897.4388427734375
140,2.0,41.0,700.209228515625,470.9280090332031,1423.8148193359375,916.9586791992188
141,2.0,41.0,714.1259155273438,464.9322509765625,1484.13427734375,936.2322998046875
142,2.0,41.0,731.0320434570312,459.2637634277344,1553.069091796875,958.295166015625
143,2.0,41.0,750.0423583984375,452.33697509765625,1631.19775390625,984.3525390625
144,2.0,41.0,767.635009765625,446.8926696777344,1715.2022705078125,1015.4293212890625
145,2.0,41.0,804.9220581054688,437.78265380859375,1855.0216064453125,1059.408203125
146,2.0,41.0,816.7031860351562,431.33856201171875,1911.677978515625,1066.7193603515625
147,2.0,41.0,838.8538208007812,423.38531494140625,1920.0,1070.7508544921875
148,2.0,41.0,864.1483764648438,413.40325927734375,1920.0,1072.150390625
149,2.0,41.0,896.790283203125,400.5260009765625,1920.0,1073.6822509765625
150,2.0,41.0,933.40283203125,386.9065246582031,1920.0,1075.0904541015625
151,2.0,41.0,975.6639404296875,372.3956604003906,1920.0,1075.2557373046875
152,2.0,41.0,1020.5777587890625,353.6954040527344,1920.0,1071.2978515625
153,2.0,41.0,1072.20654296875,333.888671875,1920.0,1070.2728271484375
154,2.0,41.0,1130.497314453125,309.4555969238281,1920.0,1070.2059326171875
155,2.0,41.0,1196.3583984375,283.4761047363281,1920.0,1070.7431640625
156,2.0,41.0,1274.621337890625,271.1794738769531,1920.0,1072.3558349609375
157,2.0,41.0,1364.16845703125,271.4569091796875,1920.0,1072.1031494140625
158,2.0,41.0,1470.1966552734375,278.93780517578125,1920.0,1072.341796875
159,2.0,41.0,1598.0382080078125,312.3334655761719,1920.0,1074.5408935546875
