34,2.0,63.0,249.49539184570312,498.9574279785156,292.4052429199219,531.9912719726562
35,2.0,63.0,249.95709228515625,499.4445495605469,293.2287292480469,531.9521484375
36,2.0,63.0,251.2256317138672,497.6459045410156,293.9678649902344,532.199462890625
37,2.0,63.0,251.56942749023438,497.7764587402344,294.9732971191406,532.9075317382812
38,2.0,63.0,251.28225708007812,498.6466979980469,295.85064697265625,534.037109375
39,2.0,63.0,251.2617950439453,498.8135681152344,297.2140197753906,534.3760986328125
40,2.0,63.0,251.4087371826172,496.9570007324219,298.7035827636719,534.6771850585938
41,2.0,63.0,252.30545043945312,494.9581298828125,300.22637939453125,535.1574096679688
42,2.0,63.0,252.65740966796875,494.7344665527344,300.77777099609375,535.395263671875
43,2.0,63.0,252.8828125,494.77874755859375,301.73211669921875,536.4859619140625
44,2.0,63.0,252.73486328125,494.83294677734375,303.37200927734375,536.9987182617188
45,2.0,63.0,253.19757080078125,495.2032165527344,304.2711181640625,537.4595336914062
46,2.0,63.0,253.63046264648438,498.7098083496094,304.47430419921875,537.188232421875
47,2.0,63.0,253.8714141845703,497.8944091796875,304.69073486328125,537.0701904296875
48,2.0,63.0,254.27061462402344,497.3342590332031,305.6673889160156,537.3541259765625
49,2.0,63.0,254.9251251220703,497.4491882324219,307.064697265625,538.220947265625
50,2.0,63.0,255.18496704101562,497.49755859375,307.0826721191406,538.19384765625
51,2.0,63.0,254.73556518554688,496.8440856933594,307.7445373535156,538.61474609375
52,2.0,63.0,254.9527587890625,496.40325927734375,308.4460754394531,538.9791870117188
53,2.0,63.0,256.6038818359375,496.9344787597656,310.0841979980469,539.1680908203125
54,2.0,63.0,258.40643310546875,498.704345703125,311.53466796875,539.2365112304688
55,2.0,63.0,259.8785095214844,500.1086120605469,312.1341247558594,539.4108276367188
56,2.0,63.0,260.44305419921875,500.83544921875,312.5253601074219,539.5201416015625
57,2.0,63.0,260.1436767578125,501.50164794921875,313.9842224121094,539.6358032226562
58,2.0,63.0,260.7705078125,500.5367126464844,314.5444641113281,540.0620727539062
59,2.0,63.0,261.343994140625,501.37896728515625,314.7468566894531,540.5376586914062
60,2.0,63.0,261.7025451660156,502.00775146484375,315.9091491699219,540.5623168945312
61,2.0,63.0,261.70916748046875,501.7873229980469,316.70458984375,541.2244873046875
62,2.0,63.0,262.39825439453125,503.1662292480469,318.6972961425781,541.2899169921875
63,2.0,63.0,263.3821105957031,503.646728515625,320.4947814941406,541.3561401367188
64,2.0,63.0,264.009521484375,502.9247741699219,323.5823974609375,542.2259521484375
65,2.0,63.0,264.6337585449219,502.63677978515625,324.2011413574219,542.0859375
66,2.0,63.0,264.7525939941406,501.812255859375,324.95684814453125,542.1915893554688
67,2.0,63.0,265.64013671875,501.1561584472656,327.2611389160156,542.4589233398438
68,2.0,63.0,265.6871337890625,501.5334777832031,328.867919921875,543.3143310546875
69,2.0,63.0,265.6785583496094,501.372802734375,331.655517578125,544.4441528320312
70,2.0,63.0,266.5096130371094,501.89715576171875,332.0181579589844,544.7659912109375
71,2.0,63.0,266.82415771484375,501.83721923828125,333.8416442871094,545.316650390625
72,2.0,63.0,268.2633361816406,504.0897521972656,334.7462463378906,545.9161376953125
73,2.0,63.0,268.3023986816406,502.0848693847656,335.675537109375,546.2286987304688
74,2.0,63.0,268.5839538574219,501.01177978515625,336.92431640625,546.791015625
75,2.0,63.0,269.537841796875,501.00958251953125,340.38946533203125,548.4962768554688
76,2.0,63.0,270.1102600097656,501.9863586425781,342.30902099609375,549.2332763671875
77,2.0,63.0,271.0585632324219,499.8204345703125,343.81243896484375,549.6536254882812
78,2.0,63.0,272.1889953613281,496.9189453125,344.8382263183594,549.6656494140625
79,2.0,63.0,273.2717590332031,497.5199279785156,347.07568359375,549.7435913085938
80,2.0,63.0,274.25274658203125,497.08624267578125,348.4538879394531,550.0161743164062
81,2.0,63.0,275.88763427734375,490.3368835449219,349.6728515625,550.2688598632812
82,2.0,63.0,276.83831787109375,496.4490661621094,352.7839660644531,550.2308959960938
83,2.0,63.0,276.9195861816406,494.2449951171875,354.9962158203125,551.6459350585938
84,2.0,63.0,277.9432678222656,501.2791748046875,356.392822265625,552.0573120117188
85,2.0,63.0,277.97216796875,490.54644775390625,357.991455078125,552.403076171875
86,2.0,63.0,278.4075927734375,485.5354919433594,359.9232482910156,552.7655029296875
87,2.0,63.0,279.6559753417969,488.9212646484375,362.1412048339844,553.2664794921875
88,2.0,63.0,281.8456115722656,488.3897705078125,365.113037109375,554.7847290039062
89,2.0,63.0,282.9214172363281,488.10211181640625,368.7642517089844,555.6737670898438
90,2.0,63.0,284.3714294433594,485.9538879394531,371.8365783691406,556.069580078125
91,2.0,63.0,285.79913330078125,485.6522216796875,373.60491943359375,555.9124145507812
92,2.0,63.0,287.51910400390625,484.36468505859375,375.8478088378906,558.17822265625
93,2.0,63.0,288.4283142089844,483.5856018066406,378.0074157714844,559.8795776367188
94,2.0,63.0,289.1681823730469,483.9456481933594,381.6020202636719,560.78271484375
95,2.0,63.0,289.544677734375,484.01007080078125,384.62274169921875,561.7461547851562
96,2.0,63.0,290.7350158691406,484.50787353515625,386.8390808105469,561.7151489257812
97,2.0,63.0,292.053466796875,483.6403503417969,390.09051513671875,561.67236328125
98,2.0,63.0,294.4410400390625,483.0721435546875,395.3211669921875,561.78271484375
99,2.0,63.0,295.6822814941406,482.3560791015625,398.6924133300781,562.7626953125
100,2.0,63.0,299.2481994628906,482.3599548339844,402.8445129394531,564.8679809570312
101,2.0,63.0,300.90240478515625,482.41168212890625,405.3045349121094,565.5906982421875
102,2.0,63.0,302.115966796875,482.8915100097656,409.0114440917969,567.9864501953125
103,2.0,63.0,303.6911926269531,482.2879638671875,412.48211669921875,569.4088745117188
104,2.0,63.0,305.1102600097656,481.66094970703125,416.73748779296875,571.1791381835938
105,2.0,63.0,307.8027038574219,481.0887756347656,421.5614929199219,572.8084716796875
106,2.0,63.0,309.8875427246094,479.93768310546875,425.6282958984375,574.3818359375
107,2.0,63.0,311.2812194824219,479.4904479980469,430.3671569824219,575.3789672851562
108,2.0,63.0,312.5159606933594,479.20477294921875,434.7944030761719,576.7550659179688
109,2.0,63.0,314.14520263671875,478.8149108886719,440.6559753417969,577.937744140625
110,2.0,63.0,315.85870361328125,478.3763427734375,446.5091552734375,579.8985595703125
111,2.0,63.0,317.5176086425781,478.2139892578125,452.3851013183594,583.095703125
112,2.0,63.0,322.579345703125,477.4271545410156,457.419677734375,585.4085083007812
113,2.0,63.0,325.321044921875,477.8505859375,465.4095458984375,587.1337890625
114,2.0,63.0,327.3099670410156,477.6917724609375,474.129150390625,588.6541137695312
115,2.0,63.0,332.3128356933594,477.4901428222656,480.0589904785156,590.3029174804688
116,2.0,63.0,336.54156494140625,476.0380554199219,487.0382385253906,592.8431396484375
117,2.0,63.0,340.0192565917969,475.3873596191406,494.74151611328125,597.2283325195312
118,2.0,63.0,344.4906005859375,474.78826904296875,502.12030029296875,598.8130493164062
119,2.0,63.0,349.7850341796875,474.0417175292969,511.8223571777344,601.4231567382812
120,2.0,63.0,353.6676330566406,474.1252136230469,522.2172241210938,604.7192993164062
121,2.0,63.0,358.2402648925781,472.8309326171875,531.8777465820312,608.6423950195312
122,2.0,63.0,360.3431091308594,471.6906433105469,542.9089965820312,611.843505859375
123,2.0,63.0,361.43896484375,468.2541198730469,554.2540893554688,616.4910278320312
124,2.0,63.0,363.6089172363281,467.74420166015625,566.8994140625,620.2591552734375
125,2.0,63.0,369.1192321777344,465.8198547363281,579.1787109375,623.8600463867188
126,2.0,63.0,374.64532470703125,463.9802551269531,592.5974731445312,627.873046875
127,2.0,63.0,380.49224853515625,464.11700439453125,608.8733520507812,634.3120727539062
128,2.0,63.0,385.21746826171875,462.00579833984375,624.222900390625,639.3514404296875
129,2.0,63.0,393.08941650390625,460.12310791015625,641.728759765625,645.9697265625
130,2.0,63.0,401.1825256347656,458.39984130859375,661.3731689453125,650.942138671875
131,2.0,63.0,407.2961120605469,456.0327453613281,683.8577270507812,659.0218505859375
132,2.0,63.0,416.22802734375,453.343505859375,706.7340087890625,666.718994140625
133,2.0,63.0,424.7226257324219,448.98583984375,732.95361328125,672.9957885742188
134,2.0,63.0,432.6563720703125,446.0694885253906,760.4280395507812,681.0729370117188
135,2.0,63.0,445.01519775390625,443.3233337402344,791.5418701171875,690.628662109375
136,2.0,63.0,455.4725646972656,441.7756042480469,827.8512573242188,703.0977783203125
137,2.0,63.0,469.0414733886719,441.3544616699219,868.1484375,716.023193359375
138,2.0,63.0,480.3760681152344,439.0015869140625,914.7277221679688,729.8380126953125
139,2.0,63.0,499.138671875,435.103271484375,964.4461059570312,747.7119750976562
140,2.0,63.0,514.7107543945312,430.4623107910156,1024.468994140625,766.79150390625
141,2.0,63.0,533.745849609375,426.13946533203125,1094.9329833984375,787.7904663085938
142,2.0,63.0,554.72265625,419.2696533203125,1176.258056640625,813.5840454101562
143,2.0,63.0,579.2308349609375,411.13232421875,1275.39453125,845.0916748046875
144,2.0,63.0,608.5297241210938,402.0799560546875,1392.83642578125,885.147216796875
145,2.0,63.0,642.7562255859375,392.6272277832031,1537.45263671875,932.7530517578125
146,2.0,63.0,684.9737548828125,381.6124267578125,1719.892822265625,1001.3112182617188
147,2.0,63.0,731.62744140625,367.21026611328125,1858.838623046875,1050.1663818359375
148,2.0,63.0,789.6047973632812,346.2654724121094,1916.6378173828125,1071.579345703125
149,2.0,63.0,868.2294311523438,322.8118591308594,1920.0,1080.0
150,2.0,63.0,968.0806274414062,290.3977966308594,1920.0,1078.260986328125
151,2.0,63.0,1096.4716796875,252.34280395507812,1920.0,1079.0360107421875
152,2.0,63.0,1267.8564453125,231.97776794433594,1920.0,1079.84521484375
