26,2.0,60.0,193.39083862304688,520.9606323242188,240.9183349609375,554.7617797851562
27,2.0,60.0,193.502197265625,519.5146484375,240.6339111328125,554.822265625
28,2.0,60.0,193.97389221191406,520.3660278320312,241.3496551513672,554.5237426757812
29,2.0,60.0,194.0245361328125,519.45166015625,242.3240966796875,554.5553588867188
30,2.0,60.0,194.60546875,519.96826171875,242.53919982910156,554.4591674804688
31,2.0,60.0,195.35813903808594,520.7955322265625,243.76475524902344,555.2190551757812
32,2.0,60.0,195.97430419921875,520.488037109375,244.54078674316406,556.0195922851562
33,2.0,60.0,195.66514587402344,520.3311157226562,245.40802001953125,556.484375
34,2.0,60.0,196.76239013671875,520.4855346679688,245.3195037841797,556.7987060546875
35,2.0,60.0,197.17568969726562,520.2818603515625,245.47006225585938,557.2107543945312
36,2.0,60.0,197.20510864257812,520.26904296875,246.28271484375,557.04443359375
37,2.0,60.0,197.43690490722656,520.178955078125,247.8260955810547,557.0310668945312
38,2.0,60.0,197.61793518066406,521.0223999023438,248.5547332763672,557.4754028320312
39,2.0,60.0,198.15464782714844,521.5575561523438,250.00657653808594,557.0059814453125
40,2.0,60.0,198.80166625976562,521.1104736328125,250.63128662109375,556.57275390625
41,2.0,60.0,198.84646606445312,520.0279541015625,251.2466278076172,557.0237426757812
42,2.0,60.0,198.6072540283203,521.0496826171875,253.21792602539062,558.120849609375
43,2.0,60.0,199.26397705078125,518.947265625,254.34768676757812,557.9464721679688
44,2.0,60.0,199.76846313476562,518.02783203125,254.60166931152344,557.7311401367188
45,2.0,60.0,200.77273559570312,517.2478637695312,255.28724670410156,558.1436767578125
46,2.0,60.0,201.0347900390625,517.8261108398438,257.138916015625,558.3681640625
47,2.0,60.0,201.67127990722656,517.9344482421875,258.025390625,559.02783203125
48,2.0,60.0,203.20570373535156,517.5633544921875,258.3462829589844,559.3488159179688
49,2.0,60.0,203.33409118652344,517.1387939453125,259.6353454589844,559.8839721679688
50,2.0,60.0,203.71307373046875,517.0935668945312,261.3116149902344,560.3427734375
51,2.0,60.0,203.91574096679688,516.9844970703125,262.41217041015625,560.2709350585938
52,2.0,60.0,205.1356201171875,516.4190673828125,263.6234130859375,559.8462524414062
53,2.0,60.0,205.55963134765625,515.8798217773438,264.2812194824219,560.8760375976562
54,2.0,60.0,205.9394073486328,516.046142578125,265.67047119140625,561.5709838867188
55,2.0,60.0,206.09986877441406,515.8482055664062,266.6311340332031,561.7528686523438
56,2.0,60.0,206.34080505371094,517.05419921875,267.4798583984375,561.8099975585938
57,2.0,60.0,207.53076171875,517.1912231445312,268.40301513671875,562.3844604492188
58,2.0,60.0,208.26556396484375,516.47314453125,268.8966369628906,562.7058715820312
59,2.0,60.0,208.10134887695312,516.0067749023438,270.2798767089844,563.1387329101562
60,2.0,60.0,208.3425750732422,517.502685546875,271.0528259277344,563.2035522460938
61,2.0,60.0,209.20359802246094,517.4443969726562,274.00885009765625,563.4636840820312
62,2.0,60.0,210.32919311523438,517.579833984375,274.83551025390625,563.7876586914062
63,2.0,60.0,209.82424926757812,515.1301879882812,276.706787109375,565.2105102539062
64,2.0,60.0,211.09559631347656,515.8360595703125,277.8063049316406,565.181884765625
65,2.0,60.0,213.23985290527344,520.1353149414062,280.3542175292969,566.0000610351562
66,2.0,60.0,213.96514892578125,520.9364624023438,281.68804931640625,565.4015502929688
67,2.0,60.0,215.02931213378906,520.954833984375,282.74151611328125,565.3306884765625
68,2.0,60.0,215.60281372070312,519.5569458007812,284.46002197265625,565.4404907226562
69,2.0,60.0,216.01300048828125,518.4338989257812,286.8868408203125,565.8435668945312
70,2.0,60.0,216.36279296875,518.5083618164062,288.70330810546875,566.787109375
71,2.0,60.0,216.04641723632812,518.1619262695312,290.68890380859375,568.5394897460938
72,2.0,60.0,216.61434936523438,516.1712036132812,293.6412658691406,570.0274047851562
73,2.0,60.0,218.03660583496094,515.1403198242188,294.316162109375,570.4849853515625
74,2.0,60.0,219.4354248046875,514.8634643554688,297.9647216796875,571.0255126953125
75,2.0,60.0,220.34100341796875,513.3821411132812,300.20172119140625,571.636962890625
76,2.0,60.0,221.49273681640625,512.2604370117188,301.69366455078125,572.2037963867188
77,2.0,60.0,222.43441772460938,514.2786254882812,303.348876953125,572.6326293945312
78,2.0,60.0,223.1354217529297,512.8714599609375,304.50811767578125,572.8336181640625
79,2.0,60.0,224.17291259765625,511.8570251464844,306.4334716796875,573.3253173828125
80,2.0,60.0,225.94309997558594,513.155517578125,309.1451721191406,573.7783203125
81,2.0,60.0,227.7035369873047,517.0679931640625,311.4530944824219,574.1447143554688
82,2.0,60.0,228.9412384033203,514.4526977539062,314.4093017578125,575.0971069335938
83,2.0,60.0,230.65052795410156,512.6544189453125,316.7997131347656,575.9464111328125
84,2.0,60.0,230.66297912597656,510.1299133300781,319.4980773925781,576.3245239257812
85,2.0,60.0,231.0565948486328,508.69677734375,322.3949279785156,576.3998413085938
86,2.0,60.0,232.55088806152344,506.4574890136719,324.11444091796875,576.1280517578125
87,2.0,60.0,234.01882934570312,507.2684326171875,326.8953857421875,577.1570434570312
88,2.0,60.0,235.63990783691406,505.7575378417969,329.19781494140625,577.9679565429688
89,2.0,60.0,239.11521911621094,505.55517578125,331.4692687988281,579.2512817382812
90,2.0,60.0,240.9704132080078,505.1778564453125,333.54931640625,580.318115234375
91,2.0,60.0,241.51559448242188,504.6416931152344,338.1758117675781,582.8416748046875
92,2.0,60.0,241.68190002441406,505.4070129394531,342.00372314453125,583.345703125
93,2.0,60.0,242.39710998535156,503.56134033203125,346.68768310546875,584.90185546875
94,2.0,60.0,243.18919372558594,501.6995544433594,350.1433410644531,585.2302856445312
95,2.0,60.0,246.46597290039062,500.8018493652344,354.4535217285156,585.7371215820312
96,2.0,60.0,247.1780242919922,499.4491271972656,357.3169250488281,586.2442016601562
97,2.0,60.0,249.32699584960938,500.1031799316406,360.7886962890625,588.1024169921875
98,2.0,60.0,251.1119384765625,499.74627685546875,365.0613098144531,590.0538330078125
99,2.0,60.0,253.15110778808594,499.7137145996094,369.2608642578125,591.9711303710938
100,2.0,60.0,255.6472625732422,499.1219787597656,374.2488708496094,594.1734008789062
101,2.0,60.0,258.75457763671875,497.49700927734375,379.20501708984375,595.7169189453125
102,2.0,60.0,260.98577880859375,497.0492858886719,382.6338806152344,596.9374389648438
103,2.0,60.0,262.3794250488281,496.602294921875,388.1899108886719,597.9910278320312
104,2.0,60.0,264.6063537597656,496.5564880371094,393.2182312011719,599.1835327148438
105,2.0,60.0,265.84002685546875,496.8319396972656,398.1956787109375,600.0723876953125
106,2.0,60.0,266.7910461425781,496.7273254394531,404.4647216796875,602.02587890625
107,2.0,60.0,268.2901306152344,496.61920166015625,409.3988342285156,605.338134765625
108,2.0,60.0,267.6211853027344,496.2041015625,416.37359619140625,607.3883056640625
109,2.0,60.0,273.3635559082031,495.5651550292969,424.9992370605469,609.1084594726562
110,2.0,60.0,277.10906982421875,494.2586669921875,431.7797546386719,610.2710571289062
111,2.0,60.0,281.6671142578125,492.6265563964844,438.981201171875,612.1651000976562
112,2.0,60.0,287.80084228515625,491.1664123535156,446.7519836425781,614.790283203125
113,2.0,60.0,288.51580810546875,489.5185241699219,453.61907958984375,618.4270629882812
114,2.0,60.0,289.6548767089844,488.2511901855469,463.7649230957031,621.0189819335938
115,2.0,60.0,292.9833679199219,487.13763427734375,473.2661437988281,622.8993530273438
116,2.0,60.0,297.4567565917969,486.8838195800781,482.3096008300781,627.4442138671875
117,2.0,60.0,302.2336730957031,485.0270080566406,493.96405029296875,630.7058715820312
118,2.0,60.0,309.13616943359375,483.48046875,505.3713073730469,634.2032470703125
119,2.0,60.0,313.30755615234375,482.45819091796875,516.9271850585938,638.252197265625
120,2.0,60.0,315.5992736816406,481.03460693359375,530.08154296875,642.4472045898438
121,2.0,60.0,319.6936340332031,479.4903259277344,543.5712280273438,647.6596069335938
122,2.0,60.0,327.40576171875,478.4779968261719,559.366455078125,651.2508544921875
123,2.0,60.0,332.74884033203125,477.3139953613281,575.9622802734375,656.8616333007812
124,2.0,60.0,339.16741943359375,476.1033020019531,593.7838134765625,662.1859741210938
125,2.0,60.0,346.6566162109375,473.1805114746094,613.1041870117188,667.445068359375
126,2.0,60.0,353.26983642578125,472.4852600097656,633.2933959960938,673.97705078125
127,2.0,60.0,361.71331787109375,469.0463562011719,655.4237670898438,680.6895751953125
128,2.0,60.0,370.06982421875,464.88330078125,680.4933471679688,688.6364135742188
129,2.0,60.0,379.8423767089844,461.0313415527344,708.3875732421875,696.3511962890625
130,2.0,60.0,387.38458251953125,455.31304931640625,737.5260620117188,705.9732666015625
131,2.0,60.0,397.8036193847656,450.9181213378906,771.1320190429688,716.0189819335938
132,2.0,60.0,409.6564636230469,451.52081298828125,809.3259887695312,727.2818603515625
133,2.0,60.0,424.2845764160156,449.0514831542969,852.583740234375,740.4440307617188
134,2.0,60.0,438.4549865722656,447.5256652832031,900.957275390625,754.046875
135,2.0,60.0,454.3579406738281,444.21917724609375,955.43212890625,770.5338134765625
136,2.0,60.0,472.7799377441406,439.72802734375,1019.101806640625,789.3604736328125
137,2.0,60.0,494.37060546875,434.7385559082031,1093.952880859375,810.9694213867188
138,2.0,60.0,517.9041748046875,428.23773193359375,1178.5020751953125,836.225341796875
139,2.0,60.0,543.9671630859375,418.43048095703125,1279.4415283203125,869.0914306640625
140,2.0,60.0,572.778076171875,408.70574951171875,1399.2008056640625,908.9069213867188
141,2.0,60.0,609.7658081054688,397.7579040527344,1547.3704833984375,959.2570190429688
142,2.0,60.0,651.9443969726562,385.3724365234375,1732.455078125,1019.5048217773438
143,2.0,60.0,698.3355712890625,369.4434814453125,1865.4588623046875,1058.31103515625
144,2.0,60.0,765.0153198242188,345.94976806640625,1918.8857421875,1079.2166748046875
145,2.0,60.0,844.0594482421875,321.4118957519531,1920.0,1080.0
146,2.0,60.0,941.4931640625,288.7071838378906,1920.0,1079.2152099609375
147,2.0,60.0,1065.5787353515625,248.93258666992188,1920.0,1078.2076416015625
148,2.0,60.0,1226.5732421875,224.2096405029297,1920.0,1078.6322021484375
