2,39,235.05276489257812,467.747314453125,295.9300537109375,514.4540405273438
3,39,235.27374267578125,467.69903564453125,296.1787414550781,514.393798828125
4,39,235.31173706054688,467.8042297363281,297.3069152832031,514.7581787109375
5,39,235.13185119628906,467.7813415527344,297.75091552734375,514.8423461914062
6,39,235.4777374267578,468.1313171386719,299.35272216796875,515.1239013671875
7,39,235.98048400878906,468.4658508300781,299.7291259765625,515.4849243164062
8,39,235.56967163085938,468.3180847167969,299.475830078125,515.42529296875
9,39,235.48696899414062,468.28277587890625,300.39605712890625,515.8436279296875
10,39,236.28390502929688,468.2986145019531,302.1285095214844,516.8231811523438
11,39,237.45166015625,468.0528869628906,302.22491455078125,517.0932006835938
12,39,238.27268981933594,468.59698486328125,303.12939453125,517.3120727539062
13,39,238.79425048828125,468.6636962890625,303.8683776855469,517.904296875
14,39,239.56228637695312,467.649169921875,304.2023620605469,516.8843383789062
15,39,240.6552734375,467.590576171875,304.8439025878906,516.3175659179688
16,39,240.54837036132812,468.1451110839844,305.28546142578125,516.0057373046875
17,39,240.66729736328125,468.7203063964844,305.9793701171875,516.5394897460938
18,39,240.57614135742188,468.6961669921875,308.52325439453125,517.4087524414062
19,39,240.38111877441406,469.0326232910156,309.9602355957031,517.9707641601562
20,39,240.91445922851562,468.8327941894531,310.9626159667969,518.327880859375
21,39,241.90684509277344,468.2712097167969,313.2079162597656,518.6809692382812
22,39,242.4200897216797,467.96893310546875,313.8801574707031,519.26904296875
23,39,242.3479766845703,467.7796936035156,314.3776550292969,519.9083251953125
24,39,242.42901611328125,467.9339294433594,317.35540771484375,521.4833374023438
25,39,242.77413940429688,467.8525085449219,318.8703918457031,522.3677368164062
26,39,243.47779846191406,467.9674987792969,319.8687438964844,522.9996948242188
27,39,244.17503356933594,468.0018005371094,320.4859619140625,523.6709594726562
28,39,244.32852172851562,467.7264709472656,320.7622985839844,523.6986083984375
29,39,244.68177795410156,467.7099609375,321.55596923828125,523.9462280273438
30,39,244.8811492919922,467.69427490234375,322.90240478515625,523.6663208007812
31,39,245.50570678710938,467.79345703125,322.9838562011719,523.7730712890625
32,39,245.97183227539062,467.27581787109375,324.2104797363281,524.1136474609375
33,39,246.67274475097656,467.1826171875,324.9706115722656,524.66748046875
34,39,247.05865478515625,467.1372375488281,325.94891357421875,525.0770263671875
35,39,248.29576110839844,467.6723937988281,326.95208740234375,524.8262939453125
36,39,249.20986938476562,467.8976745605469,328.13287353515625,526.085205078125
37,39,249.85317993164062,467.9007263183594,328.47149658203125,526.4459228515625
38,39,249.7613983154297,467.82855224609375,328.92584228515625,527.1222534179688
39,39,251.0894775390625,467.7261962890625,330.0791320800781,527.62451171875
40,39,252.9524383544922,467.109130859375,332.2320251464844,527.558837890625
41,39,254.52633666992188,466.7528991699219,333.79669189453125,527.3869018554688
42,39,254.68771362304688,466.7391357421875,335.4768371582031,527.4998168945312
43,39,255.85057067871094,466.50408935546875,337.2105712890625,527.2950439453125
44,39,256.98828125,466.7279357910156,338.3927307128906,528.1318969726562
45,39,256.2767028808594,466.781982421875,340.11773681640625,528.5108642578125
46,39,257.4698791503906,467.2000427246094,342.2874755859375,528.5601196289062
47,39,256.5787353515625,467.36773681640625,344.7788391113281,529.5675048828125
48,39,257.0041198730469,467.3891906738281,347.0370788574219,529.9353637695312
49,39,259.5873718261719,467.5184326171875,347.9298095703125,530.024658203125
50,39,259.6744079589844,467.1218566894531,348.9733581542969,530.8759155273438
51,39,259.622802734375,467.1459655761719,350.561767578125,532.7069091796875
52,39,260.128173828125,467.1413269042969,350.5766906738281,532.5160522460938
53,39,260.4280090332031,467.0586853027344,352.91802978515625,533.2733154296875
54,39,261.3503723144531,467.22808837890625,354.2758483886719,532.9110717773438
55,39,261.6138916015625,466.6573791503906,357.705078125,535.171875
56,39,261.85302734375,466.7315673828125,360.9543151855469,536.1332397460938
57,39,263.3260192871094,467.0140380859375,362.1923828125,536.9434204101562
58,39,265.5570373535156,466.9000549316406,363.61004638671875,538.1056518554688
59,39,265.27606201171875,466.98809814453125,364.76123046875,537.6905517578125
60,39,265.7560119628906,466.6179504394531,367.2387390136719,537.5362548828125
61,39,266.5527648925781,466.6374816894531,368.86688232421875,538.0217895507812
62,39,265.8977355957031,465.89654541015625,371.1383361816406,538.6466674804688
63,39,265.3575439453125,466.0815734863281,372.70330810546875,539.522216796875
64,39,266.71514892578125,466.5559997558594,373.9687805175781,540.00732421875
65,39,268.31182861328125,465.5965881347656,375.0257873535156,540.8770751953125
66,39,269.24786376953125,465.1332092285156,377.1661071777344,541.4444580078125
67,39,270.50836181640625,465.15283203125,379.0116882324219,542.2744750976562
68,39,272.24853515625,465.2832336425781,382.5482482910156,543.1326904296875
69,39,272.17767333984375,464.7860107421875,384.4374084472656,544.46923828125
70,39,274.77117919921875,464.169189453125,387.55950927734375,545.0746459960938
71,39,275.2366943359375,464.0552062988281,390.37530517578125,546.0870361328125
72,39,276.0129699707031,463.1632385253906,392.99346923828125,546.6161499023438
73,39,277.5141296386719,462.59320068359375,395.67181396484375,547.4564819335938
74,39,277.1783142089844,462.821533203125,398.0890808105469,548.1455078125
75,39,279.5487365722656,463.4542541503906,400.7221984863281,548.7686767578125
76,39,281.41461181640625,462.361328125,404.0577697753906,549.8681640625
77,39,284.1189880371094,461.8457946777344,404.6346130371094,550.3782958984375
78,39,285.6397705078125,461.5080871582031,406.7324523925781,550.9507446289062
79,39,288.2057800292969,461.1339111328125,410.2077941894531,551.544189453125
80,39,287.4654541015625,461.3573303222656,413.018310546875,551.61083984375
81,39,288.85626220703125,461.36859130859375,415.8999328613281,552.5462646484375
82,39,289.94586181640625,461.4293518066406,419.289306640625,554.28271484375
83,39,291.05035400390625,461.6449890136719,423.4081726074219,556.1041259765625
84,39,291.1229248046875,461.7020263671875,426.6067810058594,556.775146484375
85,39,293.16314697265625,461.4388122558594,429.7112731933594,558.701416015625
86,39,294.1585388183594,460.94317626953125,432.2816162109375,559.5980224609375
87,39,295.8788757324219,460.2381591796875,436.41351318359375,560.6273193359375
88,39,299.8568115234375,458.7964782714844,439.51708984375,561.6336059570312
89,39,301.01116943359375,458.0884704589844,443.4014587402344,562.0731811523438
90,39,302.8773193359375,458.9241027832031,446.1954650878906,562.8743896484375
91,39,303.24566650390625,458.7399597167969,450.9150085449219,563.519287109375
92,39,305.0908508300781,458.46527099609375,454.050048828125,564.0657348632812
93,39,311.77740478515625,458.1024169921875,458.4700012207031,565.0263671875
94,39,313.4067687988281,458.0882873535156,461.95391845703125,566.9489135742188
95,39,313.1936340332031,458.0120849609375,466.165771484375,568.81640625
96,39,312.1412353515625,457.364013671875,470.2687072753906,571.1356201171875
97,39,311.7416687011719,457.104736328125,475.4401550292969,572.6657104492188
98,39,313.3067626953125,457.4725646972656,481.01959228515625,572.7876586914062
99,39,316.54840087890625,457.1673278808594,485.21502685546875,574.093017578125
100,39,316.5652770996094,456.6365966796875,490.5237731933594,575.06396484375
101,39,320.8218994140625,456.03985595703125,495.3199768066406,577.525390625
102,39,325.0752868652344,455.67852783203125,500.4361267089844,580.4808349609375
103,39,325.120361328125,455.73687744140625,505.7875061035156,580.7096557617188
104,39,324.9447937011719,455.5945739746094,510.67462158203125,581.7752685546875
105,39,326.41754150390625,455.267333984375,518.8341674804688,584.920654296875
106,39,328.0848388671875,455.1581726074219,525.5198364257812,586.8047485351562
107,39,329.33489990234375,453.9786071777344,531.146484375,588.844970703125
108,39,331.7562561035156,452.4109802246094,537.1575927734375,590.3035278320312
109,39,334.9117126464844,451.5127868652344,543.781005859375,591.3395385742188
110,39,337.72760009765625,450.1707763671875,550.8982543945312,594.2236328125
111,39,340.30523681640625,450.6263732910156,557.286376953125,595.6871337890625
112,39,343.135986328125,449.6986083984375,566.6126708984375,597.8482666015625
113,39,347.0212707519531,449.6706237792969,575.2295532226562,599.7822265625
114,39,350.42755126953125,448.3369445800781,582.44580078125,604.54443359375
115,39,353.289794921875,447.96484375,591.739013671875,608.5529174804688
116,39,358.13055419921875,446.9014892578125,600.2598876953125,611.4014282226562
117,39,360.7889709472656,446.3691101074219,610.0965576171875,613.5435180664062
118,39,364.24365234375,446.1819152832031,620.6332397460938,617.5857543945312
119,39,368.3652038574219,445.14190673828125,631.986083984375,619.6751098632812
120,39,371.3836669921875,443.9853820800781,641.9796752929688,622.7982177734375
121,39,375.5527648925781,442.2117919921875,652.0665283203125,627.8843383789062
122,39,380.1061706542969,441.1999206542969,663.62353515625,631.6520385742188
123,39,383.69073486328125,441.56298828125,677.3212280273438,635.4505004882812
124,39,387.5227966308594,441.17364501953125,690.5615234375,640.7440185546875
125,39,393.69342041015625,440.67486572265625,704.0188598632812,645.3986206054688
126,39,397.836181640625,439.99249267578125,719.0787353515625,645.9008178710938
127,39,401.9194641113281,439.8855895996094,735.1888427734375,652.225830078125
128,39,407.13720703125,439.6349182128906,750.8023071289062,659.0111694335938
129,39,413.42919921875,438.3739929199219,768.392578125,666.351806640625
130,39,417.8318786621094,436.9912414550781,787.4713134765625,671.2069702148438
131,39,425.2362976074219,436.6166076660156,808.6989135742188,676.697509765625
132,39,431.6938171386719,434.5140380859375,830.38720703125,683.8833618164062
133,39,439.0384826660156,433.5511474609375,852.645263671875,691.364990234375
134,39,445.61431884765625,433.0399169921875,877.3015747070312,697.2880859375
135,39,452.15771484375,431.4170837402344,902.7254638671875,705.8724975585938
136,39,458.8659973144531,430.1605224609375,929.5187377929688,713.189697265625
137,39,466.55255126953125,427.4009094238281,959.0714721679688,721.4779663085938
138,39,474.8490295410156,425.9878845214844,992.8037719726562,732.5065307617188
139,39,484.3108215332031,422.1222229003906,1027.292236328125,746.4030151367188
140,39,494.84002685546875,421.14178466796875,1066.550537109375,757.4048461914062
141,39,504.8586120605469,420.9570007324219,1110.7220458984375,771.9150390625
142,39,516.4616088867188,418.31634521484375,1157.179931640625,786.57421875
143,39,529.7039794921875,415.33380126953125,1207.466552734375,801.5380859375
144,39,543.0449829101562,412.7806701660156,1262.4571533203125,820.4290161132812
145,39,556.3978881835938,409.51678466796875,1323.6922607421875,842.2350463867188
146,39,571.9138793945312,406.15240478515625,1393.6328125,865.0487670898438
147,39,588.0223388671875,401.6781311035156,1471.0850830078125,889.427001953125
148,39,607.9537963867188,397.54571533203125,1555.9559326171875,919.2526245117188
149,39,625.646484375,392.2606506347656,1653.131103515625,952.7127075195312
150,39,651.6619262695312,388.16839599609375,1761.9361572265625,990.3698120117188
151,39,673.4733276367188,383.4749450683594,1878.108642578125,1033.8543701171875
152,39,700.326904296875,376.2007141113281,1920.0,1064.4375
153,39,724.880859375,369.4610290527344,1920.0,1075.845458984375
154,39,761.3090209960938,359.7855529785156,1920.0,1080.0
155,39,797.815673828125,350.4013977050781,1920.0,1080.0
156,39,837.9960327148438,340.2025146484375,1920.0,1080.0
157,39,886.4126586914062,324.32220458984375,1920.0,1079.8702392578125
158,39,939.4593505859375,313.4306945800781,1920.0,1075.7132568359375
159,39,1002.5466918945312,297.4017639160156,1920.0,1075.3011474609375
160,39,1076.9798583984375,278.5903015136719,1920.0,1074.84521484375
161,39,1164.2333984375,269.11676025390625,1920.0,1073.7835693359375
162,39,1264.9749755859375,272.55645751953125,1920.0,1074.766845703125
163,39,1390.2120361328125,308.81427001953125,1920.0,1076.962890625
164,39,1541.3892822265625,376.40655517578125,1920.0,1076.8665771484375
165,39,1727.37255859375,467.2224426269531,1920.0,1074.1026611328125
