47,57,456.91180419921875,462.0596923828125,506.0692443847656,499.151123046875
48,57,457.2693786621094,461.72882080078125,506.81304931640625,499.4016418457031
49,57,458.6111755371094,461.9653015136719,506.7159729003906,499.8977966308594
50,57,459.3659362792969,461.80474853515625,506.8821716308594,499.9439697265625
51,57,459.5948486328125,460.88800048828125,507.2899169921875,500.0401916503906
52,57,459.39996337890625,460.82659912109375,508.7127685546875,500.12322998046875
53,57,460.2798767089844,460.8202209472656,509.7740173339844,500.0001525878906
54,57,460.9166259765625,461.455810546875,510.0494079589844,499.6903991699219
55,57,461.464599609375,461.78814697265625,511.8290100097656,500.25238037109375
56,57,461.9715576171875,461.6680603027344,513.4772338867188,500.6059875488281
57,57,461.7937316894531,461.62799072265625,514.9976806640625,501.23431396484375
58,57,462.04425048828125,461.2784423828125,516.9129028320312,501.4870300292969
59,57,462.0853271484375,460.0545349121094,518.5517578125,502.31341552734375
60,57,462.1805725097656,458.4993896484375,520.9639282226562,502.6792907714844
61,57,462.89361572265625,457.5335693359375,522.0233154296875,503.9613037109375
62,57,463.612548828125,459.2571105957031,523.3726806640625,504.96234130859375
63,57,465.734375,461.4698486328125,526.9036865234375,504.5170593261719
64,57,466.69342041015625,462.14263916015625,528.9839477539062,504.7862854003906
65,57,469.1558532714844,462.6492614746094,530.36083984375,504.6599426269531
66,57,469.22210693359375,461.5250244140625,531.7262573242188,505.7987976074219
67,57,468.4100646972656,460.825927734375,532.862548828125,506.59576416015625
68,57,468.4025573730469,460.5008544921875,533.817138671875,508.0149230957031
69,57,468.712158203125,460.23272705078125,535.1026611328125,508.45733642578125
70,57,469.8975524902344,459.20697021484375,536.7807006835938,508.29864501953125
71,57,470.3709411621094,458.73065185546875,538.679443359375,508.4453430175781
72,57,470.509765625,458.2815246582031,541.6829833984375,509.9741516113281
73,57,472.0489501953125,457.2668762207031,545.21533203125,510.9824523925781
74,57,472.6940612792969,456.6913146972656,547.09619140625,510.8128967285156
75,57,473.66693115234375,456.6387023925781,550.3739013671875,511.39666748046875
76,57,474.703125,456.2992858886719,552.8746337890625,512.41357421875
77,57,476.3287658691406,456.0963439941406,554.9403686523438,513.4381713867188
78,57,478.0087890625,455.5922546386719,557.0470581054688,513.7116088867188
79,57,479.2522888183594,455.4477233886719,559.7062377929688,513.92919921875
80,57,480.67083740234375,455.1826477050781,561.8289184570312,514.1969604492188
81,57,481.45751953125,455.001220703125,564.1874389648438,515.15625
82,57,482.3489074707031,454.79412841796875,565.40234375,517.4244995117188
83,57,484.1016540527344,454.6465759277344,567.2230224609375,516.7742919921875
84,57,485.7084045410156,454.57421875,569.7413330078125,516.7235717773438
85,57,486.4088439941406,454.2553405761719,572.8968505859375,519.0279541015625
86,57,486.2863464355469,454.2300109863281,576.55322265625,521.6815795898438
87,57,488.8238220214844,453.6268310546875,580.6591796875,522.3169555664062
88,57,490.3108215332031,453.2606506347656,584.4444580078125,523.1541748046875
89,57,493.3875427246094,453.71343994140625,587.4923095703125,525.1830444335938
90,57,496.12933349609375,454.3623352050781,592.4567260742188,525.4428100585938
91,57,498.4733581542969,454.0111389160156,595.0755004882812,525.74365234375
92,57,500.0727233886719,453.94677734375,598.4782104492188,527.6366577148438
93,57,500.8564453125,453.1136474609375,601.6566162109375,527.556884765625
94,57,502.0090637207031,452.93914794921875,606.2755126953125,529.267333984375
95,57,503.943603515625,452.93939208984375,610.6846313476562,531.4207763671875
96,57,504.1917724609375,453.0988464355469,614.1427612304688,533.343994140625
97,57,506.1717224121094,453.11651611328125,618.6779174804688,535.3025512695312
98,57,506.5185546875,453.2147521972656,624.30615234375,536.9879150390625
99,57,508.2242736816406,452.0707702636719,630.0430297851562,537.7631225585938
100,57,510.6785583496094,450.514892578125,635.2149658203125,538.6189575195312
101,57,512.693115234375,450.6588439941406,639.5316772460938,539.4179077148438
102,57,515.6869506835938,449.4232177734375,646.9577026367188,541.7080078125
103,57,516.6934204101562,447.7760314941406,652.6435546875,544.2456665039062
104,57,518.6397705078125,446.2750549316406,658.2850341796875,546.2269287109375
105,57,522.1500854492188,446.27716064453125,665.2333984375,547.1257934570312
106,57,525.3419799804688,446.4024658203125,672.0401000976562,549.2780151367188
107,57,526.8560791015625,444.099609375,679.8783569335938,552.116455078125
108,57,527.6961669921875,443.49383544921875,688.0375366210938,555.6900024414062
109,57,533.9979858398438,443.2532043457031,695.1930541992188,558.3234252929688
110,57,538.0076293945312,442.2434997558594,705.6318969726562,561.4027709960938
111,57,540.3701782226562,441.5536804199219,715.84619140625,563.7286376953125
112,57,546.5167236328125,440.528076171875,726.242919921875,565.8626708984375
113,57,549.5533447265625,439.44586181640625,737.9577026367188,569.6148071289062
114,57,552.9328002929688,437.7970275878906,748.6490478515625,573.1251831054688
115,57,557.0128173828125,438.38787841796875,762.370849609375,575.4505615234375
116,57,561.2001953125,437.0565490722656,777.7257080078125,580.8145751953125
117,57,566.6207275390625,435.59881591796875,793.3263549804688,586.267333984375
118,57,572.2921752929688,434.9936218261719,810.58349609375,592.1636962890625
119,57,575.99365234375,435.2633361816406,827.7658081054688,597.075439453125
120,57,585.1197509765625,433.726806640625,848.9481201171875,603.0050048828125
121,57,595.0928344726562,430.91064453125,871.6378784179688,610.5894775390625
122,57,602.5162963867188,426.564453125,897.920654296875,617.2905883789062
123,57,610.6122436523438,421.5723876953125,924.56884765625,625.346923828125
124,57,619.953857421875,419.9465637207031,957.7276000976562,635.4696655273438
125,57,630.2783813476562,418.5112609863281,992.7034301757812,644.9658813476562
126,57,643.7870483398438,418.2486572265625,1032.7252197265625,653.73046875
127,57,655.2498779296875,416.867431640625,1080.2857666015625,671.7609252929688
128,57,670.5504760742188,416.10028076171875,1132.6396484375,689.8440551757812
129,57,688.1524658203125,410.81378173828125,1195.7545166015625,710.4640502929688
130,57,707.6035766601562,404.3741149902344,1271.24951171875,733.683349609375
131,57,730.8002319335938,399.80230712890625,1359.711181640625,762.75732421875
132,57,755.5721435546875,391.6375732421875,1470.197509765625,796.2174682617188
133,57,783.7791137695312,386.8582763671875,1605.845703125,840.7616577148438
134,57,819.2330322265625,379.2779846191406,1768.093994140625,897.300048828125
135,57,859.8613891601562,367.9825134277344,1877.2965087890625,972.567626953125
136,57,909.0582275390625,355.0798645019531,1920.0,1038.5496826171875
137,57,971.868896484375,339.6830139160156,1920.0,1067.5919189453125
138,57,1054.482177734375,317.7723693847656,1920.0,1071.816162109375
139,57,1160.1456298828125,288.5894775390625,1920.0,1072.7708740234375
140,57,1307.4700927734375,269.75390625,1920.0,1078.0501708984375
141,57,1517.633056640625,326.8797912597656,1920.0,1080.0
