2,35,414.35345458984375,466.6085205078125,493.2647705078125,521.4423217773438
3,35,415.6949157714844,467.1294860839844,493.0895080566406,522.4326782226562
4,35,416.7451171875,466.2524719238281,494.41778564453125,523.1400146484375
5,35,416.849853515625,466.58477783203125,496.4462890625,523.2769165039062
6,35,417.350341796875,467.057861328125,496.94525146484375,523.8654174804688
7,35,419.1795349121094,466.52978515625,498.37701416015625,524.188232421875
8,35,420.6528625488281,466.473876953125,499.71942138671875,524.3334350585938
9,35,421.6964416503906,466.5694274902344,499.1290588378906,524.2659301757812
10,35,422.0260314941406,466.1067810058594,500.57183837890625,524.2422485351562
11,35,422.122314453125,466.330322265625,501.97637939453125,524.6600952148438
12,35,422.249755859375,466.0799560546875,502.6398620605469,525.6823120117188
13,35,422.5694274902344,465.8263854980469,505.4045715332031,527.156005859375
14,35,422.6505432128906,465.7949523925781,507.05767822265625,527.7518310546875
15,35,423.2042236328125,465.8547668457031,507.508544921875,527.9796752929688
16,35,423.6015930175781,466.3222351074219,509.4002380371094,527.739501953125
17,35,423.72210693359375,466.66534423828125,510.5888671875,527.9288330078125
18,35,424.4615783691406,466.5179138183594,511.5240173339844,527.87939453125
19,35,424.4175720214844,466.35162353515625,512.8618774414062,528.6943969726562
20,35,425.2218933105469,466.3503723144531,513.22119140625,528.4823608398438
21,35,426.4711608886719,466.3154296875,514.3323974609375,528.4686889648438
22,35,428.2359619140625,466.097900390625,515.4403686523438,529.2977905273438
23,35,429.3525695800781,466.1058044433594,515.8245849609375,529.8856811523438
24,35,427.8345031738281,466.18341064453125,515.6914672851562,529.6762084960938
25,35,427.9551696777344,466.23394775390625,516.3193969726562,529.4075927734375
26,35,430.35479736328125,466.1294250488281,516.9813232421875,528.8235473632812
27,35,429.4076843261719,465.8953552246094,517.7714233398438,528.9551391601562
28,35,429.73626708984375,466.11639404296875,517.9888305664062,529.0052490234375
29,35,430.11651611328125,466.1793212890625,519.0444946289062,529.029296875
30,35,430.1042175292969,465.9580993652344,520.4251708984375,530.5264282226562
31,35,430.552978515625,465.84869384765625,521.7264404296875,531.5020141601562
32,35,430.26904296875,465.93359375,523.5603637695312,533.8341064453125
33,35,430.7889099121094,465.5831298828125,525.1826171875,535.02392578125
34,35,430.9469909667969,465.2786560058594,527.412353515625,536.6524047851562
35,35,431.901611328125,464.86895751953125,528.4636840820312,537.4324340820312
36,35,431.7523498535156,464.3497314453125,530.0285034179688,536.768798828125
37,35,431.7203369140625,464.2149658203125,533.4258422851562,536.2666015625
38,35,431.5699768066406,463.7865295410156,535.8568115234375,536.7972412109375
39,35,431.5060119628906,462.5535583496094,537.5977172851562,537.1575927734375
40,35,431.71697998046875,462.0095520019531,538.337646484375,537.3726806640625
41,35,432.3184814453125,461.3800964355469,539.417724609375,537.9086303710938
42,35,432.3758544921875,461.88873291015625,539.3523559570312,538.1647338867188
43,35,433.4267578125,461.58575439453125,540.12060546875,538.1245727539062
44,35,434.8053283691406,460.97265625,541.5874633789062,538.2977905273438
45,35,435.8300476074219,460.6336364746094,543.973388671875,538.9505004882812
46,35,436.7661437988281,461.1197204589844,546.9969482421875,539.3549194335938
47,35,436.80645751953125,461.06146240234375,549.2176513671875,540.9951782226562
48,35,437.73504638671875,461.2633056640625,549.2933349609375,540.7802734375
49,35,439.42193603515625,461.6735534667969,549.9431762695312,541.8191528320312
50,35,441.62969970703125,461.62164306640625,552.7683715820312,540.7448120117188
51,35,441.33575439453125,461.26611328125,554.6513061523438,540.6090087890625
52,35,441.8900451660156,460.5251770019531,554.9803466796875,541.4694213867188
53,35,444.1897277832031,460.0492248535156,556.4559936523438,542.3092651367188
54,35,445.110107421875,459.7395324707031,558.5279541015625,543.0941162109375
55,35,445.7481384277344,460.05584716796875,560.4312133789062,544.8837890625
56,35,447.5606994628906,459.9427490234375,561.9760131835938,545.8961791992188
57,35,449.65264892578125,459.398193359375,564.01611328125,546.4374389648438
58,35,448.18841552734375,459.9374084472656,565.3703002929688,547.0831298828125
59,35,447.5896911621094,459.54266357421875,566.7586669921875,546.899169921875
60,35,448.5589294433594,459.6398620605469,569.3477783203125,547.640625
61,35,450.56683349609375,459.8317565917969,569.350830078125,548.6871337890625
62,35,451.4300842285156,458.96893310546875,571.09765625,549.3907470703125
63,35,452.123046875,459.069580078125,573.0012817382812,548.9844360351562
64,35,452.7456970214844,458.6631774902344,575.1002807617188,548.6005859375
65,35,453.009765625,458.4612121582031,577.5814208984375,548.759765625
66,35,453.53057861328125,458.734619140625,579.36962890625,549.842529296875
67,35,455.9691162109375,458.74798583984375,581.8273315429688,550.6194458007812
68,35,457.3316955566406,459.0862121582031,585.1207885742188,551.86865234375
69,35,458.090576171875,459.0507507324219,587.7733764648438,551.9835815429688
70,35,458.5257568359375,459.134765625,589.0171508789062,551.6583862304688
71,35,459.21002197265625,459.3760681152344,591.467529296875,552.4409790039062
72,35,459.6328430175781,458.7933654785156,594.9963989257812,554.4285888671875
73,35,458.8082580566406,458.7349853515625,598.0161743164062,555.4848022460938
74,35,458.5402526855469,458.73187255859375,599.53662109375,556.8487548828125
75,35,458.7693786621094,458.6730651855469,601.8165893554688,558.63525390625
76,35,458.7138671875,458.2567138671875,603.6201782226562,559.721435546875
77,35,459.4114990234375,457.5926818847656,605.8812255859375,559.9739379882812
78,35,461.7242736816406,457.9804382324219,609.1046752929688,561.3381958007812
79,35,463.08428955078125,458.9412841796875,613.2421875,562.449951171875
80,35,462.2563171386719,457.3201904296875,616.5298461914062,562.254638671875
81,35,464.1392517089844,457.79412841796875,618.9605712890625,563.367919921875
82,35,466.54058837890625,458.0444641113281,621.7075805664062,564.6799926757812
83,35,467.82647705078125,457.2062683105469,624.22119140625,564.5333862304688
84,35,469.54034423828125,457.165283203125,626.7257080078125,565.4470825195312
85,35,470.90606689453125,456.8644714355469,629.3908081054688,566.3493041992188
86,35,473.5893249511719,456.627685546875,633.159912109375,567.4318237304688
87,35,473.8747253417969,455.6915283203125,636.83447265625,568.8875732421875
88,35,476.6847839355469,455.1566162109375,641.0733642578125,569.8912353515625
89,35,478.857666015625,454.9342346191406,643.9729614257812,571.0013427734375
90,35,479.70989990234375,454.6296081542969,646.5946044921875,571.7320556640625
91,35,480.4108581542969,454.1361999511719,649.0977172851562,573.2086181640625
92,35,481.1925354003906,453.7157897949219,652.9678344726562,574.7354125976562
93,35,481.25103759765625,453.79010009765625,656.8375244140625,573.8430786132812
94,35,482.03387451171875,453.37506103515625,662.442138671875,574.5723876953125
95,35,480.6065979003906,453.1412658691406,666.1856689453125,575.3863525390625
96,35,482.29705810546875,453.1551818847656,670.2138061523438,577.5980834960938
97,35,485.97393798828125,452.6522216796875,673.7671508789062,579.399169921875
98,35,485.9796447753906,452.06085205078125,676.3451538085938,581.2797241210938
99,35,490.67236328125,451.1476135253906,681.5620727539062,581.1021118164062
100,35,491.4824523925781,450.1495666503906,688.3037719726562,583.8204956054688
101,35,493.0462951660156,449.32171630859375,692.552490234375,585.4869384765625
102,35,494.6815490722656,449.5108947753906,698.5972900390625,587.9468383789062
103,35,499.1904296875,449.44122314453125,701.96484375,589.6714477539062
104,35,498.3753967285156,448.8414306640625,706.7288208007812,591.24853515625
105,35,499.94537353515625,448.2013854980469,713.1839599609375,592.162353515625
106,35,501.4610290527344,447.06689453125,718.5403442382812,593.5228271484375
107,35,504.0625,447.3690185546875,724.775390625,595.1076049804688
108,35,504.7101135253906,445.85333251953125,729.4763793945312,596.4314575195312
109,35,506.9790344238281,445.4639587402344,735.5073852539062,598.114990234375
110,35,508.4834899902344,444.970703125,742.1055908203125,602.1061401367188
111,35,510.5628967285156,444.7530212402344,748.2444458007812,604.5255737304688
112,35,513.0606689453125,443.8196716308594,753.7625122070312,607.7622680664062
113,35,515.003662109375,443.5538330078125,761.0177001953125,609.2781982421875
114,35,517.6737670898438,442.5979309082031,769.6824951171875,610.3681030273438
115,35,519.9320678710938,442.1200866699219,775.7058715820312,612.8298950195312
116,35,522.3582763671875,441.8524169921875,783.0756225585938,616.6467895507812
117,35,525.3583984375,440.0405578613281,791.177001953125,619.7362060546875
118,35,527.2548828125,438.51470947265625,797.7841186523438,621.7608032226562
119,35,529.8828125,437.9923095703125,805.2769165039062,623.2267456054688
120,35,532.5870361328125,438.06005859375,816.8187255859375,624.6349487304688
121,35,536.1344604492188,438.2032165527344,827.0359497070312,629.4412231445312
122,35,538.5964965820312,437.33819580078125,835.4979858398438,632.2222900390625
123,35,541.461669921875,436.0249328613281,844.767333984375,635.0231323242188
124,35,545.519287109375,435.0329895019531,854.2640991210938,637.048828125
125,35,548.8338623046875,435.5108642578125,866.7275390625,642.1228637695312
126,35,551.1380004882812,434.9364318847656,877.460205078125,645.36572265625
127,35,554.9541015625,433.87567138671875,888.7667236328125,649.1882934570312
128,35,559.50927734375,433.513916015625,900.3352661132812,650.3154907226562
129,35,563.117431640625,433.1553039550781,914.1786499023438,655.8592529296875
130,35,566.8404541015625,432.1661071777344,928.5823364257812,661.1114501953125
131,35,571.8158569335938,431.7601623535156,941.618896484375,664.0457763671875
132,35,575.05517578125,431.3494567871094,956.3479614257812,668.5035400390625
133,35,578.7177734375,430.17938232421875,973.3799438476562,673.9630737304688
134,35,583.4656372070312,429.465087890625,987.5260620117188,679.6702880859375
135,35,587.4548950195312,429.3126525878906,1003.7991333007812,686.002685546875
136,35,593.0376586914062,428.2569885253906,1023.0816040039062,693.309326171875
137,35,599.4019775390625,427.1693115234375,1042.2574462890625,698.74951171875
138,35,605.654296875,425.6965026855469,1064.5821533203125,703.7843627929688
139,35,610.8004150390625,423.126708984375,1084.24609375,710.318115234375
140,35,617.2057495117188,421.7939147949219,1106.8331298828125,715.7846069335938
141,35,622.8973999023438,418.5564270019531,1129.867431640625,723.1156616210938
142,35,628.635986328125,417.3477783203125,1155.6563720703125,732.0125122070312
143,35,634.9044189453125,413.7611389160156,1184.07666015625,740.0870971679688
144,35,642.73291015625,412.003173828125,1213.48046875,749.177490234375
145,35,649.5255737304688,409.72454833984375,1245.2718505859375,759.1820678710938
146,35,657.2500610351562,406.66180419921875,1278.810302734375,771.7385864257812
147,35,665.4967041015625,404.6108703613281,1315.233154296875,781.7825927734375
148,35,674.0957641601562,403.61737060546875,1355.8271484375,796.0092163085938
149,35,683.5615234375,402.79290771484375,1398.052001953125,806.6594848632812
150,35,693.2041015625,401.35955810546875,1442.2005615234375,821.3663940429688
151,35,702.62744140625,399.36114501953125,1493.838134765625,839.1219482421875
152,35,714.8372802734375,395.60650634765625,1547.2738037109375,857.1508178710938
153,35,729.6431274414062,391.2943420410156,1606.771240234375,875.3074340820312
154,35,741.954833984375,388.5257873535156,1671.012451171875,895.4288330078125
155,35,755.8655395507812,385.7038879394531,1741.5810546875,920.58544921875
156,35,766.705322265625,381.20074462890625,1817.7042236328125,946.65625
157,35,784.3148803710938,376.33367919921875,1895.603271484375,978.0340576171875
158,35,803.8129272460938,369.80859375,1920.0,1010.7421875
159,35,820.4006958007812,364.9654541015625,1920.0,1046.0438232421875
160,35,840.980712890625,359.896240234375,1920.0,1067.499267578125
161,35,865.1278686523438,353.7316589355469,1920.0,1075.759765625
162,35,892.820068359375,347.26751708984375,1920.0,1079.7841796875
163,35,912.5879516601562,341.93017578125,1920.0,1080.0
164,35,940.7228393554688,332.7764587402344,1920.0,1080.0
165,35,969.6560668945312,322.243896484375,1920.0,1077.4267578125
166,35,1001.2099609375,312.80743408203125,1920.0,1074.2193603515625
167,35,1037.0155029296875,300.035888671875,1920.0,1071.5966796875
168,35,1081.896484375,288.5596923828125,1920.0,1070.5323486328125
169,35,1127.86669921875,275.38385009765625,1920.0,1071.0906982421875
170,35,1180.0599365234375,261.25421142578125,1920.0,1071.1500244140625
171,35,1234.2301025390625,255.2040252685547,1920.0,1071.8187255859375
172,35,1298.38720703125,258.26019287109375,1920.0,1072.146484375
173,35,1373.0625,273.7492980957031,1920.0,1073.4833984375
174,35,1463.22265625,310.6953125,1920.0,1074.9339599609375
175,35,1562.6556396484375,365.10699462890625,1920.0,1073.6968994140625
176,35,1680.36865234375,438.44183349609375,1920.0,1072.427978515625
177,35,1817.5013427734375,511.2574462890625,1919.953125,1069.5977783203125
