70,59,467.9227600097656,461.97784423828125,531.6559448242188,505.9284362792969
71,59,469.2082214355469,460.494140625,532.0429077148438,506.3446960449219
72,59,468.16998291015625,459.4504699707031,534.3475341796875,506.89154052734375
73,59,468.2908630371094,459.25030517578125,536.3696899414062,508.3388671875
74,59,468.12359619140625,459.2425537109375,537.0653686523438,509.001953125
75,59,469.1545104980469,459.06256103515625,538.6781005859375,509.25189208984375
76,59,469.91009521484375,458.13641357421875,541.01416015625,509.508056640625
77,59,470.50775146484375,458.0086669921875,542.2351684570312,510.2278747558594
78,59,471.6621398925781,456.9900207519531,545.452880859375,510.9350280761719
79,59,473.37939453125,456.72064208984375,548.64208984375,511.421875
80,59,473.7391662597656,456.3317565917969,552.0332641601562,512.4923095703125
81,59,475.7701721191406,455.9582214355469,553.23876953125,513.311279296875
82,59,476.9625549316406,455.65631103515625,556.0205688476562,513.5711059570312
83,59,477.9681091308594,455.29437255859375,558.9371948242188,513.932861328125
84,59,479.94952392578125,454.8351745605469,561.1768798828125,514.2166748046875
85,59,481.0945129394531,454.8352966308594,563.4107666015625,515.9556274414062
86,59,482.64849853515625,454.70025634765625,564.8229370117188,516.0462036132812
87,59,482.6917724609375,454.50787353515625,566.2388305664062,517.1964721679688
88,59,483.2810974121094,454.41986083984375,567.0264282226562,518.3085327148438
89,59,484.64215087890625,453.4203796386719,570.7616577148438,519.8002319335938
90,59,484.9709167480469,453.7950134277344,576.2423095703125,521.4996948242188
91,59,488.2900695800781,452.732421875,581.7813110351562,523.3818969726562
92,59,490.6300964355469,451.8898620605469,585.1871337890625,524.671142578125
93,59,491.2258605957031,451.85089111328125,587.4016723632812,524.7693481445312
94,59,494.34490966796875,452.1814880371094,591.0584106445312,525.602783203125
95,59,498.0834045410156,452.13037109375,594.1052856445312,525.5869750976562
96,59,500.2701416015625,451.9481201171875,595.9976196289062,526.3314208984375
97,59,501.4305725097656,451.4034729003906,601.7698364257812,527.708984375
98,59,502.273193359375,452.03057861328125,607.1919555664062,528.6543579101562
99,59,502.5777282714844,451.4951477050781,612.6428833007812,532.2883911132812
100,59,504.1580505371094,451.04693603515625,616.8404541015625,533.6548461914062
101,59,505.1799011230469,449.26312255859375,622.5986328125,536.3362426757812
102,59,506.4761657714844,449.14727783203125,628.1793212890625,537.3699340820312
103,59,508.188232421875,448.6057434082031,633.9929809570312,538.552490234375
104,59,510.8746337890625,447.0006408691406,639.0701293945312,538.815185546875
105,59,515.7575073242188,446.65277099609375,645.9977416992188,541.3974609375
106,59,517.3232421875,446.48773193359375,653.4556274414062,542.4761962890625
107,59,521.0818481445312,445.67169189453125,660.835693359375,545.0413208007812
108,59,524.7723999023438,444.88916015625,667.8233032226562,547.2059936523438
109,59,527.5935668945312,444.4612121582031,674.5015258789062,548.2423706054688
110,59,528.5914306640625,442.7995910644531,681.819580078125,550.9732666015625
111,59,531.7035522460938,442.6123962402344,691.0479125976562,553.5662841796875
112,59,538.0458984375,441.0231628417969,700.0828247070312,557.1080932617188
113,59,540.6455078125,440.9190368652344,710.4265747070312,559.6004028320312
114,59,545.2138671875,440.7464599609375,720.3529663085938,562.0333251953125
115,59,548.7621459960938,439.042236328125,731.293212890625,564.8540649414062
116,59,551.8176879882812,436.6703796386719,742.794677734375,568.2289428710938
117,59,556.2694702148438,436.50103759765625,755.8636474609375,572.0374145507812
118,59,559.7825927734375,435.66015625,771.0831909179688,576.3809814453125
119,59,565.1723022460938,433.3695068359375,787.2247314453125,581.965087890625
120,59,570.4591674804688,431.3565368652344,804.0,587.3760375976562
121,59,575.6151123046875,430.30419921875,822.6512451171875,593.0905151367188
122,59,583.0150756835938,429.47882080078125,843.299560546875,601.3802490234375
123,59,592.1043090820312,428.2738037109375,865.0367431640625,607.1433715820312
124,59,599.9548950195312,425.304443359375,889.7803955078125,615.7994995117188
125,59,608.7948608398438,421.9366760253906,917.50048828125,622.759033203125
126,59,619.15869140625,418.9583740234375,948.8682861328125,631.9259643554688
127,59,630.7193603515625,417.7052307128906,985.2836303710938,638.2938842773438
128,59,641.5571899414062,414.881103515625,1023.5574951171875,650.6387939453125
129,59,654.05615234375,413.295166015625,1070.855712890625,664.1787719726562
130,59,667.6773681640625,411.1186218261719,1122.89697265625,680.067138671875
131,59,683.3619995117188,404.6724853515625,1186.32763671875,699.5304565429688
132,59,701.6568603515625,398.1720886230469,1260.349609375,723.291259765625
133,59,723.4295654296875,391.4039001464844,1350.5426025390625,754.8960571289062
134,59,748.4605102539062,382.29803466796875,1461.7467041015625,788.0350341796875
135,59,775.7752075195312,374.1662292480469,1603.5362548828125,836.2596435546875
136,59,811.7557983398438,363.7493896484375,1775.0478515625,894.8446044921875
137,59,852.5591430664062,352.8312683105469,1879.7972412109375,977.485107421875
138,59,904.2167358398438,336.79541015625,1920.0,1040.76513671875
139,59,970.5828857421875,316.7892761230469,1920.0,1065.5946044921875
140,59,1056.275634765625,290.3143005371094,1920.0,1069.8948974609375
141,59,1168.260986328125,255.1013641357422,1920.0,1073.2303466796875
142,59,1327.9119873046875,242.24008178710938,1920.0,1077.911865234375
143,59,1565.1080322265625,322.4952392578125,1920.0,1079.6375732421875
