48,65,455.5242004394531,462.9250793457031,505.0627136230469,495.6719055175781
49,65,455.74786376953125,462.38983154296875,505.3539123535156,497.0298767089844
50,65,456.5071716308594,462.68548583984375,506.2615661621094,497.9561462402344
51,65,457.6448974609375,463.1988220214844,506.895263671875,498.5636901855469
52,65,458.2290344238281,463.48199462890625,507.7434997558594,498.90606689453125
53,65,458.06201171875,463.21759033203125,508.6912536621094,498.9503479003906
54,65,458.31158447265625,463.25531005859375,509.2788391113281,499.1683654785156
55,65,459.2359313964844,462.5014343261719,509.68194580078125,499.49365234375
56,65,459.74627685546875,462.1530456542969,510.4217224121094,499.6645202636719
57,65,460.4267272949219,461.88116455078125,511.0491943359375,499.974853515625
58,65,460.6392517089844,461.89715576171875,511.2470703125,500.2148742675781
59,65,460.5847473144531,461.9183349609375,512.2161254882812,500.4743957519531
60,65,461.3285827636719,461.59051513671875,513.388671875,500.5555725097656
61,65,461.93194580078125,461.6471252441406,515.0471801757812,501.47442626953125
62,65,462.3747863769531,461.33453369140625,516.3197021484375,501.5121765136719
63,65,462.695068359375,461.01129150390625,517.3141479492188,501.2314758300781
64,65,464.0446472167969,460.49407958984375,519.1914672851562,502.1069030761719
65,65,464.864013671875,460.3450927734375,521.3218383789062,503.61419677734375
66,65,466.0367431640625,460.4839782714844,522.9636840820312,504.0468444824219
67,65,467.00274658203125,460.7041320800781,524.7005615234375,504.95513916015625
68,65,467.6846923828125,461.4605407714844,527.6043701171875,504.980712890625
69,65,468.8232421875,460.7452392578125,529.14453125,505.46197509765625
70,65,469.9370422363281,461.6681823730469,530.7640991210938,505.71368408203125
71,65,470.37457275390625,460.9451904296875,531.8773193359375,505.9538879394531
72,65,470.2409362792969,458.7301940917969,532.7178344726562,506.47674560546875
73,65,469.7434387207031,459.6056823730469,534.2020874023438,507.41693115234375
74,65,469.08709716796875,459.8538818359375,536.1500854492188,507.8882141113281
75,65,470.36944580078125,459.6455383300781,539.027587890625,508.2807922363281
76,65,471.19537353515625,459.3690490722656,538.8531494140625,508.6297912597656
77,65,471.6785583496094,458.6812438964844,541.269287109375,509.3316650390625
78,65,472.62359619140625,458.42572021484375,546.317626953125,510.92852783203125
79,65,474.01806640625,458.20941162109375,549.8644409179688,511.7229919433594
80,65,476.0636901855469,457.47894287109375,553.275146484375,512.3167114257812
81,65,477.2802429199219,457.18255615234375,554.2774658203125,513.49267578125
82,65,478.6797180175781,456.33795166015625,555.8726806640625,513.8111572265625
83,65,480.9015197753906,455.6506652832031,558.4471435546875,514.2047119140625
84,65,481.2251281738281,455.862548828125,560.7982788085938,514.6527099609375
85,65,482.1491394042969,456.2008972167969,563.8616943359375,515.9248046875
86,65,483.21337890625,455.78515625,565.5587158203125,517.4672241210938
87,65,484.6838684082031,455.16925048828125,568.1433715820312,516.7726440429688
88,65,485.5815734863281,454.76373291015625,571.740234375,518.372802734375
89,65,485.5955810546875,454.7362365722656,575.8646240234375,520.0955810546875
90,65,487.9261169433594,453.5528564453125,580.2349853515625,522.2040405273438
91,65,490.6905517578125,452.67401123046875,584.39208984375,523.9506225585938
92,65,492.156005859375,453.2457580566406,587.7625122070312,525.0604858398438
93,65,497.9550476074219,452.58209228515625,590.751220703125,526.1231689453125
94,65,500.8309020996094,452.24029541015625,592.8335571289062,526.3201293945312
95,65,501.4228820800781,452.16143798828125,598.4540405273438,526.4383544921875
96,65,502.5373229980469,451.70819091796875,603.7140502929688,528.5314331054688
97,65,502.767822265625,453.1535339355469,609.8506469726562,530.0897827148438
98,65,504.7829284667969,452.87725830078125,614.9937133789062,532.3546142578125
99,65,506.0621032714844,451.5704345703125,620.3009643554688,535.6025390625
100,65,508.8818054199219,450.3983459472656,627.0681762695312,536.3052978515625
101,65,510.6058349609375,448.7621154785156,633.84130859375,537.6339111328125
102,65,513.5419311523438,448.36529541015625,638.9805908203125,538.6896362304688
103,65,515.3905029296875,447.8220520019531,647.6460571289062,540.8912963867188
104,65,518.8326416015625,446.2627258300781,654.6422119140625,543.095947265625
105,65,522.4179077148438,445.4210510253906,662.6300048828125,545.2586059570312
106,65,526.5065307617188,444.8956604003906,670.7177734375,547.980712890625
107,65,527.5723876953125,443.54754638671875,678.677490234375,549.5845947265625
108,65,533.16845703125,443.0562438964844,689.3908081054688,552.3121948242188
109,65,535.8208618164062,442.11199951171875,699.3323974609375,556.5614624023438
110,65,539.7705688476562,440.8437194824219,710.0802612304688,559.5660400390625
111,65,544.138671875,439.16778564453125,721.9498291015625,562.5560913085938
112,65,549.3312377929688,438.1109619140625,733.8868408203125,565.4536743164062
113,65,553.5313720703125,436.4148864746094,747.4352416992188,570.0657958984375
114,65,557.7234497070312,436.5567932128906,762.7982177734375,573.8355712890625
115,65,564.0913696289062,434.87554931640625,778.9888916015625,578.4437866210938
116,65,570.4890747070312,432.3602600097656,798.7977294921875,583.7195434570312
117,65,576.5945434570312,431.42767333984375,819.6409301757812,590.5831298828125
118,65,585.3488159179688,430.165283203125,841.6723022460938,598.2620849609375
119,65,595.4185180664062,428.2781982421875,868.4459228515625,604.8323974609375
120,65,604.2321166992188,424.6045227050781,896.3510131835938,614.3208618164062
121,65,613.5895385742188,420.6313171386719,928.44140625,622.9027099609375
122,65,626.7933349609375,417.80120849609375,965.78466796875,632.6848754882812
123,65,640.132080078125,415.4615173339844,1008.8037719726562,644.7809448242188
124,65,654.2549438476562,412.7981872558594,1057.7525634765625,654.8831787109375
125,65,669.405517578125,410.97845458984375,1115.2755126953125,674.2828979492188
126,65,688.1712036132812,405.0106201171875,1184.516845703125,695.2158203125
127,65,710.2901000976562,399.54754638671875,1268.9747314453125,719.939208984375
128,65,737.6766967773438,392.1256408691406,1373.261474609375,755.509765625
129,65,768.1474609375,382.6081848144531,1505.3779296875,797.7537841796875
130,65,804.3939819335938,371.5298767089844,1675.790283203125,850.7322998046875
131,65,846.5245361328125,357.585693359375,1837.273681640625,925.4315795898438
132,65,900.8733520507812,343.8919982910156,1905.5611572265625,1015.7684326171875
133,65,973.1644897460938,324.8261413574219,1920.0,1057.91796875
134,65,1069.8289794921875,296.3173522949219,1920.0,1067.0654296875
135,65,1203.732177734375,257.1313171386719,1920.0,1071.235595703125
136,65,1402.7860107421875,267.7612609863281,1920.0,1078.3851318359375
