70,52,348.8525085449219,414.0371398925781,417.32177734375,462.7393493652344
71,52,350.18804931640625,413.84307861328125,418.25018310546875,463.78326416015625
72,52,350.26348876953125,413.9871826171875,419.34906005859375,465.0562744140625
73,52,350.5277099609375,413.0096130371094,422.0533447265625,466.8641662597656
74,52,351.26959228515625,412.7764587402344,423.0758361816406,467.00921630859375
75,52,351.5018615722656,412.5611572265625,424.4163818359375,466.9172058105469
76,52,351.97198486328125,412.0419921875,425.1112060546875,467.1982116699219
77,52,352.416748046875,411.88970947265625,427.0088195800781,466.92327880859375
78,52,353.40185546875,411.31951904296875,429.62078857421875,467.2173767089844
79,52,353.9949951171875,411.72259521484375,431.8442687988281,468.0802917480469
80,52,355.00897216796875,412.4231872558594,433.6289367675781,468.839599609375
81,52,356.34381103515625,410.1187744140625,435.76275634765625,469.09906005859375
82,52,356.928466796875,409.48675537109375,437.82080078125,469.37823486328125
83,52,358.77557373046875,408.35675048828125,440.8084411621094,471.4015197753906
84,52,358.7513732910156,408.541748046875,442.8334655761719,472.3484802246094
85,52,358.82769775390625,408.2278137207031,444.4932861328125,473.3532409667969
86,52,360.32708740234375,408.3201904296875,446.17779541015625,474.6117248535156
87,52,361.9637451171875,408.37713623046875,446.75341796875,475.8996276855469
88,52,362.2695617675781,408.40948486328125,449.5270690917969,476.4832763671875
89,52,362.24517822265625,408.3214416503906,450.8136901855469,475.61572265625
90,52,363.5003662109375,408.32586669921875,453.72467041015625,475.68365478515625
91,52,363.1851806640625,409.1434631347656,457.2027587890625,477.02734375
92,52,363.62774658203125,409.9798889160156,457.6260681152344,477.8336181640625
93,52,365.5658874511719,409.1836242675781,461.1455993652344,478.78955078125
94,52,367.3045959472656,408.7039794921875,463.2287292480469,478.6961975097656
95,52,368.2776794433594,408.5519714355469,466.5379638671875,478.6294860839844
96,52,371.43426513671875,407.8612060546875,469.2579345703125,480.0378723144531
97,52,373.7101745605469,408.105712890625,472.032958984375,480.9062194824219
98,52,374.7411804199219,407.86376953125,474.9117431640625,481.4248352050781
99,52,375.9998474121094,407.80157470703125,478.0001525878906,482.0995178222656
100,52,377.2715759277344,407.19964599609375,481.56494140625,483.8163146972656
101,52,378.78759765625,406.35986328125,484.7151794433594,484.65106201171875
102,52,377.88385009765625,405.4673767089844,488.5638732910156,485.8517761230469
103,52,381.2872314453125,405.80059814453125,492.4004821777344,487.3036804199219
104,52,383.1734619140625,405.6700134277344,495.75946044921875,488.8230285644531
105,52,384.8631286621094,405.7900085449219,498.63385009765625,490.041015625
106,52,384.75067138671875,404.7784729003906,503.806640625,490.29437255859375
107,52,386.1236877441406,404.46221923828125,509.3255310058594,490.9053039550781
108,52,387.96807861328125,405.09228515625,514.056396484375,492.3143005371094
109,52,388.0508117675781,404.84478759765625,517.0972900390625,493.0946350097656
110,52,390.718994140625,403.9919128417969,520.3629150390625,496.0087585449219
111,52,395.2922668457031,403.76715087890625,524.0138549804688,498.123291015625
112,52,397.4173889160156,403.2680358886719,530.3828125,499.2774963378906
113,52,400.8768310546875,402.98577880859375,535.1848754882812,501.1472473144531
114,52,401.5216369628906,402.5346374511719,540.3698120117188,501.87322998046875
115,52,404.3824157714844,402.106689453125,545.9857177734375,504.4577941894531
116,52,405.496826171875,401.95068359375,550.9756469726562,506.0942077636719
117,52,406.1909484863281,401.6104736328125,556.3838500976562,507.9440002441406
118,52,408.15106201171875,401.5282897949219,564.3052368164062,511.11834716796875
119,52,410.2960510253906,400.8118591308594,571.5200805664062,513.6281127929688
120,52,414.9208679199219,400.5669250488281,579.3633422851562,514.0435791015625
121,52,418.5913391113281,400.272705078125,587.22021484375,514.8585815429688
122,52,421.4349365234375,399.54718017578125,594.5635375976562,520.6763916015625
123,52,424.6520690917969,398.2896423339844,604.0987548828125,523.0133666992188
124,52,427.24462890625,395.9981384277344,611.0518798828125,526.1854858398438
125,52,430.2019348144531,395.1739807128906,619.9165649414062,529.1998901367188
126,52,431.8245849609375,393.9263916015625,629.3724365234375,533.925048828125
127,52,432.8809814453125,392.4724426269531,640.3826904296875,536.2470092773438
128,52,437.1660461425781,390.3293151855469,652.608154296875,538.6812744140625
129,52,441.461669921875,389.3317565917969,665.44140625,543.787109375
130,52,447.78680419921875,389.1066589355469,678.0902099609375,547.4893188476562
131,52,451.3526916503906,387.4294738769531,691.6270751953125,550.4744873046875
132,52,457.406494140625,385.8768310546875,706.9580688476562,554.7492065429688
133,52,461.14544677734375,383.716796875,721.60009765625,561.06005859375
134,52,466.38946533203125,381.7544250488281,738.5238037109375,565.9751586914062
135,52,471.99658203125,379.328125,757.3975219726562,573.126708984375
136,52,478.1773376464844,377.5287170410156,779.8887329101562,579.5699462890625
137,52,484.50311279296875,375.946044921875,801.6095581054688,588.2064819335938
138,52,492.5233459472656,373.76025390625,827.6717529296875,595.941162109375
139,52,500.4022521972656,373.52862548828125,853.3031616210938,603.716796875
140,52,509.0426330566406,372.8108215332031,882.9263305664062,613.261474609375
141,52,516.289306640625,368.93487548828125,917.4467163085938,624.1148071289062
142,52,525.8574829101562,365.4314880371094,955.6915893554688,636.055908203125
143,52,534.9356079101562,359.7835998535156,998.3099365234375,647.8118896484375
144,52,548.1937255859375,355.8547058105469,1045.850830078125,665.322265625
145,52,559.1127319335938,352.8456726074219,1102.9700927734375,685.5209350585938
146,52,574.3826904296875,349.4377136230469,1167.0333251953125,707.408203125
147,52,591.47216796875,346.245849609375,1242.6676025390625,732.6812744140625
148,52,610.0634155273438,342.0054016113281,1333.129638671875,763.2915649414062
149,52,633.0787353515625,337.4789123535156,1439.0400390625,800.0057373046875
150,52,656.87255859375,331.4344787597656,1567.454345703125,845.5949096679688
151,52,685.24658203125,322.13671875,1719.6126708984375,901.8094482421875
152,52,712.0650634765625,311.70977783203125,1859.1390380859375,979.7015380859375
153,52,755.2532348632812,298.5399475097656,1915.82421875,1041.6502685546875
154,52,802.3366088867188,284.1412048339844,1920.0,1068.831298828125
155,52,866.7796630859375,265.8680725097656,1920.0,1078.6907958984375
156,52,933.173828125,243.89039611816406,1920.0,1076.9713134765625
157,52,1021.4996337890625,217.19436645507812,1920.0,1076.4764404296875
158,52,1143.96728515625,189.16384887695312,1920.0,1078.02294921875
159,52,1306.5443115234375,201.12562561035156,1920.0,1079.3717041015625
160,52,1537.0635986328125,300.68084716796875,1920.0,1079.2366943359375
