20,42,261.78173828125,524.824951171875,309.9851989746094,562.012939453125
21,42,262.1084899902344,524.4874877929688,310.3760681152344,561.7747802734375
22,42,262.31610107421875,524.3203735351562,311.02276611328125,561.3096923828125
23,42,262.40716552734375,524.4750366210938,310.7924499511719,561.2528076171875
24,42,262.6766357421875,524.6029052734375,311.3861389160156,561.8187255859375
25,42,263.97308349609375,524.9446411132812,313.216552734375,562.6138305664062
26,42,264.5001525878906,525.3079223632812,314.29443359375,562.5960693359375
27,42,264.5848693847656,525.2614135742188,315.7398986816406,563.2591552734375
28,42,265.2932434082031,525.6348266601562,316.0007629394531,563.2936401367188
29,42,266.4700622558594,525.903564453125,316.17254638671875,563.364013671875
30,42,267.21728515625,525.7667846679688,316.20660400390625,563.0631713867188
31,42,267.1380615234375,526.3534545898438,317.2435302734375,563.384521484375
32,42,267.2336730957031,526.3693237304688,318.2076416015625,563.5360107421875
33,42,267.0627746582031,526.1863403320312,319.071533203125,563.8155517578125
34,42,266.77655029296875,526.2017822265625,320.59393310546875,564.278076171875
35,42,267.15850830078125,525.6902465820312,321.216064453125,564.2462768554688
36,42,267.2138671875,525.5824584960938,321.8824768066406,564.734619140625
37,42,267.5871887207031,525.1648559570312,322.572265625,565.4862670898438
38,42,267.7535705566406,524.8504638671875,323.65667724609375,566.90380859375
39,42,267.2931213378906,524.2203979492188,324.730224609375,567.4010009765625
40,42,267.6988220214844,524.074951171875,325.4299621582031,567.7015380859375
41,42,267.6640625,523.7830200195312,325.74407958984375,567.4678955078125
42,42,268.0841369628906,523.8191528320312,326.203125,567.5602416992188
43,42,268.6877746582031,523.9183959960938,327.8133544921875,568.5067138671875
44,42,268.8409423828125,524.2955322265625,328.52593994140625,569.466064453125
45,42,268.845703125,524.8333740234375,329.4111022949219,569.8018188476562
46,42,269.62823486328125,524.62158203125,329.9679870605469,570.462158203125
47,42,269.69671630859375,524.6829223632812,331.2903137207031,570.7572631835938
48,42,269.66180419921875,524.4581298828125,331.18768310546875,570.552734375
49,42,271.1722412109375,523.5784301757812,332.65374755859375,571.0894775390625
50,42,270.7747802734375,524.1884765625,333.623779296875,571.6383056640625
51,42,271.4686279296875,523.099853515625,335.3953552246094,571.5851440429688
52,42,272.1951599121094,522.610107421875,338.84710693359375,573.0368041992188
53,42,272.5379333496094,522.6573486328125,340.586181640625,574.3789672851562
54,42,272.3919372558594,522.3008422851562,342.3419494628906,574.640625
55,42,273.3808898925781,522.235107421875,342.291259765625,574.1026611328125
56,42,274.577880859375,522.6688842773438,343.0938720703125,574.2705688476562
57,42,275.3003845214844,522.9412841796875,343.717529296875,573.63720703125
58,42,275.3544616699219,522.5565795898438,344.1072692871094,573.1538696289062
59,42,275.2854919433594,522.7789306640625,344.9260559082031,574.708251953125
60,42,275.7458190917969,522.4122314453125,346.1524963378906,576.2232055664062
61,42,276.5144958496094,522.2669067382812,347.6185607910156,576.7103271484375
62,42,278.0964050292969,522.6553955078125,348.5144348144531,575.9492797851562
63,42,279.0374450683594,522.4388427734375,348.7575988769531,575.4806518554688
64,42,279.1026916503906,523.1697998046875,351.36236572265625,576.99560546875
65,42,278.8208312988281,523.5974731445312,354.30224609375,578.9219970703125
66,42,280.5323791503906,523.9370727539062,356.671142578125,579.5448608398438
67,42,281.1202392578125,523.7161865234375,357.35211181640625,580.1626586914062
68,42,281.7450256347656,523.3668823242188,358.603759765625,580.6719970703125
69,42,281.5812683105469,522.7687377929688,360.5092468261719,582.0230712890625
70,42,281.9332275390625,522.6829223632812,361.6564025878906,582.5787353515625
71,42,282.5774841308594,522.3873291015625,363.8095703125,583.2317504882812
72,42,282.3940734863281,522.7490234375,364.99566650390625,584.1129760742188
73,42,282.09136962890625,522.6015014648438,368.6859130859375,584.8296508789062
74,42,283.2485046386719,522.5703125,369.8538818359375,584.5127563476562
75,42,283.95281982421875,521.9076538085938,371.2167053222656,584.5997314453125
76,42,285.6241149902344,521.514404296875,372.1230773925781,584.966064453125
77,42,284.8608093261719,521.847412109375,373.38372802734375,585.5950317382812
78,42,287.50347900390625,521.7976684570312,374.47412109375,585.7249145507812
79,42,287.76300048828125,522.0236206054688,375.018310546875,585.9247436523438
80,42,288.2941589355469,521.5164794921875,376.4640808105469,586.1339111328125
81,42,290.67059326171875,521.2965698242188,379.3695983886719,587.484619140625
82,42,289.26104736328125,521.464599609375,384.2238464355469,587.5530395507812
83,42,288.7873229980469,521.4515991210938,386.53472900390625,588.48291015625
84,42,288.614501953125,521.1892700195312,388.282470703125,589.8955078125
85,42,289.4515075683594,520.9943237304688,390.6518249511719,592.0996704101562
86,42,289.6330261230469,521.5537109375,392.8866271972656,593.6194458007812
87,42,291.3708190917969,520.9615478515625,395.0047912597656,593.9219970703125
88,42,294.5098876953125,520.7267456054688,396.4364929199219,594.9259033203125
89,42,295.0057067871094,520.7158813476562,398.9798278808594,595.7619018554688
90,42,298.2070007324219,520.4817504882812,401.5503845214844,596.182373046875
91,42,300.468505859375,521.29150390625,403.7122802734375,596.5489501953125
92,42,302.73822021484375,521.01806640625,406.30810546875,597.5180053710938
93,42,303.40667724609375,521.1987915039062,407.8208923339844,598.0048828125
94,42,303.518310546875,520.3230590820312,411.2068176269531,598.9427490234375
95,42,304.4907531738281,519.6912231445312,414.0542297363281,600.0550537109375
96,42,306.78009033203125,519.3427124023438,417.719970703125,601.29052734375
97,42,307.8605041503906,519.0175170898438,420.987060546875,601.8699951171875
98,42,309.903076171875,518.6266479492188,423.9083251953125,603.102783203125
99,42,311.748291015625,518.9796752929688,427.58685302734375,605.6608276367188
100,42,311.3760681152344,519.0615234375,432.1034851074219,607.2008666992188
101,42,311.9288330078125,519.174560546875,435.1908264160156,608.3448486328125
102,42,312.52984619140625,519.0450439453125,437.6867370605469,609.0003051757812
103,42,312.89178466796875,518.9464721679688,441.5185241699219,609.7398071289062
104,42,313.3095703125,518.9404296875,444.7828674316406,609.8828125
105,42,314.8012390136719,518.7472534179688,448.7457580566406,610.592529296875
106,42,317.38818359375,518.4257202148438,452.2303771972656,611.888427734375
107,42,317.50653076171875,518.1898803710938,456.8029479980469,613.6578979492188
108,42,319.05731201171875,517.6355590820312,460.50726318359375,616.2703857421875
109,42,322.2490539550781,518.046630859375,464.7560119628906,618.6698608398438
110,42,324.43157958984375,518.1638793945312,469.5988464355469,620.0882568359375
111,42,328.0605773925781,516.71630859375,473.7939147949219,620.0459594726562
112,42,331.470458984375,515.2816772460938,478.7873229980469,620.8963012695312
113,42,334.41375732421875,516.1243896484375,483.4397277832031,623.5685424804688
114,42,336.3967590332031,515.8909301757812,487.1728515625,624.89208984375
115,42,337.21173095703125,514.439208984375,493.1303405761719,626.7366333007812
116,42,337.6028747558594,513.5390625,498.5904541015625,631.0863647460938
117,42,343.56982421875,513.0819091796875,504.49456787109375,631.7650146484375
118,42,343.7397155761719,512.762939453125,509.5283203125,633.4091186523438
119,42,345.1924743652344,512.3090209960938,517.3320922851562,635.4627075195312
120,42,347.0867614746094,512.75390625,523.5803833007812,636.7813720703125
121,42,350.5752868652344,512.9889526367188,530.5281372070312,639.482666015625
122,42,352.05419921875,512.8179931640625,537.0699462890625,642.8807373046875
123,42,355.4338684082031,511.8450622558594,542.9777221679688,644.7299194335938
124,42,357.1644592285156,511.6576232910156,551.0693359375,646.3948974609375
125,42,359.4291687011719,511.71588134765625,557.2522583007812,648.7314453125
126,42,362.24371337890625,511.0456848144531,565.337158203125,651.0140380859375
127,42,364.44586181640625,510.7154541015625,574.7763671875,655.0525512695312
128,42,367.3187255859375,509.7565612792969,583.3977661132812,658.72265625
129,42,369.69970703125,509.09326171875,592.9673461914062,660.4649047851562
130,42,372.8116149902344,508.4971923828125,602.97412109375,664.0986328125
131,42,375.91510009765625,509.78533935546875,615.1220703125,666.23974609375
132,42,380.8810729980469,508.2014465332031,626.247802734375,672.6585693359375
133,42,384.5990905761719,507.3669128417969,638.3630981445312,676.4867553710938
134,42,387.8020324707031,505.5064392089844,649.971435546875,680.4072265625
135,42,393.3128356933594,504.1059265136719,661.9642944335938,684.1459350585938
136,42,398.52166748046875,502.4029235839844,676.8370971679688,688.9176025390625
137,42,404.3877258300781,500.3913879394531,692.2842407226562,692.3302612304688
138,42,409.42156982421875,498.9165954589844,708.2523193359375,700.387451171875
139,42,414.6531677246094,498.69647216796875,724.5429077148438,705.9986572265625
140,42,419.5658264160156,498.6118469238281,742.4069213867188,712.4171752929688
141,42,426.80670166015625,497.0548400878906,761.1763916015625,718.3403930664062
142,42,431.5534362792969,496.4755859375,783.16650390625,727.67333984375
143,42,438.2301940917969,495.9650573730469,804.6325073242188,731.8992919921875
144,42,445.1748352050781,495.52691650390625,830.588623046875,738.7658081054688
145,42,452.7520751953125,494.7137145996094,855.1194458007812,745.6085815429688
146,42,459.9541320800781,494.30780029296875,885.314208984375,755.0233764648438
147,42,467.74871826171875,493.4917297363281,915.5394287109375,771.0811157226562
148,42,476.6297302246094,491.5621032714844,948.5987548828125,781.7725830078125
149,42,486.5816345214844,489.3390197753906,986.8408203125,794.84375
150,42,497.4270935058594,484.4588928222656,1027.232421875,808.8038330078125
151,42,509.1615295410156,480.8966979980469,1071.7763671875,825.1078491210938
152,42,523.2680053710938,477.9873046875,1124.2603759765625,842.2962036132812
153,42,536.98779296875,478.205810546875,1180.2069091796875,864.6610717773438
154,42,548.6918334960938,478.6807556152344,1246.156494140625,887.3844604492188
155,42,564.9217529296875,476.7750244140625,1318.7489013671875,910.6788330078125
156,42,580.1140747070312,472.9811096191406,1403.40087890625,941.5402221679688
157,42,602.5421752929688,470.1904602050781,1497.704345703125,973.9711303710938
158,42,622.8197631835938,466.12811279296875,1607.4180908203125,1016.169921875
159,42,647.6908569335938,461.0001220703125,1731.498291015625,1053.306884765625
160,42,673.3217163085938,456.956298828125,1865.8057861328125,1071.3929443359375
161,42,703.860107421875,449.781982421875,1919.2562255859375,1078.9241943359375
162,42,741.1632080078125,443.22344970703125,1920.0,1080.0
163,42,782.5166015625,435.14752197265625,1920.0,1080.0
164,42,828.3656616210938,421.1795654296875,1920.0,1080.0
165,42,877.2387084960938,407.6102294921875,1920.0,1077.634765625
166,42,938.3237915039062,392.5454406738281,1920.0,1075.3558349609375
167,42,1018.0218505859375,372.65093994140625,1920.0,1075.199951171875
168,42,1109.5819091796875,351.4356689453125,1920.0,1075.763671875
169,42,1222.428466796875,353.02716064453125,1920.0,1076.4697265625
170,42,1366.375732421875,384.23681640625,1920.0,1078.0006103515625
171,42,1549.1646728515625,465.4413146972656,1920.0,1075.791015625
