61,53,525.7128295898438,413.13543701171875,575.8693237304688,447.2743225097656
62,53,525.8161010742188,413.03289794921875,576.1232299804688,447.0592956542969
63,53,526.592529296875,413.6210632324219,577.1430053710938,447.25103759765625
64,53,526.4264526367188,413.5201721191406,577.9317626953125,447.5854797363281
65,53,526.4581298828125,414.2188720703125,578.3284301757812,448.07476806640625
66,53,526.695556640625,414.0062561035156,578.4026489257812,448.1137390136719
67,53,526.9876098632812,414.0688781738281,578.3688354492188,447.8519287109375
68,53,527.0457153320312,414.0015869140625,578.821533203125,448.27606201171875
69,53,527.38720703125,413.86712646484375,578.9644775390625,448.7522277832031
70,53,527.4212646484375,414.12994384765625,579.0000610351562,449.413330078125
71,53,526.8388671875,413.8342590332031,579.5779418945312,449.9287414550781
72,53,526.4581909179688,414.98370361328125,580.747314453125,450.19793701171875
73,53,527.8298950195312,415.04010009765625,581.6495971679688,450.1161804199219
74,53,529.1060791015625,414.5675354003906,582.5955810546875,450.3349304199219
75,53,530.5104370117188,413.7950134277344,583.8033447265625,450.6957702636719
76,53,531.6995849609375,413.9808349609375,584.3526000976562,451.5442810058594
77,53,531.8386840820312,414.2864074707031,584.8734741210938,452.0379333496094
78,53,531.7366333007812,414.83203125,586.0172729492188,452.3568115234375
79,53,531.8597412109375,416.0670166015625,586.2686157226562,452.6988220214844
80,53,531.9566040039062,416.1221923828125,586.914794921875,452.8454895019531
81,53,532.3892211914062,415.82110595703125,588.0619506835938,453.24029541015625
82,53,533.2232666015625,415.24200439453125,590.0249633789062,453.2125549316406
83,53,533.8352661132812,414.6982421875,591.1895141601562,453.57183837890625
84,53,534.4815673828125,413.8738708496094,592.2891235351562,453.8758850097656
85,53,534.86669921875,412.84881591796875,594.5794677734375,454.1408996582031
86,53,534.3289184570312,412.8800964355469,596.7034912109375,455.0876770019531
87,53,534.0433959960938,412.9400939941406,598.316162109375,456.694091796875
88,53,534.2800903320312,411.9290466308594,599.4666748046875,457.6777038574219
89,53,535.6166381835938,411.77288818359375,599.1032104492188,457.16632080078125
90,53,536.2000732421875,411.6101989746094,600.9512939453125,457.2795715332031
91,53,536.84521484375,411.17999267578125,601.711669921875,458.3119812011719
92,53,538.34716796875,411.3048095703125,602.6185913085938,458.09124755859375
93,53,539.3241577148438,410.759765625,603.7642822265625,457.7972412109375
94,53,540.0272216796875,410.5185546875,604.878662109375,457.9292297363281
95,53,540.1846313476562,409.5689392089844,606.3973388671875,458.35784912109375
96,53,540.2794189453125,408.6477966308594,608.3673706054688,458.861572265625
97,53,540.4639892578125,408.68701171875,610.4878540039062,459.3323669433594
98,53,541.3943481445312,408.46795654296875,611.8570556640625,459.44732666015625
99,53,541.85498046875,408.3238220214844,613.7857055664062,460.375244140625
100,53,542.3698120117188,408.1343994140625,615.3857421875,461.17822265625
101,53,543.3535766601562,408.0790710449219,616.1844482421875,461.2989196777344
102,53,543.7902221679688,407.7327575683594,617.6735229492188,461.1456298828125
103,53,543.7960815429688,407.7734680175781,619.5853271484375,461.9853820800781
104,53,543.4285278320312,407.3603210449219,620.85791015625,463.15728759765625
105,53,543.3539428710938,407.507080078125,622.5896606445312,464.248779296875
106,53,544.0009765625,407.5282287597656,625.5161743164062,465.48577880859375
107,53,544.6860961914062,407.4919738769531,627.2869873046875,466.1620178222656
108,53,546.0708618164062,407.55889892578125,628.29541015625,466.42547607421875
109,53,546.5770874023438,406.9783630371094,628.718505859375,467.939453125
110,53,547.1598510742188,406.60211181640625,630.8812255859375,468.97369384765625
111,53,547.9541015625,406.75567626953125,632.3826904296875,470.4497985839844
112,53,548.6695556640625,406.9463195800781,634.85205078125,471.4955139160156
113,53,550.1463012695312,406.6582336425781,636.8317260742188,472.4874572753906
114,53,551.2006225585938,406.21954345703125,638.4775390625,472.74755859375
115,53,551.9826049804688,406.35882568359375,639.912841796875,472.8935546875
116,53,552.8635864257812,406.43255615234375,641.9607543945312,474.0572204589844
117,53,553.5772094726562,406.3918151855469,644.6495361328125,474.9385986328125
118,53,553.6642456054688,406.3713073730469,649.0289306640625,476.3479919433594
119,53,553.5305786132812,405.96600341796875,652.7588500976562,477.0914611816406
120,53,554.127197265625,405.71697998046875,655.4638061523438,478.3103332519531
121,53,555.561279296875,405.4085998535156,657.4450073242188,479.2178649902344
122,53,557.6365356445312,405.01922607421875,661.1611938476562,480.66259765625
123,53,558.4209594726562,404.9769287109375,662.9725341796875,481.1909484863281
124,53,559.7540283203125,404.4322204589844,664.3248291015625,483.081787109375
125,53,560.33056640625,404.01043701171875,666.88818359375,486.00994873046875
126,53,561.6371459960938,402.8370361328125,671.0545654296875,487.5054931640625
127,53,562.750732421875,402.26531982421875,675.4981079101562,488.4818420410156
128,53,564.0284423828125,401.476318359375,678.56005859375,488.9222717285156
129,53,564.621337890625,400.76544189453125,682.0945434570312,489.9223937988281
130,53,565.2634887695312,399.78314208984375,686.9200439453125,490.34869384765625
131,53,565.8374633789062,399.15753173828125,691.5861206054688,491.9987487792969
132,53,566.2794189453125,398.6540832519531,695.9993896484375,492.2953796386719
133,53,569.372802734375,398.8184814453125,701.0592041015625,494.2311706542969
134,53,570.2799682617188,398.2433166503906,704.3980712890625,494.7528991699219
135,53,571.8486328125,397.86419677734375,709.0262451171875,497.06475830078125
136,53,574.1918334960938,398.8953857421875,715.6267700195312,499.69384765625
137,53,577.477783203125,399.0573425292969,721.1068115234375,501.459228515625
138,53,578.44091796875,397.2402648925781,726.27197265625,503.2073974609375
139,53,580.8364868164062,396.7679443359375,732.2713012695312,505.86761474609375
140,53,582.9808349609375,395.4696350097656,739.74951171875,509.87652587890625
141,53,584.57861328125,394.3760070800781,745.95703125,512.0523071289062
142,53,587.1920776367188,392.4349060058594,753.4776000976562,513.5491333007812
143,53,588.9146728515625,391.2866516113281,763.11767578125,515.3361206054688
144,53,593.1375122070312,391.2813720703125,773.1085815429688,518.4304809570312
145,53,593.9529418945312,391.3450927734375,780.9741821289062,521.80322265625
146,53,596.137939453125,390.6261901855469,790.6482543945312,524.96142578125
147,53,599.282470703125,389.91851806640625,801.4525756835938,530.3473510742188
148,53,602.4803466796875,390.1763916015625,813.4612426757812,533.093505859375
149,53,607.377685546875,388.56158447265625,824.208984375,537.0801391601562
150,53,608.4974365234375,386.6990661621094,837.3425903320312,542.1078491210938
151,53,612.3319702148438,385.1802062988281,850.18212890625,547.7753295898438
152,53,616.1441650390625,384.51593017578125,865.3696899414062,552.0643310546875
153,53,620.5142211914062,383.5532531738281,880.7691650390625,557.1104736328125
154,53,625.4219360351562,382.1820373535156,899.1527709960938,563.9037475585938
155,53,634.5372314453125,381.6336364746094,919.9254150390625,569.5487060546875
156,53,641.1014404296875,378.5088806152344,940.8125,576.8899536132812
157,53,647.7490844726562,376.96661376953125,965.4151611328125,584.0517578125
158,53,655.1610107421875,375.3160705566406,991.4180908203125,591.2760009765625
159,53,660.26513671875,371.8126220703125,1020.05810546875,600.7452392578125
160,53,668.4373779296875,369.3026428222656,1053.521728515625,610.6348876953125
161,53,678.7083740234375,366.5586242675781,1091.5950927734375,625.2706909179688
162,53,688.9963989257812,361.17071533203125,1132.98291015625,639.2703247070312
163,53,699.4678955078125,357.4579772949219,1180.9149169921875,653.359130859375
164,53,712.1768188476562,352.7530212402344,1236.9637451171875,675.4035034179688
165,53,725.0623168945312,348.8975830078125,1300.8671875,699.243896484375
166,53,741.23193359375,345.532958984375,1378.29248046875,729.1309814453125
167,53,758.8360595703125,340.5466613769531,1469.443359375,761.4000244140625
168,53,779.0596313476562,333.5268859863281,1583.310302734375,801.4937744140625
169,53,802.4664916992188,327.0412902832031,1719.44580078125,852.8330078125
170,53,830.2809448242188,316.6603088378906,1856.3099365234375,916.60595703125
171,53,861.5416259765625,305.798828125,1912.6844482421875,1009.1608276367188
172,53,902.3911743164062,292.4796447753906,1920.0,1052.7171630859375
173,53,949.0150146484375,277.16180419921875,1920.0,1073.2042236328125
174,53,1009.39208984375,254.0416259765625,1920.0,1074.962890625
175,53,1088.4735107421875,227.08218383789062,1920.0,1077.455322265625
176,53,1189.2333984375,191.26583862304688,1920.0,1079.6668701171875
177,53,1333.058349609375,196.33544921875,1920.0,1080.0
178,53,1540.71337890625,285.4917297363281,1920.0,1080.0
