2,36,427.5921936035156,442.4342956542969,500.51837158203125,493.7275085449219
3,36,427.2477722167969,442.5562744140625,502.4151916503906,493.8198547363281
4,36,427.28448486328125,442.28607177734375,503.3519287109375,493.5238037109375
5,36,427.3879089355469,442.7063903808594,503.6275634765625,494.0665588378906
6,36,427.56158447265625,442.22674560546875,504.6568603515625,494.1421813964844
7,36,427.8139953613281,441.9061279296875,505.7522888183594,494.6407775878906
8,36,428.61566162109375,440.6896057128906,504.8141784667969,496.1930236816406
9,36,428.34259033203125,441.5848693847656,506.6392517089844,495.8247985839844
10,36,428.5451965332031,442.05889892578125,507.19903564453125,496.4439392089844
11,36,428.71234130859375,442.2208557128906,507.59539794921875,496.76983642578125
12,36,428.6042175292969,442.2337951660156,508.597900390625,496.78033447265625
13,36,428.8553161621094,442.2574768066406,509.8133544921875,496.9158630371094
14,36,429.2738952636719,442.42437744140625,510.17926025390625,496.9037780761719
15,36,429.45111083984375,442.41876220703125,510.7110900878906,496.3745422363281
16,36,431.45648193359375,440.9716796875,509.7886047363281,496.62994384765625
17,36,432.5754699707031,439.8113708496094,509.8508605957031,497.1402893066406
18,36,433.0743408203125,439.87213134765625,510.698974609375,497.54998779296875
19,36,433.2093505859375,440.1766052246094,511.3188171386719,498.2087097167969
20,36,433.1690979003906,440.41497802734375,511.9844055175781,499.2729187011719
21,36,432.2293395996094,441.7143859863281,512.9998168945312,500.2008056640625
22,36,432.17205810546875,441.8974304199219,514.5588989257812,500.7475891113281
23,36,432.6776123046875,441.6493225097656,515.1510009765625,500.7181701660156
24,36,433.4434509277344,441.5003967285156,516.1135864257812,500.4544677734375
25,36,433.66339111328125,441.78466796875,517.1067504882812,500.67095947265625
26,36,433.48870849609375,442.0018005371094,517.4264526367188,501.1567077636719
27,36,433.2362365722656,441.7055358886719,518.4376220703125,501.2066650390625
28,36,433.2419738769531,441.761962890625,519.3607788085938,500.17901611328125
29,36,433.70672607421875,440.5391540527344,519.2344970703125,499.6763916015625
30,36,434.4658508300781,439.906494140625,519.2018432617188,499.3490295410156
31,36,434.4248046875,440.7748718261719,521.1100463867188,499.4153747558594
32,36,434.5811462402344,440.80743408203125,523.0054321289062,500.7711181640625
33,36,435.5795593261719,440.1517639160156,523.7512817382812,501.6961669921875
34,36,436.38616943359375,440.0960693359375,524.2216796875,501.2239990234375
35,36,436.55218505859375,439.6697692871094,524.8945922851562,503.0699462890625
36,36,436.7077941894531,439.6263427734375,526.9523315429688,504.15069580078125
37,36,436.9355163574219,439.4984130859375,528.7652587890625,504.5798034667969
38,36,437.0279846191406,439.49346923828125,529.6840209960938,505.1946105957031
39,36,437.6536560058594,440.13897705078125,530.6981201171875,505.2337646484375
40,36,438.07958984375,439.98529052734375,530.849365234375,505.43621826171875
41,36,439.0875244140625,439.6044006347656,532.2125244140625,505.97979736328125
42,36,440.0522155761719,439.2539367675781,533.6328125,506.06805419921875
43,36,439.61663818359375,438.5557556152344,534.96484375,506.4393310546875
44,36,439.810791015625,438.8943176269531,536.4068603515625,507.7296142578125
45,36,439.819091796875,439.1217041015625,538.9142456054688,510.10009765625
46,36,440.6563720703125,438.9344482421875,541.077880859375,511.71197509765625
47,36,441.1988525390625,438.2519836425781,541.3609008789062,512.1690673828125
48,36,441.07086181640625,436.9087829589844,542.349609375,512.6907348632812
49,36,441.05242919921875,436.4293212890625,543.4296264648438,512.779541015625
50,36,441.77679443359375,435.68768310546875,545.2293090820312,512.0924072265625
51,36,441.39691162109375,435.4671936035156,547.3174438476562,511.6976623535156
52,36,442.4018249511719,435.833251953125,548.4144287109375,512.9246826171875
53,36,443.1153564453125,435.3064270019531,549.39990234375,513.4761962890625
54,36,443.3327331542969,434.844970703125,550.5667724609375,512.9883422851562
55,36,443.443603515625,434.76654052734375,552.3145141601562,512.9686889648438
56,36,443.6947021484375,434.9512023925781,553.9935913085938,514.2984619140625
57,36,443.9477844238281,435.0257568359375,555.681396484375,515.1806030273438
58,36,444.3052978515625,434.55426025390625,556.6359252929688,515.7849731445312
59,36,444.8835144042969,434.02587890625,559.06103515625,515.6561889648438
60,36,445.478759765625,433.5473327636719,560.9706420898438,515.8499755859375
61,36,448.08203125,432.8650817871094,562.6434326171875,516.1609497070312
62,36,447.0184020996094,432.13482666015625,564.434326171875,517.1636352539062
63,36,446.9722595214844,432.6221008300781,565.9537963867188,519.153076171875
64,36,447.98138427734375,432.5257263183594,568.3081665039062,518.8025512695312
65,36,450.1237487792969,432.27679443359375,570.2649536132812,520.474365234375
66,36,451.7151184082031,432.0574645996094,571.1632690429688,521.4334106445312
67,36,452.26007080078125,432.4501037597656,572.4674682617188,522.6309814453125
68,36,452.8584289550781,432.3592834472656,573.7366943359375,523.653076171875
69,36,453.8881530761719,432.22467041015625,575.3157348632812,523.1860961914062
70,36,454.23065185546875,432.3121032714844,577.8554077148438,524.5836791992188
71,36,454.9489440917969,432.2720031738281,580.4532470703125,525.76708984375
72,36,456.2554931640625,431.7645263671875,582.5519409179688,526.7205810546875
73,36,456.89764404296875,431.53076171875,585.2887573242188,526.1654052734375
74,36,457.7286071777344,431.6117248535156,588.0828857421875,525.77734375
75,36,457.18170166015625,431.29949951171875,590.2337646484375,527.4114379882812
76,36,457.20013427734375,431.5413513183594,591.8292236328125,528.7801513671875
77,36,457.6720886230469,431.57745361328125,594.8884887695312,529.1450805664062
78,36,457.3914794921875,431.04693603515625,598.1201782226562,529.82373046875
79,36,458.5191650390625,431.4355163574219,600.7838745117188,531.281005859375
80,36,459.1227722167969,431.3844299316406,602.0708618164062,532.205322265625
81,36,459.4684143066406,430.64459228515625,604.5972900390625,532.901611328125
82,36,461.2071533203125,431.1161804199219,608.8963623046875,534.0947875976562
83,36,462.2459411621094,431.41949462890625,612.3157348632812,534.8626098632812
84,36,464.6868896484375,431.3210754394531,615.164306640625,535.76904296875
85,36,467.5085144042969,431.1122131347656,616.7339477539062,537.0750122070312
86,36,468.4989929199219,431.0502624511719,618.4288330078125,537.3182373046875
87,36,468.9263916015625,430.95037841796875,621.2374267578125,538.201416015625
88,36,470.65716552734375,430.796875,626.0911865234375,539.4376220703125
89,36,471.658203125,430.6894226074219,629.200439453125,540.2332763671875
90,36,469.5571594238281,429.8533935546875,631.8930053710938,541.1458740234375
91,36,474.0387878417969,429.1090087890625,635.5953369140625,542.8970336914062
92,36,476.826171875,427.9295349121094,639.1422119140625,543.287109375
93,36,476.4398193359375,425.2125549316406,643.7787475585938,545.4945678710938
94,36,478.3675537109375,427.32861328125,647.7443237304688,547.4489135742188
95,36,477.30743408203125,426.5595397949219,650.54345703125,547.9446411132812
96,36,477.5465393066406,425.988037109375,654.7489013671875,548.718017578125
97,36,480.9842529296875,426.7143249511719,658.3569946289062,549.4690551757812
98,36,479.282958984375,420.0989685058594,663.356201171875,551.6433715820312
99,36,477.7808532714844,421.6414794921875,668.1657104492188,552.617431640625
100,36,480.2088317871094,422.0491027832031,671.9459838867188,554.822021484375
101,36,481.52130126953125,421.9403991699219,677.3438720703125,556.5316162109375
102,36,482.8610534667969,421.0238952636719,681.7868041992188,557.1780395507812
103,36,484.1832275390625,419.5380554199219,685.3422241210938,558.5899658203125
104,36,486.5058898925781,419.0567321777344,691.3165283203125,560.35205078125
105,36,489.1921081542969,418.9270935058594,696.3510131835938,562.4894409179688
106,36,491.4801940917969,418.33740234375,701.3084716796875,563.3353271484375
107,36,493.16351318359375,417.4068908691406,707.6085815429688,564.4392700195312
108,36,494.0626525878906,416.8279113769531,713.7046508789062,569.065673828125
109,36,496.7143859863281,415.9885559082031,719.0800170898438,570.55322265625
110,36,498.4544372558594,416.0888671875,725.1160278320312,572.1021728515625
111,36,499.4602966308594,414.695068359375,731.2349243164062,576.257080078125
112,36,501.3843994140625,414.6392517089844,738.8634643554688,578.1676025390625
113,36,504.1858825683594,413.8726806640625,744.6719970703125,579.3330078125
114,36,507.2252197265625,414.3048400878906,751.4949340820312,580.908203125
115,36,508.950439453125,414.20208740234375,758.8943481445312,583.3739624023438
116,36,511.2065124511719,414.85638427734375,767.2335815429688,585.6182250976562
117,36,513.8587036132812,414.1820068359375,775.1555786132812,589.0513305664062
118,36,515.1434936523438,411.5860290527344,784.4036865234375,591.4228515625
119,36,516.5777587890625,409.2483215332031,793.5746459960938,593.8519287109375
120,36,520.0009155273438,408.9533386230469,802.9828491210938,599.4434204101562
121,36,523.187255859375,409.2901916503906,811.8890380859375,603.5634155273438
122,36,525.1287231445312,408.3160705566406,822.9207153320312,606.8145751953125
123,36,527.8629760742188,407.9342956542969,832.9940185546875,609.3243408203125
124,36,530.9232177734375,406.7758483886719,843.53564453125,614.4852294921875
125,36,532.9525146484375,404.7555236816406,855.9395141601562,619.2510986328125
126,36,536.4818115234375,403.6624450683594,867.3231811523438,623.1608276367188
127,36,540.4059448242188,403.2747802734375,879.5484619140625,628.4066772460938
128,36,543.7200317382812,401.4342041015625,893.1701049804688,630.6165161132812
129,36,547.0039672851562,400.0062561035156,907.1702270507812,633.4614868164062
130,36,551.3424072265625,398.7430419921875,922.6455688476562,638.2245483398438
131,36,555.3632202148438,397.5572204589844,938.2492065429688,644.2628173828125
132,36,558.7952880859375,397.0336608886719,956.4118041992188,652.176513671875
133,36,563.63818359375,396.9452819824219,974.8504028320312,656.5809936523438
134,36,565.811767578125,394.7366943359375,993.6036376953125,661.0283813476562
135,36,571.9761352539062,393.0006103515625,1014.8629150390625,671.0785522460938
136,36,576.4695434570312,390.18841552734375,1035.4395751953125,679.6221923828125
137,36,581.5994262695312,388.685546875,1058.8609619140625,690.4198608398438
138,36,585.4508666992188,387.7640380859375,1083.63818359375,697.1985473632812
139,36,590.921142578125,386.25445556640625,1110.2232666015625,705.7938842773438
140,36,597.684814453125,385.5364990234375,1137.6986083984375,711.3412475585938
141,36,604.041748046875,383.0603332519531,1168.42333984375,723.6514892578125
142,36,608.83984375,378.9626770019531,1203.521240234375,735.5781860351562
143,36,618.4778442382812,375.4466552734375,1239.077880859375,746.2554321289062
144,36,625.8118896484375,372.5821838378906,1279.9141845703125,764.8131713867188
145,36,633.466552734375,367.7081604003906,1322.9903564453125,779.1790161132812
146,36,641.58447265625,363.53466796875,1371.4288330078125,794.8248901367188
147,36,649.078125,361.5506591796875,1425.2213134765625,813.4649658203125
148,36,659.0850830078125,356.08984375,1483.6351318359375,835.8120727539062
149,36,669.6727905273438,352.3215637207031,1551.1080322265625,857.7562255859375
150,36,678.5591430664062,348.9915771484375,1619.65869140625,885.6243896484375
151,36,688.418212890625,344.0541687011719,1703.5009765625,917.6653442382812
152,36,704.037841796875,339.95733642578125,1790.44091796875,951.0867309570312
153,36,719.8631591796875,334.1639404296875,1882.64892578125,990.5243530273438
154,36,738.0730590820312,325.9691162109375,1920.0,1034.7308349609375
155,36,753.4389038085938,317.112060546875,1920.0,1063.309326171875
156,36,771.2113037109375,307.1367492675781,1920.0,1074.6171875
157,36,795.4352416992188,297.3000183105469,1920.0,1078.47998046875
158,36,817.33447265625,288.0982360839844,1920.0,1079.384521484375
159,36,844.7172241210938,274.5356140136719,1920.0,1080.0
160,36,872.46630859375,260.9617614746094,1920.0,1076.696044921875
161,36,904.1353759765625,248.54275512695312,1920.0,1073.12939453125
162,36,940.4891357421875,229.82748413085938,1920.0,1072.3116455078125
163,36,979.3945922851562,209.0504150390625,1920.0,1071.4617919921875
164,36,1028.3748779296875,182.74032592773438,1920.0,1071.4517822265625
165,36,1084.779296875,153.2310028076172,1920.0,1071.984375
166,36,1145.897216796875,144.2496795654297,1920.0,1070.5797119140625
167,36,1221.7183837890625,150.26519775390625,1920.0,1071.4488525390625
168,36,1312.6741943359375,173.8984832763672,1920.0,1072.1390380859375
169,36,1422.242919921875,236.10546875,1920.0,1074.32080078125
170,36,1557.9842529296875,325.9483947753906,1920.0,1071.6575927734375
171,36,1731.1217041015625,406.6591491699219,1920.0,1070.458984375
