50,56,549.28173828125,514.4998779296875,604.4312744140625,553.9937744140625
51,56,549.57666015625,514.0406494140625,605.0391235351562,553.6678466796875
52,56,550.1801147460938,514.361083984375,605.8952026367188,553.6106567382812
53,56,551.1497802734375,514.5803833007812,606.3629150390625,554.6971435546875
54,56,551.2554321289062,514.860595703125,607.3768310546875,555.6686401367188
55,56,551.7031860351562,514.6719360351562,608.8584594726562,555.6065673828125
56,56,552.3237915039062,514.4371948242188,609.9193725585938,555.251708984375
57,56,552.2850952148438,513.89013671875,611.390380859375,555.2257080078125
58,56,552.5360107421875,514.0144653320312,611.6653442382812,555.8605346679688
59,56,552.8215942382812,514.5257568359375,612.546875,556.9457397460938
60,56,553.4475708007812,515.6661987304688,613.123046875,557.2924194335938
61,56,554.1626586914062,515.9893798828125,614.573974609375,558.0394287109375
62,56,554.9220581054688,514.9168090820312,615.6114501953125,558.1767578125
63,56,555.4169311523438,513.7804565429688,618.0010986328125,557.5401000976562
64,56,556.1246337890625,514.0995483398438,621.2344360351562,558.9326171875
65,56,556.9265747070312,512.7675170898438,623.393798828125,559.8271484375
66,56,557.866455078125,512.3304443359375,624.8683471679688,560.7489624023438
67,56,557.6737670898438,511.1067810058594,627.5656127929688,561.2362670898438
68,56,557.8032836914062,512.0702514648438,628.9525756835938,561.9420776367188
69,56,558.7318725585938,511.344970703125,630.0643310546875,562.5186767578125
70,56,559.8146362304688,510.2066650390625,631.4378051757812,562.6923217773438
71,56,559.7417602539062,510.6346130371094,632.5960693359375,563.9716186523438
72,56,559.4866943359375,511.16070556640625,633.2579956054688,564.9473876953125
73,56,560.3178100585938,510.42608642578125,635.1746215820312,566.3672485351562
74,56,561.2327270507812,510.4716491699219,636.4755249023438,566.8494873046875
75,56,562.1605224609375,510.2688903808594,638.5460815429688,568.769287109375
76,56,564.0537719726562,509.7278747558594,641.5383911132812,569.6597290039062
77,56,566.0559692382812,509.62310791015625,644.8121337890625,571.0401611328125
78,56,566.3010864257812,509.99859619140625,648.0584106445312,572.0387573242188
79,56,567.2994384765625,510.6311950683594,650.3217163085938,571.9747314453125
80,56,568.796142578125,510.2508544921875,651.7817993164062,571.9505004882812
81,56,570.87646484375,510.8601379394531,656.590576171875,573.6715698242188
82,56,573.1992797851562,510.5838928222656,659.0804443359375,573.8118896484375
83,56,574.7972412109375,510.2629699707031,661.7897338867188,574.6268920898438
84,56,575.7925415039062,510.0196838378906,662.66943359375,574.9898681640625
85,56,576.4393310546875,509.5746154785156,664.7198486328125,576.2932739257812
86,56,577.3128662109375,509.5513610839844,668.4347534179688,577.5201416015625
87,56,577.45849609375,509.6719055175781,672.2755737304688,577.9248046875
88,56,578.4038696289062,509.15625,675.289794921875,580.3916015625
89,56,579.0892944335938,507.7439880371094,679.7628173828125,581.7406616210938
90,56,579.8101196289062,507.0098571777344,684.2373046875,583.3190307617188
91,56,581.8744506835938,506.84686279296875,688.0549926757812,584.9772338867188
92,56,585.5250244140625,505.7210998535156,692.0477294921875,585.1256103515625
93,56,587.0414428710938,506.7337951660156,696.4278564453125,586.857666015625
94,56,592.3377685546875,506.6125183105469,700.21435546875,588.5459594726562
95,56,593.5013427734375,506.3966979980469,705.247802734375,589.5084838867188
96,56,593.399658203125,506.4128112792969,709.1249389648438,592.1190185546875
97,56,595.5590209960938,505.1776428222656,713.4711303710938,594.7645874023438
98,56,597.8873291015625,504.21563720703125,718.7647094726562,596.4164428710938
99,56,599.9446411132812,503.781005859375,723.94921875,597.4646606445312
100,56,600.4684448242188,503.7756652832031,728.558349609375,598.264404296875
101,56,600.94921875,503.44158935546875,734.505859375,599.6445922851562
102,56,603.072265625,503.17535400390625,741.4824829101562,600.9755859375
103,56,603.2071533203125,502.63531494140625,748.303466796875,603.043212890625
104,56,603.9713134765625,502.7882080078125,755.0886840820312,606.0438232421875
105,56,609.144287109375,501.6372375488281,763.072509765625,607.8828125
106,56,614.339111328125,500.4817199707031,770.6852416992188,609.9638671875
107,56,619.915283203125,499.22235107421875,778.0020751953125,611.5662841796875
108,56,623.2750854492188,498.7162780761719,787.1611328125,614.7346801757812
109,56,626.2702026367188,497.964599609375,796.2443237304688,619.468505859375
110,56,636.2245483398438,497.08001708984375,804.8593139648438,622.19921875
111,56,635.4177856445312,495.8007507324219,815.390869140625,625.7314453125
112,56,640.0906982421875,493.8816223144531,825.5421752929688,629.2850341796875
113,56,641.2285766601562,492.5108337402344,839.1024169921875,633.8095092773438
114,56,644.6994018554688,491.9145202636719,852.4115600585938,639.8236694335938
115,56,648.7913818359375,487.9558410644531,865.1602783203125,643.1597900390625
116,56,651.3523559570312,479.7290344238281,880.0922241210938,646.3997802734375
117,56,655.6943359375,476.27490234375,897.0151977539062,653.0924682617188
118,56,660.787841796875,481.2496337890625,914.01416015625,659.899169921875
119,56,667.263427734375,482.1883850097656,934.410400390625,665.2337646484375
120,56,672.5404052734375,482.4273681640625,957.6602172851562,672.782470703125
121,56,681.4354248046875,481.03753662109375,981.3494262695312,679.34033203125
122,56,688.9386596679688,479.96575927734375,1007.85791015625,689.0722045898438
123,56,697.5831298828125,478.48052978515625,1037.3863525390625,700.8566284179688
124,56,708.0924072265625,474.02423095703125,1071.9088134765625,711.1139526367188
125,56,717.7753295898438,470.5366516113281,1112.447021484375,723.1196899414062
126,56,728.0867919921875,468.9159851074219,1155.188720703125,733.9650268554688
127,56,740.4989013671875,467.70709228515625,1205.1285400390625,750.9972534179688
128,56,755.9096069335938,465.0671691894531,1265.1595458984375,772.6154174804688
129,56,771.169189453125,461.1103515625,1335.333251953125,795.9481201171875
130,56,790.1494140625,456.54132080078125,1419.376708984375,825.6029052734375
131,56,813.2319946289062,451.94317626953125,1519.9007568359375,859.6610717773438
132,56,837.5260009765625,445.817138671875,1643.6807861328125,902.2743530273438
133,56,864.7982177734375,438.560791015625,1796.124755859375,957.54541015625
134,56,899.5886840820312,428.8934326171875,1887.7996826171875,1028.3604736328125
135,56,940.4082641601562,417.85211181640625,1920.0,1061.7322998046875
136,56,992.222412109375,401.856201171875,1920.0,1077.239501953125
137,56,1060.4345703125,381.2158203125,1920.0,1080.0
138,56,1149.31298828125,355.3111267089844,1920.0,1079.589111328125
139,56,1263.10400390625,327.1683654785156,1920.0,1079.4066162109375
140,56,1423.8050537109375,340.37646484375,1920.0,1080.0
