36,55,532.7827758789062,395.1955871582031,578.8809814453125,423.2140808105469
37,55,532.5087890625,395.41357421875,579.1870727539062,423.9581604003906
38,55,531.4324951171875,395.29656982421875,579.8048706054688,424.7795104980469
39,55,530.55224609375,395.5988464355469,580.7418212890625,425.51739501953125
40,55,530.6702270507812,396.3028564453125,581.5408325195312,426.1618347167969
41,55,530.9557495117188,396.2550048828125,581.2745361328125,426.4042053222656
42,55,531.8446044921875,395.4941711425781,581.7139892578125,426.425048828125
43,55,532.887451171875,394.12762451171875,582.662841796875,426.7144470214844
44,55,532.3021240234375,394.1585693359375,583.02978515625,427.2134704589844
45,55,532.2396240234375,394.1789245605469,582.9761962890625,427.2292785644531
46,55,533.7094116210938,393.7143249511719,584.4329223632812,427.64166259765625
47,55,535.635009765625,394.037353515625,585.0996704101562,428.2188720703125
48,55,536.7659912109375,393.63494873046875,586.1361083984375,427.83587646484375
49,55,537.5778198242188,393.6001281738281,588.1216430664062,427.9022216796875
50,55,537.878662109375,393.24578857421875,589.3213500976562,428.156005859375
51,55,537.6058349609375,393.22857666015625,590.2603759765625,428.4173889160156
52,55,537.6525268554688,393.37445068359375,591.3143310546875,428.82916259765625
53,55,538.1536865234375,392.44683837890625,592.673095703125,429.1612854003906
54,55,541.112060546875,390.9891052246094,594.4443359375,429.45843505859375
55,55,542.074462890625,391.11761474609375,594.88916015625,429.9122314453125
56,55,542.0541381835938,391.64801025390625,596.5390014648438,430.1391296386719
57,55,543.675048828125,391.3996887207031,598.6724853515625,430.9102478027344
58,55,544.6401977539062,390.1635437011719,599.69091796875,430.96954345703125
59,55,544.9063110351562,388.88958740234375,600.541015625,431.1439208984375
60,55,543.891845703125,389.1712951660156,601.0331420898438,431.5524597167969
61,55,542.8563232421875,389.1637268066406,602.5740966796875,432.93914794921875
62,55,544.2077026367188,388.7237548828125,603.4192504882812,432.555419921875
63,55,544.3841552734375,387.1918029785156,603.8555297851562,432.7349548339844
64,55,545.4518432617188,386.604736328125,604.6358032226562,432.45123291015625
65,55,546.4461669921875,385.2486877441406,606.3667602539062,433.17230224609375
66,55,546.6270141601562,384.1685485839844,606.978515625,433.3298034667969
67,55,546.5850219726562,383.9634704589844,608.81005859375,433.7518310546875
68,55,547.6222534179688,383.7569274902344,609.9363403320312,434.0312194824219
69,55,548.5767211914062,384.5564880371094,610.9905395507812,434.32867431640625
70,55,548.984375,385.2440185546875,612.6142578125,434.57989501953125
71,55,550.0591430664062,384.9018249511719,613.9954833984375,435.00677490234375
72,55,551.4523315429688,384.9900207519531,613.720703125,435.8314514160156
73,55,552.971923828125,385.3638000488281,617.9090576171875,436.3705139160156
74,55,553.9166259765625,384.7973327636719,620.5659790039062,436.71990966796875
75,55,554.3897094726562,384.1575622558594,623.1743774414062,436.7929382324219
76,55,555.1177368164062,383.48480224609375,624.7810668945312,438.9369812011719
77,55,554.8659057617188,383.68310546875,625.3309326171875,440.41607666015625
78,55,555.810546875,383.0341796875,627.1624145507812,440.5579528808594
79,55,555.911865234375,383.0323486328125,629.1508178710938,441.23284912109375
80,55,555.12744140625,382.72833251953125,630.8876953125,441.6385498046875
81,55,555.438720703125,382.5531005859375,632.7615356445312,441.6256408691406
82,55,555.8687744140625,382.50152587890625,634.7141723632812,441.4527282714844
83,55,556.1567993164062,382.3819885253906,636.6041870117188,442.5977478027344
84,55,557.7936401367188,383.3897705078125,638.2588500976562,444.024658203125
85,55,558.1405639648438,383.16180419921875,640.0697021484375,445.1578674316406
86,55,560.0538330078125,383.8134765625,642.2887573242188,446.5758361816406
87,55,561.0845947265625,383.38665771484375,642.5123901367188,448.842529296875
88,55,563.0989379882812,383.17279052734375,645.4110717773438,449.32720947265625
89,55,563.8729248046875,383.3160400390625,648.762939453125,450.066162109375
90,55,564.3821411132812,383.21942138671875,652.833984375,451.5184631347656
91,55,565.5382080078125,383.0553283691406,656.9683837890625,451.60491943359375
92,55,567.035888671875,383.45147705078125,659.5248413085938,452.13031005859375
93,55,570.2269287109375,383.6083068847656,661.9336547851562,452.4277038574219
94,55,573.233642578125,383.3791809082031,665.8388671875,453.2129821777344
95,55,575.011962890625,383.58001708984375,669.0950317382812,452.9261474609375
96,55,575.2674560546875,384.0970153808594,671.1828002929688,454.72064208984375
97,55,575.5853881835938,384.23675537109375,675.4649047851562,456.3370361328125
98,55,576.1769409179688,384.4159240722656,680.2103271484375,459.0518493652344
99,55,576.6827392578125,383.370849609375,683.948486328125,460.1921081542969
100,55,577.5425415039062,382.5648498535156,687.6995239257812,462.55120849609375
101,55,579.2260131835938,381.9268493652344,690.5641479492188,464.0297546386719
102,55,580.791015625,381.1942443847656,694.1375122070312,465.2867126464844
103,55,583.0714721679688,381.5422668457031,698.7942504882812,466.2793884277344
104,55,586.3065185546875,381.1924743652344,701.9932250976562,466.38299560546875
105,55,588.5384521484375,381.106201171875,708.245361328125,467.3484802246094
106,55,589.63671875,381.0203552246094,712.7637329101562,468.1663818359375
107,55,592.4553833007812,381.1761779785156,717.4307250976562,470.62054443359375
108,55,593.9032592773438,381.0411682128906,722.7366943359375,472.2749328613281
109,55,596.3695678710938,380.7892150878906,727.4015502929688,474.60516357421875
110,55,598.07958984375,378.98834228515625,733.16845703125,477.3501281738281
111,55,600.5781860351562,377.968994140625,739.53271484375,479.158935546875
112,55,601.83740234375,377.2470703125,745.4828491210938,480.09722900390625
113,55,603.2860107421875,374.1590576171875,754.6293334960938,483.8843994140625
114,55,608.3729858398438,374.7451477050781,759.9892578125,486.861572265625
115,55,610.5750732421875,375.775634765625,767.588623046875,488.7095642089844
116,55,612.6024780273438,375.9749755859375,774.1585693359375,489.4577941894531
117,55,613.8131713867188,375.47216796875,782.6134033203125,491.9134521484375
118,55,615.5606079101562,375.11151123046875,791.4850463867188,496.6986083984375
119,55,623.9923095703125,374.32550048828125,802.3944702148438,498.3621520996094
120,55,623.5233764648438,373.4382019042969,813.14697265625,501.8299255371094
121,55,623.9600219726562,371.35345458984375,823.9420166015625,505.9901428222656
122,55,626.7913208007812,370.5942687988281,835.72900390625,508.528076171875
123,55,632.4063720703125,369.35406494140625,848.038330078125,515.1104736328125
124,55,637.3223876953125,368.99420166015625,861.7392578125,521.0633544921875
125,55,643.2896118164062,368.2853698730469,875.770751953125,525.5142211914062
126,55,647.6341552734375,366.2153015136719,892.756103515625,530.6470336914062
127,55,652.3803100585938,365.8193054199219,910.193359375,535.8530883789062
128,55,658.5060424804688,363.698974609375,928.6358642578125,541.60546875
129,55,664.649169921875,360.74957275390625,949.6041870117188,549.0662841796875
130,55,670.3047485351562,359.6100158691406,973.4173583984375,557.7068481445312
131,55,680.1085205078125,357.24566650390625,999.0512084960938,565.8416748046875
132,55,687.7184448242188,355.0979309082031,1026.7132568359375,576.8171997070312
133,55,695.97802734375,352.9556579589844,1059.4111328125,584.2100219726562
134,55,705.708984375,351.2142028808594,1095.4903564453125,598.828369140625
135,55,717.3551025390625,350.1221008300781,1134.362548828125,610.368408203125
136,55,728.3327026367188,347.3611755371094,1181.6741943359375,627.0498657226562
137,55,741.6531982421875,343.9185485839844,1237.5169677734375,642.9890747070312
138,55,755.1614379882812,340.3471374511719,1301.4710693359375,667.1701049804688
139,55,769.7608032226562,334.83428955078125,1377.5802001953125,692.9260864257812
140,55,787.8630981445312,328.06781005859375,1468.2957763671875,725.3262939453125
141,55,810.4449462890625,319.3722229003906,1580.8035888671875,767.5010375976562
142,55,834.6380615234375,308.581298828125,1716.947509765625,818.7830200195312
143,55,863.7615356445312,301.8334655761719,1854.832763671875,885.251953125
144,55,899.9085693359375,291.93109130859375,1911.5745849609375,980.9241333007812
145,55,941.357666015625,279.11614990234375,1920.0,1041.7791748046875
146,55,995.3619384765625,262.7998046875,1920.0,1068.4365234375
147,55,1065.3392333984375,243.54429626464844,1920.0,1072.314453125
148,55,1154.3919677734375,219.842041015625,1920.0,1076.77197265625
149,55,1271.19140625,198.49749755859375,1920.0,1079.478271484375
150,55,1441.994873046875,235.05287170410156,1920.0,1080.0
