2,43,268.08477783203125,463.1321716308594,332.8802185058594,508.1353759765625
3,43,268.632568359375,458.862060546875,334.0777282714844,506.6990661621094
4,43,269.4651794433594,456.7051086425781,335.0335388183594,507.4494934082031
5,43,271.9344787597656,457.62603759765625,336.5513610839844,507.1647644042969
6,43,272.5306396484375,457.8540344238281,338.17950439453125,507.9894104003906
7,43,270.985107421875,457.6322021484375,338.7252502441406,509.4110107421875
8,43,271.497314453125,457.6025085449219,340.0162658691406,509.16888427734375
9,43,271.74884033203125,458.4392395019531,340.83587646484375,509.2135925292969
10,43,271.93695068359375,457.93316650390625,341.45654296875,509.6148376464844
11,43,272.3148193359375,459.59637451171875,342.416748046875,509.669921875
12,43,273.0731506347656,457.9177551269531,343.059326171875,510.38983154296875
13,43,273.28009033203125,457.25469970703125,342.9826354980469,511.3201599121094
14,43,273.6276550292969,457.3279113769531,343.48992919921875,512.187255859375
15,43,273.60540771484375,456.6200866699219,344.1340637207031,512.8175048828125
16,43,273.68792724609375,457.2403564453125,344.1377868652344,513.1956787109375
17,43,273.9005126953125,456.7125549316406,345.3656921386719,512.8186645507812
18,43,274.1965026855469,455.60528564453125,347.4805908203125,512.5323486328125
19,43,275.17889404296875,454.9678955078125,347.97845458984375,512.47314453125
20,43,275.44244384765625,454.6304626464844,348.8197937011719,512.1787109375
21,43,275.80828857421875,454.2942199707031,350.0576477050781,512.2222900390625
22,43,275.3939514160156,454.4636535644531,351.012451171875,513.2737426757812
23,43,275.55419921875,454.8520202636719,352.48272705078125,513.8206176757812
24,43,276.7821350097656,454.7988586425781,354.2160339355469,514.19189453125
25,43,277.01348876953125,455.5859375,355.2272644042969,515.0101928710938
26,43,277.6971740722656,455.6695556640625,356.5075988769531,515.11669921875
27,43,278.3544006347656,455.90521240234375,358.6390380859375,514.9645385742188
28,43,279.132080078125,456.247314453125,359.102783203125,514.8408203125
29,43,279.0016784667969,455.6541442871094,360.0750427246094,514.623291015625
30,43,279.4604187011719,455.10894775390625,361.3090515136719,515.0406494140625
31,43,279.734375,454.4305114746094,362.2915344238281,515.9768676757812
32,43,280.67230224609375,454.0716552734375,363.6990661621094,516.6693115234375
33,43,280.8681945800781,453.6230773925781,364.93548583984375,517.5651245117188
34,43,281.6081848144531,453.37591552734375,365.48583984375,518.2075805664062
35,43,281.6614685058594,452.5513610839844,366.6398010253906,518.4227294921875
36,43,282.6587219238281,452.6424560546875,366.95635986328125,518.2447509765625
37,43,284.4575500488281,452.2093200683594,368.1592712402344,517.9236450195312
38,43,285.4632873535156,451.47637939453125,369.6463623046875,518.3883056640625
39,43,285.85736083984375,452.2076721191406,370.9962158203125,519.3986206054688
40,43,286.7268371582031,451.558349609375,371.99609375,519.8098754882812
41,43,287.1091003417969,451.4975891113281,373.01690673828125,520.6083374023438
42,43,287.697021484375,451.91656494140625,374.66314697265625,521.5709228515625
43,43,287.4361267089844,453.6527404785156,376.03106689453125,523.0050048828125
44,43,288.0202941894531,452.6459045410156,377.5914306640625,523.3262939453125
45,43,288.07525634765625,453.471435546875,379.35174560546875,524.0784912109375
46,43,289.3834228515625,454.1494445800781,381.3009948730469,524.2672729492188
47,43,289.5062255859375,453.04473876953125,381.2440490722656,524.15087890625
48,43,289.8769836425781,452.66497802734375,384.5267333984375,524.4112548828125
49,43,289.8952331542969,452.15936279296875,386.9875793457031,525.0853881835938
50,43,289.93499755859375,452.9953308105469,388.2593994140625,525.2003784179688
51,43,291.4911804199219,452.9696960449219,389.5065612792969,525.7584228515625
52,43,292.55633544921875,452.9032287597656,391.1497802734375,526.2881469726562
53,43,293.3366394042969,451.8992004394531,392.92816162109375,526.32373046875
54,43,295.1152648925781,452.44476318359375,394.342041015625,526.82080078125
55,43,297.5191955566406,451.74957275390625,396.4456787109375,526.9716796875
56,43,298.73553466796875,450.9769287109375,396.851318359375,527.6961669921875
57,43,299.30889892578125,450.9983825683594,398.42388916015625,528.2791748046875
58,43,300.40985107421875,451.3802795410156,400.9604187011719,528.6176147460938
59,43,301.0532531738281,451.4619445800781,403.72515869140625,529.1569213867188
60,43,301.3045959472656,450.8525695800781,404.3921203613281,530.3638305664062
61,43,300.830078125,450.4921875,405.2123107910156,531.5725708007812
62,43,302.10040283203125,451.3872375488281,407.092041015625,531.4281616210938
63,43,303.8460693359375,451.1966247558594,409.986572265625,532.70654296875
64,43,305.3368835449219,451.1793212890625,412.2192687988281,533.041748046875
65,43,305.2317199707031,450.9268493652344,414.5943908691406,534.5457763671875
66,43,305.8844909667969,450.7011413574219,417.2540283203125,534.9826049804688
67,43,306.03851318359375,450.4341735839844,419.8643798828125,535.3848266601562
68,43,306.5383605957031,450.1725769042969,421.7915344238281,536.6625366210938
69,43,307.4208984375,449.8565368652344,424.6730651855469,537.28759765625
70,43,310.2727966308594,449.5642395019531,426.0669250488281,537.958251953125
71,43,310.166015625,449.6115417480469,428.3167419433594,538.4103393554688
72,43,311.4967346191406,449.5036926269531,431.24310302734375,538.802490234375
73,43,310.609375,449.3211364746094,432.8837890625,540.0813598632812
74,43,310.9887390136719,449.57769775390625,435.7941589355469,541.7086791992188
75,43,312.7804870605469,449.7248840332031,438.7624816894531,542.2852172851562
76,43,312.5123291015625,448.55877685546875,441.9689025878906,544.7230834960938
77,43,314.4422912597656,446.96734619140625,444.1484375,545.3801879882812
78,43,314.32550048828125,447.459716796875,446.5882263183594,547.2227783203125
79,43,315.5888671875,447.817626953125,450.3419494628906,548.3294677734375
80,43,318.1604309082031,448.0167541503906,454.04632568359375,548.9760131835938
81,43,321.1343078613281,448.23602294921875,456.8764953613281,549.3262939453125
82,43,323.1341247558594,448.1128234863281,459.9095458984375,549.8490600585938
83,43,323.94085693359375,447.8057861328125,462.9548034667969,551.2702026367188
84,43,324.0371398925781,447.4893493652344,465.3430480957031,552.14794921875
85,43,325.3189392089844,447.4023742675781,468.2705078125,552.635009765625
86,43,325.77587890625,447.5978698730469,472.82244873046875,553.7571411132812
87,43,325.9030456542969,447.1007385253906,476.2644348144531,554.9968872070312
88,43,327.25830078125,446.1203308105469,479.8878479003906,558.0849609375
89,43,328.48333740234375,445.40484619140625,483.3717956542969,560.1430053710938
90,43,330.67071533203125,445.45892333984375,487.1189880371094,562.2852783203125
91,43,333.42462158203125,444.6492004394531,492.8362731933594,564.7579956054688
92,43,336.1860046386719,443.8498229980469,497.6006774902344,566.8997192382812
93,43,338.0431823730469,443.4045104980469,502.0975646972656,568.50390625
94,43,337.81427001953125,443.4992980957031,504.4878234863281,571.0671997070312
95,43,337.99981689453125,443.1762390136719,509.1728210449219,572.4852905273438
96,43,343.01837158203125,442.7820129394531,514.7172241210938,573.891357421875
97,43,345.1106262207031,442.65142822265625,519.0411987304688,574.6732177734375
98,43,345.5767517089844,441.7466735839844,524.7528686523438,575.0444946289062
99,43,346.8249816894531,439.46160888671875,530.2406616210938,576.9000854492188
100,43,347.9003601074219,437.49432373046875,536.2151489257812,576.9209594726562
101,43,348.1308288574219,436.8369140625,542.5807495117188,579.5751953125
102,43,351.10760498046875,436.081787109375,548.797607421875,582.0828857421875
103,43,354.4217224121094,435.5290832519531,555.0084228515625,585.707763671875
104,43,358.5273132324219,436.45928955078125,561.8607788085938,590.0027465820312
105,43,359.47344970703125,436.4068908691406,568.9649658203125,591.9613037109375
106,43,361.20501708984375,436.0185852050781,575.5292358398438,595.4749755859375
107,43,362.6253662109375,437.06951904296875,583.1405029296875,597.602294921875
108,43,364.5704650878906,437.20733642578125,591.0781860351562,601.4432373046875
109,43,367.98614501953125,437.3565979003906,599.6295166015625,604.1344604492188
110,43,370.3401794433594,435.9327392578125,607.2916259765625,607.6012573242188
111,43,371.905029296875,435.6976318359375,616.5669555664062,608.6089477539062
112,43,374.8537292480469,434.4260559082031,625.3929443359375,613.0028686523438
113,43,379.06500244140625,433.19146728515625,636.7151489257812,616.1798095703125
114,43,382.3173828125,432.5469055175781,647.484130859375,620.4342041015625
115,43,385.6099548339844,430.8227233886719,658.0745239257812,624.2608032226562
116,43,390.2958679199219,429.96697998046875,668.9505004882812,628.2686767578125
117,43,394.29730224609375,429.3963928222656,682.49462890625,633.7258911132812
118,43,399.3634033203125,428.5696105957031,695.4420166015625,637.4170532226562
119,43,402.7655029296875,427.2633972167969,708.2876586914062,642.4030151367188
120,43,407.23626708984375,427.0262756347656,722.017333984375,645.630859375
121,43,410.62738037109375,426.7786560058594,737.5967407226562,652.4649658203125
122,43,416.2572326660156,424.6266174316406,752.4074096679688,658.1141967773438
123,43,420.39398193359375,425.36090087890625,770.6317749023438,662.06396484375
124,43,427.8268127441406,423.4726867675781,789.7037353515625,669.6511840820312
125,43,432.84210205078125,420.8569030761719,809.0138549804688,677.026123046875
126,43,441.0912780761719,419.1592712402344,831.2958984375,684.333740234375
127,43,445.6087341308594,418.2475280761719,853.1095581054688,692.2721557617188
128,43,451.8596496582031,417.8754577636719,877.0637817382812,700.4754028320312
129,43,459.6381530761719,418.1994323730469,903.4833374023438,709.1762084960938
130,43,466.2366027832031,418.6507263183594,931.7196044921875,715.1771240234375
131,43,474.46087646484375,417.64971923828125,960.9378662109375,726.0197143554688
132,43,481.30584716796875,413.2698059082031,993.9007568359375,734.916748046875
133,43,488.3609924316406,409.6874694824219,1030.7110595703125,748.3668823242188
134,43,497.6890869140625,408.5889892578125,1070.054931640625,766.2445678710938
135,43,508.2132873535156,407.5113525390625,1112.9503173828125,783.1019287109375
136,43,521.1892700195312,407.1216735839844,1161.0985107421875,797.3366088867188
137,43,533.1253051757812,405.02581787109375,1212.725830078125,815.1390380859375
138,43,546.93212890625,402.4638366699219,1270.8828125,834.9525146484375
139,43,562.145751953125,399.68792724609375,1338.0115966796875,860.57080078125
140,43,576.136474609375,396.26995849609375,1411.20703125,886.6607055664062
141,43,592.041015625,392.6903991699219,1492.164306640625,918.1978149414062
142,43,612.0866088867188,389.5294494628906,1583.5322265625,952.3646240234375
143,43,632.123291015625,384.9027099609375,1688.7105712890625,995.7581176757812
144,43,653.9921875,380.2653503417969,1805.3656005859375,1040.6719970703125
145,43,679.4737548828125,374.8288879394531,1895.30712890625,1065.479736328125
146,43,702.7056274414062,368.5882568359375,1920.0,1074.40576171875
147,43,738.7935791015625,360.53778076171875,1920.0,1079.5771484375
148,43,777.2426147460938,352.67364501953125,1920.0,1080.0
149,43,818.7631225585938,342.94403076171875,1920.0,1078.7010498046875
150,43,867.9336547851562,332.4144592285156,1920.0,1077.7003173828125
151,43,922.5947875976562,319.9527893066406,1920.0,1073.9351806640625
152,43,985.4780883789062,306.2326965332031,1920.0,1074.0235595703125
153,43,1060.2764892578125,289.3581237792969,1920.0,1073.663330078125
154,43,1152.2479248046875,277.5027160644531,1920.0,1072.685791015625
155,43,1260.3558349609375,275.7917175292969,1920.0,1072.9427490234375
156,43,1391.703369140625,290.7441101074219,1920.0,1077.0826416015625
157,43,1559.9613037109375,360.259521484375,1920.0,1077.274658203125
