6,37,233.22003173828125,375.718505859375,313.12347412109375,436.6015625
7,37,233.55572509765625,375.85345458984375,312.6767272949219,436.73419189453125
8,37,234.549560546875,376.7702331542969,312.6878662109375,436.8010559082031
9,37,234.5276336669922,377.210693359375,314.35150146484375,436.2776184082031
10,37,235.05140686035156,377.3671875,315.4850158691406,435.65802001953125
11,37,234.69088745117188,377.44842529296875,316.9291687011719,436.8697814941406
12,37,234.74270629882812,377.06512451171875,318.7954406738281,438.24151611328125
13,37,236.31759643554688,376.4246520996094,320.4066162109375,438.9779968261719
14,37,236.91458129882812,376.3426513671875,321.612060546875,439.0533447265625
15,37,237.0734405517578,376.124267578125,322.2738342285156,438.6732482910156
16,37,237.97523498535156,376.1716613769531,323.2607116699219,439.8542175292969
17,37,237.599365234375,376.9764404296875,325.3500671386719,441.1253356933594
18,37,238.1091766357422,376.47760009765625,326.3986511230469,441.7294921875
19,37,238.60829162597656,375.6391906738281,327.7119445800781,442.3015441894531
20,37,238.98855590820312,374.7987976074219,329.0860595703125,442.925048828125
21,37,239.80528259277344,374.9854431152344,330.25262451171875,443.3152160644531
22,37,242.25592041015625,373.46746826171875,331.7998352050781,443.01171875
23,37,242.6416015625,371.3889465332031,333.0303649902344,443.47882080078125
24,37,242.91526794433594,370.8158874511719,335.1242370605469,444.52593994140625
25,37,243.27040100097656,371.21929931640625,336.83294677734375,445.2442321777344
26,37,243.91854858398438,370.0487976074219,337.7209167480469,445.1746826171875
27,37,243.83438110351562,370.3146667480469,338.9880676269531,445.4696350097656
28,37,243.77069091796875,370.35595703125,339.6597595214844,445.5733337402344
29,37,244.40672302246094,369.3586120605469,341.4775085449219,446.47393798828125
30,37,245.0156707763672,368.687744140625,342.564453125,447.8852844238281
31,37,245.3494873046875,368.59576416015625,343.3790283203125,449.14703369140625
32,37,246.12222290039062,368.1772766113281,345.230712890625,449.5877380371094
33,37,246.22389221191406,368.21563720703125,346.494873046875,449.9891052246094
34,37,246.46054077148438,368.15911865234375,347.7305603027344,450.1642761230469
35,37,247.4925994873047,368.17559814453125,349.0129699707031,450.3728942871094
36,37,247.5205078125,368.8037414550781,349.7513732910156,451.0809631347656
37,37,248.08372497558594,369.5570068359375,351.70745849609375,451.6105651855469
38,37,248.54783630371094,370.0552673339844,353.5784912109375,452.1933288574219
39,37,249.74496459960938,370.5077819824219,355.7677307128906,452.1991882324219
40,37,251.0270538330078,369.8305969238281,357.80316162109375,452.3567810058594
41,37,251.72059631347656,370.2952880859375,359.6938781738281,452.02117919921875
42,37,251.62522888183594,371.1688537597656,360.4175720214844,452.42303466796875
43,37,251.9502716064453,370.8150329589844,361.69708251953125,453.11798095703125
44,37,252.49484252929688,371.1465759277344,363.7132263183594,453.49249267578125
45,37,253.19041442871094,371.1090087890625,366.2275390625,453.5052490234375
46,37,253.62379455566406,370.5825500488281,368.815185546875,454.0185852050781
47,37,254.64797973632812,370.1498718261719,370.49237060546875,454.905517578125
48,37,256.25927734375,368.7337951660156,372.2344970703125,455.4765319824219
49,37,257.91259765625,368.3758850097656,374.015625,456.15240478515625
50,37,259.0152893066406,368.37640380859375,375.9680480957031,457.0102844238281
51,37,259.4720153808594,368.2806396484375,376.9015808105469,457.1091003417969
52,37,260.1698303222656,367.78546142578125,379.5848388671875,458.0158386230469
53,37,262.3585510253906,367.7615051269531,381.00823974609375,458.26519775390625
54,37,263.19329833984375,367.809814453125,383.4317321777344,459.4054260253906
55,37,264.66265869140625,367.9496765136719,386.1537780761719,460.3655090332031
56,37,265.68597412109375,368.3589172363281,388.08209228515625,459.787841796875
57,37,266.0504455566406,368.3517150878906,390.0345153808594,461.4467468261719
58,37,266.673828125,367.797607421875,393.1522521972656,462.413818359375
59,37,267.1011962890625,367.45355224609375,395.3939208984375,462.74932861328125
60,37,267.9586181640625,367.08099365234375,397.79290771484375,463.3509216308594
61,37,269.8476867675781,367.4428405761719,399.2555847167969,463.9214782714844
62,37,270.1092834472656,367.04345703125,401.3424072265625,464.6494445800781
63,37,270.85260009765625,366.6712341308594,404.7113342285156,465.6201477050781
64,37,271.328369140625,366.2057189941406,407.18389892578125,466.250244140625
65,37,271.7621765136719,366.18768310546875,408.77008056640625,466.88702392578125
66,37,272.7125549316406,366.1937255859375,409.09033203125,467.9443054199219
67,37,275.0166320800781,366.2238464355469,409.3173828125,468.87689208984375
68,37,276.2994079589844,365.8028869628906,415.7427673339844,468.1620788574219
69,37,275.6366882324219,365.71221923828125,419.59027099609375,470.72882080078125
70,37,276.3586120605469,365.24664306640625,422.8063049316406,471.8572082519531
71,37,277.71136474609375,365.0999450683594,425.9839172363281,472.00067138671875
72,37,278.236572265625,364.8243408203125,429.433349609375,473.6298522949219
73,37,281.79437255859375,364.4456787109375,431.51776123046875,474.63818359375
74,37,281.65985107421875,364.3011169433594,435.01092529296875,475.1792297363281
75,37,282.6576843261719,364.1208801269531,437.5238342285156,477.04156494140625
76,37,283.40679931640625,364.0647277832031,440.51837158203125,478.3931579589844
77,37,284.93853759765625,363.9093933105469,444.4268493652344,479.16131591796875
78,37,286.3699951171875,363.844482421875,448.6267395019531,479.860107421875
79,37,287.43939208984375,363.49066162109375,452.99383544921875,480.4389343261719
80,37,287.46539306640625,363.2313232421875,456.32159423828125,481.2803955078125
81,37,288.6219177246094,362.8232421875,458.9880676269531,482.785888671875
82,37,289.5428466796875,362.2764892578125,463.4696044921875,484.9578552246094
83,37,290.84490966796875,361.7300109863281,467.0274963378906,486.45843505859375
84,37,293.4993896484375,361.5360412597656,471.300537109375,487.831787109375
85,37,296.5113830566406,361.3946228027344,475.7908935546875,489.03277587890625
86,37,299.11676025390625,360.71453857421875,479.93792724609375,490.07830810546875
87,37,300.6404113769531,360.5765075683594,482.6962585449219,490.8727722167969
88,37,301.37921142578125,360.1717224121094,487.94036865234375,492.5024108886719
89,37,302.02679443359375,359.3241271972656,493.2487487792969,493.12139892578125
90,37,303.9436950683594,358.9402160644531,497.2601013183594,494.8671569824219
91,37,306.20611572265625,357.3194274902344,502.83587646484375,497.1353759765625
92,37,308.28521728515625,356.1763000488281,507.74713134765625,498.33404541015625
93,37,310.76171875,354.8726806640625,513.8265991210938,500.4933776855469
94,37,311.9086608886719,354.9303283691406,518.1748657226562,501.4888000488281
95,37,312.7691650390625,354.82354736328125,524.817626953125,502.7037658691406
96,37,314.32928466796875,354.8819885253906,529.9251098632812,505.9604797363281
97,37,317.013671875,354.20220947265625,536.0965576171875,507.4778747558594
98,37,319.8551940917969,353.8101806640625,542.240966796875,507.37762451171875
99,37,322.41485595703125,353.0295104980469,549.181884765625,509.8099060058594
100,37,323.335693359375,353.03826904296875,555.6588134765625,513.0912475585938
101,37,325.84326171875,354.2744445800781,563.3803100585938,515.2304077148438
102,37,329.2314758300781,353.6560974121094,571.4370727539062,517.7147827148438
103,37,332.05572509765625,353.3730773925781,579.7755126953125,519.1868286132812
104,37,334.143310546875,353.35284423828125,586.3091430664062,520.4614868164062
105,37,335.2978210449219,352.71978759765625,594.6267700195312,521.386474609375
106,37,338.0940246582031,351.598876953125,602.1888427734375,526.3321533203125
107,37,341.1634521484375,350.521484375,608.8421630859375,529.5182495117188
108,37,345.6028747558594,348.94097900390625,619.0623168945312,530.9441528320312
109,37,348.7253112792969,348.2898254394531,627.3463745117188,529.9364624023438
110,37,352.8748779296875,347.8150329589844,637.5957641601562,535.1329345703125
111,37,355.87872314453125,347.0013122558594,648.347900390625,538.8490600585938
112,37,360.07574462890625,345.7320861816406,657.3717041015625,538.9523315429688
113,37,363.2472229003906,344.78875732421875,668.9371337890625,541.6751708984375
114,37,366.5750732421875,344.0326843261719,680.5092163085938,545.8759155273438
115,37,371.07098388671875,343.9822692871094,692.6808471679688,548.3801879882812
116,37,374.63580322265625,343.04754638671875,704.5292358398438,552.9887084960938
117,37,378.2788391113281,340.5389404296875,718.0469360351562,556.6451416015625
118,37,384.0479736328125,339.7395324707031,732.6746826171875,560.7190551757812
119,37,387.0754699707031,339.8498840332031,747.3090209960938,564.8809814453125
120,37,391.7937927246094,338.9997863769531,762.2608032226562,570.3773193359375
121,37,396.5262145996094,337.7781677246094,778.3186645507812,572.640625
122,37,400.3941650390625,336.73974609375,795.7146606445312,580.8530883789062
123,37,406.65252685546875,336.3755798339844,811.6270751953125,586.663330078125
124,37,412.6465759277344,335.9591369628906,830.4744873046875,594.6988525390625
125,37,418.49627685546875,335.8386535644531,850.1607055664062,600.5318603515625
126,37,424.6545104980469,333.7283935546875,871.16845703125,605.6370849609375
127,37,430.7142333984375,332.432373046875,894.0778198242188,609.2967529296875
128,37,436.7889404296875,330.8406677246094,917.4120483398438,618.3370361328125
129,37,442.65771484375,329.2283630371094,942.6029052734375,626.57470703125
130,37,450.7847900390625,327.1284484863281,968.5643920898438,632.4996948242188
131,37,458.2584228515625,325.3073425292969,996.6588134765625,641.6533203125
132,37,465.7529602050781,320.9610595703125,1025.90771484375,650.1533203125
133,37,474.54998779296875,318.40985107421875,1057.2801513671875,659.4064331054688
134,37,483.0491027832031,314.0356750488281,1091.786865234375,676.2113037109375
135,37,494.6564025878906,311.8343200683594,1130.1839599609375,690.490234375
136,37,504.01153564453125,309.3055725097656,1171.747802734375,703.4326782226562
137,37,513.5133666992188,306.19622802734375,1214.5640869140625,717.4468383789062
138,37,524.5828857421875,303.22271728515625,1262.7459716796875,732.5364379882812
139,37,538.1012573242188,300.53515625,1311.8148193359375,749.0291137695312
140,37,550.31005859375,297.40069580078125,1367.936767578125,766.41748046875
141,37,563.468994140625,294.4335632324219,1429.1539306640625,787.72705078125
142,37,577.5040893554688,291.64996337890625,1497.1763916015625,809.3888549804688
143,37,594.3272705078125,287.6366882324219,1571.9791259765625,835.072021484375
144,37,611.9708251953125,282.6724853515625,1655.3585205078125,866.2951049804688
145,37,630.6748657226562,277.17645263671875,1748.1669921875,900.3443603515625
146,37,654.3726806640625,271.40924072265625,1849.956298828125,933.7711791992188
147,37,673.1686401367188,267.7987365722656,1912.3369140625,977.1119384765625
148,37,683.846435546875,261.1498107910156,1920.0,1028.7230224609375
149,37,716.5513305664062,253.84764099121094,1920.0,1058.08056640625
150,37,750.6758422851562,244.739013671875,1920.0,1079.0250244140625
151,37,784.3170166015625,235.15211486816406,1920.0,1080.0
152,37,820.7296142578125,224.70191955566406,1920.0,1080.0
153,37,857.6350708007812,216.64474487304688,1920.0,1077.7113037109375
154,37,904.4512329101562,204.24549865722656,1920.0,1071.580322265625
155,37,951.3115844726562,191.2131805419922,1920.0,1065.06494140625
156,37,1008.3815307617188,179.0523681640625,1920.0,1061.6485595703125
157,37,1070.7457275390625,163.72628784179688,1920.0,1061.0672607421875
158,37,1142.4676513671875,152.26254272460938,1920.0,1064.5238037109375
159,37,1224.1170654296875,150.3924102783203,1920.0,1068.9769287109375
160,37,1317.9420166015625,155.09658813476562,1920.0,1072.0677490234375
161,37,1430.09423828125,174.69155883789062,1920.0,1073.9588623046875
162,37,1563.1932373046875,210.12738037109375,1920.0,1071.6558837890625
