19,56,246.3276824951172,346.4450988769531,291.5326232910156,375.9831237792969
20,56,245.46292114257812,345.5976257324219,291.14715576171875,375.9960021972656
21,56,245.3411407470703,344.3543701171875,291.2909240722656,375.4385986328125
22,56,245.94190979003906,344.0704040527344,291.74517822265625,374.9772644042969
23,56,246.74176025390625,343.2237243652344,293.04833984375,376.4996643066406
24,56,247.70794677734375,340.6709899902344,293.7772216796875,378.162109375
25,56,247.9095458984375,340.1903381347656,294.4678955078125,378.4348449707031
26,56,248.13177490234375,339.92657470703125,294.5674743652344,378.57452392578125
27,56,248.46533203125,341.6596374511719,295.2767639160156,378.3981628417969
28,56,249.3495635986328,343.7055358886719,296.0209655761719,378.5554504394531
29,56,250.4099884033203,343.2127380371094,296.5252685546875,379.1685791015625
30,56,250.9478759765625,343.2684631347656,297.4244079589844,379.7154846191406
31,56,251.42767333984375,345.6110534667969,298.44390869140625,379.3896179199219
32,56,251.3058319091797,345.28271484375,300.1479797363281,378.9696960449219
33,56,251.39056396484375,344.9208679199219,302.08160400390625,379.6148681640625
34,56,251.93258666992188,345.0023193359375,303.65924072265625,380.3173828125
35,56,252.4695587158203,343.2756042480469,304.88848876953125,380.9197082519531
36,56,252.7144317626953,343.8912658691406,306.1592102050781,381.8127746582031
37,56,253.2499542236328,344.5389404296875,306.1380615234375,382.3683166503906
38,56,254.08026123046875,343.88568115234375,306.83026123046875,382.7946472167969
39,56,254.28900146484375,343.9389343261719,307.5863952636719,382.7704162597656
40,56,254.34408569335938,344.14202880859375,309.04248046875,384.46209716796875
41,56,255.1040496826172,343.2449035644531,311.2098083496094,384.86712646484375
42,56,254.36512756347656,342.4807434082031,313.0348815917969,385.364501953125
43,56,253.8880157470703,343.06500244140625,314.0555419921875,386.2144470214844
44,56,253.7793731689453,343.3410339355469,314.90460205078125,386.60992431640625
45,56,254.29263305664062,343.65826416015625,315.55438232421875,387.4258728027344
46,56,254.234130859375,342.4398193359375,316.4559020996094,388.1548156738281
47,56,256.2744445800781,342.12896728515625,317.1306457519531,388.651611328125
48,56,257.0983581542969,342.0786437988281,317.4718017578125,388.2520446777344
49,56,257.2703857421875,341.7033996582031,317.5138244628906,388.82171630859375
50,56,258.4480895996094,341.9096984863281,318.6415710449219,389.4644775390625
51,56,259.36346435546875,341.8399353027344,318.83319091796875,390.1915283203125
52,56,259.77899169921875,340.490478515625,319.2603454589844,390.1603698730469
53,56,260.26025390625,339.31524658203125,321.13116455078125,389.31927490234375
54,56,260.13568115234375,339.3190002441406,321.70989990234375,389.4809265136719
55,56,260.8028869628906,338.9548645019531,323.0644836425781,390.2505187988281
56,56,261.07568359375,338.2724609375,324.74114990234375,390.2833251953125
57,56,261.292724609375,337.4422302246094,326.806640625,391.2810974121094
58,56,261.9303283691406,337.0856628417969,328.4806213378906,392.3349914550781
59,56,262.4066467285156,336.736328125,329.81695556640625,392.4892883300781
60,56,262.8323059082031,336.6875915527344,330.78948974609375,392.6944274902344
61,56,262.6930236816406,337.4140625,332.7137756347656,393.4000549316406
62,56,263.0809631347656,335.77020263671875,336.0198669433594,393.9028625488281
63,56,263.6598815917969,335.6491394042969,336.3345031738281,394.079833984375
64,56,264.5546875,335.29779052734375,338.3924560546875,394.1054382324219
65,56,265.32025146484375,334.1763916015625,339.5450439453125,394.1346435546875
66,56,265.56884765625,333.6514587402344,340.66900634765625,394.79400634765625
67,56,265.8017578125,334.3623962402344,342.6711120605469,396.6228332519531
68,56,266.41796875,335.2866516113281,343.9873962402344,397.7615661621094
69,56,267.5549621582031,336.0038146972656,344.9122009277344,398.4850769042969
70,56,267.6211853027344,336.4136657714844,345.7401428222656,399.1630859375
71,56,267.7957763671875,336.56494140625,347.8179626464844,400.5403137207031
72,56,268.7323913574219,335.7567138671875,348.9121398925781,400.969970703125
73,56,270.0567321777344,335.2259826660156,350.6500244140625,401.5010681152344
74,56,270.7000732421875,335.05303955078125,352.2698669433594,402.3287658691406
75,56,271.3748474121094,334.1026306152344,354.3455505371094,403.2431335449219
76,56,271.0951232910156,335.13726806640625,356.1286926269531,404.4688415527344
77,56,271.6268615722656,335.35125732421875,358.8575439453125,404.83807373046875
78,56,273.55230712890625,335.9430847167969,362.2775573730469,404.5435485839844
79,56,274.76025390625,335.64605712890625,364.2881774902344,404.6496887207031
80,56,276.3625793457031,333.8349609375,366.6559753417969,406.0832214355469
81,56,276.59857177734375,334.27166748046875,370.1201171875,406.6676330566406
82,56,277.0483093261719,334.60980224609375,372.1486511230469,407.08203125
83,56,278.107666015625,335.38177490234375,374.0343017578125,407.9188537597656
84,56,279.2479248046875,335.732421875,376.1135559082031,409.2814636230469
85,56,280.9556884765625,335.6437072753906,378.9400939941406,410.4319763183594
86,56,282.6313781738281,334.9446105957031,381.7448425292969,411.34698486328125
87,56,284.7526550292969,335.0431213378906,384.4676818847656,412.28924560546875
88,56,286.3274841308594,334.2627258300781,388.1166687011719,414.2832336425781
89,56,287.5381164550781,334.2109375,391.024658203125,414.3788757324219
90,56,287.0364685058594,334.2327880859375,394.43646240234375,415.30517578125
91,56,288.1250915527344,333.6297607421875,397.5093078613281,416.29156494140625
92,56,289.3544006347656,333.3450927734375,400.48443603515625,417.4623718261719
93,56,290.1554870605469,333.1750183105469,404.1778869628906,418.42327880859375
94,56,291.3697204589844,332.9210205078125,407.9578857421875,418.9344787597656
95,56,294.1380615234375,332.7523498535156,411.6051940917969,419.51776123046875
96,56,295.66998291015625,332.4596862792969,415.2041320800781,421.60308837890625
97,56,297.87615966796875,331.8568115234375,419.9530944824219,421.915283203125
98,56,299.3200378417969,331.26123046875,423.0388488769531,425.8266296386719
99,56,302.4286193847656,330.0224914550781,427.6648864746094,428.2972106933594
100,56,304.6355895996094,329.747314453125,432.47802734375,429.5245056152344
101,56,306.7882080078125,328.8673400878906,437.43914794921875,430.842041015625
102,56,306.9299621582031,329.391357421875,442.0208740234375,431.6296081542969
103,56,307.7511291503906,329.0741882324219,447.0400085449219,433.4223937988281
104,56,309.6273193359375,329.0874328613281,453.4620666503906,435.68524169921875
105,56,309.65740966796875,329.1602478027344,459.35107421875,439.39862060546875
106,56,311.10943603515625,329.2227478027344,466.45941162109375,442.8404541015625
107,56,313.05511474609375,328.4335021972656,473.83984375,444.8922424316406
108,56,316.01324462890625,328.1385192871094,479.5235290527344,448.7511291503906
109,56,318.0840759277344,327.935546875,486.4461364746094,451.7723388671875
110,56,320.4471130371094,327.6559753417969,493.48126220703125,454.06561279296875
111,56,322.5552978515625,325.8931579589844,501.7373046875,455.7719421386719
112,56,326.74774169921875,325.0689392089844,511.9161071777344,457.7790222167969
113,56,332.66668701171875,324.00274658203125,520.002685546875,461.8189392089844
114,56,334.3577880859375,323.1081237792969,529.989990234375,466.18505859375
115,56,337.63482666015625,322.4949035644531,541.00439453125,470.5540466308594
116,56,341.8383483886719,320.7030334472656,551.3710327148438,474.2002258300781
117,56,346.7980041503906,319.3984680175781,563.6055908203125,478.3251953125
118,56,351.0965576171875,317.8193054199219,575.897705078125,483.65118408203125
119,56,355.7026672363281,317.34033203125,589.8453369140625,488.57879638671875
120,56,359.6634826660156,316.7221374511719,604.3200073242188,493.0882873535156
121,56,365.49847412109375,315.60821533203125,619.96875,499.3379821777344
122,56,371.6327819824219,314.610107421875,638.5557250976562,506.0023193359375
123,56,378.161865234375,313.02178955078125,656.8880004882812,513.4578247070312
124,56,383.3972473144531,311.2237548828125,677.3207397460938,519.6160278320312
125,56,389.1629638671875,309.71539306640625,697.9705200195312,526.253173828125
126,56,396.87225341796875,307.6980285644531,723.430908203125,534.0350341796875
127,56,404.47222900390625,304.7049865722656,750.1632690429688,542.5537719726562
128,56,414.8190002441406,302.6927185058594,779.3350830078125,554.3263549804688
129,56,423.70233154296875,298.35009765625,811.9217529296875,563.7813720703125
130,56,434.77081298828125,298.8244934082031,847.6823120117188,577.3280639648438
131,56,444.75006103515625,299.65826416015625,891.280029296875,593.9977416992188
132,56,456.6390686035156,297.88653564453125,937.26611328125,607.392822265625
133,56,471.9936218261719,295.0522155761719,991.6734008789062,624.7858276367188
134,56,485.9460144042969,292.1651916503906,1052.896484375,647.862548828125
135,56,503.72955322265625,290.97845458984375,1123.8970947265625,676.2821044921875
136,56,522.9159545898438,287.95965576171875,1206.8734130859375,701.9295654296875
137,56,544.743408203125,283.46209716796875,1305.5296630859375,737.4205932617188
138,56,572.5210571289062,279.5412902832031,1426.7103271484375,784.1065063476562
139,56,602.5382080078125,272.1290283203125,1572.9501953125,841.9738159179688
140,56,637.7241821289062,266.9323425292969,1748.212890625,914.0181884765625
141,56,676.0475463867188,259.000732421875,1872.6966552734375,1012.2272338867188
142,56,727.0330200195312,249.63150024414062,1920.0,1062.9088134765625
143,56,788.8336791992188,236.8214111328125,1920.0,1076.7296142578125
144,56,867.72119140625,225.38604736328125,1920.0,1077.9906005859375
145,56,966.3093872070312,211.5203094482422,1920.0,1077.677001953125
146,56,1094.0867919921875,196.50515747070312,1920.0,1078.581787109375
147,56,1271.2596435546875,194.25233459472656,1920.0,1079.345703125
148,56,1523.473388671875,259.6424255371094,1920.0,1080.0
