2,35,193.04364013671875,359.1846923828125,263.276123046875,410.295654296875
3,35,193.06826782226562,359.70001220703125,263.8402404785156,410.491455078125
4,35,193.07290649414062,359.4936828613281,264.7752685546875,410.7108154296875
5,35,193.7552490234375,359.6375732421875,266.1546936035156,410.5853271484375
6,35,194.36483764648438,360.33111572265625,266.5439758300781,411.5928649902344
7,35,194.50814819335938,361.0313415527344,267.1418151855469,412.6126708984375
8,35,194.418701171875,361.7564392089844,267.2032165527344,412.80670166015625
9,35,194.55181884765625,361.3444519042969,267.373046875,413.09765625
10,35,194.35269165039062,361.222900390625,267.83233642578125,413.19122314453125
11,35,194.26608276367188,361.44415283203125,268.8737487792969,412.8930969238281
12,35,194.08949279785156,361.318115234375,269.2909240722656,412.88336181640625
13,35,194.0048370361328,361.5039978027344,270.3507080078125,413.30517578125
14,35,194.06588745117188,361.23358154296875,271.38525390625,413.16217041015625
15,35,194.2787322998047,360.9903869628906,272.4588317871094,413.1782531738281
16,35,195.1653594970703,360.89544677734375,272.9343566894531,413.0566711425781
17,35,195.5375213623047,360.6679992675781,273.1944580078125,413.279052734375
18,35,196.17506408691406,360.4442138671875,273.755126953125,413.8143005371094
19,35,196.26797485351562,360.26617431640625,274.74951171875,413.8396911621094
20,35,196.1975860595703,360.1937561035156,275.703125,414.8887939453125
21,35,196.4811553955078,360.1533203125,276.53582763671875,415.3957214355469
22,35,197.25250244140625,359.8864440917969,277.41461181640625,415.8421630859375
23,35,198.18580627441406,359.5899963378906,278.65753173828125,416.39886474609375
24,35,198.7391357421875,359.648681640625,279.8442687988281,416.9054870605469
25,35,199.576171875,359.67352294921875,281.03741455078125,417.04119873046875
26,35,200.24472045898438,359.63116455078125,281.54669189453125,417.3323974609375
27,35,200.9702606201172,359.5091552734375,282.3973388671875,417.3490905761719
28,35,201.59002685546875,359.68115234375,282.54803466796875,417.93310546875
29,35,202.54713439941406,359.2747802734375,283.3643798828125,418.37451171875
30,35,202.8347625732422,358.71221923828125,284.7403259277344,418.354248046875
31,35,202.92245483398438,358.4002990722656,285.4158020019531,418.4953918457031
32,35,202.1759033203125,358.06689453125,285.9462890625,419.2239990234375
33,35,201.83819580078125,357.69012451171875,287.00616455078125,419.26190185546875
34,35,201.85092163085938,357.3537902832031,287.53558349609375,419.61187744140625
35,35,202.58633422851562,357.11480712890625,288.53399658203125,419.3780822753906
36,35,202.4900360107422,357.54150390625,290.1845703125,419.8612976074219
37,35,202.5146484375,357.3927001953125,291.71038818359375,420.8864440917969
38,35,203.4569549560547,356.8960266113281,292.4602966308594,421.4529113769531
39,35,203.93162536621094,356.7776184082031,293.06866455078125,420.9222412109375
40,35,203.84300231933594,356.71728515625,293.50787353515625,420.861572265625
41,35,203.8518524169922,357.27777099609375,294.27752685546875,420.6219177246094
42,35,204.01239013671875,357.9209289550781,294.9573669433594,420.4256896972656
43,35,204.2917022705078,357.998779296875,296.1454162597656,420.4844665527344
44,35,204.58389282226562,358.0123596191406,297.825927734375,421.36346435546875
45,35,206.18344116210938,357.5548400878906,298.8567810058594,423.3141174316406
46,35,205.82655334472656,357.20220947265625,299.60540771484375,423.58563232421875
47,35,205.68875122070312,357.57501220703125,300.82586669921875,424.33306884765625
48,35,206.4605255126953,357.1434631347656,302.1410217285156,425.4241943359375
49,35,206.03160095214844,357.5890808105469,302.913330078125,425.6982727050781
50,35,207.39700317382812,357.3970031738281,302.9297790527344,425.40753173828125
51,35,208.45359802246094,357.30511474609375,303.6563415527344,425.16302490234375
52,35,208.87037658691406,357.289306640625,304.5867614746094,425.9056396484375
53,35,210.23626708984375,356.46221923828125,306.9504089355469,426.8930358886719
54,35,209.6139373779297,356.2645568847656,308.6471862792969,427.54205322265625
55,35,209.79275512695312,356.4608459472656,309.6507263183594,428.7513122558594
56,35,210.28662109375,356.51092529296875,310.3885498046875,428.9583435058594
57,35,211.2257080078125,356.4091491699219,311.1593933105469,429.18939208984375
58,35,212.2528839111328,356.4653015136719,313.474609375,429.71075439453125
59,35,211.5605010986328,356.6327209472656,315.1596984863281,430.0496826171875
60,35,212.65196228027344,356.1310729980469,316.4963073730469,430.49871826171875
61,35,211.46392822265625,356.0032653808594,317.4306945800781,430.38427734375
62,35,212.39666748046875,355.8464660644531,319.47479248046875,431.56573486328125
63,35,213.20338439941406,355.77838134765625,320.3949890136719,432.2698974609375
64,35,214.58883666992188,355.4945068359375,321.31036376953125,433.4898986816406
65,35,213.321044921875,355.8911437988281,322.1046142578125,433.5828552246094
66,35,214.18922424316406,356.06396484375,323.1845703125,433.4364318847656
67,35,214.36044311523438,356.24993896484375,325.5389099121094,433.3418273925781
68,35,215.28480529785156,356.1015625,328.3556213378906,433.76593017578125
69,35,215.43016052246094,355.6690673828125,330.6622619628906,434.9922180175781
70,35,215.2917938232422,355.5899963378906,333.171142578125,436.23138427734375
71,35,215.41676330566406,355.611572265625,334.60089111328125,437.0386962890625
72,35,216.13584899902344,355.7387390136719,335.496337890625,438.45147705078125
73,35,216.68966674804688,355.77801513671875,336.1266784667969,439.5540771484375
74,35,218.22354125976562,355.9218444824219,336.867431640625,440.17425537109375
75,35,219.1732177734375,356.1201477050781,339.1416015625,441.4223937988281
76,35,219.70619201660156,356.11907958984375,340.3897705078125,442.25518798828125
77,35,220.39505004882812,355.53277587890625,343.5071105957031,442.57232666015625
78,35,221.8046417236328,354.8731384277344,344.7762145996094,442.5293884277344
79,35,222.85592651367188,354.7081604003906,346.2131652832031,442.83477783203125
80,35,223.62234497070312,355.35809326171875,347.7557678222656,443.64276123046875
81,35,224.78787231445312,355.55645751953125,350.3458251953125,444.2686767578125
82,35,226.1045379638672,355.36138916015625,352.7377624511719,445.5530700683594
83,35,226.87933349609375,355.418212890625,354.13360595703125,446.4997253417969
84,35,226.76095581054688,355.11834716796875,357.40692138671875,447.815673828125
85,35,226.61215209960938,354.3960876464844,359.78369140625,447.8633728027344
86,35,226.379638671875,354.2507019042969,360.1534423828125,449.4254150390625
87,35,227.91873168945312,354.0384521484375,361.6564636230469,450.65142822265625
88,35,229.8134002685547,354.00433349609375,363.7371520996094,451.3467712402344
89,35,229.7418212890625,353.3233642578125,365.2279357910156,451.6691589355469
90,35,229.40672302246094,352.8022155761719,366.5340270996094,452.1820983886719
91,35,230.06028747558594,353.1805114746094,369.2438049316406,453.8769226074219
92,35,230.10023498535156,353.4891052246094,372.9773864746094,453.68212890625
93,35,230.3174591064453,353.9087219238281,375.47406005859375,454.1590270996094
94,35,231.34783935546875,353.8838195800781,378.2843017578125,455.07269287109375
95,35,232.79055786132812,353.9035949707031,380.84857177734375,455.83123779296875
96,35,232.8753204345703,353.795166015625,384.3279113769531,456.0606994628906
97,35,233.81808471679688,353.701171875,386.4391784667969,457.1064453125
98,35,234.17303466796875,353.5252380371094,389.3309631347656,457.73236083984375
99,35,234.22406005859375,353.12884521484375,391.694091796875,460.022216796875
100,35,235.56407165527344,352.81573486328125,394.2123107910156,460.9364929199219
101,35,235.56637573242188,352.6962585449219,398.0279541015625,461.3661804199219
102,35,237.30320739746094,352.45855712890625,402.79290771484375,464.1518859863281
103,35,238.55503845214844,352.1233215332031,406.45697021484375,465.42242431640625
104,35,239.81175231933594,351.6656799316406,407.6994934082031,466.1702575683594
105,35,240.47007751464844,351.03363037109375,410.16632080078125,467.669921875
106,35,242.2186737060547,350.6698303222656,414.115478515625,468.47833251953125
107,35,243.0212860107422,350.6343994140625,417.7164001464844,470.4571838378906
108,35,246.19383239746094,350.0552673339844,421.0182189941406,472.11492919921875
109,35,249.88246154785156,350.48748779296875,425.5097961425781,471.42767333984375
110,35,253.20896911621094,350.3215637207031,430.1702575683594,471.8702087402344
111,35,252.98257446289062,349.6749267578125,433.0655517578125,473.9404296875
112,35,255.21676635742188,349.3759765625,437.9302673339844,475.8070373535156
113,35,255.02947998046875,349.1825866699219,442.1847229003906,478.564697265625
114,35,253.73065185546875,349.4241027832031,446.1632385253906,480.0909118652344
115,35,253.14720153808594,348.5014953613281,449.5196228027344,481.02874755859375
116,35,254.7288818359375,348.2837829589844,452.2645263671875,483.2137756347656
117,35,255.01307678222656,348.017822265625,458.2193603515625,485.39166259765625
118,35,257.19573974609375,348.0382385253906,462.8037109375,486.2568359375
119,35,259.2456970214844,347.8744201660156,467.7508544921875,487.4637451171875
120,35,259.89422607421875,348.08026123046875,473.3562927246094,489.77093505859375
121,35,260.9840087890625,347.7925109863281,478.7016906738281,492.40496826171875
122,35,262.1523742675781,347.5741271972656,483.85186767578125,495.89111328125
123,35,263.57354736328125,347.2025451660156,489.1406555175781,497.5520324707031
124,35,264.35162353515625,346.9178161621094,495.5052490234375,500.39129638671875
125,35,267.39019775390625,346.5931396484375,502.31329345703125,502.5395812988281
126,35,268.54119873046875,346.48358154296875,508.0701904296875,504.6000061035156
127,35,270.1105041503906,345.98638916015625,514.664794921875,507.7785949707031
128,35,272.7680358886719,346.4244079589844,523.0904541015625,511.0443420410156
129,35,273.6526794433594,346.6590881347656,529.5220947265625,512.9605712890625
130,35,274.30322265625,347.0669860839844,536.3890991210938,515.7996826171875
131,35,276.1131896972656,346.6034240722656,543.58642578125,517.0120849609375
132,35,279.650146484375,345.7087097167969,550.6807250976562,518.7279663085938
133,35,281.5746154785156,345.68017578125,558.4566650390625,521.551025390625
134,35,284.26995849609375,346.2130126953125,566.6378173828125,527.0831909179688
135,35,285.8052978515625,346.1156005859375,576.2191162109375,530.55517578125
136,35,286.6930236816406,345.082763671875,585.1995239257812,535.8121337890625
137,35,288.8078308105469,345.4770812988281,595.1249389648438,537.8148193359375
138,35,293.925048828125,343.8716125488281,604.1477661132812,536.9274291992188
139,35,297.8315124511719,343.2645568847656,613.8505249023438,542.8553466796875
140,35,300.6097106933594,341.92218017578125,625.600830078125,549.3800659179688
141,35,303.46990966796875,341.4560546875,638.4959106445312,555.4332275390625
142,35,306.9897155761719,340.70318603515625,650.9238891601562,559.2042236328125
143,35,311.51385498046875,340.0814514160156,662.8660888671875,562.2318115234375
144,35,314.4013671875,337.7847900390625,675.31591796875,564.8117065429688
145,35,317.3501281738281,336.7357177734375,690.155029296875,568.6806640625
146,35,321.8200988769531,335.7242431640625,704.7014770507812,576.2672119140625
147,35,325.6009826660156,333.852783203125,720.2396240234375,583.8739624023438
148,35,329.3112487792969,333.2153625488281,736.301025390625,588.386474609375
149,35,332.66314697265625,334.34600830078125,753.3081665039062,593.3703002929688
150,35,337.1260986328125,331.8882751464844,772.4846801757812,603.0497436523438
151,35,342.1834716796875,329.80377197265625,793.245361328125,611.97509765625
152,35,347.2400207519531,329.58953857421875,813.8507080078125,616.6124877929688
153,35,351.1509094238281,329.80780029296875,836.2552490234375,623.0130004882812
154,35,357.6463317871094,329.89581298828125,860.2015991210938,631.7539672851562
155,35,362.17547607421875,329.04620361328125,887.0682983398438,638.9373779296875
156,35,368.041748046875,328.31353759765625,914.4862060546875,651.01318359375
157,35,373.2203063964844,327.8948974609375,945.6381225585938,665.36083984375
158,35,381.019775390625,328.5733642578125,979.03662109375,679.6571655273438
159,35,386.2706298828125,327.4797668457031,1014.3497314453125,695.8801879882812
160,35,391.7320556640625,327.8901672363281,1051.2947998046875,708.6284790039062
161,35,399.7228698730469,326.66912841796875,1092.5960693359375,724.0789794921875
162,35,408.067138671875,324.66680908203125,1138.8316650390625,741.5674438476562
163,35,418.0267028808594,321.61322021484375,1188.1126708984375,758.2679443359375
164,35,429.0278015136719,316.2467346191406,1241.8133544921875,781.28662109375
165,35,439.5549011230469,312.708740234375,1300.930419921875,804.885009765625
166,35,448.67962646484375,309.0867614746094,1369.21142578125,832.9646606445312
167,35,460.9333190917969,308.5820617675781,1441.44775390625,864.98828125
168,35,474.54705810546875,304.55242919921875,1520.6534423828125,899.1689453125
169,35,487.46148681640625,300.80902099609375,1622.2515869140625,938.8011474609375
170,35,502.8663330078125,299.1678771972656,1725.8275146484375,982.932373046875
171,35,516.5083618164062,296.94769287109375,1840.3118896484375,1039.092529296875
172,35,533.0923461914062,295.0035400390625,1909.2611083984375,1070.3270263671875
173,35,552.0206909179688,292.27923583984375,1920.0,1078.311279296875
174,35,576.06494140625,290.4713134765625,1920.0,1079.7293701171875
175,35,600.5540161132812,288.4146423339844,1920.0,1079.775390625
176,35,621.2474975585938,284.59381103515625,1920.0,1079.0711669921875
177,35,652.3854370117188,279.80194091796875,1920.0,1076.338134765625
178,35,679.693603515625,274.0632629394531,1920.0,1072.158935546875
179,35,707.623291015625,269.3455505371094,1920.0,1068.641357421875
180,35,746.2490234375,262.8217468261719,1920.0,1069.0289306640625
181,35,785.458984375,253.2305450439453,1920.0,1069.373291015625
182,35,831.5302734375,244.44911193847656,1920.0,1071.811767578125
183,35,885.2092895507812,236.41648864746094,1920.0,1072.403564453125
184,35,947.4007568359375,236.43109130859375,1920.0,1070.237060546875
185,35,1021.7046508789062,250.43748474121094,1920.0,1070.3668212890625
186,35,1109.164794921875,282.0306701660156,1920.0,1072.494873046875
187,35,1214.5155029296875,344.69207763671875,1920.0,1071.792724609375
188,35,1341.2977294921875,443.0665588378906,1920.0,1070.99267578125
189,35,1499.6075439453125,512.1322631835938,1920.0,1069.377197265625
190,35,1694.4739990234375,586.1486206054688,1920.0,1072.619140625
