20,65,131.20997619628906,418.9415283203125,172.05563354492188,450.8048095703125
21,65,131.4595184326172,420.27020263671875,172.7083282470703,451.8020324707031
22,65,130.5682830810547,420.7391052246094,173.4031219482422,452.0951232910156
23,65,130.4761962890625,421.0603332519531,173.4889678955078,453.07232666015625
24,65,130.71669006347656,421.40765380859375,173.36282348632812,454.3487243652344
25,65,130.7449951171875,421.3872375488281,174.330810546875,454.3646545410156
26,65,130.46237182617188,420.5691223144531,175.66848754882812,454.3229064941406
27,65,130.5126495361328,420.58587646484375,175.84085083007812,455.1451721191406
28,65,131.2111053466797,419.9799499511719,175.9613037109375,454.6972961425781
29,65,131.22378540039062,420.6015930175781,176.40184020996094,454.59295654296875
30,65,131.46951293945312,421.0483703613281,176.7666778564453,456.3025817871094
31,65,132.47805786132812,419.5127868652344,177.98843383789062,456.64117431640625
32,65,133.27691650390625,419.0477294921875,179.40957641601562,456.64312744140625
33,65,133.3132781982422,418.2558898925781,180.3291778564453,456.9391784667969
34,65,133.46875,418.1788024902344,181.65261840820312,456.95245361328125
35,65,133.83987426757812,418.6652526855469,181.88275146484375,456.78973388671875
36,65,136.02816772460938,418.0443420410156,183.22329711914062,457.00006103515625
37,65,137.05467224121094,417.0594177246094,184.67845153808594,457.09942626953125
38,65,137.39181518554688,416.78021240234375,185.11947631835938,457.2774963378906
39,65,138.37257385253906,416.4527587890625,185.8378143310547,457.3488464355469
40,65,138.73789978027344,416.9554443359375,187.90264892578125,457.5620422363281
41,65,139.32476806640625,417.80029296875,189.28897094726562,457.6836242675781
42,65,139.91543579101562,417.2882385253906,190.63864135742188,457.63946533203125
43,65,140.41629028320312,419.3875427246094,192.0918426513672,457.6762390136719
44,65,141.0673828125,419.4933166503906,193.44326782226562,458.1672668457031
45,65,142.03762817382812,420.25439453125,194.13133239746094,458.891357421875
46,65,141.7504119873047,421.2302551269531,195.5980987548828,460.3695983886719
47,65,141.53948974609375,420.37066650390625,196.12193298339844,460.9726257324219
48,65,141.7352294921875,419.5749816894531,196.8304443359375,460.9269104003906
49,65,141.8489990234375,419.4317626953125,197.01162719726562,461.1412658691406
50,65,142.58958435058594,419.3118896484375,197.86892700195312,461.8143615722656
51,65,143.53175354003906,419.3036193847656,199.38462829589844,462.1379699707031
52,65,144.2953643798828,418.85333251953125,200.38209533691406,461.6907043457031
53,65,144.73365783691406,418.19793701171875,201.61196899414062,461.3138122558594
54,65,144.59913635253906,417.5537414550781,203.78640747070312,462.13116455078125
55,65,145.06776428222656,417.6747741699219,205.67625427246094,463.60772705078125
56,65,145.33253479003906,417.4993896484375,207.193115234375,464.04486083984375
57,65,146.829345703125,417.6053466796875,208.7479705810547,463.960693359375
58,65,149.5674285888672,419.4998779296875,209.24307250976562,464.29156494140625
59,65,150.44985961914062,421.3514404296875,211.24810791015625,465.17498779296875
60,65,151.02113342285156,423.1351013183594,212.90341186523438,465.4355773925781
61,65,152.08995056152344,422.9938049316406,214.6874542236328,465.5205383300781
62,65,154.07960510253906,422.44708251953125,216.2875213623047,466.22540283203125
63,65,154.8076934814453,423.4339599609375,218.5821990966797,466.77716064453125
64,65,155.91590881347656,424.391357421875,220.21224975585938,466.8406982421875
65,65,156.83616638183594,423.4702453613281,221.05014038085938,466.95428466796875
66,65,157.58543395996094,425.28094482421875,223.07772827148438,467.1091003417969
67,65,157.7391357421875,424.0369873046875,226.39295959472656,467.34197998046875
68,65,158.73483276367188,423.5023193359375,228.0362091064453,467.8371276855469
69,65,159.7821502685547,422.7650451660156,229.8385009765625,468.3670349121094
70,65,160.1853485107422,416.974609375,231.49984741210938,468.67596435546875
71,65,161.6890411376953,415.5316162109375,232.97984313964844,468.5857238769531
72,65,162.96728515625,415.3496398925781,235.08615112304688,469.6351623535156
73,65,164.2437744140625,413.2804870605469,238.56419372558594,471.688720703125
74,65,164.48818969726562,413.2486267089844,241.3020782470703,472.5159606933594
75,65,165.9204864501953,412.6846008300781,243.76441955566406,472.4220886230469
76,65,166.6389617919922,412.49041748046875,245.2551727294922,472.8109130859375
77,65,168.08851623535156,413.96942138671875,248.38409423828125,474.245849609375
78,65,169.1558837890625,414.2751770019531,251.16786193847656,475.18487548828125
79,65,169.97079467773438,413.3971862792969,253.99388122558594,476.5003662109375
80,65,171.4259490966797,413.81890869140625,256.13507080078125,477.619384765625
81,65,173.58856201171875,414.1026916503906,258.2580261230469,478.8793029785156
82,65,175.200439453125,412.981201171875,261.7762451171875,479.3228454589844
83,65,177.27708435058594,411.7931213378906,265.9355773925781,479.7749328613281
84,65,179.076171875,411.5953063964844,269.6678771972656,480.9708557128906
85,65,180.50730895996094,411.81927490234375,272.96075439453125,482.18426513671875
86,65,180.85946655273438,411.048828125,276.3944396972656,483.1352233886719
87,65,183.8768310546875,411.59375,280.6944885253906,484.58148193359375
88,65,185.27842712402344,411.9189453125,284.1942443847656,485.83599853515625
89,65,184.8791046142578,411.74029541015625,287.11517333984375,487.68829345703125
90,65,187.0167999267578,412.0762023925781,293.0113525390625,489.0954284667969
91,65,189.29702758789062,411.0126037597656,298.4381408691406,490.3768310546875
92,65,192.03106689453125,410.0164794921875,301.2098388671875,490.6496276855469
93,65,193.37937927246094,410.0194396972656,307.9469909667969,493.1585998535156
94,65,195.6751708984375,409.6991271972656,312.5531311035156,495.04937744140625
95,65,198.3607635498047,409.17041015625,319.3075256347656,497.95086669921875
96,65,201.64065551757812,408.02484130859375,325.4289855957031,500.94683837890625
97,65,203.26121520996094,407.81048583984375,332.1135559082031,502.81500244140625
98,65,205.30865478515625,407.4607238769531,336.1345520019531,503.88946533203125
99,65,209.09950256347656,408.2237854003906,345.7441101074219,506.1621398925781
100,65,212.6365203857422,407.6927795410156,352.6141052246094,509.38189697265625
101,65,216.40133666992188,408.24786376953125,360.8728942871094,511.70599365234375
102,65,216.88568115234375,408.4903259277344,370.1231689453125,513.0292358398438
103,65,220.1918182373047,408.3287353515625,380.1958312988281,514.5790405273438
104,65,226.15867614746094,407.6252746582031,390.0528564453125,519.2826538085938
105,65,230.59190368652344,407.0545654296875,398.80157470703125,523.439453125
106,65,235.47760009765625,405.63189697265625,410.37158203125,525.5487670898438
107,65,240.38531494140625,403.3290100097656,422.7909240722656,528.5725708007812
108,65,246.79306030273438,400.83935546875,436.0809631347656,532.4735107421875
109,65,251.5407257080078,399.3349304199219,450.6414794921875,535.9205322265625
110,65,259.1969299316406,398.9772033691406,466.10198974609375,542.1544799804688
111,65,264.6732177734375,397.8108215332031,484.2208251953125,546.1663818359375
112,65,271.2437438964844,397.1937561035156,502.285400390625,549.912353515625
113,65,279.04156494140625,395.59136962890625,522.796142578125,556.8861083984375
114,65,285.64013671875,393.6160583496094,544.2191772460938,564.6990356445312
115,65,296.8787841796875,391.3645324707031,567.7396850585938,570.3596801757812
116,65,307.1719970703125,388.5740966796875,594.9725341796875,576.7169799804688
117,65,318.2973937988281,387.0821838378906,625.954833984375,586.1594848632812
118,65,330.5283203125,385.81494140625,659.922607421875,593.463623046875
119,65,341.0577087402344,384.9031677246094,698.2239990234375,606.7882690429688
120,65,356.6254577636719,382.8940124511719,744.0308227539062,619.8550415039062
121,65,373.81610107421875,379.3226318359375,793.329345703125,634.1552734375
122,65,391.97760009765625,374.660888671875,853.0113525390625,649.45166015625
123,65,412.4640808105469,370.624267578125,923.373046875,669.013427734375
124,65,436.4787292480469,365.4748840332031,1005.7884521484375,697.40771484375
125,65,465.23394775390625,358.4300537109375,1103.482421875,729.7050170898438
126,65,498.8905944824219,351.8684387207031,1227.7142333984375,770.1236572265625
127,65,538.5164184570312,344.8209228515625,1380.3017578125,818.7119750976562
128,65,586.9271240234375,337.46929931640625,1576.0361328125,880.726318359375
129,65,643.430908203125,326.9048767089844,1800.8681640625,967.5892333984375
130,65,721.1679077148438,312.9751892089844,1894.4410400390625,1035.32763671875
131,65,816.9017333984375,295.4442443847656,1920.0,1064.19287109375
132,65,943.9996337890625,269.9730529785156,1920.0,1069.624267578125
133,65,1120.4130859375,242.00466918945312,1920.0,1074.233642578125
134,65,1382.4715576171875,238.57965087890625,1920.0,1079.480224609375
