25,41,252.70387268066406,324.4059143066406,307.61968994140625,368.8274230957031
26,41,252.56930541992188,323.9662170410156,307.8225402832031,369.0133972167969
27,41,251.87124633789062,324.70269775390625,308.11309814453125,369.09002685546875
28,41,251.74061584472656,325.539306640625,308.6819763183594,369.30828857421875
29,41,251.81130981445312,325.1082458496094,309.1703186035156,369.42840576171875
30,41,253.61776733398438,324.6112060546875,309.6628112792969,368.82574462890625
31,41,253.85838317871094,323.710693359375,310.41497802734375,369.3183898925781
32,41,252.73045349121094,323.20611572265625,311.1150207519531,369.9845886230469
33,41,253.63050842285156,323.00897216796875,311.4074401855469,369.7063903808594
34,41,253.37847900390625,322.2905578613281,311.4085388183594,370.81207275390625
35,41,252.369384765625,322.2482604980469,311.8497619628906,370.98248291015625
36,41,252.79518127441406,321.9311218261719,312.3335876464844,371.03448486328125
37,41,253.4299774169922,322.1904296875,312.0744323730469,371.0221862792969
38,41,254.07611083984375,321.7713623046875,312.3330993652344,371.058837890625
39,41,255.51876831054688,322.4141540527344,313.5444641113281,370.64471435546875
40,41,254.5819091796875,322.9166564941406,314.4694519042969,370.6619567871094
41,41,254.737060546875,322.3541564941406,315.27630615234375,370.9283142089844
42,41,254.82293701171875,322.98675537109375,316.29559326171875,370.8778076171875
43,41,254.7576446533203,323.2780456542969,317.1805725097656,371.3894348144531
44,41,255.66217041015625,323.5320739746094,318.8233337402344,371.6278381347656
45,41,255.9371795654297,323.3069152832031,319.85626220703125,371.704345703125
46,41,255.51458740234375,323.1476135253906,320.0986022949219,372.3959045410156
47,41,255.62149047851562,323.8283996582031,321.1896667480469,373.1604919433594
48,41,255.6356658935547,324.0540466308594,322.8585205078125,373.405517578125
49,41,256.4921569824219,323.6347351074219,323.76666259765625,373.5411071777344
50,41,257.1609191894531,322.9830627441406,324.63238525390625,374.3920593261719
51,41,257.399658203125,322.9419250488281,325.70086669921875,375.2323913574219
52,41,257.2339172363281,322.8845520019531,326.2987060546875,375.919921875
53,41,258.0384521484375,323.5672912597656,326.5361633300781,376.7786865234375
54,41,258.2002258300781,324.51458740234375,326.3641052246094,377.26116943359375
55,41,258.32708740234375,324.3846435546875,326.7318115234375,376.9261474609375
56,41,258.68438720703125,325.16845703125,327.60162353515625,376.7040710449219
57,41,258.1913146972656,325.4075622558594,329.33642578125,376.991455078125
58,41,257.8998107910156,325.3044128417969,329.73187255859375,377.5460205078125
59,41,258.7148742675781,325.27581787109375,329.8707275390625,378.77020263671875
60,41,260.1972961425781,325.51300048828125,330.6725769042969,379.5680236816406
61,41,261.3973083496094,325.7605895996094,331.3334655761719,380.1943664550781
62,41,260.9040832519531,325.7242126464844,332.3025207519531,380.5512390136719
63,41,261.06646728515625,325.9342956542969,333.4796142578125,380.8285217285156
64,41,262.14703369140625,326.0930480957031,334.43621826171875,381.1150817871094
65,41,262.8923034667969,326.4531555175781,335.37298583984375,381.10089111328125
66,41,263.79681396484375,326.5843200683594,336.3623352050781,381.83209228515625
67,41,264.1014099121094,326.4233093261719,337.2853088378906,382.5998229980469
68,41,264.23486328125,326.439208984375,338.16943359375,383.2572937011719
69,41,264.0885314941406,327.0886535644531,338.2282409667969,383.7408447265625
70,41,264.27777099609375,327.8721923828125,339.7676696777344,383.7004089355469
71,41,264.5255432128906,327.7038269042969,340.6215515136719,383.51568603515625
72,41,265.5869140625,327.6070251464844,341.36480712890625,383.3337707519531
73,41,266.0802917480469,327.40032958984375,342.1777038574219,383.6656799316406
74,41,265.9463195800781,326.3815002441406,343.5732421875,383.99755859375
75,41,265.9959411621094,325.9099426269531,345.452392578125,384.5942077636719
76,41,265.9985656738281,325.4753112792969,347.2787170410156,385.0011291503906
77,41,265.42559814453125,325.1936950683594,348.3930358886719,385.25897216796875
78,41,264.7998046875,324.72344970703125,350.3055114746094,385.7259826660156
79,41,264.3830871582031,324.4710693359375,350.9134216308594,386.4180908203125
80,41,264.7464599609375,324.9099426269531,351.6566162109375,386.8763427734375
81,41,264.8531799316406,324.44085693359375,352.14447021484375,388.0341796875
82,41,265.1995544433594,324.1532897949219,353.37884521484375,389.2333984375
83,41,265.2853088378906,323.7439880371094,355.1786193847656,390.1448974609375
84,41,265.4542236328125,323.6300964355469,356.5872497558594,390.96533203125
85,41,265.2746887207031,323.7043151855469,358.84674072265625,392.73406982421875
86,41,265.3125305175781,324.9119873046875,359.04315185546875,394.2664489746094
87,41,265.9396667480469,324.44122314453125,359.1568603515625,393.8072814941406
88,41,265.6682434082031,324.991455078125,360.5050354003906,393.7045593261719
89,41,266.03070068359375,324.45050048828125,361.4067687988281,394.0892333984375
90,41,266.2178649902344,324.1564636230469,362.7982482910156,394.26947021484375
91,41,265.7142333984375,324.7514343261719,363.7897644042969,394.8069763183594
92,41,265.90185546875,324.72882080078125,365.8247375488281,396.28857421875
93,41,266.36700439453125,324.4828186035156,367.1977844238281,397.0002746582031
94,41,266.9629821777344,324.3029479980469,368.9865417480469,398.2136535644531
95,41,267.467041015625,324.51470947265625,370.0509338378906,399.31097412109375
96,41,267.5775451660156,324.6073303222656,371.8309326171875,399.8614807128906
97,41,268.46051025390625,324.4080505371094,373.59832763671875,400.7085266113281
98,41,268.36041259765625,324.32061767578125,375.7164001464844,401.1764831542969
99,41,268.9940490722656,324.0663146972656,377.7335510253906,401.9841003417969
100,41,269.2684631347656,323.9071960449219,380.1440734863281,403.45587158203125
101,41,269.390869140625,324.1449279785156,381.8243103027344,404.99957275390625
102,41,271.0555725097656,324.26849365234375,382.68511962890625,405.8214111328125
103,41,272.409912109375,323.4609680175781,384.7124328613281,406.85125732421875
104,41,272.86627197265625,323.33489990234375,387.548828125,407.9565124511719
105,41,273.22735595703125,323.2148742675781,389.51806640625,408.1054992675781
106,41,272.03985595703125,323.67266845703125,391.766357421875,409.32440185546875
107,41,273.02655029296875,323.6107482910156,393.35650634765625,410.1488342285156
108,41,274.28863525390625,323.4577331542969,395.5853271484375,409.8394470214844
109,41,274.27044677734375,322.285400390625,398.13116455078125,411.00018310546875
110,41,274.1374816894531,321.83489990234375,400.4857177734375,413.33697509765625
111,41,275.017578125,321.58404541015625,403.5051574707031,414.30810546875
112,41,274.901611328125,320.8869323730469,406.8070373535156,416.420166015625
113,41,275.343017578125,319.6259460449219,408.0595397949219,416.8313293457031
114,41,276.3416748046875,319.08038330078125,411.01666259765625,417.8559875488281
115,41,276.8095703125,319.2530822753906,413.9606628417969,419.1211242675781
116,41,276.6277160644531,319.718017578125,416.61676025390625,420.1890869140625
117,41,278.04656982421875,319.9031677246094,419.2683410644531,422.11871337890625
118,41,277.6268615722656,319.6434631347656,422.1800231933594,424.58990478515625
119,41,278.4794006347656,319.5671081542969,426.1620788574219,425.9354553222656
120,41,279.26177978515625,319.4080505371094,430.0599060058594,427.0252380371094
121,41,280.02838134765625,319.3283996582031,433.538818359375,428.2158203125
122,41,281.9273986816406,318.78509521484375,437.4844970703125,429.59356689453125
123,41,283.7101745605469,318.1857604980469,440.0895080566406,431.8369445800781
124,41,284.4949951171875,318.073486328125,443.4479675292969,433.5729064941406
125,41,283.5163879394531,317.69049072265625,446.960693359375,436.1383972167969
126,41,284.0064697265625,317.7222595214844,453.50592041015625,440.2366638183594
127,41,285.4532165527344,317.5083312988281,456.8690490722656,441.8154602050781
128,41,286.4847717285156,317.14599609375,462.3331604003906,443.5816345214844
129,41,286.8276062011719,316.7275390625,467.9459228515625,444.8297424316406
130,41,288.7364807128906,316.781982421875,472.7856750488281,449.0921325683594
131,41,293.0046081542969,316.6319274902344,477.5868835449219,450.93524169921875
132,41,293.9513854980469,316.2231750488281,482.562255859375,452.8302001953125
133,41,297.44854736328125,317.14556884765625,488.1165466308594,454.15478515625
134,41,299.0007629394531,315.9405822753906,494.084716796875,456.1468811035156
135,41,300.9397888183594,315.9577331542969,499.4325866699219,459.6935729980469
136,41,299.28814697265625,316.20721435546875,505.8100891113281,462.68914794921875
137,41,299.2125244140625,316.02923583984375,512.6311645507812,465.8906555175781
138,41,298.26214599609375,315.8655090332031,521.5776977539062,469.6943359375
139,41,301.7540588378906,315.3033752441406,529.043212890625,471.7503662109375
140,41,307.7262268066406,314.8872985839844,534.592529296875,472.8114013671875
141,41,308.5838317871094,314.03643798828125,542.821044921875,476.5526123046875
142,41,308.77362060546875,313.2095642089844,553.587158203125,484.0423278808594
143,41,309.9044494628906,313.47479248046875,561.7735595703125,488.638427734375
144,41,310.0250244140625,312.70880126953125,572.084228515625,493.709716796875
145,41,311.6016540527344,312.28167724609375,581.728515625,499.2274475097656
146,41,312.7303161621094,311.1322937011719,593.1402587890625,500.4891052246094
147,41,315.59649658203125,310.28460693359375,604.9486083984375,506.8570861816406
148,41,318.1920471191406,309.6845703125,617.7691040039062,513.7028198242188
149,41,320.3105163574219,309.03521728515625,631.2695922851562,518.1347045898438
150,41,322.12371826171875,308.4281921386719,644.999267578125,522.0936279296875
151,41,324.49884033203125,306.2893981933594,659.5523071289062,530.4727172851562
152,41,327.6874084472656,305.7888488769531,675.5516967773438,537.0216674804688
153,41,331.32391357421875,303.6152038574219,693.6513061523438,544.5985717773438
154,41,335.29510498046875,302.0102844238281,713.8939819335938,558.0165405273438
155,41,337.8543701171875,301.8384094238281,734.1961059570312,563.2607421875
156,41,342.22076416015625,301.8115539550781,755.5101928710938,569.900390625
157,41,345.82659912109375,299.1591796875,781.418701171875,581.93212890625
158,41,351.27783203125,298.90252685546875,808.17822265625,594.0993041992188
159,41,356.1584777832031,297.575927734375,840.0740356445312,607.0770263671875
160,41,361.7816467285156,296.4744873046875,872.9634399414062,619.2268676757812
161,41,366.4573974609375,295.73333740234375,909.9722900390625,638.327392578125
162,41,371.4552307128906,293.8506164550781,952.291015625,658.4454345703125
163,41,378.6927490234375,293.6679992675781,1000.1543579101562,686.0779418945312
164,41,386.7908630371094,292.6930236816406,1056.85400390625,711.285400390625
165,41,394.2544250488281,291.15191650390625,1118.7130126953125,739.9495849609375
166,41,402.7202453613281,290.2049865722656,1190.5369873046875,777.1090087890625
167,41,413.6170654296875,290.7266540527344,1273.4986572265625,816.7197875976562
168,41,424.1988525390625,288.35235595703125,1379.2412109375,867.3987426757812
169,41,436.8898620605469,282.0142822265625,1505.0299072265625,927.5226440429688
170,41,450.35076904296875,276.7743225097656,1643.630859375,1006.0436401367188
171,41,465.7583312988281,269.92022705078125,1808.55712890625,1052.5716552734375
172,41,488.7381286621094,264.9084167480469,1896.962890625,1070.45556640625
173,41,504.2899475097656,257.4927062988281,1920.0,1080.0
174,41,530.5228881835938,249.98936462402344,1920.0,1080.0
175,41,561.4959106445312,240.69094848632812,1920.0,1078.2979736328125
176,41,597.0725708007812,229.5568389892578,1920.0,1076.8861083984375
177,41,640.9744262695312,219.32305908203125,1920.0,1074.7547607421875
178,41,689.3989868164062,204.09373474121094,1920.0,1075.047119140625
179,41,741.7302856445312,180.67050170898438,1920.0,1074.90966796875
180,41,815.684326171875,170.4325714111328,1920.0,1074.0750732421875
181,41,913.2164306640625,194.7695770263672,1920.0,1076.2215576171875
182,41,1046.1395263671875,286.2661437988281,1920.0,1074.506591796875
183,41,1235.0201416015625,451.72967529296875,1920.0,1072.0074462890625
