12,51,232.55474853515625,481.2491455078125,289.8230285644531,525.0767822265625
13,51,232.9495849609375,481.59832763671875,291.70721435546875,524.8228149414062
14,51,233.42822265625,481.36712646484375,292.28460693359375,525.2457885742188
15,51,233.38674926757812,481.7698059082031,293.150390625,526.5560913085938
16,51,234.99134826660156,482.6751708984375,293.9213562011719,526.8521728515625
17,51,235.8807830810547,481.4906921386719,293.7522888183594,527.7957153320312
18,51,236.12733459472656,481.7768859863281,294.3139953613281,527.6416625976562
19,51,236.58470153808594,480.7872009277344,295.5277099609375,525.9069213867188
20,51,236.7600860595703,481.443115234375,295.3362121582031,527.0899047851562
21,51,237.58457946777344,482.48492431640625,296.7859802246094,527.9402465820312
22,51,237.63983154296875,481.6435546875,298.88348388671875,528.3040771484375
23,51,237.3558349609375,480.5878601074219,300.1353759765625,529.6426391601562
24,51,238.38482666015625,480.63763427734375,302.0107421875,530.1910400390625
25,51,239.8189697265625,480.772216796875,303.65380859375,530.502197265625
26,51,239.83688354492188,481.37371826171875,303.6857604980469,531.6282348632812
27,51,240.1923065185547,482.3386535644531,304.2323913574219,531.8399047851562
28,51,240.08331298828125,481.5450134277344,305.97454833984375,531.5501708984375
29,51,241.39590454101562,481.19158935546875,307.7972412109375,532.8564453125
30,51,241.3193817138672,481.2934265136719,310.2157897949219,533.9761962890625
31,51,241.15394592285156,480.9382019042969,311.3351135253906,535.01025390625
32,51,241.35833740234375,480.9145202636719,312.47222900390625,535.9673461914062
33,51,241.35830688476562,480.9115905761719,313.92578125,535.86376953125
34,51,241.7166748046875,480.13531494140625,314.964599609375,536.075927734375
35,51,243.41070556640625,479.83856201171875,315.94818115234375,536.2931518554688
36,51,243.81686401367188,481.9339904785156,319.14544677734375,536.31103515625
37,51,243.92510986328125,482.1192626953125,319.3197937011719,537.174072265625
38,51,244.85757446289062,482.52996826171875,319.84088134765625,537.6282348632812
39,51,245.60171508789062,481.7466735839844,321.5433349609375,537.53515625
40,51,246.98046875,481.5848693847656,322.5866394042969,537.6801147460938
41,51,247.45535278320312,479.9747314453125,323.95001220703125,538.4163818359375
42,51,247.60052490234375,479.31939697265625,325.2306823730469,539.855224609375
43,51,248.08807373046875,479.21148681640625,326.84014892578125,541.1465454101562
44,51,247.97314453125,478.4798278808594,328.98468017578125,542.8170776367188
45,51,249.67274475097656,478.5418701171875,329.6210632324219,543.0932006835938
46,51,250.6018524169922,479.78594970703125,331.5110168457031,544.5686645507812
47,51,251.8219757080078,480.80950927734375,331.6324768066406,545.6217651367188
48,51,252.98019409179688,481.142333984375,335.1735534667969,546.0072631835938
49,51,252.8738250732422,480.510986328125,337.5523681640625,546.8709106445312
50,51,253.11050415039062,479.21319580078125,338.9591979980469,547.4552612304688
51,51,253.64352416992188,478.3911437988281,340.09698486328125,548.1672973632812
52,51,254.18846130371094,477.1944580078125,342.3035888671875,548.8270263671875
53,51,254.5886993408203,477.6920471191406,345.46746826171875,549.296875
54,51,255.90272521972656,478.2330322265625,347.0895080566406,549.4714965820312
55,51,257.2680969238281,478.74676513671875,348.6406555175781,549.2277221679688
56,51,258.68560791015625,478.25128173828125,351.144287109375,549.8795776367188
57,51,261.0122985839844,479.4758605957031,353.800537109375,551.8501586914062
58,51,260.801025390625,478.9890441894531,356.12091064453125,552.4067993164062
59,51,261.596923828125,478.2195129394531,358.3526916503906,552.82080078125
60,51,262.30615234375,477.3638610839844,360.6163024902344,554.9010009765625
61,51,262.9331970214844,477.52801513671875,362.9186096191406,556.353271484375
62,51,263.7132263183594,477.77008056640625,364.7289733886719,556.8004150390625
63,51,264.8210144042969,477.6695251464844,368.7269592285156,558.3700561523438
64,51,265.8085021972656,478.0389099121094,371.6118469238281,560.4385375976562
65,51,266.6374206542969,478.5042724609375,374.3526611328125,561.248046875
66,51,267.3363952636719,478.55023193359375,377.2315368652344,561.7078857421875
67,51,268.13372802734375,478.19390869140625,379.67584228515625,562.3162231445312
68,51,269.51580810546875,478.1098327636719,381.8160705566406,562.6559448242188
69,51,270.2030334472656,478.15936279296875,383.1831970214844,563.2254028320312
70,51,272.9145812988281,477.7854919433594,386.83367919921875,563.7916259765625
71,51,274.8904113769531,477.8346862792969,390.29962158203125,565.5701293945312
72,51,276.7223205566406,477.39923095703125,393.3418884277344,567.4338989257812
73,51,276.4226379394531,477.18182373046875,396.9869689941406,568.2843017578125
74,51,278.26416015625,476.3812255859375,400.4010925292969,570.5697631835938
75,51,279.35430908203125,476.72442626953125,402.66656494140625,572.343017578125
76,51,281.1658630371094,477.12567138671875,406.5578308105469,573.7598266601562
77,51,283.5738525390625,476.7113342285156,410.1805419921875,574.3114624023438
78,51,285.2951354980469,476.0142822265625,414.7353210449219,575.5164794921875
79,51,288.84588623046875,476.200439453125,419.39703369140625,576.0167236328125
80,51,289.4991149902344,476.251953125,423.79730224609375,577.7669067382812
81,51,290.30810546875,475.24755859375,429.47039794921875,578.810791015625
82,51,291.3808898925781,474.6579895019531,432.43768310546875,582.602294921875
83,51,292.2674865722656,475.0424499511719,437.7503967285156,584.694580078125
84,51,294.94879150390625,474.30731201171875,443.2563781738281,586.577880859375
85,51,296.1929931640625,473.83544921875,448.4468078613281,588.42431640625
86,51,299.4160461425781,473.9264221191406,453.9002380371094,590.8965454101562
87,51,301.86279296875,474.37860107421875,459.4158935546875,593.4769897460938
88,51,302.13330078125,474.4989929199219,465.2763977050781,595.3137817382812
89,51,304.61395263671875,473.6841125488281,470.9560852050781,596.9461059570312
90,51,306.71624755859375,473.4254455566406,477.4924011230469,598.6827392578125
91,51,309.54705810546875,472.5526123046875,484.33282470703125,600.0886840820312
92,51,310.7089538574219,471.6855163574219,490.6617431640625,602.3618774414062
93,51,312.2500915527344,471.83184814453125,498.8260803222656,604.6475830078125
94,51,314.49383544921875,470.62384033203125,506.4521484375,607.3134155273438
95,51,317.7736511230469,468.8213806152344,514.8645629882812,611.6727905273438
96,51,321.7939453125,467.0965576171875,524.1978149414062,614.8244018554688
97,51,322.800048828125,465.88763427734375,533.0654296875,617.5713500976562
98,51,325.9239196777344,464.5804138183594,543.2322998046875,620.9165649414062
99,51,330.06231689453125,463.328125,553.2792358398438,625.5663452148438
100,51,333.65875244140625,462.7872314453125,564.411865234375,629.54150390625
101,51,336.8117980957031,461.7264404296875,574.6211547851562,631.9609375
102,51,341.9897155761719,460.39019775390625,587.6231689453125,638.463623046875
103,51,346.69219970703125,460.53363037109375,600.52392578125,641.7407836914062
104,51,351.342529296875,460.24224853515625,614.7372436523438,646.5596313476562
105,51,356.5566101074219,459.1972351074219,630.2799682617188,654.7545776367188
106,51,361.5625,457.3119812011719,645.8394165039062,661.5341186523438
107,51,366.8254089355469,456.8609313964844,662.093017578125,664.2262573242188
108,51,372.0078125,454.39886474609375,682.0109252929688,669.6112060546875
109,51,377.72418212890625,452.44061279296875,702.8604736328125,677.5632934570312
110,51,384.3782958984375,451.73089599609375,725.3593139648438,681.8658447265625
111,51,390.98974609375,450.23468017578125,749.571533203125,689.716064453125
112,51,398.13702392578125,448.2918701171875,774.6114501953125,704.1652221679688
113,51,405.89324951171875,445.7237548828125,803.4149169921875,714.1131591796875
114,51,415.692138671875,445.4448547363281,834.2625122070312,722.502685546875
115,51,425.8411865234375,445.010986328125,868.8098754882812,730.822509765625
116,51,434.77001953125,443.3345642089844,908.0502319335938,744.7489013671875
117,51,445.82586669921875,440.7586669921875,950.6465454101562,760.0914306640625
118,51,457.4952697753906,439.19329833984375,998.5581665039062,783.8059692382812
119,51,471.09991455078125,438.39697265625,1053.761962890625,799.5534057617188
120,51,485.28033447265625,435.83349609375,1116.0927734375,824.1972045898438
121,51,502.5123596191406,434.1694641113281,1187.6568603515625,844.2865600585938
122,51,520.7717895507812,431.0105895996094,1268.7042236328125,878.3809204101562
123,51,540.8703002929688,426.07537841796875,1362.8516845703125,913.1699829101562
124,51,565.7138061523438,421.60888671875,1476.993896484375,957.1141357421875
125,51,592.3714599609375,417.0399169921875,1610.1016845703125,1009.8624267578125
126,51,621.3231201171875,408.4068298339844,1791.3724365234375,1053.178466796875
127,51,656.4282836914062,402.8454895019531,1890.7257080078125,1070.3717041015625
128,51,698.5513916015625,392.6264953613281,1920.0,1078.93994140625
129,51,745.0685424804688,380.48651123046875,1920.0,1080.0
130,51,804.916015625,367.6701965332031,1920.0,1079.9820556640625
131,51,879.5938720703125,351.9407043457031,1920.0,1078.3934326171875
132,51,969.1890258789062,334.2909240722656,1920.0,1077.0985107421875
133,51,1080.4373779296875,312.35626220703125,1920.0,1076.6046142578125
134,51,1227.0306396484375,301.89892578125,1920.0,1076.7052001953125
135,51,1422.7666015625,335.8517150878906,1920.0,1077.8896484375
