20,45,161.3568572998047,384.6362609863281,213.6426544189453,421.32330322265625
21,45,159.53932189941406,383.45220947265625,214.05357360839844,421.349609375
22,45,158.5308380126953,383.5192565917969,214.19839477539062,421.27301025390625
23,45,160.08920288085938,383.0048522949219,214.6622314453125,421.0777282714844
24,45,162.4347381591797,383.24853515625,215.54991149902344,420.4727783203125
25,45,163.53875732421875,383.4235534667969,216.30352783203125,420.5580749511719
26,45,164.25741577148438,384.28765869140625,217.28225708007812,421.6715393066406
27,45,164.53871154785156,384.9673156738281,217.75491333007812,422.8321533203125
28,45,164.89178466796875,385.2425231933594,217.89508056640625,423.9498291015625
29,45,165.42332458496094,385.54833984375,218.343505859375,424.9316711425781
30,45,165.7425079345703,385.70513916015625,219.05393981933594,425.59100341796875
31,45,165.7244415283203,385.6639709472656,219.9442138671875,425.4780578613281
32,45,165.89317321777344,385.5232849121094,220.56349182128906,425.01727294921875
33,45,166.0242462158203,386.3003845214844,220.9658660888672,425.7584228515625
34,45,167.33250427246094,387.1596984863281,221.5186767578125,425.0507507324219
35,45,167.00535583496094,386.778076171875,221.71372985839844,424.4285583496094
36,45,166.92977905273438,386.6749572753906,222.1983642578125,424.9946594238281
37,45,167.25865173339844,386.2931823730469,223.59518432617188,426.05810546875
38,45,167.41929626464844,385.979248046875,224.4697265625,427.4960021972656
39,45,167.09039306640625,386.5084228515625,225.0840606689453,428.2767639160156
40,45,167.09127807617188,386.91619873046875,226.0111846923828,428.4527893066406
41,45,166.2655792236328,387.0941162109375,226.87026977539062,429.212646484375
42,45,164.68898010253906,387.52606201171875,227.36181640625,429.67889404296875
43,45,164.576171875,387.05859375,228.913818359375,429.8992004394531
44,45,165.08702087402344,386.68560791015625,229.48927307128906,429.6087341308594
45,45,166.6286163330078,387.3751220703125,229.5891876220703,429.64141845703125
46,45,165.78277587890625,387.0121154785156,229.60079956054688,429.7029724121094
47,45,166.06124877929688,386.82745361328125,230.20901489257812,429.9892272949219
48,45,166.32470703125,386.7744445800781,231.2344970703125,430.7677307128906
49,45,167.89601135253906,386.775634765625,231.82261657714844,431.0115966796875
50,45,168.6603240966797,386.51776123046875,233.094970703125,431.6695861816406
51,45,170.62928771972656,386.77337646484375,233.24781799316406,431.4267578125
52,45,170.1916961669922,386.62005615234375,234.01675415039062,431.3931884765625
53,45,170.0265655517578,385.52099609375,234.83218383789062,431.9249572753906
54,45,170.71807861328125,385.3601989746094,236.53468322753906,432.44561767578125
55,45,171.91763305664062,385.9776306152344,238.2902069091797,432.9345703125
56,45,173.23922729492188,386.1986999511719,239.35427856445312,433.4624328613281
57,45,174.04037475585938,386.6361389160156,240.33482360839844,433.6287841796875
58,45,174.65257263183594,386.4635009765625,240.91383361816406,434.0550842285156
59,45,173.9708709716797,386.2996826171875,241.95294189453125,434.273681640625
60,45,173.900146484375,385.9956359863281,242.47811889648438,434.54522705078125
61,45,175.96221923828125,386.36907958984375,243.53594970703125,434.7418518066406
62,45,177.2906494140625,386.6843566894531,243.8037567138672,435.7186279296875
63,45,177.97451782226562,386.21533203125,244.32476806640625,436.33917236328125
64,45,177.8489227294922,386.45672607421875,245.23471069335938,436.87518310546875
65,45,178.1950225830078,385.5544738769531,247.01795959472656,437.4566955566406
66,45,178.0407257080078,384.46527099609375,248.8877716064453,437.3636474609375
67,45,178.5829620361328,383.80377197265625,250.09938049316406,437.04638671875
68,45,179.41375732421875,383.9223327636719,251.06661987304688,437.448974609375
69,45,180.3223114013672,383.906494140625,252.45950317382812,439.0157470703125
70,45,180.643310546875,383.9208984375,253.36167907714844,440.3501281738281
71,45,180.54043579101562,384.06695556640625,254.09812927246094,441.2323303222656
72,45,180.8975067138672,384.1315612792969,255.31857299804688,441.6996154785156
73,45,181.2233428955078,384.2417907714844,256.4427185058594,441.1016845703125
74,45,181.4143524169922,383.8919372558594,258.7088928222656,442.11474609375
75,45,181.74790954589844,384.07550048828125,260.1288146972656,442.7734375
76,45,181.56027221679688,384.3218688964844,261.5497741699219,442.8631591796875
77,45,181.51185607910156,384.1222229003906,263.093017578125,443.2771911621094
78,45,181.40335083007812,384.2062072753906,264.5321960449219,443.63616943359375
79,45,182.42987060546875,384.2794189453125,265.4040832519531,445.38958740234375
80,45,183.20901489257812,383.9962158203125,266.2585144042969,445.6226806640625
81,45,182.6545867919922,383.14654541015625,267.25250244140625,446.822509765625
82,45,183.65638732910156,383.1364440917969,268.1429138183594,446.7707214355469
83,45,184.44577026367188,383.52764892578125,269.4943542480469,447.7834167480469
84,45,183.6034698486328,383.64703369140625,271.642578125,450.0200500488281
85,45,183.58700561523438,383.70306396484375,273.23773193359375,451.2304992675781
86,45,186.50587463378906,383.8356018066406,275.6237487792969,450.7854309082031
87,45,187.65325927734375,384.0010070800781,278.7864685058594,451.3663024902344
88,45,188.18199157714844,383.4877014160156,280.4745178222656,452.4160461425781
89,45,188.0414581298828,383.2068176269531,281.7544860839844,453.05999755859375
90,45,189.00601196289062,383.0335388183594,283.5052185058594,453.86004638671875
91,45,190.5234832763672,382.64208984375,285.559814453125,454.83245849609375
92,45,191.0896453857422,382.78436279296875,287.7951965332031,455.7157287597656
93,45,191.9235076904297,382.3181457519531,290.5879211425781,456.666259765625
94,45,192.62423706054688,381.61260986328125,292.8775939941406,456.8416442871094
95,45,191.98593139648438,381.0316162109375,294.9281005859375,457.4333190917969
96,45,191.3881072998047,380.33502197265625,296.6192932128906,458.3648376464844
97,45,192.37196350097656,380.6071472167969,298.9278564453125,459.6922912597656
98,45,192.1056365966797,380.49993896484375,301.891845703125,460.1501770019531
99,45,192.30859375,380.009521484375,305.461669921875,460.998046875
100,45,193.3603057861328,379.0457458496094,306.9833984375,462.3938293457031
101,45,192.95018005371094,379.2340087890625,309.8134765625,464.3280944824219
102,45,193.8627166748047,379.2408752441406,310.98040771484375,465.2528381347656
103,45,195.19052124023438,379.2031555175781,314.2284851074219,466.547119140625
104,45,196.3543243408203,379.2730407714844,317.4653015136719,467.2981872558594
105,45,197.18260192871094,378.88604736328125,320.4786682128906,470.55291748046875
106,45,197.67662048339844,380.20233154296875,323.9018859863281,471.1033935546875
107,45,198.41908264160156,380.43902587890625,326.7589111328125,472.5798645019531
108,45,198.8609161376953,380.12890625,330.46337890625,474.1019592285156
109,45,199.91835021972656,379.82464599609375,333.3606872558594,475.8118896484375
110,45,200.69712829589844,379.8808288574219,337.1562805175781,477.423583984375
111,45,201.38450622558594,379.3806457519531,339.81024169921875,479.5498046875
112,45,202.4137725830078,379.69415283203125,343.3277893066406,479.73193359375
113,45,204.34622192382812,379.4869689941406,347.6810302734375,481.79669189453125
114,45,205.90179443359375,379.4952087402344,352.8430480957031,482.5293273925781
115,45,206.02549743652344,379.2668762207031,357.806396484375,486.2455749511719
116,45,206.5982208251953,379.1251525878906,360.736572265625,488.0933837890625
117,45,207.21890258789062,378.85614013671875,365.9438171386719,489.213134765625
118,45,208.77883911132812,378.3883972167969,371.29925537109375,490.6861877441406
119,45,210.52304077148438,378.2559814453125,376.7711181640625,493.7445373535156
120,45,212.46702575683594,378.2161865234375,382.374267578125,496.7486877441406
121,45,213.97105407714844,377.25091552734375,387.2281799316406,499.83380126953125
122,45,215.28285217285156,376.20074462890625,393.5860290527344,501.8158264160156
123,45,216.08372497558594,375.9061279296875,399.8417053222656,504.3226318359375
124,45,217.750732421875,373.9861145019531,406.04296875,506.6943359375
125,45,219.8063507080078,373.5877685546875,414.0598449707031,508.1542663574219
126,45,221.25596618652344,372.18096923828125,421.8892822265625,512.578369140625
127,45,221.97068786621094,371.6217346191406,430.8925476074219,516.0473022460938
128,45,223.18731689453125,370.51031494140625,438.8775329589844,518.5465087890625
129,45,225.54034423828125,368.4844665527344,446.6793212890625,521.6076049804688
130,45,227.21173095703125,369.1850891113281,457.31805419921875,528.3880004882812
131,45,227.70640563964844,368.6434020996094,467.07568359375,533.8200073242188
132,45,230.50169372558594,368.3529357910156,477.95355224609375,537.3978881835938
133,45,232.6983642578125,368.4013366699219,488.6642150878906,540.9271240234375
134,45,234.38076782226562,368.43994140625,501.38800048828125,546.0968017578125
135,45,236.2651824951172,367.7407531738281,515.734130859375,553.2366333007812
136,45,237.8854217529297,366.4878234863281,530.4202880859375,558.0850219726562
137,45,242.8450469970703,367.1093444824219,546.9754028320312,563.7048950195312
138,45,247.9551239013672,365.1654968261719,563.3460083007812,570.2911987304688
139,45,253.3656768798828,364.99908447265625,581.9364624023438,579.189208984375
140,45,257.9425048828125,364.45025634765625,602.2874145507812,585.4590454101562
141,45,263.08551025390625,362.3210754394531,626.3941650390625,593.7320556640625
142,45,268.7264099121094,362.006103515625,649.8261108398438,602.5923461914062
143,45,271.2232666015625,359.16168212890625,676.8134765625,613.691650390625
144,45,275.41290283203125,358.20904541015625,707.7256469726562,628.6605224609375
145,45,285.3099365234375,355.8852844238281,741.9089965820312,639.6459350585938
146,45,293.7669677734375,353.52630615234375,780.7160034179688,654.9921875
147,45,301.3995361328125,350.9144592285156,823.6288452148438,673.6271362304688
148,45,310.0088806152344,349.4283142089844,875.2718505859375,696.1026000976562
149,45,317.3219299316406,347.6015319824219,932.406494140625,719.5062866210938
150,45,328.9227294921875,344.6715393066406,1001.0967407226562,749.4417114257812
151,45,341.6956787109375,342.4826354980469,1080.3663330078125,786.195556640625
152,45,354.54339599609375,339.9631652832031,1177.086669921875,827.2341918945312
153,45,370.6233825683594,336.05975341796875,1291.7830810546875,878.2130126953125
154,45,386.5563049316406,329.4097595214844,1436.4237060546875,943.5975341796875
155,45,408.0093688964844,321.15692138671875,1595.488525390625,1026.3294677734375
156,45,431.0064392089844,315.0067138671875,1803.98828125,1063.515380859375
157,45,461.5136413574219,307.3525085449219,1897.2235107421875,1075.85400390625
158,45,497.967529296875,298.68231201171875,1920.0,1079.582763671875
159,45,541.5318603515625,292.3358154296875,1920.0,1077.893798828125
160,45,588.9899291992188,276.34246826171875,1920.0,1076.98828125
161,45,649.544921875,261.4191589355469,1920.0,1076.9517822265625
162,45,725.0398559570312,241.34814453125,1920.0,1076.4656982421875
163,45,825.006103515625,227.0732421875,1920.0,1075.624755859375
164,45,967.125244140625,258.5321960449219,1920.0,1075.0323486328125
165,45,1176.3194580078125,380.2386474609375,1920.0,1074.6904296875
166,45,1505.24951171875,538.2906494140625,1920.0,1075.4805908203125
