2,49,313.64569091796875,554.347412109375,366.5047607421875,595.492919921875
3,49,313.8179626464844,554.916259765625,366.9114074707031,595.3121948242188
4,49,313.84375,554.74609375,366.4013671875,595.56689453125
5,49,312.794677734375,554.461181640625,367.5351257324219,595.9785766601562
6,49,312.4794006347656,553.6453247070312,367.6950988769531,595.9256591796875
7,49,313.0633544921875,553.9948120117188,368.2220153808594,596.7053833007812
8,49,313.56884765625,554.5853271484375,369.6680908203125,597.1351928710938
9,49,313.2257995605469,554.396240234375,370.2999572753906,597.3611450195312
10,49,313.74822998046875,554.2371826171875,371.2520751953125,597.8217163085938
11,49,313.8838806152344,554.9560546875,372.24957275390625,597.375
12,49,314.7951354980469,556.0277099609375,373.056396484375,596.9403076171875
13,49,315.1873779296875,555.1824951171875,373.2485656738281,597.4524536132812
14,49,315.80828857421875,555.9561767578125,374.65460205078125,597.76171875
15,49,316.5411376953125,554.7958984375,375.47564697265625,598.1875
16,49,317.2594909667969,554.9402465820312,375.65301513671875,599.94921875
17,49,317.77569580078125,554.832275390625,375.87738037109375,600.9598999023438
18,49,317.03851318359375,553.8032836914062,377.0751647949219,601.1160278320312
19,49,316.8168029785156,553.2925415039062,378.4020690917969,601.2825317382812
20,49,316.6366882324219,554.1461181640625,379.88818359375,601.5482177734375
21,49,316.9503173828125,554.6083984375,381.6708679199219,602.03076171875
22,49,317.69586181640625,555.3302001953125,382.3681335449219,602.2942504882812
23,49,317.8524475097656,554.6881103515625,385.6112365722656,602.3875122070312
24,49,317.8284606933594,553.2722778320312,387.09625244140625,603.538818359375
25,49,317.77789306640625,553.2666015625,387.7975769042969,604.2467651367188
26,49,318.2216796875,553.9999389648438,389.96368408203125,605.2438354492188
27,49,318.0221252441406,553.7374267578125,390.9228820800781,606.3847045898438
28,49,319.1487731933594,553.7821044921875,389.9911193847656,606.3037719726562
29,49,319.4749755859375,552.8898315429688,390.8267517089844,606.7940673828125
30,49,319.8495788574219,553.0694580078125,391.6196594238281,606.76171875
31,49,321.0441589355469,552.5443115234375,392.1904296875,607.0162353515625
32,49,321.612548828125,552.433837890625,393.5208435058594,607.0671997070312
33,49,321.67962646484375,552.1063232421875,394.6982421875,606.8585815429688
34,49,321.8495178222656,551.7486572265625,396.468017578125,607.1078491210938
35,49,322.07257080078125,551.5236206054688,397.0970764160156,607.6675415039062
36,49,323.4079895019531,550.9735717773438,398.79925537109375,608.3187866210938
37,49,323.9766540527344,551.4881591796875,400.573486328125,608.9096069335938
38,49,324.89520263671875,551.8529052734375,402.7264709472656,609.5573120117188
39,49,324.930908203125,552.5313110351562,403.4158630371094,609.896240234375
40,49,325.7130432128906,552.3939819335938,404.3611755371094,610.1767578125
41,49,326.6258850097656,552.3037109375,406.0629577636719,610.717529296875
42,49,326.6273498535156,552.4170532226562,407.21441650390625,610.6303100585938
43,49,327.7120361328125,552.1309814453125,409.48785400390625,611.4480590820312
44,49,328.7171936035156,551.7021484375,410.96990966796875,612.5615844726562
45,49,329.6300354003906,550.9148559570312,413.49127197265625,613.7488403320312
46,49,329.9930114746094,550.1651000976562,415.07257080078125,615.2583618164062
47,49,330.4501037597656,548.8461303710938,415.81524658203125,615.0326538085938
48,49,331.45184326171875,549.433349609375,417.6696472167969,617.0836181640625
49,49,331.08056640625,549.3036499023438,418.92694091796875,618.4514770507812
50,49,334.22467041015625,548.35986328125,421.2578125,619.216552734375
51,49,334.9784240722656,549.6961059570312,422.1469421386719,620.220947265625
52,49,335.6111755371094,550.1353149414062,424.4096374511719,620.0608520507812
53,49,336.51861572265625,548.6891479492188,425.70819091796875,620.23681640625
54,49,336.96173095703125,547.9462890625,426.7698059082031,621.4659423828125
55,49,337.1993713378906,547.9592895507812,429.13702392578125,622.2506103515625
56,49,338.12249755859375,547.8697509765625,429.92010498046875,622.5103149414062
57,49,339.37591552734375,548.3159790039062,432.8932800292969,622.652587890625
58,49,339.0885925292969,548.7990112304688,435.49908447265625,623.1204223632812
59,49,339.0968322753906,547.8453369140625,438.404541015625,625.1514282226562
60,49,339.9507141113281,547.2266845703125,439.88568115234375,625.5673828125
61,49,341.26434326171875,548.382568359375,442.86468505859375,625.05810546875
62,49,343.5042724609375,548.6644287109375,445.4787292480469,626.279296875
63,49,343.0484619140625,549.77783203125,447.43304443359375,628.1787109375
64,49,345.557373046875,547.623046875,449.1131591796875,628.992919921875
65,49,346.5637512207031,547.4091186523438,451.1080322265625,630.5117797851562
66,49,347.0502624511719,548.8663940429688,453.0478515625,631.66796875
67,49,349.199951171875,548.7333984375,456.1441955566406,633.4393920898438
68,49,349.88714599609375,548.641845703125,459.16815185546875,634.0140380859375
69,49,351.14031982421875,548.615234375,462.6722106933594,634.8176879882812
70,49,352.6374816894531,548.1461791992188,464.78704833984375,635.1929321289062
71,49,355.2892761230469,548.71728515625,467.884521484375,636.1936645507812
72,49,356.2450866699219,548.6129150390625,471.1397705078125,637.4766235351562
73,49,357.7843933105469,548.7479858398438,473.881103515625,639.114013671875
74,49,358.088134765625,548.2449340820312,476.5594482421875,641.4304809570312
75,49,358.33270263671875,548.284912109375,480.04840087890625,642.7154541015625
76,49,359.5444641113281,548.160400390625,484.10400390625,643.792724609375
77,49,360.8260803222656,547.8767700195312,487.638427734375,644.71337890625
78,49,361.0096130371094,547.1808471679688,491.1275634765625,645.3657836914062
79,49,363.3788146972656,547.2786254882812,494.1003112792969,646.1853637695312
80,49,365.1120910644531,546.6778564453125,499.48431396484375,646.8065185546875
81,49,367.4028625488281,546.3800048828125,502.80487060546875,647.6500244140625
82,49,369.0583801269531,546.2696533203125,505.269287109375,648.436279296875
83,49,370.90521240234375,545.5404663085938,510.79718017578125,649.3601684570312
84,49,372.8800354003906,545.4275512695312,515.6597290039062,651.6416625976562
85,49,372.7819519042969,545.201904296875,520.0486450195312,653.7161865234375
86,49,373.4393005371094,544.9375610351562,525.4140625,656.875244140625
87,49,375.5455322265625,544.9551391601562,529.7608642578125,658.7494506835938
88,49,377.4346923828125,544.7427368164062,535.7855224609375,660.7049560546875
89,49,379.75848388671875,544.7024536132812,540.6005859375,661.8802490234375
90,49,382.4775695800781,543.826416015625,546.8695068359375,665.6155395507812
91,49,382.7815246582031,543.5025024414062,550.9916381835938,668.3961791992188
92,49,382.3428039550781,543.6577758789062,557.6235961914062,669.6221923828125
93,49,387.55694580078125,543.0628051757812,565.5040893554688,671.7481079101562
94,49,391.1538391113281,542.8681640625,571.5965576171875,672.8773803710938
95,49,394.2214050292969,541.0684204101562,579.3256225585938,674.9993286132812
96,49,395.21051025390625,539.0752563476562,586.4620361328125,679.4086303710938
97,49,397.3146667480469,536.87890625,594.6810913085938,683.2930908203125
98,49,400.9167175292969,535.1561279296875,603.507568359375,686.93798828125
99,49,405.5799865722656,535.0441284179688,612.1537475585938,689.4412841796875
100,49,407.8385925292969,535.5465698242188,619.9911499023438,691.918212890625
101,49,410.1188659667969,536.3319091796875,630.7396240234375,698.6636352539062
102,49,413.177734375,536.1963500976562,640.1395874023438,701.9982299804688
103,49,416.23211669921875,536.296875,650.432373046875,705.2827758789062
104,49,419.4649353027344,535.4119873046875,662.6329956054688,710.309326171875
105,49,424.0472412109375,535.1837158203125,673.4957275390625,714.0452880859375
106,49,428.1884765625,534.54052734375,688.35546875,719.53173828125
107,49,431.4317626953125,532.9741821289062,701.2556762695312,724.533447265625
108,49,437.3213806152344,532.2637329101562,716.036376953125,729.211669921875
109,49,442.2689514160156,530.5660400390625,731.8968505859375,732.6288452148438
110,49,447.8231201171875,527.7664184570312,747.608154296875,737.5695190429688
111,49,452.9425354003906,526.1088256835938,764.9844970703125,746.3877563476562
112,49,460.0252380371094,526.5073852539062,783.6703491210938,750.2446899414062
113,49,466.3099060058594,526.1422729492188,804.0286865234375,758.173095703125
114,49,472.5245666503906,524.2317504882812,828.5987548828125,762.8355712890625
115,49,479.1636962890625,521.3577270507812,852.0228271484375,775.6943359375
116,49,486.6582946777344,518.5889892578125,878.7509155273438,784.4180908203125
117,49,494.2058410644531,517.7330932617188,908.679931640625,796.3414916992188
118,49,501.5615539550781,518.3306884765625,941.7141723632812,805.8533935546875
119,49,510.0957336425781,517.1155395507812,977.2088012695312,815.0107421875
120,49,519.6995849609375,515.368408203125,1017.041259765625,827.8585815429688
121,49,531.88232421875,514.3347778320312,1060.9725341796875,840.5347290039062
122,49,544.5582275390625,511.0832824707031,1109.65478515625,862.0894775390625
123,49,556.1414184570312,510.1109924316406,1164.30322265625,883.4158325195312
124,49,571.8651123046875,507.5456237792969,1224.2342529296875,902.9603271484375
125,49,588.8999633789062,504.29937744140625,1295.0523681640625,928.9381713867188
126,49,606.0680541992188,501.7794189453125,1376.4859619140625,958.5164794921875
127,49,626.9317626953125,497.3602600097656,1468.192626953125,993.0366821289062
128,49,650.1311645507812,492.2041931152344,1577.37890625,1034.8834228515625
129,49,673.059814453125,487.45989990234375,1704.416259765625,1062.650634765625
130,49,700.9519653320312,479.8367614746094,1846.226806640625,1074.0972900390625
131,49,733.7431640625,475.2616882324219,1911.874755859375,1078.41259765625
132,49,765.0585327148438,465.36737060546875,1920.0,1080.0
133,49,813.5755004882812,453.9067077636719,1920.0,1080.0
134,49,869.44677734375,442.66937255859375,1920.0,1080.0
135,49,935.297607421875,429.15240478515625,1920.0,1077.458984375
136,49,1013.9331665039062,413.09722900390625,1920.0,1075.0858154296875
137,49,1110.6146240234375,392.8460388183594,1920.0,1074.6973876953125
138,49,1227.9827880859375,382.39599609375,1920.0,1075.887939453125
139,49,1377.6015625,391.0243225097656,1920.0,1076.5023193359375
140,49,1583.554443359375,481.0655517578125,1920.0,1076.5281982421875
