68,69,218.23236083984375,368.0332946777344,268.08074951171875,405.46087646484375
69,69,218.8191375732422,368.9053955078125,268.4937438964844,406.3299865722656
70,69,219.5449981689453,369.3119812011719,268.6901550292969,407.1376953125
71,69,219.68768310546875,369.4807434082031,269.30328369140625,408.35589599609375
72,69,219.26499938964844,368.0286560058594,269.71978759765625,407.7194519042969
73,69,219.83583068847656,367.6302795410156,271.2132873535156,406.86151123046875
74,69,221.1661834716797,365.9963073730469,273.2497253417969,407.2513732910156
75,69,221.75906372070312,365.76171875,275.08367919921875,407.9747314453125
76,69,221.59274291992188,365.1681213378906,277.6253662109375,408.4069519042969
77,69,221.60911560058594,363.7696533203125,279.6944580078125,408.9517517089844
78,69,222.354248046875,364.39105224609375,282.51861572265625,409.72930908203125
79,69,222.37158203125,364.712646484375,283.68402099609375,409.7738342285156
80,69,222.91323852539062,363.7388916015625,284.8417053222656,410.9003601074219
81,69,223.08114624023438,364.4514465332031,286.733154296875,411.0954284667969
82,69,223.5829315185547,368.4266662597656,289.3594665527344,412.91217041015625
83,69,225.38787841796875,375.54644775390625,290.7801208496094,413.8899230957031
84,69,226.54129028320312,370.62786865234375,292.5733642578125,413.4288330078125
85,69,226.642333984375,370.1320495605469,293.81341552734375,414.90966796875
86,69,226.71694946289062,367.9564208984375,295.5364990234375,415.7220458984375
87,69,228.33973693847656,365.2740783691406,297.65985107421875,416.08160400390625
88,69,228.35281372070312,361.611572265625,299.25726318359375,416.7231750488281
89,69,230.12368774414062,360.44891357421875,302.2381286621094,417.8742980957031
90,69,230.94351196289062,359.8534851074219,304.722412109375,418.3546142578125
91,69,230.8369903564453,360.0154724121094,306.2508544921875,418.7449951171875
92,69,231.87744140625,360.49725341796875,308.3726501464844,418.885498046875
93,69,233.28099060058594,360.7749938964844,312.2279357910156,419.1262512207031
94,69,234.69676208496094,360.4642639160156,314.4252624511719,420.1148681640625
95,69,235.8356475830078,359.43994140625,317.7396545410156,421.979248046875
96,69,237.5446014404297,358.4421081542969,319.771484375,423.2875671386719
97,69,238.7793426513672,359.0082092285156,323.1609802246094,423.6302490234375
98,69,241.41522216796875,358.93768310546875,324.7424621582031,425.6371154785156
99,69,242.62840270996094,358.49249267578125,327.28790283203125,426.80133056640625
100,69,243.54592895507812,358.31683349609375,330.14990234375,428.0115661621094
101,69,244.83261108398438,357.8492126464844,332.8593444824219,429.15789794921875
102,69,246.87158203125,357.29071044921875,337.2178039550781,429.46527099609375
103,69,248.01734924316406,356.6883239746094,340.40484619140625,431.0245056152344
104,69,250.70803833007812,355.7667541503906,345.2676696777344,432.00848388671875
105,69,253.04061889648438,354.69268798828125,348.8935546875,432.60772705078125
106,69,252.84608459472656,354.50531005859375,353.457763671875,434.6253662109375
107,69,253.84959411621094,354.71673583984375,358.99951171875,436.3265686035156
108,69,255.0101318359375,354.4886474609375,364.53192138671875,438.3146057128906
109,69,256.0992736816406,353.8222961425781,369.2569274902344,440.826904296875
110,69,259.6578063964844,354.4837341308594,373.5654296875,442.1546630859375
111,69,262.37396240234375,355.5173645019531,378.902587890625,444.0466613769531
112,69,263.75604248046875,354.7209777832031,384.5258483886719,446.64678955078125
113,69,265.4270324707031,354.3073425292969,390.95098876953125,449.6966552734375
114,69,267.6754455566406,354.06903076171875,397.7670593261719,452.1581115722656
115,69,272.1834716796875,353.6213073730469,405.0672607421875,453.92041015625
116,69,275.7149963378906,353.8642883300781,411.8304443359375,455.61279296875
117,69,276.83062744140625,353.0773620605469,420.4631652832031,457.59375
118,69,279.1124267578125,351.9066467285156,429.53179931640625,461.9996337890625
119,69,282.93121337890625,351.1861267089844,438.1411437988281,465.9376525878906
120,69,286.9438171386719,351.1130065917969,448.65155029296875,469.5709228515625
121,69,289.7315368652344,350.4716491699219,457.29656982421875,474.0992736816406
122,69,293.6763000488281,348.9129638671875,469.8916931152344,477.38397216796875
123,69,297.34307861328125,347.5414733886719,483.281982421875,478.8930969238281
124,69,302.1801452636719,343.950927734375,496.8959045410156,483.1160583496094
125,69,308.59075927734375,343.3638000488281,511.9925231933594,489.29302978515625
126,69,313.4107666015625,341.74224853515625,528.4978637695312,496.05621337890625
127,69,319.3316650390625,338.0926208496094,546.8986206054688,502.3770751953125
128,69,325.24224853515625,334.59246826171875,567.845703125,510.908203125
129,69,333.407470703125,333.1007080078125,592.0956420898438,517.3015747070312
130,69,342.3587951660156,330.0940246582031,617.1860961914062,525.2527465820312
131,69,352.1459655761719,328.7084045410156,646.6930541992188,535.179931640625
132,69,361.1760559082031,326.2739562988281,679.869873046875,546.7047119140625
133,69,372.7699279785156,324.8993835449219,719.3981323242188,559.2286376953125
134,69,384.68701171875,321.3161926269531,763.7295532226562,574.8740844726562
135,69,399.1651611328125,318.3813781738281,817.2822875976562,592.5697631835938
136,69,415.6400146484375,314.0870666503906,880.8836059570312,612.7240600585938
137,69,434.53253173828125,309.1309509277344,955.9114990234375,636.1194458007812
138,69,455.1701354980469,305.6665344238281,1051.4432373046875,670.4027099609375
139,69,484.1290283203125,299.2748107910156,1172.686279296875,709.1369018554688
140,69,517.9034423828125,290.2580871582031,1325.5389404296875,766.2064208984375
141,69,558.2536010742188,276.88763427734375,1532.11572265625,841.1586303710938
142,69,604.1361083984375,262.3733825683594,1779.2755126953125,948.2042846679688
143,69,675.7091674804688,237.1614532470703,1883.982177734375,1034.395263671875
144,69,769.5585327148438,206.25315856933594,1920.0,1063.2677001953125
145,69,905.806396484375,160.82574462890625,1920.0,1072.171142578125
146,69,1113.319091796875,123.73018646240234,1920.0,1077.453369140625
