2,36,319.6089782714844,399.9712829589844,412.4461364746094,468.9195251464844
3,36,322.4434814453125,400.1396789550781,414.6863708496094,469.72467041015625
4,36,321.8926086425781,399.9219665527344,414.7137756347656,469.3265380859375
5,36,321.90399169921875,399.1446533203125,417.462890625,469.9825744628906
6,36,322.6551818847656,398.8413391113281,419.1634216308594,470.4075622558594
7,36,323.30267333984375,399.20050048828125,419.3993225097656,470.5643310546875
8,36,324.4064025878906,397.63922119140625,420.75225830078125,471.1629638671875
9,36,325.20892333984375,396.9702453613281,421.8708801269531,472.0249328613281
10,36,325.29583740234375,397.7144775390625,421.7684631347656,473.20733642578125
11,36,325.0235900878906,397.5018005371094,422.140869140625,474.2530822753906
12,36,325.7630615234375,397.5030517578125,424.10943603515625,474.52392578125
13,36,326.7797546386719,397.9649658203125,424.8418884277344,474.9253845214844
14,36,327.61212158203125,398.6078796386719,425.6110534667969,475.247802734375
15,36,328.3265686035156,398.6561584472656,427.71978759765625,475.1556701660156
16,36,328.0314025878906,396.9698486328125,430.0352478027344,475.3459167480469
17,36,329.2359313964844,396.03839111328125,432.35662841796875,475.8331604003906
18,36,330.7309265136719,396.3947448730469,434.15069580078125,476.3155212402344
19,36,330.4501037597656,396.06976318359375,435.0718688964844,476.42950439453125
20,36,331.55108642578125,395.1288757324219,436.7217102050781,476.7763671875
21,36,332.9494323730469,395.01153564453125,438.7488098144531,476.6971130371094
22,36,333.55718994140625,394.5531921386719,440.6404724121094,476.79052734375
23,36,333.353759765625,394.3825988769531,442.576416015625,477.3579406738281
24,36,333.20452880859375,394.7586669921875,444.0333251953125,477.7289123535156
25,36,333.9160461425781,394.0908203125,445.0273132324219,477.7628479003906
26,36,334.4399719238281,393.1824951171875,446.75994873046875,478.0800476074219
27,36,334.9994812011719,393.2122497558594,447.44873046875,478.7325744628906
28,36,336.4744567871094,393.1335754394531,448.92596435546875,479.36761474609375
29,36,337.0509948730469,392.6911926269531,450.970703125,479.66717529296875
30,36,337.1902160644531,391.7151184082031,453.50592041015625,479.6800537109375
31,36,337.69818115234375,391.9936828613281,456.26348876953125,479.8541564941406
32,36,337.7005310058594,391.6966552734375,457.7529602050781,480.1721496582031
33,36,337.1209411621094,391.38189697265625,459.8013000488281,480.3096618652344
34,36,337.7708435058594,391.252197265625,461.7560729980469,480.64794921875
35,36,338.8494873046875,391.0220031738281,463.5944519042969,481.8035888671875
36,36,339.77783203125,390.9373474121094,466.1405029296875,482.62139892578125
37,36,341.16510009765625,391.77294921875,469.0404357910156,483.7838439941406
38,36,342.9078063964844,392.101806640625,470.3615417480469,484.21368408203125
39,36,344.8857116699219,391.6779479980469,472.7027893066406,485.4200134277344
40,36,346.2207336425781,391.13580322265625,474.90032958984375,487.3028564453125
41,36,347.0376892089844,390.6791687011719,477.73919677734375,488.8691711425781
42,36,348.1632080078125,390.5068054199219,479.02459716796875,489.57403564453125
43,36,349.9761047363281,390.1611022949219,480.3939208984375,489.7998046875
44,36,349.87237548828125,390.3481750488281,482.39605712890625,490.95135498046875
45,36,350.28729248046875,390.4533386230469,485.3453369140625,491.4700622558594
46,36,350.69964599609375,389.8099060058594,487.7583923339844,491.9696044921875
47,36,350.3065185546875,390.11614990234375,491.15692138671875,491.9999694824219
48,36,352.1189880371094,389.6054382324219,494.43902587890625,493.988525390625
49,36,353.2713928222656,389.255126953125,497.1319274902344,495.7107849121094
50,36,354.52252197265625,389.20257568359375,498.9045715332031,496.0675048828125
51,36,355.404052734375,388.6474609375,501.02838134765625,496.80499267578125
52,36,356.01934814453125,388.7813415527344,503.42724609375,498.2539978027344
53,36,358.0472106933594,388.77239990234375,506.0206604003906,498.973388671875
54,36,358.1969299316406,388.6667175292969,508.6490478515625,499.522705078125
55,36,359.4547119140625,388.8894348144531,511.8381652832031,500.3051452636719
56,36,359.8482666015625,388.79486083984375,514.9464111328125,501.1800537109375
57,36,362.5893859863281,388.7624206542969,517.7176513671875,501.73358154296875
58,36,362.04998779296875,388.546630859375,519.508544921875,502.60809326171875
59,36,363.4535217285156,388.3363037109375,524.1373291015625,503.2008972167969
60,36,364.4840087890625,387.04998779296875,527.3088989257812,504.5703430175781
61,36,366.67681884765625,386.4704895019531,529.4044799804688,505.9402770996094
62,36,369.26495361328125,386.2569885253906,533.37109375,507.2127990722656
63,36,372.337158203125,385.81048583984375,536.6266479492188,508.41424560546875
64,36,372.9942932128906,385.6954040527344,540.7958984375,510.9442138671875
65,36,373.940673828125,385.05926513671875,544.4203491210938,512.6129760742188
66,36,375.1417236328125,385.19622802734375,548.5178833007812,513.3529663085938
67,36,375.8424987792969,386.1556701660156,551.790771484375,514.023681640625
68,36,379.8595886230469,385.9494934082031,554.9808959960938,515.8458251953125
69,36,380.0173645019531,385.30792236328125,559.7667236328125,516.9955444335938
70,36,381.6668701171875,385.3579406738281,563.696533203125,518.1895751953125
71,36,383.23785400390625,384.9862365722656,568.6824951171875,520.065673828125
72,36,382.6411437988281,384.64312744140625,573.0101318359375,521.628662109375
73,36,383.9806823730469,384.5876770019531,578.147705078125,523.5349731445312
74,36,385.78375244140625,384.0367736816406,582.4750366210938,525.4234619140625
75,36,387.4289855957031,383.42578125,587.2273559570312,526.1456298828125
76,36,389.74273681640625,383.2431335449219,592.1428833007812,526.6702270507812
77,36,392.9327392578125,382.7737731933594,596.254638671875,529.0150756835938
78,36,393.9793395996094,382.86004638671875,602.0381469726562,531.2399291992188
79,36,395.2682800292969,383.2518615722656,607.2299194335938,532.636474609375
80,36,397.37890625,382.5398864746094,612.0462036132812,533.94970703125
81,36,400.6440124511719,382.5380859375,618.2297973632812,535.2789306640625
82,36,403.41400146484375,381.5864562988281,623.6408081054688,537.3282470703125
83,36,405.5146484375,381.4645080566406,629.925537109375,539.8673706054688
84,36,407.17547607421875,381.0663146972656,636.7742919921875,541.722412109375
85,36,408.39990234375,380.1116638183594,642.745849609375,543.4071044921875
86,36,410.0537109375,379.811767578125,649.1631469726562,545.4692993164062
87,36,413.4167175292969,379.0625915527344,656.9852294921875,548.4306030273438
88,36,417.22271728515625,378.9098205566406,663.489501953125,550.6539916992188
89,36,419.4227294921875,378.4378967285156,669.9893188476562,553.1986694335938
90,36,421.609130859375,377.3478088378906,676.3348999023438,555.6865234375
91,36,425.0050048828125,376.9132080078125,683.5972900390625,557.4426879882812
92,36,428.4344482421875,376.5110168457031,693.0101928710938,559.706298828125
93,36,431.0222473144531,375.198486328125,700.4867553710938,562.2672729492188
94,36,434.3611145019531,375.0342712402344,710.6217041015625,564.3800659179688
95,36,436.2391052246094,374.89495849609375,718.947509765625,568.0177612304688
96,36,439.4308776855469,374.6396484375,727.5482177734375,569.8170776367188
97,36,443.5545654296875,374.4613037109375,736.4199829101562,572.2677001953125
98,36,447.1290283203125,373.6418762207031,747.138916015625,574.4267578125
99,36,449.35675048828125,373.1792907714844,759.13623046875,580.5242309570312
100,36,454.27484130859375,372.4727478027344,767.864013671875,585.5733032226562
101,36,457.5523681640625,372.8440246582031,780.5029296875,591.0084838867188
102,36,461.7318115234375,371.6056213378906,791.8035888671875,594.7252807617188
103,36,465.92132568359375,371.0606994628906,802.6740112304688,596.3764038085938
104,36,469.313720703125,370.5599670410156,814.0673217773438,598.9089965820312
105,36,473.04376220703125,370.6191101074219,829.4750366210938,605.482177734375
106,36,477.6540832519531,369.391845703125,842.2486572265625,610.3621826171875
107,36,481.15447998046875,368.2366943359375,856.7727661132812,614.0241088867188
108,36,487.7687072753906,366.567626953125,872.3338623046875,618.6561889648438
109,36,492.60015869140625,366.2239990234375,888.83740234375,622.6163330078125
110,36,497.4563903808594,363.8639221191406,904.7955322265625,627.1246337890625
111,36,501.8809814453125,362.16827392578125,922.6351928710938,630.9685668945312
112,36,506.8323974609375,362.4621887207031,939.837646484375,634.5607299804688
113,36,511.6691589355469,361.518310546875,958.8238525390625,643.0595092773438
114,36,518.4959106445312,359.4836120605469,979.1434936523438,651.147216796875
115,36,526.0250854492188,358.38458251953125,1001.01513671875,659.0593872070312
116,36,530.8944702148438,357.8502502441406,1023.7861328125,664.9647827148438
117,36,537.714111328125,356.4980163574219,1047.1004638671875,674.03466796875
118,36,547.1378784179688,354.66766357421875,1071.666015625,681.4171142578125
119,36,553.4468994140625,355.8742980957031,1100.172607421875,690.8964233398438
120,36,561.24951171875,355.28338623046875,1128.435546875,700.0115966796875
121,36,570.1988525390625,355.1249694824219,1160.0992431640625,710.4447021484375
122,36,577.5004272460938,354.6168518066406,1192.490966796875,720.9725341796875
123,36,588.4977416992188,353.27593994140625,1227.6268310546875,731.1905517578125
124,36,598.8582763671875,352.00909423828125,1266.5535888671875,743.033203125
125,36,607.7988891601562,349.4854736328125,1305.0526123046875,755.8656005859375
126,36,616.8469848632812,347.4950866699219,1348.450439453125,772.72265625
127,36,630.2490234375,346.04937744140625,1394.5982666015625,793.4423828125
128,36,641.1459350585938,342.95147705078125,1444.388671875,807.9033813476562
129,36,653.8916015625,339.8367004394531,1499.610107421875,826.0298461914062
130,36,667.3565063476562,337.46124267578125,1560.011962890625,847.7224731445312
131,36,679.2849731445312,335.5390319824219,1622.51708984375,871.5958862304688
132,36,695.350341796875,333.9178161621094,1697.0869140625,898.5318603515625
133,36,712.5526733398438,331.32208251953125,1771.715576171875,924.5845947265625
134,36,728.7994995117188,327.7900695800781,1855.2432861328125,955.2921752929688
135,36,747.8526611328125,324.4381103515625,1911.8248291015625,992.0269165039062
136,36,771.2164306640625,321.4365539550781,1920.0,1035.625732421875
137,36,794.6061401367188,316.2936096191406,1920.0,1062.4365234375
138,36,820.15576171875,312.8548889160156,1920.0,1074.6087646484375
139,36,849.7000732421875,308.34161376953125,1920.0,1080.0
140,36,879.6065673828125,301.326904296875,1920.0,1080.0
141,36,910.9779663085938,294.672119140625,1920.0,1080.0
142,36,946.7498168945312,289.7278137207031,1920.0,1079.336181640625
143,36,987.478759765625,282.8551940917969,1920.0,1075.7979736328125
144,36,1027.5150146484375,275.8060607910156,1920.0,1070.71923828125
145,36,1074.7322998046875,268.7591247558594,1920.0,1066.5394287109375
146,36,1127.3585205078125,260.2663879394531,1920.0,1068.613525390625
147,36,1188.439453125,253.84954833984375,1920.0,1070.03857421875
148,36,1251.650634765625,251.94851684570312,1920.0,1070.0257568359375
149,36,1323.549072265625,252.80276489257812,1920.0,1071.9288330078125
150,36,1411.2911376953125,263.59283447265625,1920.0,1073.80908203125
151,36,1510.0618896484375,291.6689758300781,1920.0,1075.20751953125
152,36,1619.6859130859375,358.3048400878906,1920.0,1074.0789794921875
