17,42,509.24078369140625,546.3787231445312,560.9539184570312,583.8832397460938
18,42,507.2774963378906,545.1657104492188,560.8630981445312,583.884521484375
19,42,507.2148742675781,546.9351806640625,562.1774291992188,584.2800903320312
20,42,507.5334167480469,547.7380981445312,562.5217895507812,584.2142944335938
21,42,507.2865295410156,548.2335205078125,563.6235961914062,583.9205932617188
22,42,506.69049072265625,547.931396484375,563.6189575195312,584.1681518554688
23,42,507.0142517089844,547.6732177734375,565.1734008789062,584.4647827148438
24,42,506.48223876953125,547.1102294921875,566.0081787109375,585.134033203125
25,42,507.25164794921875,546.9004516601562,567.3118286132812,585.919677734375
26,42,507.2867431640625,548.1199340820312,568.6475219726562,586.5831298828125
27,42,507.57244873046875,547.2977905273438,569.2529907226562,587.1070556640625
28,42,508.40582275390625,546.5431518554688,569.4649047851562,587.113525390625
29,42,510.00115966796875,546.5602416992188,568.547607421875,586.8368530273438
30,42,509.55322265625,547.7166137695312,569.0222778320312,586.770751953125
31,42,510.0945739746094,548.2338256835938,570.2233276367188,586.550537109375
32,42,511.0975341796875,548.5345458984375,570.2938232421875,586.7634887695312
33,42,512.4500732421875,548.7340087890625,569.993408203125,586.9270629882812
34,42,510.55438232421875,548.0611572265625,571.3368530273438,587.098876953125
35,42,511.7934875488281,546.262451171875,573.0470581054688,587.0516357421875
36,42,512.60595703125,547.5452880859375,573.93505859375,586.9151000976562
37,42,513.5756225585938,547.2698974609375,573.9529418945312,586.7362670898438
38,42,514.5294799804688,545.6280517578125,573.7391357421875,586.6009521484375
39,42,515.4413452148438,544.6484985351562,574.8843994140625,586.2627563476562
40,42,515.5633544921875,546.7600708007812,576.1309204101562,586.0054321289062
41,42,516.130126953125,547.5382080078125,576.7431640625,586.075439453125
42,42,516.7042236328125,542.8854370117188,576.6140747070312,586.3198852539062
43,42,514.6300048828125,542.326416015625,577.0360107421875,586.5569458007812
44,42,513.8389282226562,541.5835571289062,577.7005004882812,586.7062377929688
45,42,513.6138305664062,543.7886962890625,578.5060424804688,586.9278564453125
46,42,512.9178466796875,540.1118774414062,579.2138671875,587.2479858398438
47,42,513.4296264648438,538.593505859375,579.9032592773438,588.3056640625
48,42,513.0469970703125,538.2315063476562,580.8374633789062,588.9803466796875
49,42,513.2724609375,538.2637329101562,580.953125,589.1192626953125
50,42,514.0867309570312,538.3456420898438,580.4679565429688,588.9307250976562
51,42,515.3499755859375,539.2601318359375,580.1306762695312,588.4371948242188
52,42,517.8316040039062,538.4268798828125,580.523193359375,589.5684814453125
53,42,519.4855346679688,538.8212890625,580.967041015625,589.0894165039062
54,42,520.2789306640625,539.6387329101562,580.9948120117188,590.8521728515625
55,42,519.1551513671875,539.3489379882812,581.3194580078125,590.5169067382812
56,42,518.9869384765625,539.316162109375,581.5527954101562,591.8775634765625
57,42,520.081298828125,538.9408569335938,581.8143310546875,592.4371948242188
58,42,521.1514282226562,538.1079711914062,583.7540283203125,593.0299682617188
59,42,521.6309204101562,537.9739990234375,585.1019287109375,593.297119140625
60,42,519.8378295898438,536.5160522460938,585.4906616210938,592.6976318359375
61,42,518.8828735351562,536.5238647460938,586.0324096679688,592.7022094726562
62,42,517.2266845703125,537.1358642578125,587.8275756835938,593.076171875
63,42,516.8368530273438,537.3992919921875,589.5696411132812,593.8005981445312
64,42,516.027587890625,536.5673828125,591.1243896484375,594.8311767578125
65,42,515.9808959960938,535.9285888671875,592.7422485351562,595.557861328125
66,42,516.7550048828125,536.3536987304688,594.1817626953125,595.8671264648438
67,42,517.557861328125,537.3308715820312,596.0482177734375,596.365478515625
68,42,518.4783325195312,537.9151611328125,596.5122680664062,596.6223754882812
69,42,518.312744140625,537.220947265625,596.9706420898438,596.8873901367188
70,42,518.5314331054688,537.9540405273438,596.6240234375,596.5186767578125
71,42,517.3228149414062,537.9447021484375,597.7479858398438,596.776611328125
72,42,517.2503051757812,537.4528198242188,599.4321899414062,596.8007202148438
73,42,517.0082397460938,537.6328125,600.5444946289062,597.3858032226562
74,42,516.8490600585938,537.1663208007812,603.051513671875,598.1137084960938
75,42,517.1065063476562,536.5853271484375,604.3131713867188,598.679443359375
76,42,517.3651733398438,537.6723022460938,604.4664916992188,599.0547485351562
77,42,517.4418334960938,537.4008178710938,604.2010498046875,599.6928100585938
78,42,517.449951171875,536.7921752929688,604.2783203125,600.4293212890625
79,42,519.1138916015625,534.0781860351562,606.1594848632812,601.5689086914062
80,42,520.0059814453125,534.0208740234375,607.4580688476562,602.9339599609375
81,42,519.694091796875,533.8206787109375,610.6931762695312,602.8583374023438
82,42,520.049072265625,534.4700927734375,612.3090209960938,603.3067016601562
83,42,519.8837280273438,534.682373046875,614.7723999023438,604.287841796875
84,42,521.3848876953125,534.581298828125,615.6117553710938,605.8209838867188
85,42,520.8017578125,536.05810546875,618.42529296875,606.8387451171875
86,42,521.7581176757812,534.8543090820312,617.66064453125,607.9579467773438
87,42,521.378662109375,534.72216796875,619.2317504882812,608.2743530273438
88,42,521.355712890625,534.53515625,621.2581176757812,608.8713989257812
89,42,521.8703002929688,536.4834594726562,624.1879272460938,610.219482421875
90,42,521.9080200195312,536.3543701171875,627.2932739257812,610.2715454101562
91,42,522.6426391601562,535.7229614257812,628.9999389648438,610.2068481445312
92,42,523.305419921875,535.5828857421875,629.2067260742188,610.934326171875
93,42,523.2557373046875,534.8223876953125,630.09765625,613.0304565429688
94,42,523.543701171875,533.8567504882812,631.5314331054688,613.5115966796875
95,42,524.7221069335938,533.9494018554688,636.260986328125,615.2402954101562
96,42,526.0477294921875,533.9026489257812,639.2294311523438,617.0462646484375
97,42,527.119140625,533.2108154296875,640.4351806640625,617.9100341796875
98,42,528.0986938476562,532.4547119140625,640.3886108398438,618.042724609375
99,42,528.2432250976562,532.8694458007812,642.5692138671875,619.0413818359375
100,42,528.4008178710938,532.3709716796875,646.0183715820312,620.2975463867188
101,42,529.5307006835938,531.4729614257812,649.1558227539062,620.6989135742188
102,42,530.8074951171875,531.4423217773438,652.273681640625,621.7650146484375
103,42,531.0094604492188,531.5540771484375,653.8229370117188,622.4087524414062
104,42,531.1879272460938,531.6514892578125,657.09912109375,623.204833984375
105,42,532.1134643554688,531.9813842773438,660.8602294921875,624.7139282226562
106,42,531.8414306640625,530.7957153320312,663.9564208984375,626.8092651367188
107,42,532.1370239257812,530.5244750976562,667.040283203125,628.3098754882812
108,42,532.0462036132812,530.4408569335938,669.7696533203125,630.8230590820312
109,42,532.1039428710938,530.0284423828125,672.947265625,632.9864501953125
110,42,532.9149169921875,529.1755981445312,676.6726684570312,634.66796875
111,42,536.7149658203125,528.8324584960938,679.3341674804688,636.3364868164062
112,42,538.0623168945312,528.4259643554688,684.5147705078125,639.316162109375
113,42,539.6746826171875,527.8992309570312,688.4442749023438,641.9480590820312
114,42,540.03125,527.9923706054688,691.894775390625,643.49169921875
115,42,541.4505004882812,528.0938720703125,697.5722045898438,644.9580688476562
116,42,542.6723022460938,527.9403686523438,701.4126586914062,646.4743041992188
117,42,543.9120483398438,528.0178833007812,706.0587768554688,648.1661376953125
118,42,546.23291015625,528.2440795898438,710.4153442382812,649.3656616210938
119,42,545.7911376953125,528.233642578125,716.326904296875,650.8585205078125
120,42,546.65380859375,528.3651123046875,721.3455810546875,654.8876953125
121,42,547.9281005859375,528.3555297851562,727.0973510742188,657.7067260742188
122,42,550.0145874023438,528.890869140625,732.646240234375,659.970947265625
123,42,550.459716796875,529.2142944335938,738.0054931640625,661.4351806640625
124,42,551.1069946289062,528.6144409179688,744.3535766601562,665.0202026367188
125,42,550.4818115234375,528.5909423828125,749.72314453125,668.216796875
126,42,552.3954467773438,528.7909545898438,757.382568359375,671.8543090820312
127,42,554.3202514648438,529.1323852539062,764.774658203125,673.0540771484375
128,42,553.8232421875,528.3169555664062,770.9295654296875,677.7625122070312
129,42,554.9747314453125,528.3045043945312,779.8060913085938,681.9713134765625
130,42,557.1945190429688,527.4253540039062,789.7652587890625,686.2810668945312
131,42,558.3040161132812,526.965087890625,797.9447021484375,689.0567626953125
132,42,560.1375732421875,525.9747924804688,808.109619140625,694.214111328125
133,42,561.2351684570312,525.097412109375,819.0270385742188,698.982177734375
134,42,562.5406494140625,523.8377075195312,830.317626953125,703.4009399414062
135,42,565.0989990234375,522.2455444335938,842.5022583007812,708.2611083984375
136,42,568.6124267578125,521.0230712890625,854.5684204101562,712.9038696289062
137,42,571.5191650390625,520.042236328125,867.5755615234375,720.1703491210938
138,42,574.2649536132812,519.4886474609375,882.1552734375,726.0068969726562
139,42,576.7969970703125,518.8079833984375,897.4769287109375,731.8221435546875
140,42,577.841064453125,516.3389282226562,913.8349609375,737.0984497070312
141,42,581.7284545898438,515.9451904296875,933.6226806640625,746.0081787109375
142,42,587.2847900390625,514.9754638671875,952.625732421875,751.9450073242188
143,42,591.2486572265625,514.4179077148438,974.842529296875,759.5223999023438
144,42,595.4385986328125,513.184326171875,999.6511840820312,771.4974365234375
145,42,599.2327270507812,510.6610412597656,1026.7882080078125,780.6942138671875
146,42,605.1544799804688,510.2505798339844,1054.4007568359375,795.1053466796875
147,42,609.8974609375,506.8282470703125,1088.5421142578125,806.8436889648438
148,42,616.5653686523438,503.89306640625,1125.723876953125,819.5890502929688
149,42,623.1932373046875,499.62384033203125,1168.677490234375,837.7870483398438
150,42,632.1859741210938,497.2439270019531,1215.408447265625,859.3245849609375
151,42,639.8460693359375,495.6017150878906,1269.9718017578125,883.1336669921875
152,42,647.9137573242188,492.48455810546875,1332.27197265625,909.1742553710938
153,42,656.5252685546875,489.9923400878906,1406.6710205078125,941.5747680664062
154,42,668.2138061523438,488.4334716796875,1493.25146484375,979.1659545898438
155,42,679.5397338867188,486.9258728027344,1596.986083984375,1025.7120361328125
156,42,695.1824340820312,485.7163391113281,1715.8455810546875,1060.4857177734375
157,42,710.6162109375,480.556640625,1851.573486328125,1074.6199951171875
158,42,727.2119140625,471.5700378417969,1911.3065185546875,1080.0
159,42,749.671142578125,464.7749938964844,1920.0,1080.0
160,42,773.578857421875,459.7785339355469,1920.0,1080.0
161,42,800.8739624023438,451.30810546875,1920.0,1080.0
162,42,836.9759521484375,442.5914611816406,1920.0,1077.98974609375
163,42,876.1365966796875,427.39044189453125,1920.0,1076.069091796875
164,42,920.6555786132812,411.741943359375,1920.0,1074.6630859375
165,42,976.1010131835938,383.29083251953125,1920.0,1073.521728515625
166,42,1046.49951171875,363.95477294921875,1920.0,1072.7335205078125
167,42,1140.838134765625,381.49383544921875,1920.0,1073.38525390625
168,42,1266.158447265625,458.358154296875,1920.0,1075.7510986328125
169,42,1440.6300048828125,609.4514770507812,1920.0,1073.533935546875
