63,66,327.1230163574219,516.7275390625,378.7047424316406,550.0082397460938
64,66,328.5570983886719,515.9698486328125,380.3102111816406,550.0808715820312
65,66,328.8464050292969,515.6405029296875,381.5424499511719,550.8831176757812
66,66,329.9483947753906,516.152587890625,383.27752685546875,551.5287475585938
67,66,330.957763671875,515.2686157226562,384.7017517089844,551.8140258789062
68,66,332.0624694824219,515.4612426757812,385.71295166015625,552.601318359375
69,66,331.6919250488281,514.93310546875,385.9338073730469,553.4639892578125
70,66,332.04376220703125,514.6837158203125,386.3201599121094,554.08544921875
71,66,332.9870910644531,514.292236328125,387.1896667480469,554.606689453125
72,66,334.59661865234375,513.664794921875,387.25897216796875,554.6558837890625
73,66,334.7787780761719,514.0016479492188,387.9862060546875,555.3668823242188
74,66,335.3564147949219,513.132080078125,388.9510803222656,556.055908203125
75,66,335.5953369140625,513.210693359375,391.4692077636719,556.3954467773438
76,66,335.656982421875,513.7529296875,393.5497131347656,556.4473266601562
77,66,335.83319091796875,514.8278198242188,396.13482666015625,556.704833984375
78,66,336.0538330078125,516.271728515625,397.1166076660156,556.8402099609375
79,66,335.68804931640625,517.2338256835938,398.8776550292969,556.9481201171875
80,66,335.9758605957031,517.2348022460938,399.8218078613281,556.80029296875
81,66,336.4393615722656,517.8958129882812,400.1648254394531,556.7333984375
82,66,337.2557067871094,518.3384399414062,401.26385498046875,556.9208984375
83,66,338.5558166503906,517.9602661132812,403.45452880859375,557.1196899414062
84,66,339.55450439453125,515.0350341796875,405.9033508300781,558.622802734375
85,66,339.9307556152344,512.24951171875,408.544677734375,559.9705810546875
86,66,340.2582092285156,512.5658569335938,412.6049499511719,560.1181030273438
87,66,343.4994201660156,510.9451599121094,412.8590087890625,560.6998291015625
88,66,345.028564453125,510.9701232910156,412.6092529296875,561.2634887695312
89,66,346.87420654296875,511.4146423339844,414.0354309082031,562.0782470703125
90,66,347.25909423828125,510.5177917480469,415.8779602050781,562.0280151367188
91,66,348.8493347167969,511.4318542480469,418.95391845703125,562.3154296875
92,66,349.2584533691406,511.486328125,421.20697021484375,562.48583984375
93,66,349.4643249511719,510.5054626464844,423.2594299316406,562.90380859375
94,66,349.9619140625,509.88323974609375,425.2611389160156,563.761474609375
95,66,349.6051025390625,508.7219543457031,425.4805908203125,564.3563232421875
96,66,348.6877136230469,506.98284912109375,427.32794189453125,565.257080078125
97,66,348.6800842285156,505.2032775878906,431.2030334472656,567.2340698242188
98,66,349.9000549316406,504.979736328125,434.6746520996094,568.577392578125
99,66,350.80255126953125,505.1510314941406,436.8067321777344,569.4407348632812
100,66,350.7574462890625,504.11627197265625,439.03179931640625,571.1639404296875
101,66,351.33709716796875,503.3191223144531,442.4388122558594,572.0841064453125
102,66,352.15472412109375,503.8844299316406,446.0664978027344,572.8229370117188
103,66,353.0608825683594,502.818115234375,449.3378601074219,573.81103515625
104,66,354.84027099609375,502.7681884765625,451.0450744628906,574.9158935546875
105,66,357.2328186035156,502.8879089355469,455.79144287109375,576.805419921875
106,66,358.1605224609375,502.9897766113281,459.9219665527344,578.9561157226562
107,66,357.8167419433594,502.6540832519531,462.08514404296875,581.8826904296875
108,66,359.30963134765625,503.0272216796875,466.6697692871094,584.4155883789062
109,66,359.425537109375,503.36260986328125,470.4172668457031,586.1505737304688
110,66,360.5214538574219,502.4878234863281,475.0545959472656,586.3280639648438
111,66,361.6981506347656,502.1767883300781,478.9677734375,587.407958984375
112,66,361.4554748535156,502.370849609375,483.93927001953125,590.6300048828125
113,66,362.3919982910156,503.0971984863281,491.64788818359375,593.0655517578125
114,66,364.4559631347656,502.6224365234375,495.8013610839844,595.6682739257812
115,66,367.8558044433594,502.3577880859375,502.0965270996094,596.9492797851562
116,66,369.1541442871094,502.56085205078125,508.0327453613281,598.3500366210938
117,66,369.7297668457031,502.5484924316406,516.0479736328125,600.7627563476562
118,66,373.3885498046875,501.3329162597656,524.5214233398438,605.820068359375
119,66,376.1967468261719,500.5184326171875,530.4159545898438,609.2504272460938
120,66,378.0493469238281,499.591064453125,539.0985717773438,614.0582275390625
121,66,381.49932861328125,499.6020202636719,548.9490966796875,618.3638305664062
122,66,383.20159912109375,499.26812744140625,558.0441284179688,622.33642578125
123,66,383.594970703125,498.8570556640625,569.0216674804688,624.5182495117188
124,66,387.7137756347656,497.82720947265625,579.7128295898438,629.8690795898438
125,66,391.8761291503906,496.12701416015625,593.0512084960938,635.487548828125
126,66,394.2042541503906,496.12042236328125,608.9391479492188,641.5797729492188
127,66,398.0865173339844,495.6943359375,623.5401000976562,650.2947998046875
128,66,403.3872985839844,494.5986022949219,642.0254516601562,656.5966796875
129,66,408.71087646484375,494.19927978515625,660.949462890625,664.6019287109375
130,66,414.2275390625,493.9267578125,682.63134765625,671.8001098632812
131,66,419.79168701171875,492.71160888671875,706.21044921875,678.4170532226562
132,66,426.76458740234375,491.7945861816406,734.193359375,690.255615234375
133,66,433.0194091796875,490.22418212890625,765.3126220703125,701.7272338867188
134,66,441.7223815917969,488.19677734375,801.9210815429688,716.5761108398438
135,66,451.9123840332031,485.099609375,846.309814453125,731.36181640625
136,66,463.0577087402344,480.03948974609375,897.8501586914062,751.041259765625
137,66,474.3658752441406,476.3677978515625,960.99951171875,775.2561645507812
138,66,488.9724426269531,472.54339599609375,1039.1934814453125,804.8572387695312
139,66,505.8553466796875,467.9891357421875,1138.0703125,849.4934692382812
140,66,526.19677734375,462.20538330078125,1269.3341064453125,903.0880737304688
141,66,551.2313232421875,454.64837646484375,1440.5550537109375,979.7114868164062
142,66,580.144775390625,446.336669921875,1664.3463134765625,1042.0748291015625
143,66,620.744384765625,436.1157531738281,1831.43798828125,1068.8597412109375
144,66,675.2593383789062,420.5111999511719,1903.6788330078125,1078.150390625
145,66,743.01806640625,397.8893737792969,1920.0,1077.63671875
146,66,844.4682006835938,364.664306640625,1920.0,1077.558837890625
147,66,993.8137817382812,337.1763610839844,1920.0,1078.791015625
148,66,1252.1529541015625,454.2431640625,1920.0,1079.6502685546875
