47,67,200.9273223876953,347.1321105957031,244.94143676757812,379.268798828125
48,67,201.4840850830078,346.4364318847656,245.02987670898438,380.05950927734375
49,67,201.8350830078125,346.15960693359375,245.2727508544922,380.43701171875
50,67,202.1280975341797,345.8396301269531,245.4521484375,380.75885009765625
51,67,202.43374633789062,345.5124206542969,246.09774780273438,381.7153625488281
52,67,203.332763671875,344.59674072265625,247.01809692382812,381.806640625
53,67,203.6975860595703,343.47027587890625,247.22105407714844,381.6795959472656
54,67,204.18832397460938,342.6484375,248.48226928710938,381.9686584472656
55,67,204.1891326904297,342.4340515136719,250.07301330566406,382.49664306640625
56,67,204.4279022216797,342.2622985839844,251.3490753173828,383.4859619140625
57,67,204.83169555664062,342.8061828613281,253.78082275390625,383.81683349609375
58,67,205.3287353515625,342.9800720214844,255.34494018554688,384.37005615234375
59,67,205.876953125,343.3771667480469,256.304443359375,385.5744934082031
60,67,206.447998046875,344.1194763183594,257.3330383300781,386.6046142578125
61,67,206.52821350097656,343.82196044921875,258.3299865722656,386.71514892578125
62,67,207.08560180664062,344.7965087890625,259.30322265625,385.2409973144531
63,67,207.7806396484375,344.63763427734375,261.6914367675781,385.84832763671875
64,67,208.7381591796875,343.95941162109375,263.3454284667969,386.75103759765625
65,67,209.14389038085938,343.2386169433594,265.2627258300781,387.5090026855469
66,67,210.0020751953125,343.5398254394531,267.703125,388.5419921875
67,67,210.04563903808594,343.8548278808594,269.15478515625,389.2335510253906
68,67,210.19935607910156,344.0286560058594,270.1473693847656,390.49139404296875
69,67,211.3405303955078,343.23785400390625,270.30987548828125,391.1883850097656
70,67,211.11074829101562,342.7995910644531,270.6573181152344,391.2377624511719
71,67,210.75889587402344,341.654052734375,271.1802673339844,391.4652404785156
72,67,211.30128479003906,342.0066833496094,273.0646057128906,392.46295166015625
73,67,213.72056579589844,342.3508605957031,275.4272155761719,392.76702880859375
74,67,215.62513732910156,341.953857421875,278.2520446777344,393.7025146484375
75,67,215.5599365234375,342.4158020019531,280.6547546386719,394.19024658203125
76,67,215.13502502441406,344.3331298828125,280.89178466796875,394.7326965332031
77,67,216.2238311767578,345.66119384765625,283.4536437988281,395.2490539550781
78,67,218.01332092285156,346.5520324707031,285.6318359375,395.42449951171875
79,67,218.61123657226562,344.9875793457031,288.922607421875,395.5746154785156
80,67,219.66485595703125,344.71441650390625,292.6504821777344,396.6486511230469
81,67,220.02256774902344,343.5531005859375,294.577880859375,397.5570068359375
82,67,221.4931640625,343.71014404296875,296.2147216796875,399.73736572265625
83,67,223.81539916992188,341.99774169921875,298.7570495605469,401.0437927246094
84,67,223.9259490966797,341.8050842285156,300.3734436035156,402.22381591796875
85,67,225.9134521484375,340.8962707519531,304.2762145996094,403.0354309082031
86,67,227.30381774902344,340.1607666015625,307.3388366699219,403.5315246582031
87,67,228.69505310058594,339.85882568359375,309.7811584472656,404.36846923828125
88,67,229.21469116210938,339.9017333984375,312.6292724609375,405.8036804199219
89,67,229.8379364013672,339.5569763183594,316.7996520996094,406.2974853515625
90,67,231.56979370117188,338.6970520019531,320.4180603027344,406.4844055175781
91,67,234.00123596191406,339.2370300292969,323.9849853515625,407.3293151855469
92,67,237.33917236328125,340.53900146484375,328.079833984375,408.7379455566406
93,67,239.49366760253906,340.73004150390625,330.9319152832031,410.19091796875
94,67,240.71319580078125,340.7779541015625,333.86004638671875,411.2367858886719
95,67,241.0372314453125,340.6086120605469,338.2417907714844,413.607666015625
96,67,241.4933319091797,340.611328125,342.2915344238281,415.04229736328125
97,67,242.85426330566406,339.57763671875,347.9113464355469,416.9150695800781
98,67,244.9069366455078,339.3996276855469,353.45318603515625,418.0328674316406
99,67,248.56863403320312,339.076416015625,358.7944641113281,419.3371276855469
100,67,251.9506072998047,336.9281005859375,364.6719665527344,421.6245422363281
101,67,255.5984344482422,337.01788330078125,369.2906799316406,424.01416015625
102,67,260.291748046875,336.78448486328125,374.6668701171875,426.3840026855469
103,67,263.38238525390625,336.34063720703125,380.8575134277344,428.1070251464844
104,67,263.4512023925781,335.1334533691406,385.9543762207031,429.348876953125
105,67,266.1999206542969,334.2789611816406,392.7261047363281,430.32171630859375
106,67,267.93743896484375,333.0794982910156,402.00970458984375,432.4580078125
107,67,269.566650390625,331.7911376953125,408.28753662109375,434.95098876953125
108,67,272.8285827636719,332.0650939941406,417.2210388183594,439.8313293457031
109,67,274.99591064453125,331.9996643066406,427.48345947265625,442.7361755371094
110,67,280.2024841308594,331.232177734375,436.587646484375,447.3092041015625
111,67,284.8936767578125,330.5119323730469,445.2756652832031,450.7839660644531
112,67,286.7068786621094,330.2565612792969,455.27880859375,453.3934631347656
113,67,291.2196044921875,329.54364013671875,468.1269226074219,457.3462219238281
114,67,297.41864013671875,327.79168701171875,480.89984130859375,461.0726013183594
115,67,301.61822509765625,326.9776916503906,496.176025390625,466.39654541015625
116,67,308.65509033203125,326.3917541503906,510.83172607421875,471.99163818359375
117,67,315.077392578125,325.6283874511719,526.6951293945312,477.8269958496094
118,67,320.9147033691406,323.18536376953125,545.69287109375,483.4384765625
119,67,328.7716369628906,322.0660095214844,566.0335083007812,490.691162109375
120,67,336.1053771972656,320.2305908203125,588.2691650390625,499.73046875
121,67,345.6180725097656,319.32073974609375,612.3580322265625,507.19049072265625
122,67,355.6728820800781,317.6330261230469,640.5474243164062,517.6717529296875
123,67,367.329833984375,316.2024841308594,672.0419921875,526.5704345703125
124,67,379.0790100097656,314.3757629394531,707.3890380859375,536.1270141601562
125,67,391.7240905761719,311.93487548828125,747.1879272460938,545.880859375
126,67,405.0517272949219,309.16693115234375,793.672607421875,560.961669921875
127,67,422.9251403808594,306.2393493652344,848.4605102539062,581.738525390625
128,67,440.8236083984375,300.5240478515625,912.4165649414062,601.4672241210938
129,67,464.22637939453125,298.06622314453125,991.7684326171875,625.5512084960938
130,67,489.23553466796875,296.0674743652344,1082.3253173828125,654.7525024414062
131,67,518.1304931640625,291.76416015625,1196.8707275390625,693.99169921875
132,67,555.2315673828125,286.0361633300781,1337.6627197265625,741.9041748046875
133,67,598.1740112304688,279.23895263671875,1524.228759765625,808.7557373046875
134,67,647.8099365234375,271.51422119140625,1771.5357666015625,896.9180908203125
135,67,714.6453857421875,256.8081970214844,1880.546630859375,1005.6272583007812
136,67,805.66845703125,241.25479125976562,1920.0,1053.6962890625
137,67,929.0985107421875,223.79217529296875,1920.0,1069.8251953125
138,67,1104.1192626953125,204.9549560546875,1920.0,1074.575439453125
139,67,1359.89404296875,204.908447265625,1920.0,1080.0
