23,57,282.08978271484375,385.6327209472656,331.529296875,419.8469543457031
24,57,283.57659912109375,385.9704284667969,331.8387145996094,419.9792175292969
25,57,283.8992004394531,386.3753967285156,332.078369140625,420.0592041015625
26,57,284.2281188964844,385.981689453125,333.04132080078125,420.2650146484375
27,57,286.34381103515625,386.24017333984375,334.3988037109375,419.9537658691406
28,57,286.9508361816406,385.5831298828125,335.28424072265625,420.287841796875
29,57,286.35552978515625,385.2378845214844,335.424560546875,420.45147705078125
30,57,285.2966003417969,384.9853515625,336.06427001953125,421.17156982421875
31,57,285.9905090332031,384.9131164550781,337.26483154296875,421.005126953125
32,57,285.62591552734375,384.9660949707031,338.2451171875,420.80169677734375
33,57,286.3840026855469,384.9740905761719,338.18505859375,420.31005859375
34,57,286.7017517089844,384.75213623046875,339.4188232421875,420.2531433105469
35,57,286.8968811035156,385.5335693359375,341.0038146972656,420.3493957519531
36,57,286.694091796875,385.1714172363281,340.54168701171875,421.3303527832031
37,57,286.97381591796875,386.0617980957031,340.50360107421875,422.41302490234375
38,57,286.9449157714844,386.78546142578125,342.1463623046875,424.2222595214844
39,57,287.25555419921875,386.5825500488281,342.71453857421875,424.85638427734375
40,57,287.57635498046875,387.03509521484375,343.36871337890625,425.4332275390625
41,57,287.9063415527344,387.0930480957031,344.59197998046875,425.7928771972656
42,57,288.0677795410156,386.67529296875,345.2767639160156,426.2509460449219
43,57,288.00994873046875,386.10614013671875,346.338134765625,426.44232177734375
44,57,288.1061096191406,385.3677978515625,347.35235595703125,426.1455383300781
45,57,288.3873291015625,385.98907470703125,348.1937255859375,425.85235595703125
46,57,288.8863830566406,386.83917236328125,349.6461486816406,425.8671569824219
47,57,289.68603515625,386.4002990722656,350.7541809082031,426.4053039550781
48,57,289.689208984375,384.77880859375,352.19329833984375,427.5149841308594
49,57,290.456787109375,382.7795715332031,352.846923828125,427.654296875
50,57,291.27655029296875,381.50390625,353.9435119628906,428.68878173828125
51,57,292.1348876953125,380.8480224609375,355.3722839355469,429.3932800292969
52,57,293.30242919921875,382.370849609375,356.2120056152344,429.2926025390625
53,57,293.4458923339844,382.6715393066406,357.01971435546875,429.3773193359375
54,57,294.08038330078125,384.8683166503906,358.2268981933594,429.3717041015625
55,57,294.6485290527344,383.0653381347656,361.85687255859375,430.0291442871094
56,57,295.2616882324219,384.56024169921875,363.6531982421875,430.7356262207031
57,57,296.6368408203125,382.25787353515625,364.57989501953125,431.29400634765625
58,57,298.2824401855469,381.342041015625,365.57037353515625,431.8966369628906
59,57,299.01788330078125,380.25164794921875,366.62066650390625,432.36016845703125
60,57,299.18048095703125,379.4043884277344,367.63336181640625,432.5763854980469
61,57,299.7720947265625,379.65087890625,368.17236328125,431.669921875
62,57,300.8884582519531,378.7857666015625,369.5213928222656,432.4684753417969
63,57,300.4864807128906,376.04718017578125,371.8963317871094,433.7403869628906
64,57,301.8324890136719,374.99554443359375,373.8809814453125,434.0751647949219
65,57,303.1131286621094,375.1058654785156,376.1173095703125,434.3094482421875
66,57,303.0006103515625,374.82183837890625,377.5600280761719,434.3809814453125
67,57,303.7579040527344,375.6960144042969,379.74505615234375,434.81689453125
68,57,305.53570556640625,376.8323974609375,381.0821838378906,435.41912841796875
69,57,307.43255615234375,377.71148681640625,383.1943664550781,436.91583251953125
70,57,307.16900634765625,377.2806701660156,385.25750732421875,438.48529052734375
71,57,307.8712463378906,378.04974365234375,385.5782775878906,438.90380859375
72,57,308.1277160644531,377.51373291015625,388.194091796875,439.9418640136719
73,57,308.3930969238281,378.7691955566406,389.48590087890625,440.79071044921875
74,57,309.0182189941406,378.8456115722656,392.65191650390625,441.5650329589844
75,57,309.5049743652344,378.6434020996094,395.27337646484375,441.8387756347656
76,57,309.23248291015625,379.0195007324219,397.1630859375,442.1134338378906
77,57,309.355224609375,379.37896728515625,399.37115478515625,442.30596923828125
78,57,312.1426696777344,379.6131286621094,401.1202087402344,442.9625549316406
79,57,314.16009521484375,378.9565124511719,403.2496032714844,443.66021728515625
80,57,315.3556823730469,378.19189453125,407.0525207519531,444.2562255859375
81,57,316.3470153808594,378.1414794921875,409.8421936035156,446.4231262207031
82,57,316.37457275390625,378.28106689453125,413.2362365722656,448.0240783691406
83,57,318.3212585449219,377.2804260253906,415.013427734375,448.3278503417969
84,57,319.2820739746094,376.0412292480469,418.0522766113281,449.600341796875
85,57,322.1768798828125,374.9082336425781,421.0473937988281,451.0018310546875
86,57,323.8000793457031,374.22760009765625,424.3199157714844,451.4205627441406
87,57,324.74359130859375,373.2392883300781,427.78680419921875,452.1600036621094
88,57,325.6720886230469,373.3764953613281,430.5710754394531,452.3050842285156
89,57,327.3448181152344,374.12530517578125,433.615234375,453.41070556640625
90,57,329.5115966796875,375.23089599609375,437.1894836425781,454.1232604980469
91,57,330.1492004394531,373.9436950683594,442.08843994140625,455.249755859375
92,57,332.8934631347656,373.2094421386719,445.6029052734375,456.49786376953125
93,57,335.4569396972656,371.3980712890625,449.55169677734375,457.1415710449219
94,57,336.5260314941406,370.7292785644531,453.349609375,458.6915283203125
95,57,338.57928466796875,370.95794677734375,457.4857177734375,460.06768798828125
96,57,339.33819580078125,370.30389404296875,463.1915283203125,462.06488037109375
97,57,342.769775390625,369.988525390625,468.30426025390625,463.96630859375
98,57,345.13250732421875,369.41766357421875,472.7810363769531,465.06951904296875
99,57,347.3671569824219,368.97650146484375,478.9221496582031,466.4010925292969
100,57,349.0165710449219,368.47723388671875,482.3708190917969,468.4073791503906
101,57,349.1063232421875,368.64715576171875,489.3553466796875,470.65350341796875
102,57,352.7283935546875,368.0392761230469,495.2017517089844,472.3621520996094
103,57,354.660400390625,367.8595886230469,501.15936279296875,473.8965148925781
104,57,358.0937194824219,368.2259216308594,508.31060791015625,475.50811767578125
105,57,361.2311706542969,367.0763244628906,513.9334716796875,478.25701904296875
106,57,363.53173828125,366.9891662597656,522.3756713867188,480.3909912109375
107,57,365.7134704589844,366.55126953125,529.3933715820312,484.8100891113281
108,57,369.55181884765625,365.7970886230469,538.8472900390625,488.130615234375
109,57,372.5655212402344,364.9532775878906,547.4275512695312,489.85540771484375
110,57,374.2735595703125,364.2070617675781,554.8529052734375,491.4159851074219
111,57,378.6836853027344,363.64111328125,564.02685546875,495.10638427734375
112,57,382.56488037109375,362.9822082519531,575.3397827148438,497.8284606933594
113,57,385.2939453125,360.1020202636719,587.5470581054688,500.72454833984375
114,57,389.2233581542969,360.3856506347656,600.1448974609375,505.5745544433594
115,57,393.89300537109375,360.547607421875,611.8262329101562,509.53814697265625
116,57,400.7287292480469,360.20513916015625,624.9096069335938,513.6607666015625
117,57,406.01507568359375,358.93157958984375,639.0607299804688,517.6131591796875
118,57,410.6170349121094,359.1828308105469,653.771728515625,521.1356201171875
119,57,417.2303466796875,357.76153564453125,671.7648315429688,523.8935546875
120,57,423.8528747558594,356.9062805175781,689.5862426757812,530.0555419921875
121,57,430.64923095703125,354.2962951660156,708.2549438476562,534.2225952148438
122,57,438.30963134765625,352.239990234375,730.9310913085938,541.0812377929688
123,57,445.8234558105469,350.7673645019531,753.2476806640625,547.4818725585938
124,57,454.51947021484375,349.5072937011719,779.19580078125,554.3103637695312
125,57,462.7400817871094,345.8640441894531,807.1766967773438,563.4539184570312
126,57,473.2044982910156,344.1199645996094,839.88232421875,572.9751586914062
127,57,482.32794189453125,341.74542236328125,874.7728881835938,584.5986938476562
128,57,494.39520263671875,341.0143737792969,914.6331787109375,599.1255493164062
129,57,508.2759094238281,339.7109069824219,958.1136474609375,611.0501708984375
130,57,522.2332153320312,335.3431091308594,1008.6307373046875,626.249755859375
131,57,538.2467041015625,330.9752502441406,1065.755615234375,641.5271606445312
132,57,556.077392578125,325.94610595703125,1131.4759521484375,665.8936767578125
133,57,576.467041015625,319.20928955078125,1207.584716796875,693.4708251953125
134,57,598.3223876953125,312.6859436035156,1299.734130859375,723.7741088867188
135,57,624.9481201171875,306.27777099609375,1405.6038818359375,759.9418334960938
136,57,654.6131591796875,300.9698486328125,1534.1597900390625,801.3670654296875
137,57,688.1634521484375,294.63873291015625,1692.05810546875,856.3102416992188
138,57,733.65625,286.7801513671875,1848.458984375,928.4197387695312
139,57,783.2587890625,277.3919372558594,1913.0267333984375,1017.3746337890625
140,57,840.42822265625,264.1936340332031,1920.0,1064.3548583984375
141,57,913.3475341796875,248.01339721679688,1920.0,1071.2022705078125
142,57,1007.2606201171875,229.1380615234375,1920.0,1067.5614013671875
143,57,1128.6690673828125,204.73451232910156,1920.0,1068.2459716796875
144,57,1289.3599853515625,193.44342041015625,1920.0,1074.246337890625
145,57,1511.1741943359375,221.26632690429688,1920.0,1079.2755126953125
