2,47,268.0894470214844,501.9454040527344,332.5604553222656,548.8853759765625
3,47,268.1568603515625,501.869384765625,333.53955078125,548.9141845703125
4,47,268.27703857421875,502.15386962890625,335.4247741699219,548.7890625
5,47,268.10589599609375,502.36126708984375,335.9390869140625,549.6331176757812
6,47,268.63226318359375,502.8598937988281,335.821044921875,550.1156005859375
7,47,269.1347351074219,502.3019714355469,337.8028869628906,550.6522827148438
8,47,270.6104736328125,500.4903564453125,339.428466796875,551.1329345703125
9,47,271.0534362792969,500.0146484375,341.5697021484375,552.0525512695312
10,47,272.2742614746094,502.31976318359375,341.795654296875,551.5001831054688
11,47,272.7876892089844,502.2181396484375,341.20989990234375,550.9821166992188
12,47,273.71307373046875,502.03717041015625,342.29083251953125,550.5267944335938
13,47,274.0957336425781,501.8261413574219,343.2858581542969,550.893798828125
14,47,274.1229553222656,502.1905517578125,343.6128845214844,552.29931640625
15,47,275.1011047363281,502.1844177246094,343.827392578125,552.5531616210938
16,47,276.0027160644531,501.56793212890625,344.98309326171875,551.9533081054688
17,47,276.58685302734375,501.3314208984375,344.79876708984375,552.7816772460938
18,47,276.76593017578125,501.328369140625,345.3018798828125,553.6218872070312
19,47,276.3990173339844,501.6553039550781,347.082275390625,554.2633056640625
20,47,277.2424621582031,501.50909423828125,348.35321044921875,554.3468017578125
21,47,277.5217590332031,501.2185974121094,350.1852111816406,554.5545043945312
22,47,277.005615234375,500.2767333984375,353.0780944824219,556.2520141601562
23,47,278.50299072265625,500.81866455078125,354.99835205078125,556.7367553710938
24,47,279.7308654785156,501.399169921875,356.4292907714844,557.1173095703125
25,47,279.7881774902344,501.5949401855469,358.4915466308594,557.8839721679688
26,47,279.8329772949219,501.7087097167969,360.1438293457031,558.9853515625
27,47,279.9788818359375,501.3213195800781,360.4776306152344,559.7868041992188
28,47,281.297607421875,500.287353515625,362.7820129394531,560.5359497070312
29,47,281.8394775390625,499.5714416503906,363.38116455078125,560.644775390625
30,47,282.4846496582031,499.2939758300781,365.2030944824219,560.8029174804688
31,47,282.097900390625,499.0911560058594,365.6221618652344,561.3201293945312
32,47,282.81268310546875,499.5866394042969,366.9311218261719,561.6497192382812
33,47,283.8224792480469,499.6464538574219,368.4038391113281,561.948974609375
34,47,284.98974609375,500.38372802734375,370.03082275390625,563.0534057617188
35,47,285.7161560058594,499.8046875,371.1236267089844,563.2022094726562
36,47,286.186279296875,499.35076904296875,372.3844299316406,563.6860961914062
37,47,286.284912109375,500.21209716796875,373.438720703125,564.1511840820312
38,47,286.9286804199219,500.80828857421875,374.55816650390625,564.8093872070312
39,47,286.8663635253906,500.88189697265625,376.33697509765625,565.2903442382812
40,47,287.11199951171875,500.79290771484375,378.2940673828125,566.2059936523438
41,47,288.64093017578125,498.8115234375,381.3377380371094,566.8385620117188
42,47,288.0428466796875,500.0027160644531,383.1611022949219,568.62646484375
43,47,288.2456359863281,500.2971496582031,384.9522705078125,568.935302734375
44,47,289.4638671875,499.8450012207031,387.025634765625,569.8102416992188
45,47,290.52911376953125,499.4867248535156,389.4798889160156,570.5076293945312
46,47,292.46832275390625,498.99981689453125,391.3242492675781,571.6727905273438
47,47,293.8049011230469,498.48028564453125,392.9339599609375,572.117919921875
48,47,294.2448425292969,498.0702209472656,394.8242492675781,572.41796875
49,47,296.15411376953125,498.1679382324219,396.4703063964844,572.7745361328125
50,47,298.69818115234375,497.47235107421875,398.5793151855469,572.8681030273438
51,47,300.24688720703125,496.949951171875,399.9201354980469,573.1331176757812
52,47,301.3457946777344,496.42742919921875,401.5921936035156,573.1951293945312
53,47,302.7974548339844,495.7715759277344,403.3340148925781,574.0701904296875
54,47,304.910888671875,497.40386962890625,405.4617004394531,575.2242431640625
55,47,304.1098937988281,496.4976501464844,408.4414367675781,575.6708984375
56,47,304.34552001953125,496.59600830078125,411.2403564453125,576.105712890625
57,47,304.9956359863281,495.73956298828125,413.6196594238281,577.40869140625
58,47,306.9583740234375,495.3417663574219,417.6931457519531,578.2767944335938
59,47,307.8902587890625,494.6954040527344,422.2329406738281,579.25390625
60,47,310.517822265625,494.53118896484375,424.1921081542969,580.3101196289062
61,47,311.5653991699219,494.7296447753906,427.91485595703125,581.3757934570312
62,47,311.35516357421875,495.8867492675781,430.0047607421875,583.7640991210938
63,47,311.3230285644531,496.1502380371094,431.8915100097656,585.637939453125
64,47,311.3694152832031,496.1187744140625,435.63299560546875,586.310546875
65,47,312.259765625,495.94769287109375,438.8984680175781,586.8252563476562
66,47,314.1902770996094,494.8061218261719,443.0171203613281,587.2857055664062
67,47,315.9883728027344,493.81658935546875,446.70361328125,587.820068359375
68,47,317.6293029785156,493.26177978515625,451.8613586425781,590.8474731445312
69,47,316.1421813964844,492.8772277832031,455.2290954589844,592.8501586914062
70,47,318.3218078613281,492.8952331542969,458.7463684082031,593.5215454101562
71,47,322.29571533203125,493.31988525390625,462.7941589355469,594.5848388671875
72,47,323.86907958984375,492.61822509765625,467.088134765625,596.3543090820312
73,47,324.4933166503906,491.0574035644531,470.9093017578125,597.2804565429688
74,47,325.1588439941406,490.1875,475.5077819824219,598.6128540039062
75,47,329.2775573730469,489.8707580566406,479.07684326171875,600.0382080078125
76,47,333.8334045410156,489.588134765625,483.4122619628906,601.0443725585938
77,47,337.3652038574219,487.46893310546875,487.3502197265625,602.5723876953125
78,47,338.422607421875,486.5965270996094,494.2199401855469,604.0489501953125
79,47,338.8848876953125,487.0877990722656,500.62615966796875,607.730712890625
80,47,342.7687072753906,487.3674011230469,503.7085876464844,609.3571166992188
81,47,345.1172790527344,487.26116943359375,510.51806640625,610.814208984375
82,47,347.8760986328125,485.1032409667969,517.3418579101562,613.7891235351562
83,47,350.2037048339844,484.2177429199219,524.3845825195312,616.1712036132812
84,47,352.6919250488281,484.6291809082031,530.0118408203125,617.7371215820312
85,47,354.5052795410156,483.3413391113281,537.3187255859375,619.46044921875
86,47,357.3315124511719,483.0619201660156,545.1495361328125,622.3864135742188
87,47,359.7750549316406,483.2645568847656,552.666259765625,625.0468139648438
88,47,360.4517822265625,484.1082458496094,559.118896484375,626.1459350585938
89,47,362.67352294921875,484.1793518066406,567.5816650390625,629.6665649414062
90,47,365.2525329589844,484.23236083984375,576.425537109375,634.275390625
91,47,368.3853454589844,483.9671630859375,586.263427734375,639.0447387695312
92,47,371.2085266113281,483.27020263671875,595.3216552734375,642.9403076171875
93,47,375.8024597167969,483.2109375,604.1765747070312,645.3638305664062
94,47,379.68170166015625,482.8802795410156,615.6635131835938,650.5658569335938
95,47,382.8383483886719,481.9986572265625,625.83837890625,654.659423828125
96,47,387.4712219238281,480.78466796875,639.4498291015625,657.1530151367188
97,47,392.0455322265625,479.4884338378906,650.7550048828125,661.5032958984375
98,47,397.19708251953125,478.5387878417969,663.830322265625,664.0671997070312
99,47,403.4764404296875,477.65826416015625,678.1256103515625,671.5035400390625
100,47,407.2929992675781,476.9945983886719,693.1701049804688,676.3870849609375
101,47,413.3026428222656,475.8404235839844,708.5905151367188,683.1800537109375
102,47,419.3197021484375,474.8605041503906,724.9873657226562,687.460205078125
103,47,425.1452331542969,474.91607666015625,742.718017578125,693.8829956054688
104,47,430.12664794921875,473.7650146484375,760.6167602539062,700.1554565429688
105,47,437.0887451171875,472.3028869628906,781.5260009765625,708.5706787109375
106,47,444.7996826171875,472.1979064941406,804.1672973632812,714.3189697265625
107,47,452.7763671875,472.1025085449219,828.4072265625,718.4244995117188
108,47,460.3089599609375,471.50152587890625,853.171630859375,724.5357055664062
109,47,468.1077575683594,469.0282897949219,881.4290161132812,733.9912109375
110,47,476.2335510253906,466.8611755371094,912.5941772460938,744.2811279296875
111,47,486.55181884765625,466.9323425292969,945.69384765625,754.937255859375
112,47,498.4679870605469,464.03326416015625,982.9586791992188,767.0616455078125
113,47,507.8555603027344,459.780517578125,1022.21826171875,779.204345703125
114,47,521.2276611328125,458.33154296875,1066.2747802734375,792.3310546875
115,47,534.9368896484375,457.56878662109375,1115.0172119140625,808.1100463867188
116,47,548.5803833007812,456.09588623046875,1170.219482421875,825.6524047851562
117,47,565.7601318359375,454.59002685546875,1231.0908203125,842.9012451171875
118,47,582.6363525390625,451.2464904785156,1299.75244140625,870.7002563476562
119,47,601.57275390625,447.9146728515625,1378.25732421875,895.1651000976562
120,47,622.6372680664062,444.5321044921875,1463.6002197265625,927.83935546875
121,47,646.2440795898438,441.6842041015625,1564.766845703125,968.816162109375
122,47,670.1171875,437.800537109375,1685.5240478515625,1009.5533447265625
123,47,699.0355834960938,430.900146484375,1826.1383056640625,1051.2108154296875
124,47,734.203857421875,428.3985900878906,1903.4273681640625,1069.9561767578125
125,47,771.564697265625,421.5496520996094,1920.0,1078.903564453125
126,47,815.8466796875,414.6705017089844,1920.0,1080.0
127,47,868.947998046875,405.1264343261719,1920.0,1079.39306640625
128,47,928.1024169921875,393.98541259765625,1920.0,1077.6566162109375
129,47,999.7088623046875,381.9449768066406,1920.0,1075.1634521484375
130,47,1082.831787109375,369.4200744628906,1920.0,1074.2899169921875
131,47,1185.1915283203125,357.7275085449219,1920.0,1075.397216796875
132,47,1307.6104736328125,358.9513854980469,1920.0,1075.3126220703125
133,47,1462.4593505859375,382.004638671875,1920.0,1078.2767333984375
