22,44,295.6499328613281,431.01202392578125,364.88226318359375,487.043701171875
23,44,295.67095947265625,430.18353271484375,365.4505310058594,487.0957946777344
24,44,296.7535095214844,430.03216552734375,367.6524658203125,487.78778076171875
25,44,298.71221923828125,430.6426696777344,368.1440124511719,487.82843017578125
26,44,299.50592041015625,430.7222900390625,368.3382263183594,488.6715087890625
27,44,300.1634826660156,429.7189636230469,370.4631652832031,488.4122314453125
28,44,301.0197448730469,429.72174072265625,372.1888732910156,488.4421691894531
29,44,301.69195556640625,429.4744567871094,372.8382568359375,488.3743896484375
30,44,301.5890197753906,429.611572265625,375.2218322753906,488.9850158691406
31,44,301.9608154296875,429.5596008300781,375.21929931640625,489.3216857910156
32,44,302.55926513671875,429.1443176269531,375.73944091796875,489.255859375
33,44,303.2465515136719,429.4987487792969,376.38885498046875,489.34747314453125
34,44,303.5331115722656,429.84423828125,377.24334716796875,489.6076354980469
35,44,304.65960693359375,430.0749816894531,377.7457275390625,489.7630615234375
36,44,305.0307922363281,430.6471862792969,378.8023986816406,489.7806091308594
37,44,304.65765380859375,431.0030822753906,379.7559814453125,489.6168212890625
38,44,305.84942626953125,431.7979736328125,381.1962890625,489.7953796386719
39,44,305.81109619140625,430.8845520019531,382.44146728515625,490.216064453125
40,44,306.3569641113281,430.2172546386719,383.4781188964844,490.5586853027344
41,44,307.29345703125,430.38092041015625,384.3376159667969,491.4459533691406
42,44,307.5611572265625,430.68316650390625,384.81427001953125,492.0133361816406
43,44,307.2492980957031,430.8067626953125,386.25830078125,493.4125061035156
44,44,308.0805969238281,430.9109802246094,387.8484802246094,494.26025390625
45,44,307.4224853515625,430.9631042480469,387.8384704589844,494.3528747558594
46,44,308.1729736328125,431.2006530761719,390.1932067871094,494.241943359375
47,44,308.185546875,430.7359313964844,392.0063171386719,494.721435546875
48,44,309.6982116699219,430.4617919921875,393.4994812011719,495.640869140625
49,44,310.60693359375,430.21099853515625,395.8096008300781,497.1899719238281
50,44,311.4751892089844,430.5824890136719,398.3864440917969,497.6716613769531
51,44,311.6456298828125,430.1640625,398.8032531738281,498.2217712402344
52,44,310.1504821777344,429.94879150390625,401.0263671875,498.3075866699219
53,44,312.0585021972656,429.8250427246094,402.03363037109375,497.548095703125
54,44,312.8826904296875,429.6215515136719,403.4608154296875,498.0476379394531
55,44,313.05291748046875,429.2955017089844,404.7413635253906,498.29278564453125
56,44,313.6239318847656,429.2399597167969,406.2990417480469,498.7182922363281
57,44,314.3685302734375,429.3003845214844,407.6424560546875,498.931396484375
58,44,314.9333190917969,429.4759521484375,410.1106262207031,499.886474609375
59,44,314.9288635253906,429.0845947265625,410.68792724609375,500.62664794921875
60,44,316.5362548828125,428.9967346191406,412.8952941894531,501.3858337402344
61,44,318.469970703125,428.8097229003906,415.71636962890625,501.5661926269531
62,44,319.4703369140625,428.5893859863281,417.5790710449219,501.5679931640625
63,44,320.9820861816406,428.76824951171875,420.01751708984375,502.3232421875
64,44,321.4853515625,428.716796875,421.0386657714844,503.6658630371094
65,44,320.4234313964844,426.86566162109375,424.4907531738281,504.9198913574219
66,44,320.54278564453125,426.5796203613281,425.96295166015625,505.5557861328125
67,44,323.0909729003906,427.2856140136719,427.05682373046875,505.8836975097656
68,44,324.9627685546875,427.33624267578125,428.6394348144531,506.5133361816406
69,44,325.83538818359375,427.6758117675781,430.605224609375,507.1690979003906
70,44,326.0258483886719,427.36358642578125,433.7967224121094,508.7500915527344
71,44,326.9879455566406,427.7219543457031,436.38995361328125,508.94732666015625
72,44,328.8934326171875,427.60009765625,437.9967956542969,509.0773620605469
73,44,328.9170227050781,427.7742004394531,440.852294921875,510.1612854003906
74,44,330.8341064453125,427.4632873535156,444.0420837402344,510.6435852050781
75,44,331.2838439941406,427.76068115234375,447.034423828125,511.23028564453125
76,44,333.36181640625,426.22918701171875,448.9605407714844,512.227783203125
77,44,334.45037841796875,425.8361511230469,450.4839782714844,513.0256958007812
78,44,335.5220947265625,425.5323486328125,454.10858154296875,514.1673583984375
79,44,336.8798522949219,425.8941650390625,456.938232421875,514.61083984375
80,44,338.43017578125,425.72576904296875,459.7037353515625,514.7100219726562
81,44,338.7859802246094,425.94219970703125,462.3843078613281,515.7085571289062
82,44,339.9735107421875,425.69720458984375,465.66552734375,516.2570190429688
83,44,343.6513366699219,425.0845947265625,468.44451904296875,516.2945556640625
84,44,346.0339050292969,424.4861755371094,470.93695068359375,517.0285034179688
85,44,346.1687316894531,423.9751892089844,473.8562316894531,517.8245239257812
86,44,349.2340087890625,423.5237731933594,477.24102783203125,518.9810791015625
87,44,349.8191833496094,423.2365417480469,480.63714599609375,520.9334716796875
88,44,351.5101318359375,423.4656066894531,482.408203125,522.7097778320312
89,44,351.22821044921875,423.4314880371094,486.46026611328125,524.1182250976562
90,44,352.2147216796875,423.62957763671875,490.71417236328125,525.503173828125
91,44,353.7628479003906,422.7555236816406,494.0834655761719,526.1675415039062
92,44,355.432373046875,422.69647216796875,497.77362060546875,527.0042724609375
93,44,355.435791015625,422.4556884765625,502.10882568359375,528.2637939453125
94,44,356.7248229980469,422.31756591796875,505.3837890625,529.366455078125
95,44,358.2652893066406,421.03472900390625,510.1098937988281,530.901611328125
96,44,360.16241455078125,421.1891784667969,514.056884765625,532.8036499023438
97,44,359.0874328613281,420.74261474609375,520.5744018554688,534.7080078125
98,44,359.1936340332031,419.8331604003906,526.3723754882812,536.5994262695312
99,44,361.4244689941406,419.28564453125,529.7627563476562,537.5300903320312
100,44,363.2527770996094,418.5910339355469,535.2496948242188,539.0380249023438
101,44,365.2164306640625,417.50396728515625,540.2698974609375,540.9037475585938
102,44,367.90362548828125,417.42889404296875,545.0958251953125,542.2559204101562
103,44,370.40447998046875,416.78399658203125,550.498779296875,543.9467163085938
104,44,371.92156982421875,416.2341613769531,555.6016235351562,545.6596069335938
105,44,374.39501953125,415.8097229003906,561.1473999023438,547.8779296875
106,44,376.30194091796875,414.8739318847656,567.3544921875,548.6278076171875
107,44,379.452880859375,413.7351379394531,574.1060791015625,550.60986328125
108,44,381.16400146484375,412.552734375,580.3877563476562,552.0442504882812
109,44,382.85614013671875,411.89947509765625,588.362548828125,554.0631713867188
110,44,384.59375,410.7139587402344,595.725830078125,556.4599609375
111,44,386.5574035644531,409.69830322265625,603.768310546875,558.4055786132812
112,44,391.0544128417969,410.17108154296875,612.3486938476562,561.0534057617188
113,44,395.78631591796875,409.9604187011719,619.8865356445312,563.4953002929688
114,44,401.5599670410156,409.6950988769531,627.8107299804688,564.7111206054688
115,44,405.42913818359375,408.708251953125,636.952880859375,568.298828125
116,44,408.0494689941406,407.8616027832031,646.1364135742188,569.428466796875
117,44,410.47412109375,408.13818359375,655.2244262695312,572.751220703125
118,44,414.48529052734375,407.9438171386719,666.6129150390625,576.2473754882812
119,44,418.0537414550781,406.4512634277344,677.4822387695312,579.065185546875
120,44,422.3492431640625,405.5396423339844,689.2525024414062,578.094482421875
121,44,425.9897766113281,404.7668762207031,700.0880737304688,582.8845825195312
122,44,431.9768371582031,404.63763427734375,712.8155517578125,588.548828125
123,44,436.6570739746094,403.1866760253906,726.3843994140625,592.3410034179688
124,44,440.7044982910156,401.7676086425781,739.5925903320312,597.9281005859375
125,44,443.8763427734375,400.36260986328125,753.4268188476562,601.1219482421875
126,44,448.71307373046875,399.6596374511719,769.7376098632812,608.02001953125
127,44,455.54339599609375,399.2591552734375,785.9387817382812,612.1688232421875
128,44,461.2582702636719,399.13836669921875,802.848876953125,614.8592529296875
129,44,465.88592529296875,396.9974365234375,822.5186767578125,623.1917724609375
130,44,472.3381652832031,395.0451354980469,843.1439819335938,627.5957641601562
131,44,478.2012634277344,393.329345703125,862.7247924804688,633.2190551757812
132,44,483.8835144042969,390.8445129394531,886.2364501953125,639.6069946289062
133,44,492.0291442871094,389.7925720214844,910.078857421875,646.4652099609375
134,44,501.0841064453125,388.837646484375,937.287841796875,651.6282348632812
135,44,508.78680419921875,386.8545227050781,964.1940307617188,657.9149780273438
136,44,515.87890625,384.95697021484375,994.3034057617188,667.8704833984375
137,44,525.9508666992188,382.5057678222656,1028.4517822265625,680.3037719726562
138,44,535.1192016601562,378.2974853515625,1064.82470703125,690.77685546875
139,44,545.7771606445312,376.5025939941406,1103.659912109375,703.8264770507812
140,44,557.1846313476562,373.1954650878906,1146.082275390625,716.5123291015625
141,44,570.1707153320312,368.7818908691406,1191.8662109375,729.4053344726562
142,44,583.67431640625,364.3244934082031,1242.7530517578125,744.2655029296875
143,44,597.8607788085938,358.7977600097656,1297.199462890625,763.1394653320312
144,44,612.8327026367188,352.99530029296875,1360.8726806640625,782.3609619140625
145,44,630.1454467773438,348.9810791015625,1429.7860107421875,806.1476440429688
146,44,648.0973510742188,345.662353515625,1509.0968017578125,829.2119750976562
147,44,667.21630859375,340.17230224609375,1597.1123046875,860.6475219726562
148,44,686.4105224609375,334.7007751464844,1698.531005859375,891.8883666992188
149,44,712.1539306640625,328.1859436035156,1811.4766845703125,927.0408325195312
150,44,739.6867065429688,321.935791015625,1896.885986328125,974.082275390625
151,44,768.3065795898438,315.02825927734375,1920.0,1031.2862548828125
152,44,795.07177734375,304.8880920410156,1920.0,1060.984130859375
153,44,838.0848999023438,294.6227722167969,1920.0,1075.35693359375
154,44,884.3590698242188,282.53887939453125,1920.0,1077.6044921875
155,44,933.198974609375,268.96978759765625,1920.0,1076.40185546875
156,44,989.5048828125,252.39224243164062,1920.0,1069.142822265625
157,44,1055.2198486328125,235.8809356689453,1920.0,1065.2666015625
158,44,1129.8096923828125,214.81211853027344,1920.0,1066.1103515625
159,44,1218.7708740234375,200.48875427246094,1920.0,1069.929443359375
160,44,1327.7464599609375,196.51510620117188,1920.0,1072.9056396484375
161,44,1459.824462890625,214.87606811523438,1920.0,1075.58935546875
162,44,1620.1536865234375,291.3016357421875,1920.0,1076.991455078125
