3,45,241.6864471435547,484.2928771972656,293.7564392089844,524.9725341796875
4,45,242.3075714111328,485.1705627441406,294.6396789550781,524.7630615234375
5,45,242.24156188964844,484.75665283203125,294.8427429199219,524.6978759765625
6,45,242.25473022460938,484.11602783203125,295.05914306640625,524.7413940429688
7,45,242.4862060546875,484.28350830078125,295.4291687011719,523.9884643554688
8,45,242.89947509765625,483.9115905761719,297.5187683105469,523.21142578125
9,45,243.39329528808594,484.18170166015625,298.0931701660156,522.7586669921875
10,45,244.0482177734375,486.2172546386719,298.1497497558594,522.6240844726562
11,45,244.35353088378906,485.1883239746094,300.3766784667969,524.767822265625
12,45,244.63661193847656,484.86773681640625,302.0797119140625,526.8636474609375
13,45,244.1444091796875,484.7922668457031,302.79254150390625,528.8502197265625
14,45,243.96163940429688,483.6290588378906,303.04998779296875,530.0491333007812
15,45,244.2723846435547,483.1346435546875,304.2616882324219,530.6697998046875
16,45,244.55673217773438,480.87255859375,305.16021728515625,530.70068359375
17,45,244.72877502441406,479.94610595703125,305.9076232910156,530.80078125
18,45,245.77798461914062,481.3571472167969,305.6011657714844,530.4274291992188
19,45,245.99435424804688,481.1748352050781,306.35675048828125,530.4761352539062
20,45,245.54249572753906,480.7202453613281,307.7492370605469,531.5584716796875
21,45,245.51583862304688,481.913818359375,309.87750244140625,532.2366943359375
22,45,245.88999938964844,484.29510498046875,309.9457702636719,532.3980102539062
23,45,245.92347717285156,483.8612365722656,311.3529968261719,532.5184326171875
24,45,246.15618896484375,483.71746826171875,312.88885498046875,532.9964599609375
25,45,247.44808959960938,484.0773010253906,313.7382507324219,533.0225219726562
26,45,248.1680145263672,483.5426025390625,314.3622131347656,533.1004028320312
27,45,248.12380981445312,482.7785339355469,315.3511962890625,533.0204467773438
28,45,248.27760314941406,481.79327392578125,316.606201171875,532.9883422851562
29,45,248.31703186035156,481.4608154296875,316.8943786621094,534.4736328125
30,45,248.48843383789062,481.5857849121094,318.04595947265625,534.8822021484375
31,45,249.0836181640625,483.6673583984375,318.93267822265625,535.4945068359375
32,45,249.19190979003906,482.7127380371094,318.4560852050781,536.72216796875
33,45,249.6336212158203,483.0605773925781,318.9756164550781,537.4161376953125
34,45,249.7948455810547,483.4029846191406,319.35498046875,537.5941162109375
35,45,249.96641540527344,483.568603515625,319.9263610839844,537.8426513671875
36,45,250.52862548828125,483.3523864746094,321.18475341796875,537.8125
37,45,251.22372436523438,482.656494140625,323.6199951171875,537.9972534179688
38,45,252.33242797851562,482.0334777832031,324.3857116699219,538.0863647460938
39,45,252.96556091308594,480.6559753417969,325.5989074707031,538.42041015625
40,45,253.49732971191406,479.38787841796875,327.4823303222656,538.553955078125
41,45,253.33538818359375,478.2472229003906,327.3035583496094,539.488525390625
42,45,253.23214721679688,478.48675537109375,329.716064453125,539.6290283203125
43,45,252.53268432617188,478.38580322265625,331.4287109375,540.1818237304688
44,45,252.1875457763672,480.4635009765625,331.1159973144531,541.859375
45,45,253.58090209960938,481.29248046875,332.08837890625,542.5842895507812
46,45,254.3750457763672,481.6542663574219,334.03924560546875,542.9536743164062
47,45,255.39248657226562,482.0512390136719,334.7674865722656,543.8501586914062
48,45,255.6552276611328,481.8987121582031,335.84814453125,544.3809204101562
49,45,255.370849609375,480.9603271484375,336.71966552734375,544.65478515625
50,45,256.25244140625,479.5419921875,338.7702941894531,544.3045043945312
51,45,256.93646240234375,478.4669189453125,340.4211120605469,544.9887084960938
52,45,257.0213317871094,477.9339294433594,341.8656921386719,545.813232421875
53,45,257.522705078125,478.1412048339844,343.59649658203125,546.8231201171875
54,45,257.8362731933594,477.7340393066406,344.2252502441406,547.4556274414062
55,45,258.20819091796875,478.0314636230469,345.01824951171875,547.708251953125
56,45,258.94256591796875,477.2578125,346.8528747558594,547.82470703125
57,45,261.53973388671875,478.3559265136719,347.3108825683594,547.7439575195312
58,45,263.47454833984375,478.3016357421875,349.4776916503906,548.396484375
59,45,263.28662109375,478.2950439453125,352.9733581542969,549.6600341796875
60,45,264.1961364746094,478.62701416015625,355.0833740234375,550.3139038085938
61,45,263.89007568359375,478.7088623046875,355.8665466308594,549.7819213867188
62,45,264.4151611328125,478.89361572265625,358.034912109375,550.1687622070312
63,45,264.63134765625,479.58441162109375,359.49700927734375,551.0407104492188
64,45,264.87420654296875,480.6827087402344,361.6247863769531,552.1724853515625
65,45,266.0340270996094,481.4061584472656,362.7059020996094,552.9263305664062
66,45,266.9772033691406,480.34796142578125,364.76043701171875,553.1311645507812
67,45,267.8160400390625,479.3951110839844,366.92608642578125,552.8439331054688
68,45,268.91851806640625,479.2010498046875,369.185302734375,553.1892700195312
69,45,270.6323547363281,478.8062744140625,370.926513671875,554.6204223632812
70,45,271.5512390136719,478.5982360839844,372.88653564453125,555.2191772460938
71,45,272.46160888671875,478.6947937011719,375.7562561035156,555.3309326171875
72,45,272.3091735839844,477.83837890625,378.0787048339844,556.11962890625
73,45,273.5788879394531,478.2485656738281,380.06036376953125,558.0371704101562
74,45,274.88916015625,477.9096984863281,381.53558349609375,559.5844116210938
75,45,275.96368408203125,478.0656433105469,382.8759460449219,559.7738037109375
76,45,278.0685729980469,478.7082214355469,385.5963439941406,560.5376586914062
77,45,278.6403503417969,478.63214111328125,387.4066162109375,561.4453125
78,45,280.50811767578125,478.7488098144531,389.91143798828125,562.267578125
79,45,280.0277404785156,478.32818603515625,392.22747802734375,562.506103515625
80,45,279.70709228515625,477.69036865234375,396.50604248046875,563.260498046875
81,45,279.6662902832031,477.65032958984375,399.2258605957031,563.9370727539062
82,45,282.4065246582031,477.81768798828125,402.9899597167969,564.7124633789062
83,45,284.4688720703125,477.6466064453125,405.466552734375,565.8673095703125
84,45,286.35406494140625,478.0831604003906,407.87322998046875,566.5812377929688
85,45,288.6574401855469,478.1969909667969,410.8354797363281,567.3660888671875
86,45,289.2673034667969,477.6372375488281,414.025146484375,568.9423828125
87,45,290.6812438964844,476.8315734863281,417.56640625,570.6302490234375
88,45,291.49786376953125,476.3855285644531,420.3944091796875,572.1836547851562
89,45,292.2332458496094,474.40704345703125,423.22796630859375,573.3941650390625
90,45,292.8945007324219,474.7156982421875,427.35699462890625,574.9398193359375
91,45,296.1149597167969,474.4718933105469,431.07049560546875,575.5831909179688
92,45,298.18365478515625,473.9356384277344,433.883056640625,575.7644653320312
93,45,299.74517822265625,473.7212219238281,438.11474609375,577.0146484375
94,45,301.8838806152344,473.9456787109375,441.3139953613281,577.243896484375
95,45,302.4344177246094,473.7789611816406,444.977294921875,578.9033813476562
96,45,304.6197204589844,473.3719787597656,448.7834167480469,580.5325927734375
97,45,305.9391174316406,473.68768310546875,453.6575012207031,584.3347778320312
98,45,307.9193115234375,474.0389099121094,458.6002502441406,586.8480224609375
99,45,309.548828125,474.4916076660156,463.0141906738281,588.4483032226562
100,45,311.8993225097656,474.39959716796875,468.1387023925781,590.8047485351562
101,45,312.4886779785156,473.7176818847656,474.2436828613281,591.9739990234375
102,45,312.8081359863281,473.92901611328125,479.1705627441406,594.9852294921875
103,45,313.503662109375,474.1175231933594,483.4315490722656,596.7196044921875
104,45,315.7806396484375,473.1832580566406,489.1076354980469,597.6613159179688
105,45,317.69219970703125,473.2178649902344,494.31842041015625,599.19677734375
106,45,320.7447509765625,472.8131408691406,500.7225036621094,600.2066040039062
107,45,322.6464538574219,471.31591796875,507.0936584472656,602.437255859375
108,45,327.9883728027344,471.5347595214844,512.9011840820312,603.7254028320312
109,45,331.3825378417969,469.8251647949219,519.8419799804688,607.883544921875
110,45,332.544677734375,469.2670593261719,527.741943359375,611.2418823242188
111,45,334.4862365722656,468.57421875,534.2760620117188,614.065185546875
112,45,336.978271484375,468.3437805175781,541.54541015625,617.4986572265625
113,45,340.0911560058594,467.7184143066406,549.5476684570312,619.5283813476562
114,45,344.9393310546875,467.4200134277344,556.5230712890625,621.017822265625
115,45,347.1996765136719,466.76544189453125,566.1371459960938,624.833251953125
116,45,349.4209289550781,467.8794250488281,574.3267822265625,627.6156005859375
117,45,353.8719177246094,467.7483215332031,584.658935546875,630.0059204101562
118,45,357.6500549316406,467.1619567871094,593.8641357421875,634.9422607421875
119,45,360.1566162109375,466.2848205566406,604.2344360351562,638.4672241210938
120,45,364.85797119140625,465.5844421386719,615.5128173828125,641.8909301757812
121,45,369.0514831542969,464.6599426269531,624.7832641601562,645.1512451171875
122,45,372.6571350097656,463.9731750488281,638.2451171875,651.501220703125
123,45,377.5885925292969,462.89892578125,650.5364379882812,655.3786010742188
124,45,381.1405334472656,461.9091491699219,662.9309692382812,659.487548828125
125,45,386.7578430175781,461.2507019042969,678.5208129882812,663.7218017578125
126,45,392.67193603515625,460.41815185546875,693.4445190429688,667.5006103515625
127,45,398.65093994140625,458.5961608886719,709.0633544921875,670.9484252929688
128,45,403.9229736328125,456.98748779296875,726.8043212890625,678.7573852539062
129,45,410.2377014160156,454.6611633300781,744.5403442382812,687.4343872070312
130,45,416.7771301269531,453.32952880859375,762.8390502929688,692.4730224609375
131,45,421.6004333496094,453.4600830078125,782.90869140625,701.9573974609375
132,45,427.6835021972656,453.60400390625,805.402587890625,709.2992553710938
133,45,435.5162658691406,453.53704833984375,827.8580932617188,711.4540405273438
134,45,443.6401062011719,452.5484619140625,852.9032592773438,719.7804565429688
135,45,451.8031311035156,451.8304748535156,880.905029296875,730.6681518554688
136,45,458.6473693847656,451.25811767578125,911.3340454101562,742.6798095703125
137,45,468.8439636230469,449.4488525390625,943.38916015625,750.35498046875
138,45,478.9532165527344,445.3858642578125,979.0270385742188,761.6250610351562
139,45,490.0628356933594,444.1251525878906,1017.8441772460938,774.4434204101562
140,45,501.681640625,444.8105773925781,1060.817138671875,790.3887939453125
141,45,514.5761108398438,444.72412109375,1107.95068359375,802.1517333984375
142,45,528.8165283203125,444.6741638183594,1157.7445068359375,817.638671875
143,45,543.8014526367188,443.21875,1214.412353515625,838.6820678710938
144,45,559.9618530273438,440.8527526855469,1278.812744140625,862.9132080078125
145,45,577.0831909179688,438.12664794921875,1350.3125,888.704833984375
146,45,594.6905517578125,435.85406494140625,1428.209716796875,920.8300170898438
147,45,617.221435546875,433.08013916015625,1516.48681640625,950.3582153320312
148,45,641.9616088867188,431.4179382324219,1618.3870849609375,988.8912353515625
149,45,665.8971557617188,428.91741943359375,1735.2423095703125,1035.528076171875
150,45,696.283447265625,427.3980712890625,1865.4521484375,1063.4749755859375
151,45,727.602783203125,422.5938720703125,1918.9732666015625,1074.752685546875
152,45,764.0254516601562,415.89593505859375,1920.0,1080.0
153,45,805.8298950195312,410.54364013671875,1920.0,1080.0
154,45,854.0433349609375,404.259033203125,1920.0,1080.0
155,45,911.8328857421875,394.9181823730469,1920.0,1078.566162109375
156,45,978.4127197265625,386.791259765625,1920.0,1076.441162109375
157,45,1054.049072265625,377.4314270019531,1920.0,1075.4892578125
158,45,1140.9893798828125,367.4245910644531,1920.0,1075.279541015625
159,45,1254.259765625,361.87091064453125,1920.0,1074.5008544921875
160,45,1384.345947265625,370.7105407714844,1920.0,1076.6910400390625
161,45,1548.2647705078125,409.9427490234375,1920.0,1076.7779541015625
162,45,1758.4879150390625,572.2869873046875,1920.0,1076.6502685546875
