32,62,236.4591827392578,356.5362854003906,282.630859375,392.8548278808594
33,62,237.08038330078125,357.2221374511719,284.0460510253906,393.0603942871094
34,62,236.91375732421875,357.0321350097656,284.54791259765625,392.86181640625
35,62,237.3125457763672,356.424072265625,285.0299072265625,392.9981384277344
36,62,237.2720947265625,357.97607421875,286.8772277832031,393.1440734863281
37,62,238.31626892089844,359.3171081542969,288.0356140136719,393.40460205078125
38,62,238.999267578125,357.615478515625,289.0447998046875,392.9873962402344
39,62,239.0795440673828,357.4618225097656,290.81329345703125,393.1225280761719
40,62,239.09835815429688,356.9352111816406,292.4122314453125,393.9424133300781
41,62,239.19456481933594,355.9521789550781,292.1143798828125,394.0445556640625
42,62,239.8688201904297,356.2850036621094,292.8556823730469,394.4353332519531
43,62,240.28077697753906,356.3136901855469,293.8027038574219,394.8401794433594
44,62,240.37319946289062,353.8932800292969,293.86834716796875,394.91046142578125
45,62,240.66940307617188,354.30462646484375,294.74078369140625,395.1861572265625
46,62,240.07691955566406,354.3486022949219,296.27178955078125,395.072998046875
47,62,240.94078063964844,353.27728271484375,298.3537902832031,395.0119323730469
48,62,241.36651611328125,352.3363037109375,299.3312683105469,395.06573486328125
49,62,242.3116455078125,352.24285888671875,300.4136962890625,395.2442321777344
50,62,242.60562133789062,352.70770263671875,302.978515625,396.1160888671875
51,62,242.3840789794922,352.8611145019531,304.2802734375,396.4896545410156
52,62,242.26829528808594,354.2894592285156,306.3079528808594,397.1890869140625
53,62,242.6748504638672,354.10565185546875,307.427978515625,397.7855224609375
54,62,243.78439331054688,352.4417419433594,307.9105529785156,398.4924621582031
55,62,244.8432159423828,350.94561767578125,309.12762451171875,399.8635559082031
56,62,244.77667236328125,349.88470458984375,309.5118713378906,399.8946533203125
57,62,244.49136352539062,349.0355529785156,311.03521728515625,400.36688232421875
58,62,244.77169799804688,348.11187744140625,313.240478515625,400.7541198730469
59,62,246.86972045898438,347.0116271972656,315.7235412597656,402.2357482910156
60,62,247.31509399414062,345.865478515625,319.5358581542969,402.99786376953125
61,62,248.16522216796875,345.8615417480469,320.41448974609375,403.4805908203125
62,62,249.03488159179688,347.1227111816406,321.72216796875,404.0180969238281
63,62,250.2379913330078,347.7588195800781,323.4974060058594,404.5419616699219
64,62,250.4972381591797,345.49407958984375,325.0847473144531,404.54583740234375
65,62,251.1270751953125,345.6537780761719,328.22625732421875,406.0028076171875
66,62,251.6888885498047,346.16473388671875,330.3603515625,407.4718933105469
67,62,252.90977478027344,346.6393127441406,332.0638427734375,408.2699890136719
68,62,254.59434509277344,347.1708068847656,334.0902099609375,409.2448425292969
69,62,256.3487243652344,346.96063232421875,334.56622314453125,410.0179748535156
70,62,255.28814697265625,346.6332092285156,338.0940246582031,410.8389587402344
71,62,255.60562133789062,347.0203857421875,341.6994934082031,411.74212646484375
72,62,256.6132507324219,346.4864501953125,345.0084228515625,412.73828125
73,62,257.96875,345.3310546875,347.1275329589844,414.2813415527344
74,62,258.6593322753906,345.706298828125,349.5407409667969,415.82733154296875
75,62,259.6712951660156,346.522216796875,351.71661376953125,416.7310791015625
76,62,261.348876953125,346.0503234863281,353.62811279296875,418.0748596191406
77,62,263.1758728027344,345.9103088378906,357.0875549316406,419.5059509277344
78,62,264.71429443359375,346.18707275390625,359.84783935546875,420.2279357910156
79,62,264.6571044921875,346.3942565917969,364.0389404296875,421.5804748535156
80,62,265.1673278808594,346.2488098144531,366.39984130859375,424.2771301269531
81,62,265.9211120605469,345.79266357421875,370.80938720703125,425.709716796875
82,62,267.8542175292969,344.0361633300781,374.31109619140625,427.0039367675781
83,62,269.0594787597656,343.34539794921875,377.8141174316406,428.5689697265625
84,62,271.6190490722656,343.0054626464844,382.0089111328125,429.64093017578125
85,62,276.3947448730469,343.2423095703125,385.9375915527344,430.1539611816406
86,62,276.0577087402344,342.9476623535156,390.98614501953125,431.38446044921875
87,62,277.3971252441406,342.8001403808594,395.8931884765625,432.5662536621094
88,62,280.0413513183594,341.9790954589844,401.075439453125,433.9263000488281
89,62,281.60797119140625,341.5023498535156,407.7695007324219,437.15972900390625
90,62,282.3009338378906,340.1076965332031,412.9777526855469,440.44622802734375
91,62,286.2543640136719,338.9918212890625,419.25860595703125,442.9085388183594
92,62,287.5804443359375,338.8763122558594,424.6561584472656,445.2281799316406
93,62,288.4257507324219,337.531494140625,431.75311279296875,448.7268371582031
94,62,291.18096923828125,336.8948059082031,438.3411865234375,450.072265625
95,62,293.264404296875,336.1351013183594,445.4384765625,453.0329284667969
96,62,298.98553466796875,335.6325988769531,453.8358459472656,455.38543701171875
97,62,302.1340637207031,335.82354736328125,461.4508056640625,457.8004455566406
98,62,304.4354553222656,335.79632568359375,470.9890441894531,461.84222412109375
99,62,308.9095764160156,335.3469543457031,480.4878234863281,465.5114440917969
100,62,311.53955078125,334.3666687011719,491.6017761230469,469.8718566894531
101,62,313.8980712890625,333.2562561035156,502.9230041503906,474.68560791015625
102,62,316.65802001953125,332.91290283203125,515.1708374023438,477.608642578125
103,62,321.138427734375,332.238037109375,526.99853515625,481.7897033691406
104,62,325.4750671386719,331.1349792480469,541.87646484375,488.50018310546875
105,62,329.8232421875,329.0399169921875,558.7828369140625,494.4164123535156
106,62,334.02874755859375,327.48944091796875,574.4088745117188,499.9390563964844
107,62,340.2353820800781,324.8912353515625,593.807861328125,507.628662109375
108,62,346.3334045410156,323.1704406738281,613.9151000976562,514.2440795898438
109,62,354.1105651855469,321.6628723144531,637.51708984375,523.2411499023438
110,62,361.8966979980469,318.6421813964844,663.28515625,531.5352172851562
111,62,370.52581787109375,314.8083801269531,692.5635375976562,541.1876220703125
112,62,378.5584716796875,312.0654296875,726.0027465820312,551.1956787109375
113,62,389.25250244140625,308.8440856933594,760.5439453125,563.6425170898438
114,62,400.0126647949219,306.8541259765625,803.990478515625,578.1513671875
115,62,413.6796569824219,304.25775146484375,851.9172973632812,595.2015991210938
116,62,427.5625305175781,299.5848693847656,910.5507202148438,614.710205078125
117,62,444.5385437011719,296.07965087890625,977.5059204101562,639.23583984375
118,62,463.4414978027344,293.139404296875,1058.7344970703125,666.9840698242188
119,62,486.2430114746094,290.01727294921875,1155.984130859375,698.545654296875
120,62,511.1708679199219,284.123046875,1279.8729248046875,743.2428588867188
121,62,541.0391845703125,274.2000427246094,1429.55517578125,802.3696899414062
122,62,577.8270263671875,265.0412292480469,1628.9576416015625,881.255859375
123,62,617.7015991210938,253.92523193359375,1821.513427734375,996.7515869140625
124,62,667.5560302734375,239.20938110351562,1902.176513671875,1051.4564208984375
125,62,751.5618286132812,217.4679412841797,1920.0,1073.316650390625
126,62,856.192138671875,190.61338806152344,1920.0,1074.6961669921875
127,62,997.0946655273438,157.63864135742188,1920.0,1077.826904296875
128,62,1207.076904296875,144.9578094482422,1920.0,1080.0
