10,39,236.65591430664062,379.7409973144531,308.050048828125,435.3011779785156
11,39,237.18421936035156,379.8434143066406,309.3681640625,435.39227294921875
12,39,237.71963500976562,379.8343505859375,311.743896484375,436.7515563964844
13,39,238.1177215576172,379.91180419921875,312.3375549316406,437.1780700683594
14,39,237.74893188476562,379.82666015625,313.261962890625,436.6983337402344
15,39,237.80459594726562,379.5965576171875,315.22149658203125,436.64935302734375
16,39,238.3351287841797,379.00274658203125,316.67333984375,437.0607604980469
17,39,238.75613403320312,379.24151611328125,317.60198974609375,437.0613708496094
18,39,239.95396423339844,378.77728271484375,319.78106689453125,436.6474914550781
19,39,240.08648681640625,379.1326599121094,320.1354064941406,437.47198486328125
20,39,240.13417053222656,379.2389831542969,322.07830810546875,438.060302734375
21,39,240.07789611816406,377.90576171875,323.5952453613281,438.5047607421875
22,39,239.68394470214844,377.85284423828125,324.4364929199219,439.9432373046875
23,39,238.9558868408203,378.48333740234375,325.6441345214844,440.6403503417969
24,39,239.55386352539062,378.1121826171875,326.1514892578125,440.4970397949219
25,39,239.44200134277344,378.1830749511719,326.67718505859375,440.7621765136719
26,39,239.4093475341797,378.0623474121094,328.1530456542969,440.6551513671875
27,39,240.08937072753906,378.9732360839844,328.6783142089844,441.0260314941406
28,39,240.83856201171875,378.8104553222656,329.5106506347656,441.3856201171875
29,39,241.32070922851562,378.9424743652344,331.1109313964844,441.6527404785156
30,39,242.32150268554688,378.8407287597656,332.72088623046875,441.7878112792969
31,39,243.4683074951172,378.20611572265625,333.4670104980469,442.4704895019531
32,39,243.68386840820312,379.1336364746094,334.233642578125,442.3939208984375
33,39,245.11126708984375,379.6463928222656,336.35650634765625,442.0649108886719
34,39,246.39593505859375,379.5157775878906,337.3876953125,442.0250549316406
35,39,246.9156036376953,378.2691955566406,338.642822265625,442.7035217285156
36,39,247.64096069335938,377.8544921875,339.2684631347656,443.4971923828125
37,39,249.5454864501953,377.2881774902344,339.9183349609375,444.32568359375
38,39,250.2095947265625,376.3624572753906,342.05419921875,445.37152099609375
39,39,250.82757568359375,376.283447265625,343.247802734375,446.177001953125
40,39,252.06402587890625,375.4205322265625,344.83709716796875,447.0009765625
41,39,252.6995391845703,375.0195007324219,346.9311218261719,447.2002868652344
42,39,253.0731201171875,375.1712951660156,348.1513671875,447.7402648925781
43,39,253.50579833984375,375.14947509765625,349.6743469238281,448.3728942871094
44,39,253.7803497314453,374.98101806640625,351.3844299316406,449.4240417480469
45,39,254.05355834960938,375.3616943359375,352.18463134765625,449.9612731933594
46,39,254.53831481933594,375.4485778808594,353.9602355957031,450.2754211425781
47,39,255.17208862304688,375.6789245605469,354.8386535644531,450.69183349609375
48,39,256.08056640625,376.2146911621094,356.0381774902344,450.9560241699219
49,39,255.8985595703125,374.798828125,358.74884033203125,450.8114318847656
50,39,257.2503967285156,374.41680908203125,361.1287841796875,451.10614013671875
51,39,257.4180603027344,374.3563232421875,362.8935852050781,451.4898376464844
52,39,257.17254638671875,374.1948547363281,363.673828125,451.8396911621094
53,39,259.1202697753906,375.1995544433594,364.3552551269531,452.4410400390625
54,39,261.0263366699219,374.6123962402344,366.7087707519531,453.1456298828125
55,39,262.2082214355469,374.5105285644531,368.398193359375,453.5570983886719
56,39,261.1649169921875,373.352783203125,370.6448669433594,453.9737548828125
57,39,262.2308044433594,373.09637451171875,372.008056640625,453.8205261230469
58,39,263.7955627441406,372.4004211425781,373.2524719238281,454.43536376953125
59,39,264.7472229003906,371.6636962890625,374.6494140625,454.9837341308594
60,39,265.5356750488281,371.3848571777344,376.4652099609375,455.589599609375
61,39,266.84722900390625,370.8858337402344,378.5771789550781,455.8465270996094
62,39,266.7560729980469,371.08123779296875,381.2358093261719,456.3389892578125
63,39,266.56988525390625,370.9532165527344,383.6449279785156,456.763916015625
64,39,266.8548583984375,371.09307861328125,385.6312561035156,457.16729736328125
65,39,267.9661865234375,369.9261779785156,387.5433349609375,457.5290832519531
66,39,268.7249450683594,369.2691955566406,390.0290222167969,458.605712890625
67,39,269.07470703125,368.43548583984375,391.860595703125,459.5376281738281
68,39,269.5318298339844,368.1323547363281,394.0207214355469,460.26702880859375
69,39,271.3437194824219,368.331787109375,397.2931213378906,461.0389099121094
70,39,271.53125,368.16815185546875,400.2961730957031,463.23394775390625
71,39,274.5419616699219,367.8662109375,402.5057067871094,464.40338134765625
72,39,274.2619934082031,367.5219421386719,404.46942138671875,465.7587585449219
73,39,276.7499084472656,366.8516540527344,407.912841796875,466.2682800292969
74,39,276.2498474121094,367.1732482910156,410.41949462890625,467.1144104003906
75,39,276.2331848144531,367.4388122558594,412.86968994140625,467.763916015625
76,39,277.1565246582031,366.101318359375,415.6522216796875,468.8324890136719
77,39,278.7153015136719,365.2553405761719,418.8377685546875,470.00823974609375
78,39,278.926513671875,365.3645935058594,422.2847900390625,470.4207458496094
79,39,279.8606872558594,365.187744140625,424.8341979980469,471.8358154296875
80,39,282.3966064453125,365.66644287109375,426.20574951171875,473.2899475097656
81,39,282.979736328125,365.4635314941406,428.94512939453125,475.0157775878906
82,39,284.7376403808594,365.873046875,432.18701171875,475.5541076660156
83,39,286.66607666015625,365.4925231933594,435.73382568359375,476.5710144042969
84,39,288.3168640136719,364.8608703613281,439.5084533691406,476.5632629394531
85,39,289.2805480957031,363.9645080566406,443.039306640625,478.1434020996094
86,39,289.5549011230469,363.6400146484375,447.15875244140625,479.489013671875
87,39,290.0820007324219,363.3266296386719,451.6286315917969,480.5148620605469
88,39,291.5263977050781,362.5193176269531,454.48052978515625,482.27960205078125
89,39,293.0906066894531,361.70013427734375,455.9872741699219,483.2959289550781
90,39,296.042236328125,361.3544006347656,460.1632995605469,485.89068603515625
91,39,299.5361633300781,361.2198486328125,465.47601318359375,487.8115539550781
92,39,301.32562255859375,360.8082275390625,470.39434814453125,489.84375
93,39,301.57421875,360.6800537109375,474.88580322265625,490.7373046875
94,39,302.7384948730469,360.8426513671875,479.4364318847656,492.35589599609375
95,39,303.875732421875,360.6310729980469,483.2921142578125,493.43890380859375
96,39,305.43304443359375,360.90814208984375,488.8598937988281,494.7162780761719
97,39,306.5940246582031,360.7919006347656,494.126220703125,495.98382568359375
98,39,309.2880859375,360.3547058105469,497.7364196777344,497.78851318359375
99,39,310.8035888671875,360.05023193359375,503.33941650390625,499.4874267578125
100,39,311.88848876953125,359.4090881347656,507.7687072753906,501.70257568359375
101,39,312.8424987792969,359.1459655761719,512.6133422851562,503.6278991699219
102,39,314.657958984375,359.38092041015625,519.1135864257812,506.1695861816406
103,39,318.1244201660156,359.488525390625,525.4534301757812,507.8654479980469
104,39,321.3019104003906,358.8529968261719,530.8958129882812,509.4792175292969
105,39,323.22174072265625,358.3106384277344,537.3969116210938,512.26220703125
106,39,325.54864501953125,357.9917297363281,544.587158203125,514.967041015625
107,39,328.41668701171875,357.3206787109375,551.5498046875,518.3385009765625
108,39,331.3761901855469,356.52935791015625,557.3662719726562,520.6937255859375
109,39,332.87957763671875,356.50250244140625,566.23193359375,523.7271118164062
110,39,334.6630859375,355.521484375,573.4998779296875,524.880615234375
111,39,336.5288391113281,354.9867858886719,580.2117919921875,526.7345581054688
112,39,338.6129150390625,353.85565185546875,591.0933837890625,530.4898071289062
113,39,342.7984924316406,353.2539978027344,599.2011108398438,533.2140502929688
114,39,346.25433349609375,353.2453308105469,607.2105102539062,537.7205810546875
115,39,349.2856140136719,352.2059020996094,615.6046752929688,540.1732788085938
116,39,353.919677734375,351.4674987792969,626.0073852539062,542.5789794921875
117,39,357.6055603027344,351.0967102050781,636.8802490234375,546.1326904296875
118,39,360.63037109375,350.39208984375,646.9140625,549.6575317382812
119,39,363.1637878417969,350.07049560546875,657.7779541015625,552.3555908203125
120,39,367.5773620605469,349.3245849609375,669.8272094726562,558.0256958007812
121,39,371.60076904296875,347.7200622558594,683.0643310546875,564.0691528320312
122,39,375.6678771972656,347.1810302734375,696.6580810546875,567.0956420898438
123,39,381.1158142089844,346.86541748046875,708.9195556640625,568.7201538085938
124,39,383.2304992675781,347.0414123535156,724.0414428710938,572.794189453125
125,39,387.71630859375,345.5854187011719,739.0404663085938,575.701416015625
126,39,391.9823913574219,344.7326354980469,755.5347290039062,583.4551391601562
127,39,396.4478454589844,344.25006103515625,771.85302734375,588.299560546875
128,39,402.2878723144531,341.7692565917969,789.4681396484375,596.07373046875
129,39,407.8542175292969,339.52142333984375,809.4285888671875,603.5148315429688
130,39,414.2672424316406,336.464599609375,830.367919921875,611.3681640625
131,39,421.2972717285156,334.6331787109375,851.8363037109375,616.37939453125
132,39,426.77197265625,332.1484680175781,877.491455078125,624.8850708007812
133,39,434.0771484375,331.9192199707031,900.619140625,630.05322265625
134,39,438.64556884765625,330.7594299316406,926.4827270507812,638.134033203125
135,39,448.5885009765625,330.94091796875,951.8872680664062,649.1317749023438
136,39,457.3190612792969,329.8671569824219,982.6901245117188,658.4494018554688
137,39,466.6579895019531,328.8999938964844,1017.3494873046875,670.3900146484375
138,39,475.26116943359375,329.1838073730469,1051.7860107421875,683.4291381835938
139,39,482.7802734375,328.18865966796875,1089.445556640625,697.1182861328125
140,39,495.8744812011719,327.81256103515625,1130.31298828125,709.6843872070312
141,39,505.67681884765625,326.41448974609375,1176.128173828125,723.6558837890625
142,39,517.6963500976562,322.6076354980469,1224.1693115234375,742.1408081054688
143,39,530.9176635742188,319.46734619140625,1276.405029296875,759.791259765625
144,39,544.0987548828125,316.96923828125,1334.9453125,784.0123291015625
145,39,557.3497924804688,313.4405822753906,1401.6376953125,804.528564453125
146,39,572.7315063476562,310.1195373535156,1471.04638671875,834.0137329101562
147,39,587.507080078125,307.6405029296875,1551.169677734375,860.1045532226562
148,39,607.8307495117188,305.3106689453125,1639.0220947265625,895.154296875
149,39,628.5652465820312,301.8647155761719,1737.416015625,931.8389892578125
150,39,649.8909301757812,296.0360412597656,1848.72705078125,975.3284912109375
151,39,676.1197509765625,291.6546936035156,1911.7193603515625,1031.1607666015625
152,39,703.705322265625,286.5587463378906,1920.0,1062.9678955078125
153,39,733.0336303710938,280.9719543457031,1920.0,1080.0
154,39,764.7763671875,273.9410705566406,1920.0,1080.0
155,39,803.6001586914062,265.73919677734375,1920.0,1080.0
156,39,843.5753784179688,258.3595886230469,1920.0,1080.0
157,39,891.2678833007812,248.79708862304688,1920.0,1077.0399169921875
158,39,941.4085693359375,238.0303955078125,1920.0,1072.883056640625
159,39,1004.4240112304688,227.81910705566406,1920.0,1070.517822265625
160,39,1075.2606201171875,221.70263671875,1920.0,1071.1053466796875
161,39,1156.966552734375,214.0978546142578,1920.0,1071.250244140625
162,39,1254.0269775390625,212.72544860839844,1920.0,1072.2802734375
163,39,1361.88232421875,222.7085418701172,1920.0,1074.9000244140625
164,39,1495.5157470703125,259.8370056152344,1920.0,1075.9346923828125
165,39,1657.9019775390625,370.2141418457031,1920.0,1074.9735107421875
