64,43,305.8083190917969,323.2269592285156,368.7054748535156,366.6903991699219
65,43,305.90472412109375,323.6637268066406,368.5858154296875,366.9500732421875
66,43,306.08428955078125,323.5290222167969,369.8200988769531,367.4854431152344
67,43,305.6258544921875,323.406982421875,371.4686584472656,367.6647033691406
68,43,305.5462951660156,324.0198669433594,372.5160827636719,368.29730224609375
69,43,307.03765869140625,323.2841491699219,372.7073669433594,368.2677307128906
70,43,307.9745788574219,322.9598693847656,373.520263671875,368.40374755859375
71,43,308.7518615722656,322.1362609863281,373.7307434082031,368.4203186035156
72,43,309.1966857910156,321.1942138671875,373.8465576171875,369.0059814453125
73,43,309.1439514160156,320.9239196777344,374.9022521972656,369.2723693847656
74,43,307.7912292480469,321.9492492675781,377.9057922363281,370.0298156738281
75,43,307.83294677734375,322.2221984863281,378.5234680175781,370.371337890625
76,43,308.93292236328125,321.5574951171875,379.0044250488281,370.2004699707031
77,43,308.96337890625,321.6449279785156,380.9138488769531,370.5444641113281
78,43,309.2469177246094,321.50323486328125,382.01824951171875,370.6256103515625
79,43,309.8910217285156,321.50531005859375,383.4234924316406,370.6091003417969
80,43,310.65277099609375,320.88214111328125,384.9909362792969,370.7616271972656
81,43,311.2361145019531,320.16046142578125,386.22332763671875,371.21807861328125
82,43,311.3592529296875,320.0412902832031,387.2056579589844,371.34393310546875
83,43,311.51104736328125,320.0836486816406,387.7996520996094,371.5053405761719
84,43,311.8902282714844,319.9117431640625,388.4737243652344,371.7987060546875
85,43,312.25567626953125,319.91400146484375,389.2435302734375,372.3429260253906
86,43,312.37969970703125,319.5284729003906,391.1319274902344,373.14862060546875
87,43,312.3389892578125,319.61285400390625,392.9739074707031,374.2121887207031
88,43,312.7681884765625,319.4120178222656,394.0780029296875,375.29437255859375
89,43,313.5809631347656,319.3321838378906,395.8022155761719,376.4956359863281
90,43,314.7701110839844,318.77679443359375,396.5482177734375,376.9427490234375
91,43,315.3330383300781,318.51971435546875,397.5697326660156,377.5518798828125
92,43,315.44635009765625,318.70819091796875,398.419921875,379.06707763671875
93,43,315.6917724609375,318.9405212402344,399.0480651855469,379.7684020996094
94,43,315.6993103027344,319.6368713378906,399.22930908203125,380.0920104980469
95,43,316.618896484375,319.06787109375,400.6386413574219,380.62628173828125
96,43,317.6058044433594,318.822998046875,401.1709289550781,380.711181640625
97,43,319.3135681152344,319.2101135253906,403.4151611328125,381.2167663574219
98,43,320.2942199707031,319.97161865234375,404.38897705078125,381.4565734863281
99,43,320.6468200683594,320.9735412597656,407.1752014160156,381.91644287109375
100,43,321.6579284667969,321.2227783203125,409.06591796875,382.4215087890625
101,43,322.5697021484375,321.0931091308594,410.7021484375,382.85009765625
102,43,323.1533203125,320.98199462890625,412.011962890625,383.7613220214844
103,43,324.1831359863281,320.75262451171875,415.0042724609375,384.52880859375
104,43,324.9183349609375,320.759521484375,417.2684020996094,385.80950927734375
105,43,325.0982360839844,320.58319091796875,419.4491882324219,386.4735412597656
106,43,325.9977111816406,320.75714111328125,420.9082946777344,386.6148376464844
107,43,326.6227111816406,320.6982116699219,423.3840026855469,387.3218688964844
108,43,327.0685119628906,320.79193115234375,425.5940246582031,388.28924560546875
109,43,327.1800231933594,321.0287780761719,427.41412353515625,388.97711181640625
110,43,325.96844482421875,320.872802734375,428.9410400390625,391.1669921875
111,43,326.5176086425781,319.7480773925781,430.7383117675781,393.0631408691406
112,43,328.0438537597656,318.9954528808594,432.69256591796875,393.453125
113,43,328.9348449707031,319.1429748535156,434.4645080566406,393.7906799316406
114,43,329.99627685546875,319.2784118652344,436.7630310058594,394.75653076171875
115,43,330.739013671875,319.29833984375,440.24066162109375,396.0068359375
116,43,332.513916015625,318.80511474609375,443.89691162109375,396.5834045410156
117,43,333.194580078125,318.8855285644531,446.6647033691406,397.1177673339844
118,43,334.48223876953125,318.3900451660156,448.66864013671875,398.42474365234375
119,43,336.17529296875,317.8761291503906,452.0074462890625,400.2928466796875
120,43,337.0155029296875,317.6835021972656,455.877685546875,401.80963134765625
121,43,337.3084716796875,317.9913635253906,458.8763427734375,402.29937744140625
122,43,337.8143310546875,317.5757751464844,460.97747802734375,404.1443176269531
123,43,338.00390625,317.7079162597656,463.5470886230469,405.1034240722656
124,43,338.9317321777344,317.5787658691406,467.2050476074219,406.4268493652344
125,43,340.164794921875,317.24224853515625,469.7889709472656,408.00799560546875
126,43,340.8542175292969,316.95367431640625,472.99053955078125,410.1530456542969
127,43,341.9359130859375,316.60931396484375,476.1550598144531,411.9433288574219
128,43,343.0200500488281,316.6361083984375,479.6944885253906,414.6667175292969
129,43,345.2342529296875,316.4645080566406,483.3469543457031,415.5263977050781
130,43,346.1652526855469,316.71624755859375,486.275634765625,417.5589599609375
131,43,347.75445556640625,316.4933166503906,491.2624206542969,417.3506164550781
132,43,347.06109619140625,316.43646240234375,495.8804016113281,419.1687927246094
133,43,350.2274169921875,316.378662109375,500.8382873535156,421.05078125
134,43,350.38031005859375,316.4125671386719,505.2733154296875,424.08599853515625
135,43,351.5041809082031,315.7920837402344,509.12200927734375,426.7967529296875
136,43,352.0278015136719,315.8240661621094,515.1763916015625,428.993896484375
137,43,354.2447814941406,315.2350158691406,520.6199951171875,431.4085998535156
138,43,357.203857421875,314.8287658691406,526.45068359375,433.3162841796875
139,43,359.6490783691406,314.0077819824219,529.6697387695312,436.55810546875
140,43,361.481201171875,313.6681823730469,536.58447265625,440.3946228027344
141,43,362.1956481933594,312.9915771484375,542.6593017578125,442.1793518066406
142,43,362.5933532714844,313.18817138671875,547.912109375,442.484619140625
143,43,364.3937072753906,313.7901306152344,554.5628051757812,444.280517578125
144,43,366.44830322265625,314.20233154296875,562.208251953125,447.96142578125
145,43,369.3385925292969,313.8927001953125,569.44970703125,451.20806884765625
146,43,370.9975280761719,313.8634033203125,577.6123046875,457.1477966308594
147,43,372.221435546875,313.7441711425781,584.7928466796875,458.9039306640625
148,43,374.25665283203125,313.88714599609375,592.2195434570312,462.7953796386719
149,43,377.0185852050781,313.6084899902344,601.890380859375,466.7559814453125
150,43,380.5657958984375,313.9571533203125,613.1375732421875,470.5345153808594
151,43,382.8768005371094,312.8992004394531,624.1139526367188,474.1501770019531
152,43,384.5154724121094,313.0245361328125,633.3302612304688,478.3648681640625
153,43,389.80328369140625,311.444091796875,644.8678588867188,481.8011169433594
154,43,394.3764953613281,311.2029724121094,658.8817138671875,487.2542724609375
155,43,396.8630676269531,311.0350036621094,670.3335571289062,493.1527404785156
156,43,400.3155822753906,309.7686462402344,685.1456298828125,498.5467834472656
157,43,404.83074951171875,308.2342529296875,699.86767578125,506.2381286621094
158,43,408.152587890625,306.575439453125,714.2833862304688,512.9359130859375
159,43,412.6775207519531,306.11456298828125,733.7760009765625,519.0562133789062
160,43,418.5098571777344,305.0157470703125,750.7940673828125,524.96728515625
161,43,423.4819030761719,303.74322509765625,768.911376953125,531.6551513671875
162,43,428.3406982421875,302.33489990234375,790.5073852539062,539.6001586914062
163,43,434.1658935546875,302.5043029785156,812.9666748046875,544.02294921875
164,43,440.5546875,301.8486022949219,837.859375,556.6773681640625
165,43,446.355224609375,300.48406982421875,863.8988647460938,564.1777954101562
166,43,453.71563720703125,300.5382080078125,894.7589111328125,578.3158569335938
167,43,460.15692138671875,301.553955078125,927.3711547851562,591.4913940429688
168,43,467.7872314453125,302.50823974609375,963.9301147460938,606.63330078125
169,43,476.8097229003906,300.889892578125,1005.3037109375,622.5921630859375
170,43,485.2787780761719,299.1507873535156,1051.65380859375,636.0677490234375
171,43,495.9194641113281,298.2532653808594,1105.625732421875,656.3399658203125
172,43,507.52227783203125,296.17041015625,1167.633056640625,684.86376953125
173,43,520.895751953125,294.3336181640625,1235.3380126953125,713.4191284179688
174,43,533.4691772460938,293.6239318847656,1315.8824462890625,747.4676513671875
175,43,547.9727783203125,291.3340148925781,1413.1220703125,785.3060302734375
176,43,565.5620727539062,291.5433654785156,1524.2373046875,833.2118530273438
177,43,583.741455078125,290.6444396972656,1662.9857177734375,892.281494140625
178,43,607.1714477539062,284.9500732421875,1815.485595703125,970.1157836914062
179,43,634.3829345703125,280.05596923828125,1898.1134033203125,1041.3270263671875
180,43,663.65771484375,274.64312744140625,1920.0,1069.0645751953125
181,43,697.9913940429688,267.5829772949219,1920.0,1080.0
182,43,738.4949340820312,260.28271484375,1920.0,1080.0
183,43,780.16162109375,252.5425567626953,1920.0,1080.0
184,43,831.5604248046875,243.34994506835938,1920.0,1074.9478759765625
185,43,895.7188110351562,229.940673828125,1920.0,1073.7713623046875
186,43,974.3898315429688,218.31893920898438,1920.0,1075.87841796875
187,43,1078.725341796875,232.44638061523438,1920.0,1075.923828125
188,43,1214.69775390625,300.23828125,1920.0,1078.4847412109375
189,43,1402.18603515625,425.33184814453125,1920.0,1075.7423095703125
