38,54,233.68783569335938,389.48895263671875,290.9275817871094,433.2330017089844
39,54,233.71636962890625,388.8974914550781,292.3799743652344,434.4754638671875
40,54,234.36622619628906,388.65283203125,293.06414794921875,436.21417236328125
41,54,235.11489868164062,388.09796142578125,293.8135986328125,437.2622985839844
42,54,234.51548767089844,388.0287170410156,294.2218933105469,437.7138671875
43,54,233.60369873046875,388.28948974609375,294.204345703125,437.80621337890625
44,54,234.2139129638672,388.4334716796875,294.46307373046875,436.98907470703125
45,54,235.50039672851562,388.2631530761719,295.4483642578125,436.5330810546875
46,54,236.9049072265625,388.976806640625,295.4767761230469,437.0740661621094
47,54,236.98390197753906,389.9515686035156,296.59185791015625,437.775390625
48,54,237.0039520263672,390.4331359863281,298.6856689453125,438.4744567871094
49,54,237.4772186279297,389.6617431640625,299.68829345703125,438.30169677734375
50,54,238.44866943359375,388.95916748046875,301.64105224609375,438.3568420410156
51,54,238.8490447998047,388.9717712402344,303.47808837890625,439.314453125
52,54,238.8940887451172,389.03997802734375,305.4962158203125,440.0247802734375
53,54,238.659423828125,389.7385559082031,307.343994140625,441.4832763671875
54,54,239.53248596191406,389.1487731933594,308.5527648925781,441.8222351074219
55,54,240.69105529785156,388.78125,309.3625793457031,441.9296569824219
56,54,240.59938049316406,388.8979187011719,309.2048034667969,441.9393615722656
57,54,240.53330993652344,388.86407470703125,309.7710266113281,441.9234313964844
58,54,240.2332000732422,387.71185302734375,312.3347473144531,442.3272705078125
59,54,240.9200439453125,388.32366943359375,313.3144836425781,443.31219482421875
60,54,241.6119384765625,389.15289306640625,314.40704345703125,444.3278503417969
61,54,242.5295867919922,388.30023193359375,315.7294006347656,445.7684631347656
62,54,242.73818969726562,387.44427490234375,317.54681396484375,447.4459533691406
63,54,243.4717254638672,387.42535400390625,319.4696350097656,447.71875
64,54,244.57850646972656,387.622314453125,320.8119201660156,448.8561096191406
65,54,245.9795379638672,388.8755187988281,322.0501708984375,449.5941162109375
66,54,245.96461486816406,389.2453918457031,323.7633361816406,450.1039123535156
67,54,246.0672607421875,388.9916076660156,324.9794006347656,450.23236083984375
68,54,247.3319091796875,388.0133056640625,327.5011291503906,450.8799743652344
69,54,249.5101776123047,387.4112243652344,329.2701416015625,451.9088134765625
70,54,251.1915740966797,387.55572509765625,330.82879638671875,452.463623046875
71,54,251.12791442871094,388.32476806640625,333.09906005859375,452.1040954589844
72,54,251.92665100097656,388.94915771484375,335.0613098144531,453.0574951171875
73,54,253.583740234375,388.2509460449219,337.0788269042969,453.93841552734375
74,54,254.64906311035156,389.2757568359375,339.0223083496094,454.0794982910156
75,54,255.8126678466797,389.07733154296875,340.97161865234375,454.1325988769531
76,54,256.661865234375,389.0357666015625,343.8318786621094,453.82550048828125
77,54,257.22027587890625,388.7102355957031,346.1012878417969,453.87371826171875
78,54,258.53253173828125,389.1641845703125,348.156494140625,455.9246826171875
79,54,259.52984619140625,389.8995666503906,351.3372497558594,457.24053955078125
80,54,261.38970947265625,388.719970703125,353.9228820800781,458.7010498046875
81,54,262.1695251464844,387.2929992675781,355.26837158203125,460.7847595214844
82,54,263.8947448730469,386.8648376464844,357.8540954589844,462.5247802734375
83,54,264.666259765625,387.6263732910156,362.0913391113281,463.41558837890625
84,54,264.33953857421875,387.9961853027344,365.3943786621094,464.253662109375
85,54,265.0777893066406,387.7094421386719,368.4181823730469,465.5045166015625
86,54,266.1336364746094,387.08721923828125,371.2179870605469,466.2497863769531
87,54,266.7328796386719,386.71014404296875,373.53564453125,466.48822021484375
88,54,268.7002868652344,387.59783935546875,376.3227844238281,467.0085144042969
89,54,270.9248352050781,387.3796081542969,379.04718017578125,468.39453125
90,54,271.32562255859375,387.81304931640625,382.10821533203125,469.7601013183594
91,54,271.8065490722656,387.73699951171875,383.5296936035156,471.1912841796875
92,54,276.6510314941406,386.8453674316406,387.3981628417969,473.2170104980469
93,54,279.0177917480469,386.37945556640625,391.77484130859375,475.1435241699219
94,54,279.5012512207031,386.95928955078125,395.7376403808594,476.9990539550781
95,54,279.599853515625,386.68145751953125,399.0783996582031,477.9558410644531
96,54,279.8023986816406,385.51141357421875,403.3132629394531,478.9222106933594
97,54,282.0225524902344,384.5235900878906,406.74627685546875,480.1715087890625
98,54,285.0771789550781,384.23052978515625,412.5625305175781,480.2014465332031
99,54,286.7391662597656,383.37396240234375,417.3231506347656,481.9762268066406
100,54,288.4894714355469,383.2452392578125,422.6836242675781,482.95123291015625
101,54,289.68194580078125,382.98236083984375,429.515380859375,486.4165954589844
102,54,291.4157409667969,382.96484375,433.78546142578125,489.1197814941406
103,54,292.5807189941406,382.6411437988281,438.9561462402344,491.1968078613281
104,54,294.4088439941406,382.3898010253906,445.3912658691406,493.23529052734375
105,54,298.51416015625,382.12286376953125,451.5370178222656,496.03515625
106,54,299.6082458496094,381.983154296875,457.33306884765625,498.4467468261719
107,54,303.3218688964844,381.90631103515625,463.66265869140625,500.31622314453125
108,54,306.73699951171875,381.98797607421875,469.9812927246094,502.00396728515625
109,54,311.01043701171875,381.23394775390625,477.8670959472656,503.2644348144531
110,54,312.2293395996094,379.4752197265625,485.7735290527344,505.4776611328125
111,54,312.7189025878906,378.0367126464844,494.02911376953125,508.00933837890625
112,54,316.6559143066406,377.98077392578125,501.0501708984375,510.9356689453125
113,54,321.7487487792969,377.9300537109375,511.1579284667969,514.5734252929688
114,54,323.6866760253906,376.8415222167969,520.2647094726562,517.476318359375
115,54,327.19464111328125,375.9190979003906,529.8707885742188,521.1298828125
116,54,331.735107421875,375.47283935546875,540.6028442382812,524.5867309570312
117,54,335.0326232910156,374.79815673828125,551.716064453125,527.6513671875
118,54,339.3611755371094,374.005615234375,563.8025512695312,532.00341796875
119,54,344.0934143066406,373.3798522949219,575.132080078125,537.6580810546875
120,54,348.4218444824219,372.2794189453125,589.2874145507812,542.8204345703125
121,54,354.98944091796875,370.81201171875,604.1901245117188,545.5653076171875
122,54,359.69268798828125,369.8352966308594,618.5604858398438,551.4862670898438
123,54,365.96356201171875,368.0992126464844,635.6621704101562,557.64111328125
124,54,372.7015075683594,366.0344543457031,654.0440673828125,563.6127319335938
125,54,379.5806884765625,364.0853271484375,674.1773681640625,568.3663940429688
126,54,386.2869567871094,361.5550537109375,694.6272583007812,574.7821655273438
127,54,391.9710998535156,360.6262512207031,717.8536987304688,583.3887329101562
128,54,400.98529052734375,358.95831298828125,742.6322631835938,593.5938110351562
129,54,410.2129211425781,357.3504333496094,770.1337280273438,602.5458374023438
130,54,420.5718078613281,356.3782043457031,800.0089721679688,611.0557861328125
131,54,430.64129638671875,356.6647644042969,833.5950317382812,621.41650390625
132,54,441.5295715332031,355.7408142089844,871.1282958984375,634.6846313476562
133,54,451.9578552246094,353.37005615234375,912.3746337890625,647.3068237304688
134,54,463.0770568847656,350.4966735839844,958.7291870117188,662.544677734375
135,54,476.70660400390625,347.206787109375,1009.4851684570312,679.5059814453125
136,54,495.370361328125,345.9798583984375,1070.4212646484375,700.854248046875
137,54,512.2072143554688,345.56561279296875,1139.1539306640625,724.7461547851562
138,54,533.4151000976562,343.7693176269531,1215.203857421875,749.424560546875
139,54,554.0945434570312,339.06793212890625,1308.3873291015625,784.4486694335938
140,54,576.8450927734375,334.68658447265625,1416.7303466796875,824.1651000976562
141,54,607.0153198242188,331.0408935546875,1543.79345703125,872.3467407226562
142,54,640.0236206054688,324.4505920410156,1703.7568359375,930.7479858398438
143,54,679.1931762695312,318.70611572265625,1854.2843017578125,1011.074462890625
144,54,724.3561401367188,310.7190856933594,1915.3404541015625,1055.13818359375
145,54,780.2828979492188,301.55438232421875,1920.0,1079.8065185546875
146,54,846.45263671875,289.5108337402344,1920.0,1080.0
147,54,926.8772583007812,276.64849853515625,1920.0,1079.455322265625
148,54,1027.3912353515625,260.7266845703125,1920.0,1079.15478515625
149,54,1156.9239501953125,245.60296630859375,1920.0,1078.81982421875
150,54,1327.7274169921875,249.72686767578125,1920.0,1079.380859375
151,54,1568.20556640625,335.5655822753906,1920.0,1080.0
