29,63,235.8999481201172,552.0714111328125,276.79400634765625,582.3651123046875
30,63,236.41217041015625,551.769287109375,277.34271240234375,582.3317260742188
31,63,236.5012969970703,551.2134399414062,278.2461242675781,582.2546997070312
32,63,237.60452270507812,549.9296875,280.10296630859375,581.7247924804688
33,63,237.89373779296875,549.4676513671875,281.2833557128906,581.6077270507812
34,63,238.05926513671875,549.4481201171875,282.55584716796875,581.5365600585938
35,63,237.46612548828125,549.5576782226562,281.2890930175781,582.4656982421875
36,63,237.92205810546875,550.247314453125,280.60186767578125,583.1072998046875
37,63,237.8485107421875,550.513427734375,280.8632507324219,584.0038452148438
38,63,237.60504150390625,550.8815307617188,281.38525390625,584.05126953125
39,63,237.61500549316406,551.08251953125,281.0565490722656,584.380126953125
40,63,237.7221221923828,551.4401245117188,281.7930603027344,584.6663208007812
41,63,237.52650451660156,551.7857055664062,282.0164794921875,584.8724365234375
42,63,237.35467529296875,551.740234375,282.5677185058594,585.1317749023438
43,63,237.6339874267578,551.7764282226562,282.8666076660156,585.438720703125
44,63,238.41026306152344,551.6126098632812,283.4104919433594,585.7564086914062
45,63,238.609130859375,551.4367065429688,283.95501708984375,586.100830078125
46,63,238.59620666503906,551.4521484375,283.9186096191406,586.5906372070312
47,63,238.80015563964844,551.82861328125,284.38330078125,587.034912109375
48,63,239.1431884765625,552.4235229492188,285.5458984375,587.2896118164062
49,63,238.8580780029297,552.8124389648438,286.33001708984375,587.6509399414062
50,63,238.96429443359375,554.2702026367188,287.6228942871094,587.1226196289062
51,63,238.8992156982422,555.2879638671875,288.3597106933594,586.7459106445312
52,63,238.8052215576172,555.7499389648438,288.9762878417969,586.578369140625
53,63,238.36190795898438,554.6260986328125,289.6257019042969,586.5126342773438
54,63,238.34564208984375,554.8593139648438,290.5916748046875,586.7280883789062
55,63,238.8053436279297,555.1406860351562,290.773193359375,586.6484375
56,63,239.946044921875,555.2053833007812,291.6690673828125,586.780517578125
57,63,241.3767547607422,554.7159423828125,293.0033874511719,586.9071655273438
58,63,243.1037139892578,554.6655883789062,294.2934265136719,587.2106323242188
59,63,244.12962341308594,554.8124389648438,295.05670166015625,587.49609375
60,63,244.09400939941406,554.8670654296875,296.0065002441406,587.67333984375
61,63,243.87149047851562,554.284912109375,296.9011535644531,587.86474609375
62,63,243.8057098388672,554.1644897460938,297.8848571777344,588.0868530273438
63,63,243.2981414794922,554.0813598632812,298.7535400390625,588.3551025390625
64,63,243.259765625,554.3174438476562,299.50164794921875,588.420654296875
65,63,243.80230712890625,554.0319213867188,299.92919921875,588.1773681640625
66,63,244.8800048828125,554.376708984375,300.4093933105469,588.6780395507812
67,63,245.65594482421875,553.8518676757812,300.9286193847656,588.9786987304688
68,63,246.0841064453125,553.1785888671875,302.73712158203125,589.3623046875
69,63,246.0884246826172,552.8497314453125,304.2365417480469,589.8245239257812
70,63,247.4967803955078,552.9439697265625,304.2769775390625,589.7340087890625
71,63,247.89698791503906,552.7459716796875,305.3291015625,589.9385375976562
72,63,248.22708129882812,552.9893188476562,306.0595397949219,590.5897216796875
73,63,249.47972106933594,553.3460083007812,307.2967834472656,590.9863891601562
74,63,250.8369598388672,553.3598022460938,307.9643859863281,591.4765625
75,63,251.79063415527344,552.9521484375,308.7650146484375,591.9730834960938
76,63,251.38848876953125,552.5817260742188,310.2646179199219,593.3724975585938
77,63,250.68612670898438,552.6599731445312,311.900390625,594.422607421875
78,63,251.54942321777344,552.576904296875,313.3580017089844,594.970947265625
79,63,251.10145568847656,552.1708984375,314.1654357910156,595.015380859375
80,63,250.45787048339844,551.6887817382812,314.1666564941406,594.5123901367188
81,63,251.17335510253906,551.1262817382812,314.6744079589844,595.1062622070312
82,63,251.71449279785156,551.6214599609375,316.4943542480469,596.7357788085938
83,63,253.3867950439453,552.1766357421875,317.81597900390625,597.3497314453125
84,63,254.0663299560547,551.928466796875,319.4081726074219,597.9281616210938
85,63,254.17984008789062,551.900390625,322.22216796875,598.0838623046875
86,63,255.29847717285156,551.0524291992188,324.47967529296875,598.41064453125
87,63,255.90272521972656,550.6544799804688,325.9967346191406,597.9124755859375
88,63,256.3172607421875,550.17724609375,327.4279479980469,598.3971557617188
89,63,256.6830749511719,550.0518188476562,328.8904724121094,599.6488647460938
90,63,257.2511901855469,549.7238159179688,329.2796630859375,600.9537353515625
91,63,260.13348388671875,549.3565063476562,330.7908630371094,601.1201171875
92,63,261.584716796875,549.3181762695312,332.02850341796875,601.2643432617188
93,63,262.1550598144531,548.8018188476562,334.58544921875,601.7887573242188
94,63,262.6835632324219,548.2155151367188,336.1632385253906,602.760009765625
95,63,261.76019287109375,547.4536743164062,339.07086181640625,604.709228515625
96,63,262.1020202636719,547.3359375,340.67510986328125,605.5684814453125
97,63,263.39129638671875,547.3885498046875,342.04632568359375,606.14111328125
98,63,264.38897705078125,547.1765747070312,345.2661437988281,607.2379760742188
99,63,265.4893493652344,547.559814453125,347.0663146972656,608.5155639648438
100,63,266.3197326660156,547.8416748046875,350.0853576660156,607.9724731445312
101,63,266.6632385253906,546.9601440429688,352.27252197265625,609.1925048828125
102,63,267.47064208984375,546.7279052734375,354.4620056152344,609.3367309570312
103,63,267.67462158203125,546.8099975585938,356.9396057128906,611.140869140625
104,63,267.3756103515625,546.6359252929688,359.30218505859375,612.098876953125
105,63,266.61065673828125,547.0189208984375,362.3961486816406,613.2630615234375
106,63,267.5250244140625,546.0659790039062,364.90423583984375,615.8030395507812
107,63,269.8052978515625,545.005859375,367.1194152832031,615.9736938476562
108,63,271.351806640625,544.4852294921875,370.58575439453125,617.5711669921875
109,63,272.56024169921875,544.4999389648438,374.4930114746094,619.4898681640625
110,63,273.5129089355469,543.993896484375,378.2864685058594,621.2871704101562
111,63,274.795654296875,543.678466796875,382.1446533203125,623.404052734375
112,63,276.1280212402344,543.7679443359375,386.72772216796875,624.18359375
113,63,276.90643310546875,543.824951171875,391.11676025390625,626.4498291015625
114,63,277.2749328613281,544.3413696289062,395.6826477050781,627.321533203125
115,63,278.1084899902344,543.46484375,400.5464782714844,630.3406372070312
116,63,278.998046875,542.6638793945312,404.8243713378906,631.4666137695312
117,63,280.53643798828125,542.4876708984375,408.9746398925781,633.512451171875
118,63,282.28192138671875,541.7108764648438,415.10345458984375,635.6522216796875
119,63,284.05181884765625,541.1209106445312,420.7320556640625,637.4708862304688
120,63,285.4397277832031,540.865234375,427.0057067871094,641.1279296875
121,63,288.6312255859375,541.0579833984375,432.8626403808594,643.255126953125
122,63,288.9066162109375,540.5763549804688,440.6239929199219,645.8546752929688
123,63,289.9529724121094,539.71826171875,446.8716735839844,647.3545532226562
124,63,292.9735107421875,538.4122924804688,454.3974304199219,648.92041015625
125,63,297.0055236816406,536.3631591796875,463.1793518066406,652.91552734375
126,63,300.1954040527344,534.4830932617188,473.3605041503906,656.653076171875
127,63,301.9590759277344,533.80712890625,484.0848693847656,658.8789672851562
128,63,305.0201110839844,532.8622436523438,494.4958801269531,661.6895751953125
129,63,307.261962890625,532.2454223632812,504.9687194824219,665.5057983398438
130,63,310.3935852050781,532.087890625,515.7162475585938,669.338623046875
131,63,313.6820983886719,531.4776611328125,530.554443359375,674.0133666992188
132,63,317.1227111816406,530.70751953125,546.1044921875,681.384765625
133,63,320.1341552734375,530.3328247070312,562.873291015625,687.7151489257812
134,63,323.5811767578125,529.4791870117188,581.0968017578125,694.4305419921875
135,63,329.0859680175781,527.4086303710938,601.8958129882812,702.4747924804688
136,63,334.8564453125,525.3485717773438,625.448486328125,708.7322998046875
137,63,343.853515625,524.488037109375,650.0702514648438,719.453857421875
138,63,351.7518310546875,522.7410888671875,679.04052734375,730.4592895507812
139,63,358.9749450683594,520.6798706054688,712.5604248046875,742.1768798828125
140,63,368.03369140625,517.9505004882812,749.6937255859375,755.083984375
141,63,378.18988037109375,514.8309326171875,794.9591064453125,772.676025390625
142,63,389.72991943359375,509.5998840332031,847.0023803710938,791.0453491210938
143,63,403.5052185058594,502.1002502441406,911.0588989257812,810.00341796875
144,63,419.24615478515625,497.23822021484375,987.9071655273438,838.2116088867188
145,63,435.42352294921875,494.7770080566406,1085.9580078125,876.3356323242188
146,63,455.0297546386719,489.5652770996094,1204.831787109375,920.8831176757812
147,63,479.2209777832031,480.2109069824219,1360.0784912109375,980.2176513671875
148,63,511.0339660644531,467.38885498046875,1575.8070068359375,1041.74365234375
149,63,547.3145141601562,454.9772644042969,1797.6058349609375,1066.3070068359375
150,63,595.3851928710938,438.6639099121094,1892.264892578125,1076.6199951171875
151,63,658.0765380859375,416.50311279296875,1920.0,1078.516357421875
152,63,737.543701171875,386.1114196777344,1920.0,1078.246337890625
153,63,850.3637084960938,338.9930419921875,1920.0,1078.7125244140625
154,63,1017.6253051757812,322.3592529296875,1920.0,1077.5892333984375
