51,55,370.8880920410156,357.2189025878906,421.6783447265625,393.9427490234375
52,55,369.89471435546875,357.6401672363281,422.67718505859375,393.87646484375
53,55,369.4176940917969,357.9002380371094,422.36712646484375,393.9333801269531
54,55,370.2037048339844,358.7081604003906,422.2118225097656,394.0675354003906
55,55,371.28607177734375,358.5202331542969,422.0384826660156,394.11590576171875
56,55,372.25970458984375,359.2706298828125,422.131591796875,393.6435241699219
57,55,372.8568420410156,359.39288330078125,422.05255126953125,392.6020202636719
58,55,373.59954833984375,359.8055114746094,423.2485656738281,392.2496032714844
59,55,374.6395568847656,359.957763671875,424.5595703125,392.9891662597656
60,55,375.5133361816406,360.7550354003906,425.3592529296875,393.31036376953125
61,55,375.2548828125,359.89813232421875,425.6897277832031,393.748046875
62,55,375.51593017578125,359.0572814941406,426.27374267578125,394.2431945800781
63,55,375.2168273925781,358.1337890625,427.1017761230469,394.5750732421875
64,55,374.8412780761719,358.0044860839844,428.66925048828125,395.0473327636719
65,55,375.18438720703125,357.5660705566406,429.88604736328125,395.20416259765625
66,55,375.6454772949219,357.1827087402344,430.33367919921875,395.1083068847656
67,55,375.63995361328125,356.9062194824219,431.6767272949219,395.06463623046875
68,55,376.07281494140625,356.8863525390625,433.0783386230469,395.0414123535156
69,55,376.565185546875,356.5668029785156,434.0848693847656,395.42279052734375
70,55,375.8175354003906,356.12188720703125,435.51904296875,395.6723937988281
71,55,376.6630859375,355.31634521484375,435.8395080566406,395.8323669433594
72,55,377.7264099121094,355.1897888183594,436.3074035644531,396.1263427734375
73,55,379.0945739746094,355.62646484375,436.37030029296875,396.47784423828125
74,55,379.78863525390625,356.2717590332031,437.2718811035156,396.9908142089844
75,55,379.736328125,356.6805419921875,440.0101013183594,397.8276062011719
76,55,380.2604064941406,356.0629577636719,442.2155456542969,398.97943115234375
77,55,381.17413330078125,355.6654357910156,444.27410888671875,398.71258544921875
78,55,381.6850891113281,356.466796875,445.9373474121094,399.0528869628906
79,55,381.8008117675781,356.93450927734375,446.56005859375,399.794189453125
80,55,382.2755432128906,357.6041564941406,447.2091979980469,400.7967834472656
81,55,383.0543212890625,358.1627502441406,448.301025390625,401.2652587890625
82,55,383.8606872558594,357.7434387207031,449.9986877441406,402.0737609863281
83,55,385.0414123535156,357.179443359375,451.5752258300781,402.5797424316406
84,55,385.7567443847656,356.8541259765625,452.8540344238281,403.3629455566406
85,55,386.0923767089844,355.1914367675781,454.6571960449219,403.59869384765625
86,55,385.9573059082031,354.02618408203125,455.89666748046875,404.15380859375
87,55,386.4454345703125,352.9437255859375,458.3923645019531,404.7094421386719
88,55,386.6525573730469,354.0562438964844,460.5737609863281,404.867431640625
89,55,386.60565185546875,352.73388671875,462.14849853515625,405.4100646972656
90,55,386.5535583496094,353.21466064453125,464.2746276855469,405.6333312988281
91,55,387.45062255859375,351.92279052734375,466.26470947265625,405.90966796875
92,55,387.5373840332031,352.11492919921875,468.2457275390625,406.14306640625
93,55,387.9407043457031,351.47900390625,470.1807861328125,406.9651184082031
94,55,387.9819030761719,350.67388916015625,472.0441589355469,407.9807434082031
95,55,388.4522399902344,350.7506103515625,472.82000732421875,408.2541198730469
96,55,389.45648193359375,352.25494384765625,474.3520812988281,408.6693115234375
97,55,390.43731689453125,351.2460632324219,475.4771728515625,409.93524169921875
98,55,391.5555114746094,350.3772888183594,477.75787353515625,410.8744201660156
99,55,391.6225891113281,350.1707458496094,479.5088195800781,411.8010559082031
100,55,393.95037841796875,350.27587890625,482.2639465332031,412.91558837890625
101,55,394.8148498535156,349.06964111328125,483.9664306640625,414.4315185546875
102,55,396.6544189453125,347.6060485839844,485.72039794921875,414.52740478515625
103,55,397.516357421875,346.74066162109375,489.68597412109375,415.9524230957031
104,55,398.44757080078125,346.6280212402344,492.3505859375,417.0350036621094
105,55,398.5645751953125,347.25128173828125,494.1012878417969,417.7098388671875
106,55,399.0196228027344,347.4746398925781,497.27490234375,419.0711669921875
107,55,398.9532470703125,347.54144287109375,501.1662292480469,421.4449462890625
108,55,399.7019958496094,347.20855712890625,504.4033203125,422.46112060546875
109,55,400.7550964355469,348.4477233886719,507.30694580078125,425.12176513671875
110,55,402.90716552734375,348.5777893066406,509.68743896484375,425.8705749511719
111,55,404.3514404296875,348.55975341796875,513.9804077148438,426.8389587402344
112,55,405.5413513183594,348.65966796875,518.057861328125,428.7193908691406
113,55,406.2945251464844,348.7765197753906,520.3220825195312,429.85516357421875
114,55,408.09619140625,349.10467529296875,524.8102416992188,431.4419860839844
115,55,408.29229736328125,348.8768615722656,526.9896240234375,433.16046142578125
116,55,409.41650390625,347.60296630859375,528.9400024414062,435.1358642578125
117,55,409.2926025390625,346.5054626464844,533.069580078125,437.2068786621094
118,55,411.0459899902344,346.4056396484375,537.00146484375,438.84039306640625
119,55,412.15740966796875,344.6327819824219,543.4595947265625,439.70159912109375
120,55,414.2829284667969,344.8072204589844,549.611083984375,440.788330078125
121,55,415.2959289550781,345.3329162597656,554.639404296875,444.0914306640625
122,55,417.42535400390625,345.48968505859375,558.70751953125,447.6265563964844
123,55,419.185302734375,344.47222900390625,564.3313598632812,449.0785827636719
124,55,420.9871826171875,343.5205078125,568.6064453125,450.58807373046875
125,55,421.9472961425781,343.05474853515625,575.9580688476562,452.4822998046875
126,55,422.8045349121094,342.87847900390625,580.9301147460938,454.6965637207031
127,55,424.05010986328125,342.31207275390625,589.0621948242188,459.9613952636719
128,55,426.6789855957031,342.071044921875,596.5382080078125,463.201416015625
129,55,430.0968017578125,341.59808349609375,601.9530029296875,465.3377685546875
130,55,430.9588317871094,341.2691650390625,611.680908203125,468.2209167480469
131,55,431.82568359375,340.5751953125,621.6432495117188,472.7529296875
132,55,433.5365905761719,340.31475830078125,629.691650390625,477.7291259765625
133,55,437.5872497558594,339.7668762207031,639.7243041992188,482.1016845703125
134,55,442.6686096191406,339.2591247558594,650.2339477539062,484.9460754394531
135,55,444.2463684082031,340.16754150390625,661.0120849609375,487.5827331542969
136,55,447.0359191894531,340.03363037109375,674.2449951171875,493.9899597167969
137,55,451.7369689941406,338.7785949707031,687.7117309570312,500.3567199707031
138,55,454.97125244140625,338.32110595703125,703.5303955078125,508.7497863769531
139,55,458.1038513183594,337.71929931640625,719.2345581054688,516.7452392578125
140,55,461.9472961425781,336.4269714355469,737.64794921875,523.225830078125
141,55,466.3251037597656,337.13232421875,757.5830688476562,530.9208374023438
142,55,472.6322326660156,335.4671936035156,779.9190063476562,537.1659545898438
143,55,477.6564636230469,333.93365478515625,803.9927368164062,546.0360717773438
144,55,484.3636779785156,332.7221984863281,833.0280151367188,558.4800415039062
145,55,491.688720703125,332.0788269042969,862.3704223632812,570.9244995117188
146,55,499.0260314941406,331.3731994628906,898.0608520507812,582.9446411132812
147,55,508.78472900390625,331.5723876953125,939.6332397460938,601.1904296875
148,55,516.5987548828125,330.0186462402344,986.0602416992188,618.01025390625
149,55,526.4365234375,326.0921630859375,1038.926513671875,638.4010620117188
150,55,539.169189453125,322.1269226074219,1103.3314208984375,665.8035888671875
151,55,550.9124145507812,318.44293212890625,1181.690673828125,697.8519897460938
152,55,568.2119140625,315.234619140625,1276.8511962890625,737.265380859375
153,55,586.86962890625,311.3161926269531,1395.192138671875,785.708251953125
154,55,608.54296875,307.00543212890625,1542.9945068359375,849.6328735351562
155,55,634.84716796875,302.9532775878906,1744.2169189453125,937.7537841796875
156,55,666.303466796875,297.08233642578125,1867.5274658203125,1026.9254150390625
157,55,704.7028198242188,289.1019287109375,1919.688232421875,1062.025390625
158,55,752.0921020507812,279.7956237792969,1920.0,1077.099853515625
159,55,814.1402587890625,268.1272277832031,1920.0,1076.4652099609375
160,55,888.4243774414062,250.2132110595703,1920.0,1076.5672607421875
161,55,992.2548217773438,229.9163055419922,1920.0,1076.55712890625
162,55,1137.0731201171875,257.9561767578125,1920.0,1080.0
