69,33,217.97500610351562,369.2352294921875,263.7275695800781,403.05010986328125
70,33,218.43112182617188,368.2392272949219,265.3002624511719,404.1155090332031
71,33,218.73016357421875,367.503173828125,265.0480651855469,404.3426513671875
72,33,218.70401000976562,367.7810363769531,266.6213684082031,404.7253723144531
73,33,219.2359619140625,368.7793273925781,267.56658935546875,404.676025390625
74,33,219.1558837890625,368.8015441894531,267.8494873046875,404.5973815917969
75,33,219.95326232910156,369.1047668457031,268.2132263183594,405.6111145019531
76,33,220.78269958496094,369.3106689453125,268.6109924316406,406.57769775390625
77,33,221.35655212402344,368.2559509277344,269.90997314453125,407.09991455078125
78,33,221.87582397460938,367.1607971191406,271.40802001953125,407.54119873046875
79,33,222.1759033203125,368.21441650390625,273.0147705078125,406.8787536621094
80,33,222.6160125732422,367.4504089355469,275.2735595703125,406.89178466796875
81,33,222.31549072265625,367.9081115722656,277.0463562011719,407.4189453125
82,33,222.22146606445312,370.4125061035156,278.13482666015625,408.1617736816406
83,33,223.7364044189453,367.675537109375,281.3674011230469,408.5989685058594
84,33,225.32736206054688,367.0212097167969,282.3995361328125,409.3592834472656
85,33,226.6793212890625,368.6214294433594,283.7579650878906,410.0906982421875
86,33,228.3992156982422,366.86077880859375,285.3472595214844,410.10614013671875
87,33,228.5218963623047,364.684814453125,287.514892578125,410.00140380859375
88,33,228.8467559814453,364.0480041503906,289.1326599121094,409.7986145019531
89,33,229.77487182617188,363.4647521972656,291.2268371582031,411.5523986816406
90,33,230.01942443847656,363.2570495605469,292.81036376953125,412.9765319824219
91,33,230.3827667236328,362.29364013671875,294.25079345703125,413.1966247558594
92,33,231.06822204589844,361.6638488769531,295.4158935546875,413.37799072265625
93,33,231.24693298339844,362.4164733886719,296.5115051269531,414.38299560546875
94,33,231.45681762695312,361.7434387207031,298.9118957519531,415.18841552734375
95,33,233.11219787597656,362.7237243652344,302.298095703125,416.1930847167969
96,33,233.3690643310547,364.34625244140625,305.49951171875,416.92218017578125
97,33,236.01251220703125,364.4984436035156,307.7554016113281,417.3759765625
98,33,237.8075714111328,366.4866027832031,308.7785949707031,417.7052917480469
99,33,240.4816436767578,367.0896301269531,311.3709411621094,417.74285888671875
100,33,241.33705139160156,365.3309326171875,314.71917724609375,417.9227294921875
101,33,242.79592895507812,364.27813720703125,318.7243347167969,418.9223937988281
102,33,243.22650146484375,362.9612731933594,320.5574035644531,420.4291076660156
103,33,242.93238830566406,362.0125732421875,323.23541259765625,421.244384765625
104,33,244.1765899658203,361.271728515625,325.9783935546875,422.1356201171875
105,33,244.79531860351562,361.2443542480469,328.2769470214844,424.362548828125
106,33,247.87229919433594,359.9643859863281,330.9706115722656,426.1591491699219
107,33,250.67349243164062,360.1091613769531,333.2171630859375,427.31317138671875
108,33,251.91024780273438,360.2530822753906,337.0061950683594,428.4755554199219
109,33,253.0482940673828,358.1015625,341.2987060546875,429.64947509765625
110,33,254.2724151611328,357.0177307128906,345.06201171875,430.3541564941406
111,33,255.29867553710938,356.7492980957031,349.32952880859375,431.3543395996094
112,33,257.7352294921875,356.81085205078125,353.79840087890625,432.2215270996094
113,33,261.0644226074219,355.6734313964844,359.0316162109375,433.7242431640625
114,33,261.79498291015625,354.8105163574219,363.7605895996094,436.3626403808594
115,33,263.7915344238281,355.2588195800781,369.45361328125,437.03173828125
116,33,265.0931701660156,356.31207275390625,374.66375732421875,440.0254821777344
117,33,266.85699462890625,355.88330078125,379.8902282714844,441.90692138671875
118,33,269.04669189453125,356.9537353515625,385.8881530761719,442.9907531738281
119,33,273.62896728515625,356.3891906738281,391.7906188964844,446.04522705078125
120,33,277.2701416015625,354.5588073730469,397.62255859375,449.3495788574219
121,33,280.34991455078125,354.4228820800781,404.95660400390625,451.2916259765625
122,33,282.7334289550781,354.3255920410156,413.8450012207031,453.39947509765625
123,33,286.9915771484375,354.2164001464844,421.4561462402344,455.5832214355469
124,33,289.36224365234375,353.894287109375,429.94793701171875,457.75933837890625
125,33,290.6999816894531,353.7393493652344,439.7968444824219,462.5574645996094
126,33,293.758056640625,352.9042053222656,450.684814453125,465.4792175292969
127,33,298.9368896484375,351.9717102050781,460.2121276855469,468.1382141113281
128,33,302.755615234375,351.45703125,471.4473571777344,471.66009521484375
129,33,308.47540283203125,351.030029296875,484.0783996582031,475.385986328125
130,33,312.7138977050781,349.1609802246094,497.4922790527344,478.7229309082031
131,33,318.69989013671875,347.70538330078125,513.4593505859375,482.2251281738281
132,33,323.4979248046875,343.9363708496094,529.4907836914062,488.703369140625
133,33,331.028564453125,341.68780517578125,548.0660400390625,495.6241760253906
134,33,337.06524658203125,339.4786071777344,568.4282836914062,503.75152587890625
135,33,345.3594665527344,335.9134521484375,591.7020874023438,511.47412109375
136,33,355.4223327636719,333.8885803222656,616.8477783203125,519.2440795898438
137,33,366.8180236816406,331.9229736328125,646.2913818359375,526.5470581054688
138,33,377.293701171875,330.4615478515625,679.3736572265625,538.5745239257812
139,33,389.9347839355469,328.197998046875,718.4401245117188,548.5392456054688
140,33,402.7256164550781,325.6253967285156,763.2771606445312,563.4064331054688
141,33,417.7399597167969,322.5672302246094,815.182861328125,580.6513671875
142,33,434.2333068847656,319.88153076171875,878.06884765625,599.2831420898438
143,33,455.789794921875,315.1125793457031,952.49853515625,622.3054809570312
144,33,478.8054504394531,311.9818115234375,1044.9222412109375,649.6463012695312
145,33,508.9054260253906,306.3289794921875,1162.3388671875,687.3908081054688
146,33,544.7537841796875,297.1369934082031,1311.6295166015625,738.5855712890625
147,33,589.708740234375,285.0859375,1514.08837890625,807.0941772460938
148,33,644.05810546875,269.7879943847656,1771.0224609375,907.388916015625
149,33,720.3191528320312,248.14845275878906,1880.60009765625,1016.6665649414062
150,33,823.5360107421875,220.46261596679688,1920.0,1059.07373046875
151,33,974.5233154296875,181.7408447265625,1920.0,1070.383544921875
152,33,1201.9658203125,152.6825408935547,1920.0,1077.4117431640625
