88,65,464.84796142578125,541.7367553710938,516.4168701171875,570.5703125
89,65,465.73638916015625,541.7077026367188,516.93603515625,570.7533569335938
90,65,466.3348083496094,540.2997436523438,516.6648559570312,570.7633056640625
91,65,468.0113220214844,538.771484375,516.69873046875,571.2321166992188
92,65,468.5997009277344,537.2203979492188,518.4006958007812,571.630859375
93,65,468.1166076660156,538.71142578125,520.8338623046875,571.7892456054688
94,65,468.08001708984375,539.7871704101562,523.355712890625,572.3590698242188
95,65,468.7475891113281,538.9385375976562,525.0196533203125,572.9496459960938
96,65,469.15673828125,538.4672241210938,525.92041015625,573.5120849609375
97,65,469.816162109375,538.62744140625,526.5841674804688,573.8048706054688
98,65,470.1420593261719,538.0921630859375,527.3455200195312,574.0198364257812
99,65,471.47369384765625,537.5780029296875,529.794921875,574.4356689453125
100,65,472.4776611328125,537.0499267578125,531.0389404296875,574.9796752929688
101,65,474.10064697265625,537.1492919921875,532.3334350585938,575.9855346679688
102,65,475.8634033203125,536.8786010742188,533.2216186523438,576.8062133789062
103,65,476.9311218261719,536.846923828125,534.5181274414062,576.8919677734375
104,65,477.2708435058594,536.8881225585938,535.4339599609375,577.4011840820312
105,65,477.4873962402344,536.2984619140625,538.6109619140625,578.696044921875
106,65,477.23065185546875,536.3541870117188,540.1201171875,579.0773315429688
107,65,477.1199645996094,537.043212890625,541.6265869140625,579.9367065429688
108,65,477.4659729003906,535.301025390625,541.980224609375,579.8088989257812
109,65,477.9140625,535.5352783203125,542.4845581054688,579.7579345703125
110,65,478.0440673828125,535.2642822265625,543.9752197265625,581.7694702148438
111,65,478.1159973144531,534.789306640625,545.8568115234375,582.4325561523438
112,65,479.2587890625,533.9217529296875,549.7228393554688,583.4048461914062
113,65,479.89776611328125,532.8397827148438,552.7523193359375,584.1676635742188
114,65,480.56903076171875,532.4666748046875,555.259033203125,585.8370361328125
115,65,481.26373291015625,532.7632446289062,557.0595092773438,586.5673217773438
116,65,481.9434814453125,532.33056640625,559.4317626953125,587.02880859375
117,65,482.31396484375,532.2805786132812,563.0653686523438,588.9588012695312
118,65,482.92724609375,532.8312377929688,565.1802978515625,591.3760375976562
119,65,483.6562194824219,533.0978393554688,567.125732421875,591.8485107421875
120,65,484.1892395019531,533.2216796875,568.1071166992188,593.6475830078125
121,65,486.49957275390625,533.9306030273438,570.2490234375,595.0477294921875
122,65,488.3892517089844,534.4876098632812,573.7787475585938,594.9041748046875
123,65,490.525634765625,534.299560546875,576.3104858398438,596.267578125
124,65,492.1116943359375,534.2838745117188,579.2054443359375,596.9951782226562
125,65,493.6356506347656,534.46923828125,581.1983032226562,597.0389404296875
126,65,494.5919189453125,533.4156494140625,585.0486450195312,597.6665649414062
127,65,495.07623291015625,533.1884765625,587.601806640625,598.3409423828125
128,65,496.4909973144531,532.8883056640625,590.8659057617188,600.0872802734375
129,65,497.2732849121094,532.8864135742188,594.4856567382812,600.926025390625
130,65,498.4704284667969,531.5775756835938,599.1197509765625,602.6408081054688
131,65,499.3941345214844,531.2203979492188,603.0538330078125,603.852783203125
132,65,500.17462158203125,531.4813232421875,607.3502807617188,606.1944580078125
133,65,502.3740539550781,531.0303955078125,612.3228149414062,607.3671264648438
134,65,502.7197570800781,530.2374877929688,615.376953125,608.0847778320312
135,65,504.0316162109375,530.300048828125,620.3472290039062,612.7189331054688
136,65,504.3623046875,529.6143798828125,625.665771484375,618.1900634765625
137,65,505.8593444824219,528.3547973632812,630.6524047851562,620.810302734375
138,65,508.09710693359375,526.8121337890625,636.6616821289062,622.8287963867188
139,65,511.0204772949219,526.255859375,642.1174926757812,624.3355712890625
140,65,511.801025390625,526.4484252929688,649.3336181640625,627.9133911132812
141,65,513.1624145507812,526.6060180664062,658.6454467773438,631.7619018554688
142,65,514.1351318359375,526.8829345703125,665.4585571289062,634.1764526367188
143,65,516.6139526367188,526.8382568359375,672.8052978515625,635.5431518554688
144,65,519.825927734375,526.4739990234375,681.8759765625,638.6425170898438
145,65,522.6669921875,525.6217041015625,689.9635620117188,641.0051879882812
146,65,526.5625,525.4055786132812,700.2376708984375,644.5035400390625
147,65,528.1557006835938,526.3605346679688,711.8470458984375,649.5062255859375
148,65,532.1505126953125,524.9555053710938,722.3931884765625,654.1776733398438
149,65,536.619140625,523.4797973632812,735.6445922851562,661.0352172851562
150,65,539.0745239257812,522.2798461914062,751.3728637695312,666.2164306640625
151,65,543.9385375976562,521.7139282226562,769.4501953125,671.6871337890625
152,65,549.4046020507812,521.4874877929688,786.365478515625,676.1796264648438
153,65,553.995361328125,521.138427734375,805.6800537109375,683.705078125
154,65,560.2084350585938,518.921630859375,827.5505981445312,692.9266967773438
155,65,567.3662109375,518.4775390625,852.126708984375,702.9517822265625
156,65,573.8754272460938,516.5476684570312,879.5250244140625,712.0473022460938
157,65,583.07861328125,515.0029907226562,912.1392211914062,723.1858520507812
158,65,593.1618041992188,512.9572143554688,949.4398803710938,736.5463256835938
159,65,603.9043579101562,511.05645751953125,992.8088989257812,751.34375
160,65,614.1988525390625,508.7253723144531,1042.390869140625,769.8201293945312
161,65,627.88916015625,503.8735656738281,1106.04638671875,791.510986328125
162,65,642.3397827148438,500.74407958984375,1182.118896484375,819.735107421875
163,65,660.5706176757812,493.35906982421875,1278.3309326171875,857.76416015625
164,65,682.2603149414062,488.12322998046875,1399.7879638671875,904.5552978515625
165,65,707.8528442382812,482.4953918457031,1558.0250244140625,968.5348510742188
166,65,739.5717163085938,473.77178955078125,1774.0054931640625,1037.1021728515625
167,65,780.4102172851562,460.87274169921875,1878.4085693359375,1066.4854736328125
168,65,831.3179321289062,442.57098388671875,1920.0,1080.0
169,65,902.6817626953125,418.3570251464844,1920.0,1079.33056640625
170,65,991.8436279296875,388.959228515625,1920.0,1077.2445068359375
171,65,1123.4810791015625,352.2176513671875,1920.0,1078.6439208984375
172,65,1332.1954345703125,426.5559997558594,1920.0,1079.822265625
