89,2.0,36.0,231.61158752441406,550.6480712890625,276.9004821777344,587.4497680664062
90,2.0,36.0,231.12680053710938,551.0130615234375,277.65185546875,587.7228393554688
91,2.0,36.0,230.7904052734375,552.04736328125,278.3490905761719,587.4022827148438
92,2.0,36.0,230.2830047607422,552.735595703125,278.6368713378906,587.409423828125
93,2.0,36.0,231.35394287109375,553.4888305664062,279.55859375,588.0181884765625
94,2.0,36.0,232.53134155273438,551.59375,281.462646484375,588.891845703125
95,2.0,36.0,233.8770294189453,552.3910522460938,283.1272277832031,588.9317016601562
96,2.0,36.0,233.9097442626953,553.1589965820312,282.9206848144531,589.3695068359375
97,2.0,36.0,234.68734741210938,553.83935546875,284.8305358886719,589.3306884765625
98,2.0,36.0,235.42120361328125,554.3218994140625,286.2272644042969,589.5061645507812
99,2.0,36.0,235.99281311035156,551.7432861328125,287.9559631347656,590.8366088867188
100,2.0,36.0,236.4782257080078,551.5376586914062,289.336669921875,592.0454711914062
101,2.0,36.0,236.68035888671875,551.26416015625,291.1681213378906,592.522216796875
102,2.0,36.0,237.08299255371094,551.1515502929688,291.7643737792969,592.8203125
103,2.0,36.0,237.45144653320312,549.9739379882812,292.70953369140625,592.3990478515625
104,2.0,36.0,238.07968139648438,550.4998779296875,293.24261474609375,592.42529296875
105,2.0,36.0,238.64993286132812,550.1422119140625,294.467041015625,593.4376220703125
106,2.0,36.0,239.0833282470703,552.2734375,296.1225891113281,594.9786376953125
107,2.0,36.0,239.80418395996094,552.3020629882812,298.4400939941406,595.2189331054688
108,2.0,36.0,240.87957763671875,551.6639404296875,301.4869689941406,595.9087524414062
109,2.0,36.0,241.4041290283203,551.1044311523438,303.9936828613281,596.4050903320312
110,2.0,36.0,242.14981079101562,552.26025390625,304.91253662109375,596.6771240234375
111,2.0,36.0,243.3621826171875,550.4926147460938,306.2441711425781,597.1867065429688
112,2.0,36.0,244.9724884033203,551.263427734375,308.2449035644531,597.3782958984375
113,2.0,36.0,245.93408203125,553.4552612304688,311.4728088378906,598.0493774414062
114,2.0,36.0,246.24832153320312,554.4815063476562,313.78570556640625,599.2037963867188
115,2.0,36.0,245.9842071533203,554.2268676757812,315.9431457519531,600.149658203125
116,2.0,36.0,246.63916015625,549.043701171875,319.3558349609375,600.7538452148438
117,2.0,36.0,246.4280242919922,544.8944091796875,321.1090087890625,601.6483764648438
118,2.0,36.0,247.01773071289062,542.8321533203125,322.6458740234375,601.5918579101562
119,2.0,36.0,247.55384826660156,541.909423828125,324.5888671875,602.6510620117188
120,2.0,36.0,248.50894165039062,543.4871826171875,327.26849365234375,603.571533203125
121,2.0,36.0,250.20814514160156,543.5914306640625,329.8420715332031,604.0780639648438
122,2.0,36.0,251.51515197753906,540.9305419921875,331.7703552246094,605.6941528320312
123,2.0,36.0,252.9775848388672,539.9010620117188,334.41510009765625,607.3800048828125
124,2.0,36.0,253.41806030273438,539.5277709960938,336.7075500488281,608.024658203125
125,2.0,36.0,255.33694458007812,540.1532592773438,339.6888427734375,608.603271484375
126,2.0,36.0,256.3373107910156,540.4918212890625,344.1496887207031,610.1787719726562
127,2.0,36.0,257.7552795410156,539.7659912109375,347.7802734375,611.1588745117188
128,2.0,36.0,260.1793518066406,539.0274047851562,351.4260559082031,612.5809936523438
129,2.0,36.0,261.99676513671875,537.0508422851562,354.3690490722656,613.6293334960938
130,2.0,36.0,263.0351867675781,535.9058227539062,356.1021423339844,614.5191040039062
131,2.0,36.0,263.2682189941406,536.337646484375,360.16119384765625,616.1746826171875
132,2.0,36.0,265.82293701171875,536.2299194335938,364.341064453125,618.114990234375
133,2.0,36.0,267.0356750488281,535.7749633789062,368.8484191894531,619.946044921875
134,2.0,36.0,267.9307556152344,534.0894165039062,373.1211242675781,621.232666015625
135,2.0,36.0,269.6053466796875,533.1749877929688,377.190185546875,622.5078735351562
136,2.0,36.0,271.31622314453125,533.04345703125,382.69976806640625,622.6417846679688
137,2.0,36.0,273.0578308105469,532.5953979492188,386.6144714355469,623.68310546875
138,2.0,36.0,275.0199890136719,531.57861328125,392.4373474121094,625.1544189453125
139,2.0,36.0,276.0675354003906,529.9642333984375,399.1981506347656,626.9383544921875
140,2.0,36.0,279.827392578125,529.3112182617188,405.5828857421875,629.751953125
141,2.0,36.0,281.7455139160156,529.0972900390625,412.0057373046875,632.4361572265625
142,2.0,36.0,284.1538391113281,527.8154907226562,419.5362243652344,634.8152465820312
143,2.0,36.0,286.6722717285156,526.5050048828125,426.6873474121094,638.4053344726562
144,2.0,36.0,289.4869079589844,525.2962646484375,433.66143798828125,642.1215209960938
145,2.0,36.0,293.18682861328125,524.7891845703125,442.5267333984375,644.2005615234375
146,2.0,36.0,293.9252014160156,524.1685180664062,452.41229248046875,646.6210327148438
147,2.0,36.0,298.63970947265625,523.1503295898438,462.72808837890625,649.6767578125
148,2.0,36.0,301.7841796875,520.8479614257812,473.4122619628906,653.1539306640625
149,2.0,36.0,305.7849426269531,519.366943359375,484.271484375,657.9535522460938
150,2.0,36.0,310.5177001953125,517.4703979492188,496.261962890625,662.452880859375
151,2.0,36.0,314.6186218261719,516.9885864257812,509.4759826660156,666.4640502929688
152,2.0,36.0,320.62188720703125,514.7786254882812,524.3607788085938,670.21630859375
153,2.0,36.0,325.5207214355469,511.4044189453125,541.5289306640625,674.785888671875
154,2.0,36.0,332.9272155761719,509.2586364746094,559.3330688476562,680.4201049804688
155,2.0,36.0,337.3812561035156,505.0823059082031,579.5416870117188,686.78955078125
156,2.0,36.0,345.1913146972656,501.6124572753906,602.2625732421875,693.9879760742188
157,2.0,36.0,353.3316650390625,498.3858642578125,627.1635131835938,699.7733764648438
158,2.0,36.0,360.9736328125,493.30999755859375,656.8728637695312,708.3585815429688
159,2.0,36.0,370.3597106933594,482.54620361328125,688.9585571289062,717.6222534179688
160,2.0,36.0,380.99969482421875,474.19854736328125,725.3582153320312,729.8704223632812
161,2.0,36.0,393.2259216308594,469.4480285644531,769.6744995117188,744.0128173828125
162,2.0,36.0,408.32012939453125,466.0880126953125,821.3023681640625,761.0471801757812
163,2.0,36.0,424.24224853515625,461.0798034667969,881.4830932617188,783.3762817382812
164,2.0,36.0,441.559326171875,449.5997619628906,954.2749633789062,806.8580322265625
165,2.0,36.0,462.2966613769531,441.455810546875,1042.747314453125,833.8361206054688
166,2.0,36.0,487.95880126953125,430.5567626953125,1153.825439453125,873.599853515625
167,2.0,36.0,520.4364013671875,419.85943603515625,1295.31396484375,922.1788330078125
168,2.0,36.0,557.5116577148438,404.9322814941406,1480.08642578125,989.343017578125
169,2.0,36.0,596.1844482421875,386.7478332519531,1732.3753662109375,1044.554443359375
171,2.0,36.0,736.7315063476562,327.4753723144531,1918.26953125,1078.6168212890625
172,2.0,36.0,853.2350463867188,264.7795104980469,1920.0,1077.2581787109375
173,2.0,36.0,1018.7405395507812,176.0150909423828,1920.0,1078.0894775390625
174,2.0,36.0,1277.97119140625,156.2753448486328,1920.0,1080.0
