80,2.0,35.0,453.34503173828125,521.1879272460938,501.6744079589844,559.115234375
81,2.0,35.0,453.9091796875,520.02685546875,502.39739990234375,559.1929321289062
82,2.0,35.0,454.0340881347656,518.231689453125,503.59698486328125,559.7008666992188
83,2.0,35.0,454.2914123535156,519.0755004882812,505.65081787109375,559.7421264648438
84,2.0,35.0,455.78033447265625,518.854736328125,506.571044921875,560.052734375
85,2.0,35.0,456.7232971191406,519.8232421875,506.4023742675781,560.6061401367188
86,2.0,35.0,457.2428894042969,519.8087158203125,506.9281005859375,560.8621826171875
87,2.0,35.0,457.91961669921875,521.0784912109375,507.5941467285156,560.9718017578125
88,2.0,35.0,457.9381408691406,521.0100708007812,507.8177490234375,561.3099975585938
89,2.0,35.0,458.3725891113281,520.0957641601562,508.7422790527344,561.9598999023438
90,2.0,35.0,459.22955322265625,519.8533935546875,510.3328552246094,562.5631713867188
91,2.0,35.0,459.1927185058594,520.1832885742188,512.7020263671875,562.908203125
92,2.0,35.0,459.6590576171875,520.0848999023438,514.6771850585938,563.3125610351562
93,2.0,35.0,460.31256103515625,521.4769287109375,515.4329223632812,563.8209838867188
94,2.0,35.0,460.0989685058594,520.5787963867188,516.8684692382812,564.4089965820312
95,2.0,35.0,460.95135498046875,521.442138671875,517.3869018554688,564.916015625
96,2.0,35.0,461.2861022949219,521.0875854492188,518.1704711914062,565.2017211914062
97,2.0,35.0,461.39581298828125,520.2947387695312,519.362548828125,565.3505859375
98,2.0,35.0,461.34417724609375,520.5308837890625,520.460205078125,565.2286987304688
99,2.0,35.0,462.27386474609375,518.6759033203125,523.8516235351562,565.4178466796875
100,2.0,35.0,462.92767333984375,517.0838012695312,526.898681640625,565.8035888671875
101,2.0,35.0,464.1217346191406,517.6754150390625,528.6161499023438,568.0972290039062
102,2.0,35.0,465.2983703613281,518.3034057617188,530.68701171875,569.2044677734375
103,2.0,35.0,466.9495849609375,518.3353881835938,532.7330322265625,569.4783935546875
104,2.0,35.0,467.2443542480469,518.2623901367188,533.5685424804688,569.6748046875
105,2.0,35.0,468.20184326171875,518.2757568359375,533.9625244140625,569.879638671875
106,2.0,35.0,468.33673095703125,517.9082641601562,536.9159545898438,570.60498046875
107,2.0,35.0,468.4730529785156,517.2156982421875,538.8804931640625,571.26025390625
108,2.0,35.0,469.3086242675781,517.3159790039062,541.5133056640625,572.0436401367188
109,2.0,35.0,471.1340026855469,517.9613037109375,544.4364013671875,573.3585205078125
110,2.0,35.0,472.9078674316406,519.3072509765625,545.8651733398438,573.6312255859375
111,2.0,35.0,474.4673767089844,518.912109375,547.5629272460938,574.9414672851562
112,2.0,35.0,475.9686279296875,518.4461059570312,550.535888671875,575.5831298828125
113,2.0,35.0,477.9423522949219,519.3521118164062,553.5372314453125,575.8164672851562
114,2.0,35.0,478.93646240234375,517.046142578125,555.2369995117188,576.5718383789062
115,2.0,35.0,480.0055236816406,514.3087768554688,559.6105346679688,576.9862060546875
116,2.0,35.0,481.2940673828125,513.950927734375,563.6527709960938,577.0936889648438
117,2.0,35.0,482.4512023925781,514.3806762695312,567.12890625,578.7637939453125
118,2.0,35.0,481.9297180175781,512.1653442382812,568.1328125,580.6888427734375
119,2.0,35.0,482.3739013671875,511.2784118652344,571.2281494140625,582.7960815429688
120,2.0,35.0,482.3663024902344,511.9573669433594,575.1439819335938,584.867919921875
121,2.0,35.0,482.704345703125,511.94427490234375,579.0476684570312,586.0779418945312
122,2.0,35.0,484.6788024902344,510.3620910644531,584.4509887695312,586.6370849609375
123,2.0,35.0,489.30572509765625,508.4440612792969,589.8796997070312,586.905029296875
124,2.0,35.0,491.6279602050781,507.11944580078125,593.5113525390625,587.3054809570312
125,2.0,35.0,492.4113464355469,504.19842529296875,598.2882690429688,588.5169067382812
126,2.0,35.0,494.733642578125,501.99810791015625,602.9303588867188,588.8862915039062
127,2.0,35.0,500.46917724609375,501.2374572753906,608.851318359375,591.43701171875
128,2.0,35.0,502.1364440917969,500.67547607421875,614.7028198242188,593.0108032226562
129,2.0,35.0,503.1254577636719,499.91082763671875,620.1671752929688,595.6005249023438
130,2.0,35.0,504.62054443359375,499.5515441894531,625.9346923828125,597.3704833984375
131,2.0,35.0,505.0066833496094,498.23760986328125,632.17626953125,598.5699462890625
132,2.0,35.0,507.9922790527344,497.48895263671875,638.328125,600.4396362304688
133,2.0,35.0,510.4923400878906,495.19757080078125,645.6654052734375,601.3007202148438
134,2.0,35.0,515.2033081054688,494.328857421875,652.6732788085938,604.0339965820312
135,2.0,35.0,517.2261962890625,494.35394287109375,661.6904907226562,606.930419921875
136,2.0,35.0,519.8642578125,492.9996032714844,670.6362915039062,609.2206420898438
137,2.0,35.0,523.51904296875,492.7701416015625,680.0956420898438,611.8011474609375
138,2.0,35.0,526.602783203125,491.27691650390625,689.2806396484375,616.6567993164062
139,2.0,35.0,530.3946533203125,489.7270202636719,699.0287475585938,619.572998046875
140,2.0,35.0,535.6270141601562,487.06707763671875,711.130859375,621.7213134765625
141,2.0,35.0,538.9819946289062,486.0971984863281,723.3676147460938,624.1864624023438
142,2.0,35.0,545.0143432617188,484.2451171875,737.5079956054688,629.601806640625
143,2.0,35.0,551.306884765625,482.911865234375,751.8831787109375,633.97705078125
144,2.0,35.0,556.7744750976562,480.5924987792969,767.6895751953125,640.1231689453125
145,2.0,35.0,563.2223510742188,478.22882080078125,787.2626342773438,644.6070556640625
146,2.0,35.0,571.1849365234375,476.15167236328125,807.2738037109375,649.7902221679688
147,2.0,35.0,577.6002197265625,473.77105712890625,828.591796875,656.8576049804688
148,2.0,35.0,587.2747192382812,471.7091979980469,854.2222290039062,663.6248779296875
149,2.0,35.0,595.5059814453125,468.37921142578125,883.0244750976562,670.3845825195312
150,2.0,35.0,607.0765380859375,461.80535888671875,913.9219970703125,679.9407958984375
151,2.0,35.0,618.23876953125,451.3116455078125,949.1823120117188,691.9701538085938
152,2.0,35.0,630.2457275390625,446.11334228515625,992.0869750976562,706.5172119140625
153,2.0,35.0,645.278076171875,442.1624450683594,1039.934326171875,720.905029296875
154,2.0,35.0,660.83642578125,441.2491149902344,1096.2105712890625,735.896240234375
155,2.0,35.0,677.354248046875,436.7018737792969,1163.7122802734375,756.2744140625
156,2.0,35.0,699.8095092773438,428.3836364746094,1244.7576904296875,780.5621337890625
157,2.0,35.0,725.836181640625,418.83349609375,1343.2474365234375,809.2465209960938
158,2.0,35.0,755.3782348632812,407.9324035644531,1466.6549072265625,845.8964233398438
159,2.0,35.0,790.8948364257812,395.07196044921875,1622.3463134765625,894.3509521484375
160,2.0,35.0,833.889404296875,378.1199645996094,1814.2371826171875,960.6942138671875
161,2.0,35.0,887.4358520507812,353.80474853515625,1895.803955078125,1032.1959228515625
162,2.0,35.0,958.8364868164062,323.2085876464844,1920.0,1068.4727783203125
163,2.0,35.0,1051.5679931640625,275.75335693359375,1920.0,1072.494873046875
164,2.0,35.0,1177.3494873046875,207.77085876464844,1920.0,1075.124755859375
165,2.0,35.0,1363.7828369140625,178.14894104003906,1920.0,1079.4970703125
