12,2.0,5.0,446.2043762207031,494.1303405761719,502.9095153808594,538.6845092773438
13,2.0,5.0,446.5755310058594,494.90576171875,503.73126220703125,538.8212890625
14,2.0,5.0,446.63751220703125,491.37188720703125,504.2635498046875,538.8859252929688
15,2.0,5.0,446.6396484375,490.01397705078125,504.4659118652344,538.8231201171875
16,2.0,5.0,447.5225830078125,491.4415283203125,504.9393310546875,539.3343505859375
17,2.0,5.0,447.3089294433594,490.8582458496094,505.2171630859375,539.646484375
18,2.0,5.0,447.75958251953125,492.0310974121094,505.8570251464844,540.18505859375
19,2.0,5.0,447.4481506347656,491.92681884765625,506.0445251464844,540.3648681640625
20,2.0,5.0,447.4214782714844,491.94580078125,506.09844970703125,540.7237548828125
21,2.0,5.0,448.32183837890625,491.9432678222656,506.4288330078125,541.0938720703125
22,2.0,5.0,448.7919921875,492.505859375,506.8763122558594,541.177490234375
23,2.0,5.0,449.49560546875,492.3622741699219,507.4507141113281,541.0469970703125
24,2.0,5.0,449.978515625,492.1537780761719,508.5539245605469,541.271728515625
25,2.0,5.0,450.1614074707031,491.2948303222656,508.8772277832031,541.5177001953125
26,2.0,5.0,450.7243957519531,491.37408447265625,509.5179138183594,541.5599975585938
27,2.0,5.0,451.02825927734375,492.1886291503906,510.5475158691406,541.1907348632812
28,2.0,5.0,451.96173095703125,494.37298583984375,511.8617248535156,541.3950805664062
29,2.0,5.0,452.2936706542969,492.4761657714844,511.8504638671875,542.3826293945312
30,2.0,5.0,452.32965087890625,491.2685852050781,513.965576171875,543.02783203125
31,2.0,5.0,452.473876953125,490.8241882324219,515.513916015625,543.8526000976562
32,2.0,5.0,452.7794189453125,489.9451599121094,517.1923217773438,544.7874145507812
33,2.0,5.0,452.9459533691406,488.6534729003906,517.9594116210938,545.5120849609375
34,2.0,5.0,453.3837890625,488.79522705078125,518.4876708984375,546.2533569335938
35,2.0,5.0,453.75518798828125,488.6361083984375,519.6588745117188,546.2997436523438
36,2.0,5.0,454.0821838378906,488.2005615234375,520.922607421875,545.8741455078125
37,2.0,5.0,454.8746032714844,486.51336669921875,522.48583984375,545.9256591796875
38,2.0,5.0,455.3638610839844,486.409423828125,522.8892822265625,545.96728515625
39,2.0,5.0,455.4293212890625,487.0047607421875,523.0238647460938,546.0729370117188
40,2.0,5.0,455.887451171875,486.30523681640625,524.2276000976562,546.6265869140625
41,2.0,5.0,456.7586669921875,486.5985107421875,526.89794921875,547.4490356445312
42,2.0,5.0,456.9608154296875,484.3912048339844,528.5872802734375,548.0721435546875
43,2.0,5.0,457.6362609863281,484.9814758300781,528.97265625,548.352783203125
44,2.0,5.0,458.47442626953125,483.9881286621094,531.1408081054688,548.5714721679688
45,2.0,5.0,458.5882873535156,483.7494812011719,532.5939331054688,548.4994506835938
46,2.0,5.0,459.1624450683594,483.8717956542969,533.8240966796875,548.7109375
47,2.0,5.0,459.9095153808594,484.57421875,535.8475952148438,549.004638671875
48,2.0,5.0,460.2579345703125,483.4645080566406,535.7490234375,548.651123046875
49,2.0,5.0,460.5230712890625,483.135986328125,536.9686279296875,549.0213012695312
50,2.0,5.0,460.97357177734375,481.3222351074219,537.0237426757812,549.5511474609375
51,2.0,5.0,461.2549133300781,483.5648498535156,537.1533203125,549.9871826171875
52,2.0,5.0,461.25933837890625,482.7242126464844,539.1529541015625,550.660400390625
53,2.0,5.0,461.89019775390625,481.2947692871094,540.4789428710938,550.3563842773438
54,2.0,5.0,461.942138671875,480.3335876464844,542.1051025390625,550.139892578125
55,2.0,5.0,462.25244140625,479.39337158203125,543.6734619140625,550.2234497070312
56,2.0,5.0,462.1325988769531,478.21160888671875,544.8997192382812,550.4463500976562
57,2.0,5.0,462.440185546875,478.1750183105469,546.0576782226562,551.5191650390625
58,2.0,5.0,462.45062255859375,478.5162048339844,547.0646362304688,552.1489868164062
59,2.0,5.0,463.0842590332031,478.3122863769531,547.3037719726562,553.1047973632812
60,2.0,5.0,463.5357360839844,478.37335205078125,548.2350463867188,554.080810546875
61,2.0,5.0,463.4730224609375,478.4195556640625,550.9180908203125,554.8502197265625
62,2.0,5.0,463.67413330078125,479.3170166015625,552.3617553710938,556.0635375976562
63,2.0,5.0,463.918212890625,479.30340576171875,555.70166015625,557.0020751953125
64,2.0,5.0,464.510498046875,479.2898254394531,556.5550537109375,557.4776000976562
65,2.0,5.0,465.68817138671875,479.4775695800781,558.3531494140625,557.6607055664062
66,2.0,5.0,466.80877685546875,479.07806396484375,559.8042602539062,558.0307006835938
67,2.0,5.0,467.70404052734375,479.9712219238281,562.1890258789062,559.5414428710938
68,2.0,5.0,468.17645263671875,480.4564514160156,563.38720703125,560.1882934570312
69,2.0,5.0,468.4648742675781,479.7523498535156,565.0020141601562,560.0364990234375
70,2.0,5.0,469.2326965332031,480.28515625,566.9270629882812,560.2149047851562
71,2.0,5.0,470.2357482910156,481.527099609375,568.5433959960938,560.4698486328125
72,2.0,5.0,470.2015075683594,481.84967041015625,568.9025268554688,561.1722412109375
73,2.0,5.0,471.2051086425781,480.5162658691406,571.0420532226562,561.044677734375
74,2.0,5.0,470.5081787109375,480.20361328125,572.0105590820312,561.8214721679688
75,2.0,5.0,470.43359375,479.6773986816406,573.702880859375,562.1371459960938
79,2.0,5.0,479.9139404296875,478.7795104980469,580.8326416015625,564.2136840820312
81,2.0,5.0,481.113525390625,476.9679870605469,586.5509643554688,565.9160766601562
82,2.0,5.0,481.5188903808594,476.80035400390625,589.2203369140625,566.5504150390625
84,2.0,5.0,480.1622314453125,476.59991455078125,594.447509765625,568.2769165039062
85,2.0,5.0,480.6148376464844,477.086669921875,596.0682983398438,569.5108032226562
86,2.0,5.0,480.6495361328125,476.8984680175781,597.7861328125,569.7632446289062
87,2.0,5.0,480.3018493652344,476.8050842285156,600.045166015625,571.5441284179688
88,2.0,5.0,480.3231506347656,475.9670104980469,603.5303344726562,572.9470825195312
89,2.0,5.0,481.1145935058594,475.7900695800781,605.7526245117188,573.64794921875
93,2.0,5.0,488.2091369628906,468.6826477050781,617.43603515625,574.5460205078125
94,2.0,5.0,490.37884521484375,469.11676025390625,619.9352416992188,575.7468872070312
95,2.0,5.0,491.8559265136719,470.1869201660156,621.9508666992188,576.5392456054688
96,2.0,5.0,492.35479736328125,470.88507080078125,624.9176025390625,577.8435668945312
97,2.0,5.0,494.0283508300781,469.57098388671875,628.1347045898438,579.7007446289062
98,2.0,5.0,495.03094482421875,468.89105224609375,631.6383056640625,580.3843383789062
99,2.0,5.0,496.75482177734375,468.4087219238281,636.17626953125,583.076171875
100,2.0,5.0,496.15911865234375,467.0748291015625,640.0425415039062,584.8052368164062
101,2.0,5.0,495.8505554199219,466.4522399902344,642.69921875,585.5696411132812
102,2.0,5.0,496.08349609375,465.85955810546875,647.1119384765625,586.67529296875
103,2.0,5.0,497.31475830078125,465.386962890625,651.0238647460938,587.2755737304688
104,2.0,5.0,497.7743225097656,464.4834289550781,654.2701416015625,588.0816040039062
105,2.0,5.0,498.18658447265625,464.0520935058594,659.624267578125,589.309326171875
106,2.0,5.0,503.2118835449219,463.7209167480469,664.296142578125,592.2274169921875
107,2.0,5.0,501.9456787109375,463.5793762207031,668.9810791015625,594.953125
108,2.0,5.0,503.2884216308594,464.06011962890625,671.7628173828125,596.6988525390625
109,2.0,5.0,506.1868896484375,463.24847412109375,676.3211059570312,597.4515380859375
110,2.0,5.0,509.8507995605469,462.43505859375,681.4136352539062,597.75439453125
111,2.0,5.0,513.626953125,461.7334289550781,686.7835693359375,599.0799560546875
112,2.0,5.0,515.015869140625,459.998046875,692.797119140625,601.1435546875
113,2.0,5.0,516.49072265625,458.8509216308594,698.8455810546875,602.7262573242188
114,2.0,5.0,517.1529541015625,458.20880126953125,703.951904296875,605.2713012695312
115,2.0,5.0,518.01611328125,457.2763977050781,711.5317993164062,607.9027099609375
116,2.0,5.0,518.51611328125,456.6730041503906,717.24169921875,609.853759765625
117,2.0,5.0,520.2092895507812,456.0245361328125,723.261474609375,612.3140869140625
118,2.0,5.0,522.47509765625,455.39788818359375,729.4022827148438,614.9886474609375
119,2.0,5.0,525.384033203125,455.2153015136719,737.2359008789062,616.8948364257812
120,2.0,5.0,526.75537109375,454.4131774902344,744.6177368164062,619.1512451171875
121,2.0,5.0,528.77978515625,452.7104187011719,751.0776977539062,621.3512573242188
122,2.0,5.0,531.1788940429688,451.4598693847656,760.3229370117188,623.1886596679688
123,2.0,5.0,534.2440795898438,449.83294677734375,768.7423095703125,624.699951171875
124,2.0,5.0,537.3053588867188,448.9293212890625,776.9934692382812,628.359619140625
125,2.0,5.0,540.4093017578125,447.21551513671875,786.2631225585938,631.7741088867188
126,2.0,5.0,544.45556640625,446.6701354980469,796.2544555664062,634.093505859375
127,2.0,5.0,548.953857421875,445.8085632324219,806.6279296875,636.7742309570312
128,2.0,5.0,553.021484375,444.5277099609375,817.5120239257812,641.114013671875
130,2.0,5.0,564.3428955078125,441.6056213378906,842.2552490234375,647.9005737304688
131,2.0,5.0,567.3975219726562,438.4018249511719,854.1585083007812,652.3292236328125
132,2.0,5.0,568.835693359375,435.5004577636719,867.7994384765625,656.3230590820312
133,2.0,5.0,570.5040283203125,431.3392333984375,881.937255859375,660.6380004882812
134,2.0,5.0,573.3446044921875,429.021484375,896.5979614257812,665.3406982421875
135,2.0,5.0,577.6340942382812,425.94482421875,913.211181640625,673.265625
136,2.0,5.0,580.9041748046875,423.9570007324219,930.7689208984375,678.3442993164062
137,2.0,5.0,586.7546997070312,423.06024169921875,949.3518676757812,685.8351440429688
138,2.0,5.0,593.8212280273438,420.1644592285156,969.8555908203125,692.7007446289062
139,2.0,5.0,601.003173828125,419.54791259765625,990.53369140625,699.7758178710938
140,2.0,5.0,607.8906860351562,420.0290222167969,1013.3323974609375,707.2110595703125
141,2.0,5.0,613.5623168945312,418.955078125,1038.0362548828125,714.9080200195312
142,2.0,5.0,619.7476196289062,414.86456298828125,1063.62255859375,722.395751953125
143,2.0,5.0,624.8372802734375,410.9112548828125,1092.905517578125,732.2550048828125
144,2.0,5.0,632.4312744140625,407.9700012207031,1124.8702392578125,742.5564575195312
145,2.0,5.0,641.0797119140625,406.00750732421875,1157.3782958984375,755.3677368164062
146,2.0,5.0,648.9495849609375,402.6518249511719,1195.516357421875,768.4633178710938
147,2.0,5.0,656.9813232421875,398.9571533203125,1235.9501953125,782.4723510742188
148,2.0,5.0,666.6182250976562,393.81689453125,1282.8597412109375,796.5507202148438
149,2.0,5.0,676.6723022460938,388.16192626953125,1332.3995361328125,814.7080688476562
150,2.0,5.0,689.242919921875,383.26123046875,1389.563720703125,833.0449829101562
151,2.0,5.0,701.1732788085938,375.3482666015625,1455.9512939453125,854.3189086914062
152,2.0,5.0,714.6275634765625,368.4812316894531,1527.8994140625,879.435302734375
153,2.0,5.0,730.6940307617188,359.69024658203125,1611.0694580078125,910.0425415039062
154,2.0,5.0,748.1067504882812,350.85601806640625,1704.4150390625,943.9996337890625
155,2.0,5.0,764.7911987304688,341.1127624511719,1810.0811767578125,985.61376953125
156,2.0,5.0,786.0903930664062,330.2825622558594,1894.0179443359375,1031.087158203125
157,2.0,5.0,808.6774291992188,315.4356384277344,1920.0,1062.8106689453125
158,2.0,5.0,833.9083251953125,298.7440490722656,1920.0,1073.7620849609375
159,2.0,5.0,862.8506469726562,280.2390441894531,1920.0,1080.0
160,2.0,5.0,897.7063598632812,255.88021850585938,1920.0,1080.0
161,2.0,5.0,934.092529296875,231.09042358398438,1920.0,1080.0
162,2.0,5.0,979.3456420898438,198.3955078125,1920.0,1080.0
163,2.0,5.0,1032.3790283203125,153.90745544433594,1920.0,1074.365478515625
164,2.0,5.0,1090.865478515625,102.85376739501953,1920.0,1075.0274658203125
165,2.0,5.0,1163.0760498046875,65.96864318847656,1920.0,1073.6683349609375
166,2.0,5.0,1251.7679443359375,55.42610168457031,1920.0,1074.5364990234375
167,2.0,5.0,1362.21533203125,69.18260955810547,1920.0,1075.446533203125
168,2.0,5.0,1502.35400390625,111.9166259765625,1920.0,1077.66796875
