18,2.0,3.0,220.6682586669922,553.9906005859375,278.62176513671875,593.9238891601562
19,2.0,3.0,222.57012939453125,552.5592651367188,278.5565490722656,594.4920043945312
20,2.0,3.0,223.15475463867188,551.5603637695312,280.388427734375,594.8286743164062
21,2.0,3.0,220.76541137695312,551.2582397460938,281.4534912109375,594.6014404296875
22,2.0,3.0,219.97996520996094,551.1896362304688,283.4615478515625,594.971923828125
23,2.0,3.0,219.17327880859375,550.24951171875,284.0372619628906,595.6123657226562
24,2.0,3.0,219.4996337890625,549.8386840820312,283.4756774902344,595.8624877929688
25,2.0,3.0,220.3304443359375,550.1557006835938,281.8723449707031,596.08447265625
26,2.0,3.0,221.29783630371094,549.3881225585938,281.7371826171875,596.228759765625
27,2.0,3.0,221.5185546875,548.9181518554688,282.81121826171875,596.4871215820312
28,2.0,3.0,220.47251892089844,547.8699951171875,284.8873596191406,596.91015625
29,2.0,3.0,219.96221923828125,548.279541015625,285.26580810546875,596.8182983398438
30,2.0,3.0,219.9909210205078,548.3456420898438,286.58612060546875,597.1765747070312
31,2.0,3.0,221.2333984375,548.2627563476562,285.92095947265625,597.2217407226562
32,2.0,3.0,222.18563842773438,547.446533203125,286.939697265625,597.4562377929688
33,2.0,3.0,222.4207305908203,548.3046264648438,288.81396484375,597.9491577148438
34,2.0,3.0,222.19729614257812,548.426513671875,289.511962890625,597.9083862304688
35,2.0,3.0,222.96530151367188,547.345458984375,290.1684265136719,598.0406494140625
36,2.0,3.0,223.37623596191406,547.826416015625,290.6614074707031,598.4940795898438
37,2.0,3.0,223.90321350097656,547.1387329101562,291.1679992675781,598.6133422851562
38,2.0,3.0,224.16163635253906,547.4580078125,291.42083740234375,598.3362426757812
39,2.0,3.0,224.1522674560547,547.5415649414062,291.5782470703125,598.1556396484375
40,2.0,3.0,224.7044677734375,546.6051025390625,292.0962219238281,598.5139770507812
41,2.0,3.0,225.13107299804688,545.85498046875,292.484130859375,599.0804443359375
42,2.0,3.0,225.1138458251953,545.453857421875,292.88079833984375,599.643310546875
43,2.0,3.0,225.0469512939453,545.0061645507812,293.51922607421875,600.2059326171875
44,2.0,3.0,225.0415496826172,545.061767578125,294.42144775390625,600.49658203125
45,2.0,3.0,225.22067260742188,544.8173828125,294.7548522949219,600.771728515625
46,2.0,3.0,226.72784423828125,544.7852172851562,294.8368225097656,600.96923828125
47,2.0,3.0,227.79554748535156,542.733642578125,295.6543273925781,601.2532958984375
48,2.0,3.0,228.0970458984375,541.440673828125,296.2753601074219,601.1705322265625
49,2.0,3.0,227.8753662109375,541.4454956054688,298.2752990722656,601.1121826171875
50,2.0,3.0,227.8590545654297,540.7583618164062,299.7721862792969,601.1033325195312
51,2.0,3.0,228.3585205078125,539.1041259765625,300.38726806640625,601.5313110351562
52,2.0,3.0,229.42181396484375,539.2867431640625,302.06256103515625,601.9769287109375
53,2.0,3.0,230.36859130859375,540.58740234375,303.12408447265625,602.6715698242188
54,2.0,3.0,230.8125762939453,541.3348999023438,303.3599853515625,602.9391479492188
55,2.0,3.0,230.98997497558594,541.3479614257812,303.9749755859375,603.1949462890625
56,2.0,3.0,231.3395538330078,541.6047973632812,304.5729675292969,603.3489990234375
57,2.0,3.0,231.55078125,542.561767578125,305.4219055175781,603.8735961914062
58,2.0,3.0,231.4186248779297,541.7362060546875,305.97564697265625,604.0266723632812
59,2.0,3.0,231.5336151123047,540.6361083984375,307.82354736328125,604.1532592773438
60,2.0,3.0,231.6833953857422,538.997314453125,308.602294921875,604.3302001953125
61,2.0,3.0,232.0158233642578,539.2000122070312,308.5153503417969,604.6124267578125
62,2.0,3.0,232.57293701171875,541.573486328125,309.56622314453125,604.6980590820312
63,2.0,3.0,233.03358459472656,540.5333251953125,311.15728759765625,605.4749145507812
64,2.0,3.0,233.30870056152344,540.131591796875,312.4189147949219,606.6468505859375
65,2.0,3.0,233.8000030517578,539.5175170898438,312.46136474609375,607.6159057617188
66,2.0,3.0,234.33494567871094,538.733154296875,312.9306335449219,608.2726440429688
67,2.0,3.0,234.52767944335938,539.0320434570312,313.90911865234375,608.6581420898438
68,2.0,3.0,235.06295776367188,535.7727661132812,315.0845642089844,608.8185424804688
69,2.0,3.0,236.04156494140625,535.3173828125,316.7381591796875,609.071044921875
70,2.0,3.0,236.77560424804688,535.4721069335938,319.130126953125,609.5758666992188
71,2.0,3.0,237.54112243652344,534.8703002929688,320.9140625,609.7865600585938
72,2.0,3.0,237.84292602539062,536.960205078125,322.6173095703125,609.7286376953125
73,2.0,3.0,237.5752410888672,535.5542602539062,323.5276184082031,609.9619750976562
74,2.0,3.0,238.6477508544922,534.49072265625,324.2847595214844,609.6469116210938
75,2.0,3.0,239.27780151367188,535.6098022460938,325.4471130371094,609.7106323242188
76,2.0,3.0,239.60504150390625,537.2925415039062,325.6761779785156,609.7225952148438
77,2.0,3.0,240.22914123535156,535.4024658203125,327.92425537109375,610.0279541015625
78,2.0,3.0,241.08709716796875,535.1574096679688,329.30340576171875,610.3543701171875
79,2.0,3.0,242.03302001953125,535.4382934570312,330.28619384765625,610.5916137695312
80,2.0,3.0,241.31141662597656,536.2511596679688,330.0871276855469,611.2735595703125
81,2.0,3.0,241.1614990234375,536.8404541015625,330.289794921875,611.4481811523438
82,2.0,3.0,240.70835876464844,537.0594482421875,331.8580017089844,612.41650390625
83,2.0,3.0,241.05592346191406,537.1151123046875,332.88433837890625,612.5280151367188
84,2.0,3.0,241.52035522460938,536.5808715820312,334.54229736328125,613.7733764648438
85,2.0,3.0,240.767578125,536.2908325195312,335.90570068359375,614.2473754882812
86,2.0,3.0,240.8824005126953,535.8222045898438,338.2906188964844,615.4129638671875
87,2.0,3.0,241.2231903076172,534.7223510742188,339.3451843261719,616.9732666015625
88,2.0,3.0,242.46055603027344,534.0596313476562,339.83001708984375,618.180908203125
89,2.0,3.0,242.5365447998047,533.0033569335938,341.0433044433594,619.0615844726562
90,2.0,3.0,242.0519561767578,533.5794067382812,342.3589172363281,619.872802734375
91,2.0,3.0,243.55706787109375,534.6665649414062,344.8263854980469,620.2747802734375
92,2.0,3.0,244.21067810058594,534.650634765625,346.1629943847656,620.3778686523438
93,2.0,3.0,245.1802978515625,534.5942993164062,347.8829040527344,620.7132568359375
94,2.0,3.0,245.7744140625,534.8026733398438,349.11993408203125,620.9142456054688
95,2.0,3.0,246.48670959472656,534.7455444335938,351.0916442871094,621.572509765625
96,2.0,3.0,246.79493713378906,534.3662109375,351.9480895996094,622.140380859375
97,2.0,3.0,247.94139099121094,534.6334228515625,353.5888977050781,622.5234985351562
98,2.0,3.0,249.75656127929688,534.1968994140625,355.3584899902344,622.5768432617188
99,2.0,3.0,250.5984649658203,532.9431762695312,357.93817138671875,622.9165649414062
100,2.0,3.0,250.7790069580078,532.1741333007812,360.4198303222656,623.0966796875
101,2.0,3.0,250.79356384277344,531.3175048828125,361.5930480957031,622.546875
102,2.0,3.0,251.81884765625,531.5068359375,363.6184387207031,622.7876586914062
103,2.0,3.0,252.84857177734375,530.75634765625,365.338623046875,623.2172241210938
104,2.0,3.0,253.4200897216797,530.4747314453125,367.0909118652344,624.0526123046875
105,2.0,3.0,253.67910766601562,531.4059448242188,368.6365661621094,625.2476806640625
106,2.0,3.0,254.51199340820312,531.13818359375,370.9373474121094,626.4303588867188
107,2.0,3.0,254.8328857421875,531.5715942382812,373.70806884765625,628.2088012695312
108,2.0,3.0,255.3200225830078,531.3175659179688,377.0076599121094,629.4586791992188
109,2.0,3.0,256.35406494140625,531.0258178710938,380.38507080078125,630.6355590820312
110,2.0,3.0,257.68072509765625,530.7664184570312,382.3375244140625,632.4139404296875
111,2.0,3.0,259.13671875,530.61474609375,383.3258361816406,633.5375366210938
112,2.0,3.0,260.76019287109375,529.6724243164062,384.8976135253906,632.943115234375
113,2.0,3.0,259.19805908203125,529.138916015625,386.6895751953125,634.1838989257812
114,2.0,3.0,259.7059020996094,529.213623046875,388.9532470703125,634.8726196289062
115,2.0,3.0,261.8201904296875,529.3949584960938,392.3454284667969,635.383544921875
116,2.0,3.0,262.8511047363281,529.2308349609375,394.9195556640625,636.28271484375
117,2.0,3.0,263.8463439941406,528.8309936523438,397.8778991699219,637.2033081054688
118,2.0,3.0,263.28094482421875,528.1483154296875,400.1618347167969,638.8983154296875
119,2.0,3.0,264.2037048339844,527.943603515625,403.6147766113281,640.9561157226562
120,2.0,3.0,264.8685302734375,527.6657104492188,406.7208557128906,642.9912109375
121,2.0,3.0,265.12109375,528.2816772460938,409.2750244140625,642.3395385742188
122,2.0,3.0,267.2452697753906,526.8419799804688,411.3464660644531,644.3900146484375
123,2.0,3.0,267.2976379394531,526.4382934570312,414.1843566894531,645.6071166992188
124,2.0,3.0,267.5458679199219,526.2327270507812,417.5442199707031,647.1328735351562
125,2.0,3.0,268.1636962890625,526.1148681640625,420.81591796875,648.5072021484375
126,2.0,3.0,268.0045471191406,525.1221923828125,424.7385559082031,649.1953125
127,2.0,3.0,271.0968017578125,524.6972045898438,428.12969970703125,650.74365234375
128,2.0,3.0,272.0148010253906,523.9671630859375,431.4877624511719,651.0514526367188
129,2.0,3.0,271.9892883300781,523.701904296875,435.87237548828125,653.4035034179688
130,2.0,3.0,274.5652160644531,522.3564453125,438.24755859375,654.3134155273438
131,2.0,3.0,277.1702575683594,521.854248046875,441.964111328125,655.6077880859375
132,2.0,3.0,277.1800231933594,521.6700439453125,446.83642578125,657.23291015625
133,2.0,3.0,278.70159912109375,520.2505493164062,452.29376220703125,658.671142578125
134,2.0,3.0,279.4365539550781,519.055908203125,456.41912841796875,660.178466796875
135,2.0,3.0,279.81298828125,518.614013671875,460.1786804199219,662.8590087890625
136,2.0,3.0,280.6275329589844,518.6118774414062,465.0340270996094,663.8291015625
137,2.0,3.0,281.55792236328125,518.545166015625,470.7117004394531,665.426025390625
138,2.0,3.0,283.1698303222656,518.1884765625,475.3426208496094,666.6994018554688
139,2.0,3.0,286.0040283203125,517.7525634765625,480.1756286621094,668.268310546875
140,2.0,3.0,287.5063781738281,516.6365966796875,484.1248779296875,670.1414794921875
141,2.0,3.0,288.4848937988281,515.0659790039062,489.98626708984375,671.0050048828125
142,2.0,3.0,289.2347717285156,513.4011840820312,496.1365661621094,672.31103515625
143,2.0,3.0,289.9125671386719,512.4677734375,501.3611145019531,673.6002197265625
144,2.0,3.0,292.4988098144531,512.1681518554688,507.5716247558594,675.9969482421875
145,2.0,3.0,295.2430725097656,510.4094543457031,513.3147583007812,679.3949584960938
146,2.0,3.0,298.0536804199219,509.5305480957031,520.5466918945312,681.149169921875
147,2.0,3.0,300.4712219238281,508.64093017578125,527.0967407226562,683.4662475585938
148,2.0,3.0,303.1353759765625,506.9791259765625,534.0980834960938,685.4860229492188
149,2.0,3.0,305.735107421875,505.4282531738281,542.2252197265625,688.0181274414062
150,2.0,3.0,307.36505126953125,503.8033142089844,549.932373046875,691.273193359375
151,2.0,3.0,310.4543762207031,502.3874816894531,557.7716674804688,694.3946533203125
152,2.0,3.0,312.8222961425781,501.3292541503906,566.5215454101562,696.638916015625
153,2.0,3.0,314.2502136230469,500.1396484375,574.9456787109375,697.998046875
154,2.0,3.0,317.8001708984375,497.8586120605469,583.5557250976562,699.4880981445312
155,2.0,3.0,319.5955505371094,497.3553161621094,593.1808471679688,703.6678466796875
156,2.0,3.0,322.4422912597656,495.03570556640625,603.4815063476562,708.3800659179688
157,2.0,3.0,324.3570556640625,494.58917236328125,615.4722290039062,712.9027099609375
158,2.0,3.0,326.6878356933594,492.65765380859375,625.7716064453125,717.4063720703125
159,2.0,3.0,331.1241149902344,490.1349792480469,637.9703979492188,720.648193359375
160,2.0,3.0,333.41156005859375,484.14459228515625,650.0470581054688,722.5298461914062
161,2.0,3.0,335.8004455566406,479.5492858886719,662.6154174804688,726.222412109375
162,2.0,3.0,338.7860412597656,476.50518798828125,676.1016235351562,732.0821533203125
163,2.0,3.0,344.3450622558594,472.876708984375,690.1121826171875,739.4703979492188
164,2.0,3.0,348.0342712402344,472.2572021484375,703.6328735351562,743.4169921875
165,2.0,3.0,352.33453369140625,471.0783386230469,721.2188720703125,749.4951171875
166,2.0,3.0,357.92218017578125,470.5147399902344,739.4420166015625,756.5419921875
167,2.0,3.0,362.5676574707031,469.43450927734375,758.7595825195312,763.141357421875
168,2.0,3.0,368.1536865234375,467.9957580566406,779.2046508789062,770.619873046875
169,2.0,3.0,372.05242919921875,467.8043518066406,801.4519653320312,781.60400390625
170,2.0,3.0,376.2417297363281,465.01904296875,824.1705322265625,790.9273681640625
171,2.0,3.0,381.1653747558594,461.9653015136719,848.9470825195312,798.9163818359375
172,2.0,3.0,384.9720153808594,457.0228576660156,875.8659057617188,808.8966064453125
173,2.0,3.0,391.1887512207031,453.29852294921875,905.146240234375,819.5946044921875
174,2.0,3.0,397.3682556152344,445.32080078125,936.4791259765625,830.73583984375
175,2.0,3.0,406.2346496582031,442.5117492675781,970.4237060546875,843.4013061523438
176,2.0,3.0,414.20001220703125,440.1147155761719,1008.3797607421875,858.9009399414062
177,2.0,3.0,421.53411865234375,438.84735107421875,1047.5870361328125,875.1607666015625
178,2.0,3.0,429.7242431640625,434.3426208496094,1094.3792724609375,891.9932250976562
179,2.0,3.0,438.8642883300781,429.6606750488281,1144.21337890625,912.9312744140625
180,2.0,3.0,449.3232727050781,426.2652587890625,1201.0767822265625,935.2933349609375
181,2.0,3.0,457.9627990722656,421.8206787109375,1266.508544921875,958.2892456054688
182,2.0,3.0,470.8810729980469,415.9002990722656,1332.03662109375,985.1266479492188
183,2.0,3.0,481.410400390625,407.56549072265625,1409.046630859375,1016.98974609375
184,2.0,3.0,495.1014404296875,397.776611328125,1495.1265869140625,1049.1866455078125
185,2.0,3.0,509.6747741699219,390.2740478515625,1596.0936279296875,1070.00830078125
186,2.0,3.0,521.6714477539062,375.87200927734375,1708.408203125,1075.2633056640625
187,2.0,3.0,538.0637817382812,367.9716796875,1854.3912353515625,1077.1219482421875
188,2.0,3.0,546.240234375,360.3218994140625,1915.1917724609375,1076.7352294921875
189,2.0,3.0,569.1544189453125,344.5279235839844,1920.0,1080.0
190,2.0,3.0,599.2972412109375,328.1197204589844,1920.0,1080.0
191,2.0,3.0,636.834716796875,304.29693603515625,1920.0,1078.2471923828125
192,2.0,3.0,678.2254028320312,277.6671142578125,1920.0,1075.7896728515625
193,2.0,3.0,717.767578125,243.7934112548828,1920.0,1073.19970703125
194,2.0,3.0,766.0133056640625,202.01123046875,1920.0,1071.6531982421875
195,2.0,3.0,817.8500366210938,151.43359375,1920.0,1072.1209716796875
196,2.0,3.0,877.2136840820312,92.35045623779297,1920.0,1073.0970458984375
197,2.0,3.0,949.7435302734375,41.5224723815918,1920.0,1070.3660888671875
198,2.0,3.0,1036.83642578125,22.65781593322754,1920.0,1068.95947265625
199,2.0,3.0,1147.9979248046875,25.378734588623047,1920.0,1069.967529296875
200,2.0,3.0,1283.3118896484375,47.259857177734375,1920.0,1071.5748291015625
201,2.0,3.0,1457.0767822265625,99.69263458251953,1920.0,1070.1358642578125
