54,2.0,18.0,451.0821533203125,519.5511474609375,502.80438232421875,562.728759765625
55,2.0,18.0,451.68701171875,518.485107421875,503.0011291503906,562.9072875976562
56,2.0,18.0,452.13653564453125,516.5909423828125,503.35443115234375,563.06689453125
57,2.0,18.0,452.2535095214844,515.5572509765625,503.58941650390625,563.0401000976562
58,2.0,18.0,452.5177001953125,516.7619018554688,503.8674621582031,562.9549560546875
59,2.0,18.0,453.0130615234375,517.0076293945312,504.9107666015625,562.3070678710938
60,2.0,18.0,452.843994140625,516.7750854492188,506.17315673828125,562.4409790039062
61,2.0,18.0,452.8457946777344,517.1400756835938,506.7710876464844,562.986572265625
62,2.0,18.0,452.8211975097656,517.7008666992188,507.0712890625,563.6325073242188
63,2.0,18.0,452.8741760253906,517.8987426757812,506.8641052246094,563.8123779296875
64,2.0,18.0,452.8199157714844,519.0625,506.3443298339844,563.8438110351562
65,2.0,18.0,453.196044921875,519.6207885742188,507.4327697753906,564.0911865234375
66,2.0,18.0,453.491943359375,520.1401977539062,508.04998779296875,564.6848754882812
67,2.0,18.0,453.8247375488281,521.6275634765625,507.83624267578125,564.6077880859375
68,2.0,18.0,453.6883544921875,519.2921752929688,508.35870361328125,565.25927734375
69,2.0,18.0,453.91082763671875,518.2322387695312,508.861328125,565.3646240234375
70,2.0,18.0,454.2308654785156,517.6944580078125,509.7503967285156,565.1902465820312
71,2.0,18.0,454.29278564453125,518.569091796875,510.62286376953125,565.3943481445312
72,2.0,18.0,454.9538879394531,517.6911010742188,512.5523071289062,566.8375854492188
73,2.0,18.0,454.97216796875,520.3400268554688,513.40869140625,567.3880004882812
74,2.0,18.0,455.5202331542969,522.6257934570312,513.9198608398438,567.3861083984375
75,2.0,18.0,456.2319641113281,523.0393676757812,514.4505615234375,567.880859375
76,2.0,18.0,457.1625061035156,520.6001586914062,515.1360473632812,568.3530883789062
77,2.0,18.0,457.5503234863281,518.867431640625,516.3727416992188,568.452392578125
78,2.0,18.0,457.87579345703125,519.0010375976562,517.6072998046875,568.6013793945312
79,2.0,18.0,458.3591613769531,520.27685546875,518.8707275390625,569.0209350585938
80,2.0,18.0,458.54986572265625,520.7665405273438,519.3403930664062,569.2520141601562
81,2.0,18.0,458.8025207519531,520.6444702148438,518.811279296875,569.23681640625
82,2.0,18.0,458.4256286621094,520.2302856445312,519.0228881835938,570.0499267578125
83,2.0,18.0,458.6699523925781,520.5234375,519.7032470703125,570.5366821289062
84,2.0,18.0,458.4757080078125,517.9536743164062,522.634033203125,570.8023681640625
85,2.0,18.0,458.6164855957031,516.5700073242188,526.100341796875,571.2496337890625
86,2.0,18.0,458.9682312011719,515.9254760742188,528.578369140625,571.634765625
87,2.0,18.0,460.435791015625,515.4583740234375,529.9367065429688,572.5515747070312
88,2.0,18.0,461.0830383300781,514.7426147460938,531.5791015625,573.0955810546875
89,2.0,18.0,461.3338317871094,514.8925170898438,531.461669921875,573.4590454101562
90,2.0,18.0,461.33056640625,514.8661499023438,532.1573486328125,573.7457885742188
91,2.0,18.0,461.821533203125,513.817138671875,534.7060546875,574.028564453125
92,2.0,18.0,462.09228515625,514.0795288085938,536.3558349609375,574.4390869140625
93,2.0,18.0,461.5549011230469,513.3815307617188,537.2601928710938,575.3978271484375
94,2.0,18.0,461.5494689941406,513.1996459960938,539.3211669921875,576.1173095703125
95,2.0,18.0,461.1727600097656,513.203125,540.9825439453125,576.778076171875
96,2.0,18.0,461.7779235839844,512.594482421875,542.1123657226562,577.3525390625
97,2.0,18.0,462.4935302734375,511.1583557128906,543.5105590820312,578.1160278320312
98,2.0,18.0,462.91217041015625,510.84967041015625,545.4291381835938,579.1393432617188
99,2.0,18.0,462.5558166503906,511.98583984375,546.5753173828125,580.4434204101562
100,2.0,18.0,462.50048828125,510.738037109375,547.807373046875,581.6513061523438
101,2.0,18.0,462.9566955566406,509.8137512207031,549.510498046875,582.6025390625
102,2.0,18.0,463.8305358886719,510.3628845214844,551.4861450195312,583.9484252929688
103,2.0,18.0,465.1242370605469,511.128173828125,554.5936889648438,584.38525390625
104,2.0,18.0,466.0578918457031,511.0751953125,556.9462280273438,585.3909912109375
105,2.0,18.0,466.8430480957031,509.6348571777344,558.7229614257812,585.6463012695312
106,2.0,18.0,468.11639404296875,508.62408447265625,560.7889404296875,585.8635864257812
107,2.0,18.0,468.8304138183594,508.0133056640625,563.454345703125,586.6017456054688
108,2.0,18.0,469.30230712890625,507.5133361816406,565.2196655273438,586.8058471679688
109,2.0,18.0,470.15826416015625,507.20037841796875,567.1246337890625,586.8174438476562
110,2.0,18.0,471.1339111328125,507.7331237792969,568.3633422851562,587.1951904296875
111,2.0,18.0,470.7081604003906,507.9267578125,570.0569458007812,587.60400390625
112,2.0,18.0,470.3389587402344,507.451904296875,572.414794921875,588.2859497070312
113,2.0,18.0,471.88836669921875,506.8113098144531,574.5132446289062,588.6735229492188
114,2.0,18.0,475.21221923828125,506.5229797363281,577.0086059570312,589.3672485351562
115,2.0,18.0,477.8265686035156,506.22265625,581.514892578125,591.9383544921875
116,2.0,18.0,479.4014587402344,504.6802673339844,585.6221313476562,593.1123657226562
117,2.0,18.0,480.4110107421875,504.7055358886719,588.6351928710938,593.5056762695312
118,2.0,18.0,479.0526123046875,502.46478271484375,590.8146362304688,594.6857299804688
119,2.0,18.0,480.5506286621094,502.0323181152344,595.1211547851562,596.1292724609375
120,2.0,18.0,480.9604187011719,501.60467529296875,598.3141479492188,596.9447631835938
121,2.0,18.0,480.2061462402344,501.05584716796875,601.6724853515625,598.3248901367188
122,2.0,18.0,480.4042053222656,499.64105224609375,605.9951782226562,598.3504028320312
123,2.0,18.0,480.9727478027344,499.2300109863281,609.8313598632812,599.3563232421875
124,2.0,18.0,481.89239501953125,498.54107666015625,613.3661499023438,600.6531982421875
125,2.0,18.0,484.29010009765625,497.87249755859375,618.464599609375,602.719970703125
126,2.0,18.0,487.3158874511719,495.51190185546875,621.8911743164062,604.759521484375
127,2.0,18.0,489.4900207519531,496.0443420410156,625.96826171875,606.0999145507812
128,2.0,18.0,491.7854309082031,495.3134460449219,630.4439086914062,608.0066528320312
129,2.0,18.0,494.0079650878906,494.7557678222656,634.8394165039062,609.3748168945312
130,2.0,18.0,494.6699523925781,494.0948791503906,639.8598022460938,610.5597534179688
131,2.0,18.0,495.8463134765625,493.8954162597656,645.0647583007812,611.939208984375
132,2.0,18.0,495.8192138671875,493.4341735839844,650.41064453125,615.6077270507812
133,2.0,18.0,496.715576171875,491.92889404296875,655.3240356445312,618.685546875
134,2.0,18.0,497.19769287109375,490.6756591796875,661.7484130859375,621.0391845703125
135,2.0,18.0,500.13970947265625,489.5050354003906,667.911376953125,621.2747192382812
136,2.0,18.0,502.122314453125,488.19866943359375,674.4619750976562,622.1446533203125
137,2.0,18.0,504.7789306640625,487.5409240722656,680.963623046875,626.4407958984375
138,2.0,18.0,507.7561340332031,485.80816650390625,688.3055419921875,629.3991088867188
139,2.0,18.0,509.8250427246094,485.41192626953125,695.7022705078125,632.22119140625
140,2.0,18.0,512.5016479492188,483.9654541015625,702.9951171875,634.7202758789062
141,2.0,18.0,515.7156982421875,482.87066650390625,712.3462524414062,638.4022216796875
142,2.0,18.0,517.0535888671875,481.66705322265625,721.7619018554688,642.5406494140625
143,2.0,18.0,518.727294921875,479.76666259765625,730.3068237304688,644.9522705078125
144,2.0,18.0,520.652587890625,478.6817626953125,741.2536010742188,647.2691650390625
145,2.0,18.0,524.3857421875,475.50042724609375,752.541015625,650.2765502929688
146,2.0,18.0,527.6591796875,473.48382568359375,763.662109375,654.5787353515625
147,2.0,18.0,531.5526123046875,472.880859375,776.431884765625,658.5361938476562
148,2.0,18.0,534.9785766601562,470.3476867675781,790.1921997070312,662.9168701171875
149,2.0,18.0,539.352783203125,467.99591064453125,805.0465087890625,667.8779907226562
150,2.0,18.0,545.0219116210938,467.5816955566406,820.03955078125,673.47216796875
151,2.0,18.0,551.973876953125,465.4203186035156,837.5101318359375,678.8516845703125
152,2.0,18.0,555.769775390625,461.04998779296875,855.814208984375,685.189453125
153,2.0,18.0,561.8764038085938,455.9837341308594,876.9468383789062,692.4068603515625
154,2.0,18.0,565.5897827148438,450.97015380859375,898.327392578125,699.883056640625
155,2.0,18.0,572.2394409179688,445.46026611328125,923.6119995117188,710.0618286132812
156,2.0,18.0,577.7775268554688,444.0126037597656,950.502685546875,719.609619140625
157,2.0,18.0,585.4679565429688,442.50262451171875,980.9719848632812,730.9447021484375
158,2.0,18.0,593.8300170898438,441.2032775878906,1013.7968139648438,743.2352294921875
159,2.0,18.0,602.177490234375,438.6425476074219,1049.2916259765625,755.4497680664062
160,2.0,18.0,610.93310546875,433.4645690917969,1092.0413818359375,770.149169921875
161,2.0,18.0,619.6135864257812,430.40875244140625,1137.6956787109375,787.362060546875
162,2.0,18.0,630.8970336914062,426.2401123046875,1192.8458251953125,805.836181640625
163,2.0,18.0,642.8748779296875,418.8041687011719,1254.857421875,825.5454711914062
164,2.0,18.0,656.3943481445312,410.5626525878906,1326.78759765625,851.3538818359375
165,2.0,18.0,671.4459228515625,402.2157897949219,1410.113037109375,881.7854614257812
166,2.0,18.0,687.345703125,391.9710998535156,1513.2349853515625,919.0654296875
167,2.0,18.0,709.5921020507812,379.76995849609375,1636.8837890625,962.6849365234375
168,2.0,18.0,733.8178100585938,366.8758544921875,1781.9871826171875,1018.1505737304688
169,2.0,18.0,758.9953002929688,349.9187316894531,1882.820556640625,1057.115234375
170,2.0,18.0,792.7174072265625,328.6036682128906,1920.0,1071.9459228515625
171,2.0,18.0,831.8451538085938,300.2642517089844,1920.0,1080.0
172,2.0,18.0,879.5829467773438,261.10894775390625,1920.0,1080.0
173,2.0,18.0,940.3836669921875,210.8956298828125,1920.0,1079.9439697265625
174,2.0,18.0,1011.5076904296875,148.26112365722656,1920.0,1076.356201171875
175,2.0,18.0,1104.9681396484375,73.39210510253906,1920.0,1077.302001953125
176,2.0,18.0,1230.8448486328125,51.76253128051758,1920.0,1075.650390625
