104,2.0,32.0,456.92779541015625,522.683837890625,503.7762145996094,562.714111328125
105,2.0,32.0,457.1705627441406,523.63525390625,505.2943420410156,562.985595703125
106,2.0,32.0,457.3988037109375,524.18701171875,505.5404052734375,563.2252197265625
107,2.0,32.0,457.8798828125,524.2076416015625,505.7262878417969,563.0509643554688
108,2.0,32.0,458.255615234375,524.6227416992188,506.34344482421875,563.1904907226562
109,2.0,32.0,458.33837890625,525.3081665039062,506.8379211425781,563.6204833984375
110,2.0,32.0,459.0450134277344,525.322998046875,508.52874755859375,564.07568359375
111,2.0,32.0,458.8748474121094,524.9658203125,509.345947265625,564.1858520507812
112,2.0,32.0,459.3008728027344,523.7369384765625,510.8369445800781,564.8168334960938
113,2.0,32.0,459.8042297363281,523.094482421875,513.1278686523438,565.6837768554688
114,2.0,32.0,460.2796630859375,523.9608154296875,515.4717407226562,566.3414916992188
115,2.0,32.0,459.9541931152344,523.7149658203125,517.482666015625,566.56103515625
116,2.0,32.0,460.18487548828125,524.3088989257812,518.9130249023438,566.4710693359375
117,2.0,32.0,461.2305603027344,524.4586181640625,518.906494140625,566.9459838867188
118,2.0,32.0,462.118896484375,523.2582397460938,519.4321899414062,568.427001953125
119,2.0,32.0,462.3188781738281,522.4821166992188,520.1838989257812,569.6937866210938
120,2.0,32.0,462.2227478027344,522.0670166015625,521.8845825195312,570.3715209960938
121,2.0,32.0,463.2934265136719,519.432861328125,524.9599609375,570.6952514648438
122,2.0,32.0,463.7975769042969,518.1204833984375,526.8065795898438,570.815673828125
123,2.0,32.0,464.4888916015625,517.944091796875,529.1640625,570.87255859375
124,2.0,32.0,464.77569580078125,518.396240234375,531.268798828125,570.910400390625
125,2.0,32.0,465.8019714355469,518.6590576171875,533.20751953125,571.4656372070312
126,2.0,32.0,466.5704345703125,517.52685546875,534.361083984375,571.59765625
127,2.0,32.0,467.9462890625,517.6182250976562,535.2193603515625,571.4464721679688
128,2.0,32.0,468.9410705566406,517.3707885742188,538.3453369140625,571.787353515625
129,2.0,32.0,469.10113525390625,517.1197509765625,539.3987426757812,572.774658203125
130,2.0,32.0,470.0694274902344,518.0299072265625,541.6624145507812,573.4284057617188
131,2.0,32.0,471.0513916015625,517.8837280273438,544.0084228515625,574.8826293945312
132,2.0,32.0,471.7083740234375,518.4379272460938,546.0949096679688,575.5125732421875
133,2.0,32.0,474.0450439453125,518.6771850585938,548.5193481445312,575.71435546875
134,2.0,32.0,475.6123962402344,516.5868530273438,550.5315551757812,577.1674194335938
135,2.0,32.0,476.251953125,514.558349609375,554.4044799804688,578.0361328125
136,2.0,32.0,477.3597412109375,513.0179443359375,557.139404296875,579.1781616210938
137,2.0,32.0,479.22125244140625,512.474609375,558.4334716796875,579.0142211914062
138,2.0,32.0,479.6445617675781,511.565673828125,561.9118041992188,579.4988403320312
139,2.0,32.0,481.7222900390625,513.2177124023438,565.998046875,580.1719970703125
140,2.0,32.0,482.1963195800781,514.3468017578125,568.4030151367188,582.072021484375
141,2.0,32.0,483.31689453125,513.6828002929688,570.9091186523438,584.4898071289062
142,2.0,32.0,482.30059814453125,511.5058898925781,573.1122436523438,585.9660034179688
143,2.0,32.0,483.71258544921875,512.2793579101562,576.8612670898438,586.8080444335938
144,2.0,32.0,486.2897644042969,511.8853454589844,581.7113647460938,587.18505859375
145,2.0,32.0,489.4361572265625,510.9166564941406,586.5008544921875,587.068359375
146,2.0,32.0,491.634765625,510.44866943359375,590.3648681640625,587.7745971679688
147,2.0,32.0,492.8884582519531,508.99957275390625,593.698974609375,588.5335083007812
148,2.0,32.0,493.765869140625,507.5525817871094,599.456298828125,589.6553955078125
149,2.0,32.0,495.8321228027344,506.81378173828125,603.9913940429688,592.0370483398438
150,2.0,32.0,499.7003479003906,506.8921813964844,608.8900146484375,594.1504516601562
151,2.0,32.0,501.990966796875,506.3275451660156,613.2149658203125,595.9574584960938
152,2.0,32.0,504.10552978515625,503.1342468261719,617.6514282226562,597.2059326171875
153,2.0,32.0,504.9925842285156,502.12353515625,623.212158203125,598.566650390625
154,2.0,32.0,506.2201232910156,501.9051208496094,628.4493408203125,599.3482055664062
155,2.0,32.0,508.6557922363281,499.0550231933594,634.9076538085938,600.8739013671875
156,2.0,32.0,511.96148681640625,497.3933410644531,641.2804565429688,602.6117553710938
157,2.0,32.0,513.8325805664062,497.00946044921875,649.8305053710938,604.2450561523438
158,2.0,32.0,517.3060913085938,497.1533203125,657.6505126953125,607.2705688476562
159,2.0,32.0,519.7012939453125,496.4757385253906,665.6213989257812,609.6769409179688
160,2.0,32.0,521.1482543945312,495.2096252441406,671.9212036132812,612.8887939453125
161,2.0,32.0,526.302490234375,494.35223388671875,681.284912109375,616.7147827148438
162,2.0,32.0,527.6369018554688,492.4805908203125,690.7664184570312,620.1694946289062
163,2.0,32.0,530.8796997070312,491.3927307128906,699.504638671875,621.7763061523438
164,2.0,32.0,535.3400268554688,488.49334716796875,711.4573974609375,623.9066162109375
165,2.0,32.0,538.9548950195312,487.71630859375,722.8933715820312,626.6892700195312
166,2.0,32.0,544.482177734375,486.6240539550781,735.007080078125,630.88330078125
167,2.0,32.0,550.2118530273438,484.27447509765625,749.0594482421875,637.767333984375
168,2.0,32.0,554.7456665039062,483.4570007324219,763.9449462890625,641.7997436523438
169,2.0,32.0,561.4703979492188,479.9677734375,780.0592651367188,646.0953369140625
170,2.0,32.0,566.8134765625,478.1248779296875,799.14599609375,650.5762939453125
171,2.0,32.0,573.343994140625,474.9624328613281,817.2268676757812,656.2073974609375
172,2.0,32.0,579.2207641601562,472.6852722167969,839.180908203125,663.4669799804688
173,2.0,32.0,588.87841796875,470.4445495605469,864.3685302734375,668.4535522460938
174,2.0,32.0,597.5936889648438,468.477294921875,891.8387451171875,677.140869140625
175,2.0,32.0,608.3877563476562,459.5367431640625,923.6625366210938,685.6812133789062
176,2.0,32.0,618.5023193359375,450.50946044921875,958.4866333007812,697.6339111328125
177,2.0,32.0,630.5197143554688,444.0669250488281,999.0526123046875,711.4511108398438
178,2.0,32.0,644.654052734375,440.97528076171875,1045.442626953125,726.519775390625
179,2.0,32.0,658.25390625,441.1091613769531,1100.3358154296875,741.1663818359375
180,2.0,32.0,674.6802978515625,435.974365234375,1164.6373291015625,763.1244506835938
181,2.0,32.0,695.2887573242188,430.47430419921875,1240.5274658203125,785.7532348632812
182,2.0,32.0,718.4693603515625,422.6731262207031,1332.3031005859375,812.5789184570312
183,2.0,32.0,744.0150756835938,410.8190002441406,1446.716796875,848.0773315429688
184,2.0,32.0,774.571533203125,398.6377258300781,1590.82421875,892.0208740234375
185,2.0,32.0,813.0980834960938,383.84832763671875,1769.8447265625,951.68408203125
186,2.0,32.0,860.0191650390625,362.55938720703125,1878.3211669921875,1028.6358642578125
187,2.0,32.0,918.878662109375,335.3572082519531,1920.0,1062.5513916015625
188,2.0,32.0,996.1312255859375,297.197509765625,1920.0,1080.0
189,2.0,32.0,1098.8978271484375,237.28932189941406,1920.0,1075.1790771484375
190,2.0,32.0,1241.781982421875,172.25784301757812,1920.0,1077.4619140625
191,2.0,32.0,1453.680419921875,168.8994903564453,1920.0,1079.892578125
