51,2.0,8.0,447.1296691894531,517.7667846679688,502.6497497558594,563.0782470703125
52,2.0,8.0,447.3329772949219,518.514404296875,503.8467712402344,563.7889404296875
53,2.0,8.0,447.7979736328125,517.8975219726562,503.55364990234375,564.0913696289062
54,2.0,8.0,448.0371398925781,516.8742065429688,504.95989990234375,565.2371826171875
55,2.0,8.0,448.6763916015625,516.67333984375,506.51806640625,564.774658203125
56,2.0,8.0,449.9313049316406,518.2823486328125,507.184814453125,565.3846435546875
57,2.0,8.0,450.5098571777344,520.8789672851562,506.6266174316406,564.633544921875
58,2.0,8.0,451.3389892578125,522.1305541992188,507.3830261230469,564.3794555664062
59,2.0,8.0,451.7175598144531,520.16015625,508.0470275878906,565.0361328125
60,2.0,8.0,452.1626892089844,518.2262573242188,508.24114990234375,565.6273193359375
61,2.0,8.0,452.2590026855469,517.1011352539062,508.9042053222656,566.3002319335938
62,2.0,8.0,452.0406799316406,516.726806640625,509.61090087890625,566.3863525390625
63,2.0,8.0,452.3926696777344,517.1119384765625,510.4322814941406,566.6976928710938
64,2.0,8.0,453.1671447753906,517.1998901367188,511.134033203125,566.6522827148438
65,2.0,8.0,453.48052978515625,518.7662963867188,511.9302673339844,566.7713012695312
66,2.0,8.0,453.6369323730469,519.5413208007812,512.772216796875,567.33837890625
67,2.0,8.0,454.8101806640625,521.287109375,514.3328857421875,568.0405883789062
68,2.0,8.0,455.7528076171875,520.758544921875,516.0626220703125,568.2633056640625
69,2.0,8.0,456.6776123046875,520.4658813476562,517.49951171875,568.2477416992188
70,2.0,8.0,457.1983337402344,519.851806640625,518.5030517578125,568.61669921875
71,2.0,8.0,457.647705078125,521.39599609375,518.9608764648438,569.011962890625
72,2.0,8.0,457.7486267089844,521.1266479492188,518.930419921875,569.412353515625
73,2.0,8.0,457.7060241699219,520.3206176757812,518.7108154296875,569.9948120117188
74,2.0,8.0,458.22882080078125,521.4369506835938,518.937255859375,570.3955688476562
75,2.0,8.0,458.4293518066406,520.2018432617188,521.06591796875,570.5681762695312
76,2.0,8.0,458.0291442871094,518.6688842773438,523.7327880859375,570.5785522460938
77,2.0,8.0,458.25054931640625,517.2146606445312,526.535888671875,571.2244262695312
78,2.0,8.0,459.84893798828125,515.5447387695312,527.9102783203125,571.8466186523438
79,2.0,8.0,460.0816345214844,513.83642578125,530.6300659179688,572.4450073242188
80,2.0,8.0,460.5249328613281,513.2537231445312,531.8018188476562,572.71728515625
81,2.0,8.0,460.87030029296875,513.314208984375,531.3715209960938,572.6361694335938
82,2.0,8.0,461.2979431152344,514.2830810546875,532.776611328125,573.5665283203125
83,2.0,8.0,461.4323425292969,514.1744384765625,534.0426025390625,573.8970947265625
84,2.0,8.0,461.9162902832031,514.1726684570312,536.3326416015625,573.8491821289062
85,2.0,8.0,461.7950744628906,514.5934448242188,536.4646606445312,574.413818359375
86,2.0,8.0,462.00201416015625,515.3738403320312,538.7127685546875,574.7792358398438
87,2.0,8.0,462.3865661621094,515.402587890625,540.37353515625,575.8031616210938
88,2.0,8.0,462.646484375,515.5244140625,541.782958984375,576.0615844726562
89,2.0,8.0,462.72064208984375,515.7304077148438,543.298828125,576.5292358398438
90,2.0,8.0,462.7882995605469,515.0857543945312,544.2394409179688,577.27978515625
91,2.0,8.0,463.9283142089844,511.812744140625,545.5139770507812,578.00390625
92,2.0,8.0,464.2669372558594,512.7909545898438,546.8004150390625,578.592041015625
93,2.0,8.0,465.4542541503906,512.5082397460938,548.1295776367188,579.5201416015625
94,2.0,8.0,466.07916259765625,513.2227783203125,549.497802734375,580.5614013671875
95,2.0,8.0,466.4876403808594,513.137451171875,551.4466552734375,581.8462524414062
96,2.0,8.0,466.61981201171875,513.3631591796875,553.7630615234375,582.4417724609375
97,2.0,8.0,467.18511962890625,513.5164794921875,555.7450561523438,583.412109375
98,2.0,8.0,468.2189025878906,513.5098266601562,558.2545776367188,583.9683837890625
99,2.0,8.0,468.86224365234375,512.8790893554688,559.5748901367188,584.6387939453125
100,2.0,8.0,469.3562316894531,511.58709716796875,560.8612060546875,584.7947387695312
101,2.0,8.0,470.2257995605469,510.9451904296875,563.1534423828125,585.3231201171875
102,2.0,8.0,471.76904296875,510.03173828125,564.0579833984375,585.3976440429688
103,2.0,8.0,472.26519775390625,510.2098693847656,565.7875366210938,585.9004516601562
104,2.0,8.0,471.53717041015625,510.408447265625,568.1494750976562,586.3377685546875
105,2.0,8.0,472.0202331542969,510.5915832519531,569.130859375,586.57275390625
106,2.0,8.0,473.55328369140625,509.4368591308594,570.7379760742188,586.8528442382812
107,2.0,8.0,476.6873474121094,509.14263916015625,572.3716430664062,587.147705078125
108,2.0,8.0,477.6594543457031,507.8262634277344,574.650634765625,587.0834350585938
109,2.0,8.0,478.9950866699219,507.8582458496094,577.4075317382812,588.087646484375
110,2.0,8.0,479.7991943359375,507.74755859375,579.9861450195312,588.5426635742188
111,2.0,8.0,480.198974609375,507.9668884277344,581.8037109375,589.0637817382812
112,2.0,8.0,480.5751037597656,507.17633056640625,585.5654296875,589.48974609375
113,2.0,8.0,480.7269287109375,506.41741943359375,588.640625,590.7076416015625
114,2.0,8.0,481.193359375,505.6720275878906,591.32421875,592.265625
115,2.0,8.0,479.4643249511719,502.201904296875,593.357421875,593.61865234375
116,2.0,8.0,480.41571044921875,502.2530822753906,595.6932373046875,594.9192504882812
117,2.0,8.0,480.7557067871094,502.467529296875,598.2884521484375,596.0241088867188
118,2.0,8.0,481.40228271484375,502.2919921875,600.9451293945312,596.87255859375
119,2.0,8.0,483.43609619140625,501.7442321777344,603.545654296875,597.9979248046875
120,2.0,8.0,484.76763916015625,500.4271545410156,606.6507568359375,598.04296875
121,2.0,8.0,485.9174499511719,500.9908752441406,610.10107421875,598.6451416015625
122,2.0,8.0,488.9209899902344,499.9507751464844,613.7153930664062,599.502197265625
123,2.0,8.0,490.6925354003906,497.8185119628906,616.386474609375,600.1590576171875
124,2.0,8.0,492.47833251953125,496.3888244628906,618.940185546875,601.337890625
125,2.0,8.0,493.8288269042969,495.18035888671875,622.5064697265625,603.066650390625
126,2.0,8.0,494.3798828125,495.3011474609375,627.1607055664062,604.1271362304688
127,2.0,8.0,495.921142578125,495.6451110839844,629.962646484375,604.9978637695312
128,2.0,8.0,498.875244140625,494.0115661621094,634.3978271484375,607.4269409179688
129,2.0,8.0,498.16717529296875,494.3823547363281,638.165283203125,608.7908935546875
130,2.0,8.0,498.7923583984375,494.18670654296875,642.73486328125,610.0856323242188
131,2.0,8.0,497.2573547363281,494.2457275390625,645.8936767578125,610.5833129882812
132,2.0,8.0,497.2529296875,494.0382080078125,649.3455810546875,612.0155639648438
133,2.0,8.0,497.8397521972656,493.8360290527344,652.4554443359375,614.5833129882812
134,2.0,8.0,499.66650390625,492.3369445800781,658.5130615234375,617.6421508789062
135,2.0,8.0,501.5489196777344,490.9977111816406,663.9212036132812,620.5801391601562
136,2.0,8.0,503.03717041015625,489.827392578125,669.4111938476562,622.5999145507812
137,2.0,8.0,504.6055908203125,488.7174987792969,672.9209594726562,623.9108276367188
138,2.0,8.0,508.14532470703125,488.1174011230469,677.4910278320312,624.5914306640625
139,2.0,8.0,511.8086242675781,488.3313293457031,683.9208984375,626.8847045898438
140,2.0,8.0,512.8917236328125,487.006103515625,690.0880126953125,628.2280883789062
141,2.0,8.0,515.310546875,485.908447265625,697.1513061523438,629.8289794921875
142,2.0,8.0,516.8021240234375,484.7257995605469,702.8854370117188,631.6312866210938
143,2.0,8.0,518.0301513671875,484.56060791015625,710.20849609375,634.5847778320312
144,2.0,8.0,519.5267333984375,483.3272399902344,717.1782836914062,638.3929443359375
145,2.0,8.0,520.8600463867188,481.8498840332031,724.1146240234375,641.81494140625
146,2.0,8.0,523.3206787109375,481.2109069824219,731.6806030273438,644.1739501953125
147,2.0,8.0,525.4525146484375,479.4935302734375,740.1474609375,646.769775390625
148,2.0,8.0,527.5448608398438,477.4693298339844,749.1891479492188,648.4170532226562
149,2.0,8.0,530.2053833007812,476.0144958496094,759.1427001953125,651.7691040039062
150,2.0,8.0,532.9572143554688,474.2176208496094,768.452392578125,654.9364624023438
151,2.0,8.0,536.06640625,473.04168701171875,778.531494140625,658.7941284179688
152,2.0,8.0,537.9251708984375,470.35101318359375,789.8834228515625,662.7838745117188
153,2.0,8.0,542.1532592773438,469.9441223144531,802.4495849609375,665.9855346679688
154,2.0,8.0,547.7445678710938,468.75238037109375,813.799560546875,669.1560668945312
155,2.0,8.0,551.8826904296875,467.1246032714844,827.3978271484375,671.3733520507812
156,2.0,8.0,556.402587890625,464.3385009765625,841.6412963867188,677.4630737304688
157,2.0,8.0,560.3902587890625,460.95880126953125,857.0799560546875,683.9534912109375
158,2.0,8.0,564.1624145507812,457.4402770996094,872.9747924804688,690.373291015625
159,2.0,8.0,566.83544921875,453.5732116699219,890.3547973632812,697.12890625
160,2.0,8.0,570.873779296875,450.18963623046875,910.10546875,703.6066284179688
161,2.0,8.0,576.31640625,447.36822509765625,931.66748046875,711.7271118164062
162,2.0,8.0,583.3665161132812,445.0489501953125,954.105224609375,719.6541748046875
163,2.0,8.0,587.4575805664062,444.1087951660156,979.0469360351562,728.9241943359375
164,2.0,8.0,595.7479858398438,444.1146240234375,1005.6388549804688,738.4426879882812
165,2.0,8.0,602.8281860351562,442.70526123046875,1034.420654296875,747.2378540039062
166,2.0,8.0,608.5698852539062,438.5685729980469,1065.4393310546875,757.744140625
167,2.0,8.0,616.079833984375,434.3841247558594,1101.128173828125,770.1190185546875
168,2.0,8.0,624.1057739257812,431.77801513671875,1139.3660888671875,784.8609008789062
169,2.0,8.0,633.2002563476562,427.6837463378906,1183.3475341796875,799.1224365234375
170,2.0,8.0,644.4539794921875,422.3480529785156,1232.509521484375,817.0867309570312
171,2.0,8.0,654.0551147460938,414.81646728515625,1288.510009765625,834.1546020507812
172,2.0,8.0,666.7650146484375,408.4305725097656,1351.2994384765625,857.3218383789062
173,2.0,8.0,678.8417358398438,401.7904357910156,1421.67333984375,882.3706665039062
174,2.0,8.0,694.741943359375,393.5431823730469,1508.5594482421875,912.033935546875
175,2.0,8.0,711.869384765625,384.2586975097656,1605.77294921875,946.5005493164062
176,2.0,8.0,728.334228515625,373.3390808105469,1718.00390625,991.4462890625
177,2.0,8.0,752.1162719726562,362.09027099609375,1850.196533203125,1040.14794921875
178,2.0,8.0,774.3833618164062,345.8501892089844,1910.8843994140625,1066.695068359375
179,2.0,8.0,785.1060791015625,325.54010009765625,1920.0,1075.8743896484375
180,2.0,8.0,827.2324829101562,302.7795104980469,1920.0,1080.0
181,2.0,8.0,868.3289794921875,274.7279968261719,1920.0,1080.0
182,2.0,8.0,913.604736328125,240.6910858154297,1920.0,1080.0
183,2.0,8.0,967.6791381835938,197.14761352539062,1920.0,1077.0042724609375
184,2.0,8.0,1033.828125,138.99986267089844,1920.0,1072.65087890625
185,2.0,8.0,1109.885498046875,79.58463287353516,1920.0,1075.04052734375
186,2.0,8.0,1211.4501953125,51.60806655883789,1920.0,1073.5087890625
187,2.0,8.0,1338.9234619140625,75.67060852050781,1920.0,1076.22802734375
188,2.0,8.0,1512.47607421875,118.26141357421875,1920.0,1075.8677978515625
