46,2.0,10.0,447.337646484375,518.9257202148438,504.5585021972656,562.9881591796875
47,2.0,10.0,447.5677185058594,519.3220825195312,504.1612548828125,563.1484985351562
48,2.0,10.0,448.2470397949219,518.3884887695312,504.5069580078125,563.6620483398438
49,2.0,10.0,448.9307556152344,518.8701782226562,505.70074462890625,563.9019775390625
50,2.0,10.0,450.49017333984375,518.6784057617188,506.8899230957031,564.412841796875
51,2.0,10.0,451.8117980957031,518.15478515625,507.18377685546875,564.917724609375
52,2.0,10.0,452.4576416015625,517.1846923828125,507.9265441894531,565.263427734375
53,2.0,10.0,452.19830322265625,517.9005737304688,508.2890930175781,565.4027099609375
54,2.0,10.0,452.376220703125,518.6334838867188,508.44830322265625,565.5567626953125
55,2.0,10.0,452.8548889160156,517.1198120117188,509.3832092285156,566.26806640625
56,2.0,10.0,453.24310302734375,514.39111328125,510.0542907714844,567.21875
57,2.0,10.0,454.2427062988281,516.17236328125,511.80255126953125,567.2928466796875
58,2.0,10.0,455.3020935058594,517.4830322265625,512.8462524414062,567.7228393554688
59,2.0,10.0,456.557373046875,519.2179565429688,514.0469970703125,568.2299194335938
60,2.0,10.0,457.052734375,521.653564453125,515.3012084960938,568.5419311523438
61,2.0,10.0,457.5853271484375,523.9067993164062,515.3679809570312,568.6912841796875
62,2.0,10.0,458.3954772949219,524.53955078125,516.6105346679688,569.2039184570312
63,2.0,10.0,459.1231994628906,520.7723388671875,517.7839965820312,569.5509643554688
64,2.0,10.0,459.62872314453125,518.8112182617188,518.63525390625,569.1314697265625
65,2.0,10.0,459.3765563964844,518.5100708007812,518.8864135742188,568.7822875976562
66,2.0,10.0,459.2027587890625,517.8894653320312,518.5531616210938,568.7283935546875
67,2.0,10.0,459.6914978027344,517.13037109375,519.5385131835938,569.0902709960938
68,2.0,10.0,459.4924011230469,516.78662109375,521.1283569335938,569.175048828125
69,2.0,10.0,459.42724609375,516.203125,524.3197021484375,569.7258911132812
70,2.0,10.0,459.26959228515625,515.9634399414062,526.6918334960938,570.3684692382812
71,2.0,10.0,459.3110046386719,515.1375122070312,530.0633544921875,571.3823852539062
72,2.0,10.0,460.68121337890625,513.5149536132812,531.8809814453125,572.1598510742188
73,2.0,10.0,461.7204895019531,512.844482421875,532.7152709960938,572.2625122070312
74,2.0,10.0,462.1854248046875,513.196044921875,533.6221313476562,572.2205200195312
75,2.0,10.0,462.1663513183594,514.007080078125,533.373291015625,572.3284301757812
76,2.0,10.0,462.7843017578125,515.6491088867188,533.4529418945312,572.543212890625
77,2.0,10.0,462.6289978027344,515.418701171875,535.4068603515625,573.3258056640625
78,2.0,10.0,463.25701904296875,514.6961059570312,538.3013305664062,573.7796630859375
79,2.0,10.0,464.0605163574219,513.2247924804688,540.0791625976562,574.1943969726562
80,2.0,10.0,464.60980224609375,514.421630859375,541.6853637695312,574.4287109375
81,2.0,10.0,464.92529296875,514.2015380859375,543.6257934570312,575.2297973632812
82,2.0,10.0,465.07904052734375,514.8467407226562,545.1929321289062,576.3110961914062
83,2.0,10.0,465.8848571777344,515.3760375976562,546.0694580078125,577.012451171875
84,2.0,10.0,466.20062255859375,514.8555908203125,546.95751953125,578.2355346679688
85,2.0,10.0,466.2871398925781,515.3160400390625,548.4921264648438,578.8802490234375
86,2.0,10.0,467.39031982421875,514.9265747070312,551.0361938476562,579.5127563476562
87,2.0,10.0,468.9889221191406,513.6903686523438,553.00537109375,580.9098510742188
88,2.0,10.0,469.8090515136719,513.3311157226562,554.8471069335938,581.7257690429688
89,2.0,10.0,470.9754333496094,511.9082336425781,556.8310546875,582.5087280273438
90,2.0,10.0,472.1647033691406,510.0972595214844,559.2660522460938,583.5052490234375
91,2.0,10.0,472.5065002441406,509.47967529296875,560.8688354492188,583.840576171875
92,2.0,10.0,473.15142822265625,509.74639892578125,563.1577758789062,584.5300903320312
93,2.0,10.0,473.35418701171875,510.0176696777344,564.916015625,583.9995727539062
94,2.0,10.0,475.00958251953125,510.2421875,567.2804565429688,584.8148803710938
95,2.0,10.0,475.9881286621094,510.0614013671875,570.08349609375,585.1292724609375
96,2.0,10.0,477.793701171875,509.5613098144531,570.5668334960938,585.7728881835938
97,2.0,10.0,478.89691162109375,509.9145812988281,572.328857421875,586.298095703125
98,2.0,10.0,480.064697265625,510.1446533203125,574.4878540039062,586.6566162109375
99,2.0,10.0,481.16864013671875,510.47833251953125,576.3807983398438,587.2587890625
100,2.0,10.0,481.3765869140625,510.7044677734375,578.4091186523438,587.4677124023438
101,2.0,10.0,481.44189453125,510.67193603515625,581.7017822265625,587.8214111328125
102,2.0,10.0,481.0284423828125,509.62774658203125,584.6845703125,588.1792602539062
103,2.0,10.0,481.3788757324219,508.8577575683594,588.1489868164062,588.5867309570312
104,2.0,10.0,481.5570373535156,507.41156005859375,591.2363891601562,588.6932373046875
105,2.0,10.0,482.7790222167969,505.91668701171875,594.24609375,590.2008666992188
106,2.0,10.0,485.1595153808594,504.6591491699219,596.6644897460938,591.8654174804688
107,2.0,10.0,487.0519714355469,503.71575927734375,599.5916137695312,593.0877075195312
108,2.0,10.0,487.8136901855469,503.3197937011719,602.0509643554688,594.7405395507812
109,2.0,10.0,489.4018859863281,501.69476318359375,604.5470581054688,596.1438598632812
110,2.0,10.0,490.4259033203125,501.58526611328125,608.0145874023438,597.3679809570312
111,2.0,10.0,492.4681701660156,499.3087463378906,611.8347778320312,598.0219116210938
112,2.0,10.0,493.25421142578125,499.37689208984375,614.6829223632812,598.5908813476562
113,2.0,10.0,494.6967468261719,497.4142761230469,618.334716796875,599.2786254882812
114,2.0,10.0,497.86279296875,496.8258361816406,621.2689208984375,600.43408203125
115,2.0,10.0,500.6250305175781,496.8213195800781,624.7088012695312,600.9483642578125
116,2.0,10.0,497.9772033691406,497.1981201171875,628.6783447265625,602.2127685546875
117,2.0,10.0,499.50701904296875,495.8664855957031,633.0765380859375,603.7564697265625
118,2.0,10.0,501.25006103515625,496.4660339355469,637.3868408203125,606.151611328125
119,2.0,10.0,501.95550537109375,496.4930419921875,642.3225708007812,608.251953125
120,2.0,10.0,501.35357666015625,496.3580017089844,646.2027587890625,608.8817749023438
121,2.0,10.0,501.0943298339844,495.9893798828125,650.1917114257812,609.8802490234375
122,2.0,10.0,502.0977783203125,495.0544738769531,653.8697509765625,611.3777465820312
123,2.0,10.0,503.8290100097656,493.9858703613281,659.4966430664062,612.8068237304688
124,2.0,10.0,506.0028381347656,493.1448669433594,664.8056640625,617.6624755859375
125,2.0,10.0,509.0312194824219,491.8387756347656,670.0191650390625,619.5601806640625
126,2.0,10.0,512.2643432617188,490.2918395996094,674.91015625,620.3153686523438
127,2.0,10.0,516.566162109375,489.0632629394531,679.849365234375,621.579833984375
128,2.0,10.0,518.2096557617188,488.0799255371094,686.5180053710938,623.3969116210938
129,2.0,10.0,519.665771484375,487.2389221191406,692.0609130859375,626.3626708984375
130,2.0,10.0,519.5447387695312,486.505615234375,698.921630859375,629.400146484375
131,2.0,10.0,521.2684936523438,485.102783203125,704.6170043945312,631.306396484375
132,2.0,10.0,523.3770751953125,484.013916015625,712.62060546875,634.375244140625
133,2.0,10.0,526.1932983398438,483.6357116699219,719.6674194335938,636.7977905273438
134,2.0,10.0,528.076416015625,483.2593078613281,727.3717651367188,639.8148803710938
135,2.0,10.0,529.6224975585938,482.6085510253906,735.1029052734375,642.9072875976562
136,2.0,10.0,531.5866088867188,480.77264404296875,744.6768188476562,645.3776245117188
137,2.0,10.0,534.61865234375,479.1544189453125,754.538330078125,647.6959838867188
138,2.0,10.0,538.4514770507812,476.74481201171875,763.85107421875,651.2698974609375
139,2.0,10.0,540.3638916015625,475.3365478515625,773.471923828125,655.8925170898438
140,2.0,10.0,543.5014038085938,473.7109069824219,783.8748168945312,659.3975219726562
141,2.0,10.0,549.2676391601562,471.025634765625,795.4268188476562,662.27783203125
142,2.0,10.0,551.2341918945312,470.6461181640625,808.4970092773438,666.97265625
143,2.0,10.0,555.5,468.5175476074219,822.6968994140625,669.4699096679688
144,2.0,10.0,560.0596313476562,465.4048156738281,837.8622436523438,675.8130493164062
145,2.0,10.0,564.2801513671875,463.59173583984375,852.96630859375,682.052001953125
146,2.0,10.0,566.9141845703125,458.2692565917969,869.5043334960938,689.158935546875
147,2.0,10.0,570.4696655273438,452.3863525390625,888.229248046875,696.7568359375
148,2.0,10.0,575.463134765625,449.7805480957031,909.5396118164062,705.3198852539062
149,2.0,10.0,579.2152709960938,445.6941223144531,931.7568359375,713.1077880859375
150,2.0,10.0,585.260986328125,445.58026123046875,955.489990234375,722.5515747070312
151,2.0,10.0,590.6740112304688,443.8860168457031,982.6138305664062,732.218505859375
152,2.0,10.0,598.0765380859375,443.67266845703125,1011.860107421875,743.7728271484375
153,2.0,10.0,607.9158935546875,442.2823181152344,1043.00244140625,755.0938110351562
154,2.0,10.0,613.5242919921875,436.7882995605469,1079.73583984375,769.5911254882812
155,2.0,10.0,620.5971069335938,432.8847351074219,1121.0252685546875,782.859130859375
156,2.0,10.0,629.7421875,429.46014404296875,1165.369384765625,798.5988159179688
157,2.0,10.0,639.833740234375,424.5577697753906,1217.07666015625,816.927978515625
158,2.0,10.0,649.945068359375,417.1052551269531,1276.95166015625,836.5953979492188
159,2.0,10.0,662.9249877929688,409.7433776855469,1349.2896728515625,862.1902465820312
160,2.0,10.0,674.4783325195312,401.3917541503906,1426.332763671875,892.00146484375
161,2.0,10.0,688.37158203125,390.29766845703125,1522.946044921875,928.5932006835938
162,2.0,10.0,706.9786376953125,379.1673583984375,1642.41455078125,973.5502319335938
163,2.0,10.0,727.452392578125,366.77484130859375,1772.179443359375,1025.61474609375
164,2.0,10.0,751.8917846679688,349.81072998046875,1878.9654541015625,1060.5030517578125
165,2.0,10.0,774.9993286132812,330.4394836425781,1920.0,1072.0814208984375
166,2.0,10.0,792.708251953125,304.7720031738281,1920.0,1078.740478515625
167,2.0,10.0,839.6251220703125,275.4057922363281,1920.0,1080.0
168,2.0,10.0,889.060302734375,232.16477966308594,1920.0,1080.0
169,2.0,10.0,945.6082763671875,177.81068420410156,1920.0,1077.937255859375
170,2.0,10.0,1019.8775024414062,104.57524871826172,1920.0,1074.547607421875
171,2.0,10.0,1108.615478515625,41.70399856567383,1920.0,1075.92431640625
172,2.0,10.0,1226.162841796875,24.391273498535156,1920.0,1076.6005859375
173,2.0,10.0,1390.0440673828125,59.49325180053711,1920.0,1077.5428466796875
