87,2.0,29.0,444.4631042480469,524.9798583984375,493.573974609375,563.2321166992188
88,2.0,29.0,444.7854309082031,524.8619384765625,494.3061828613281,563.5074462890625
89,2.0,29.0,445.3705749511719,525.6865234375,494.6888427734375,563.5882568359375
90,2.0,29.0,445.97601318359375,526.1957397460938,496.4335021972656,563.6040649414062
91,2.0,29.0,445.9580993652344,526.211669921875,497.21270751953125,563.6010131835938
92,2.0,29.0,446.41552734375,527.4325561523438,497.2611999511719,563.6563720703125
93,2.0,29.0,446.3960266113281,524.5859375,498.5744934082031,563.59033203125
94,2.0,29.0,446.6485900878906,522.6528930664062,499.3671875,563.4319458007812
95,2.0,29.0,447.4512023925781,520.8012084960938,500.3396301269531,563.2811889648438
96,2.0,29.0,447.9900207519531,520.0055541992188,502.5083312988281,563.5280151367188
97,2.0,29.0,448.1129455566406,518.4872436523438,504.2742004394531,564.4586181640625
98,2.0,29.0,448.4056091308594,516.8793334960938,505.8480529785156,566.0350952148438
99,2.0,29.0,448.3182067871094,516.697265625,506.5779724121094,566.0853271484375
100,2.0,29.0,449.1569519042969,518.1162719726562,506.6454162597656,565.7786254882812
101,2.0,29.0,450.50872802734375,517.9589233398438,507.7015686035156,566.7020263671875
102,2.0,29.0,451.7634582519531,519.0955200195312,508.5351257324219,567.5840454101562
103,2.0,29.0,452.51055908203125,517.4879150390625,509.1268615722656,567.7679443359375
104,2.0,29.0,452.7700500488281,519.9468994140625,510.1169738769531,568.4564208984375
105,2.0,29.0,453.1933288574219,520.901611328125,512.2002563476562,569.1482543945312
106,2.0,29.0,453.697265625,521.7916870117188,514.5184326171875,569.9593505859375
107,2.0,29.0,454.22210693359375,525.5587158203125,516.1934814453125,570.2678833007812
108,2.0,29.0,454.6566467285156,519.9652099609375,518.0370483398438,570.3364868164062
109,2.0,29.0,456.1107482910156,519.0518798828125,518.2319946289062,570.5849609375
110,2.0,29.0,457.1359558105469,517.959716796875,519.554443359375,571.3199462890625
111,2.0,29.0,457.7787170410156,516.3898315429688,521.4910278320312,571.9695434570312
112,2.0,29.0,458.6847229003906,515.5844116210938,524.8136596679688,572.0589599609375
113,2.0,29.0,459.9021911621094,513.887451171875,528.0454711914062,573.23828125
114,2.0,29.0,460.2724304199219,512.3577880859375,529.2813110351562,573.84033203125
115,2.0,29.0,460.6685791015625,511.39776611328125,531.5390625,573.8043212890625
116,2.0,29.0,461.1835021972656,511.99066162109375,534.4087524414062,574.269775390625
117,2.0,29.0,461.6422424316406,513.2936401367188,536.574462890625,574.7969360351562
118,2.0,29.0,462.5118408203125,512.1409301757812,536.905517578125,576.0687866210938
119,2.0,29.0,462.85845947265625,512.9329833984375,539.0702514648438,576.4401245117188
120,2.0,29.0,462.733154296875,514.2283325195312,541.432373046875,577.1209106445312
121,2.0,29.0,462.85247802734375,512.9924926757812,543.2611694335938,578.0671997070312
122,2.0,29.0,463.26226806640625,511.0655822753906,545.6396484375,580.332275390625
123,2.0,29.0,463.7213134765625,510.1394348144531,548.130615234375,582.1810302734375
124,2.0,29.0,465.1477966308594,510.3772277832031,551.0369873046875,583.3215942382812
125,2.0,29.0,467.1409912109375,512.1671142578125,553.7783813476562,584.1519775390625
126,2.0,29.0,467.5461120605469,510.2497253417969,557.6597290039062,585.2710571289062
127,2.0,29.0,468.76812744140625,509.6305236816406,560.311279296875,585.4906616210938
128,2.0,29.0,469.5931091308594,509.39495849609375,563.4732055664062,586.3631591796875
129,2.0,29.0,470.1824645996094,509.1669616699219,566.5907592773438,586.62890625
130,2.0,29.0,471.3565673828125,508.5946350097656,568.8795166015625,586.956787109375
131,2.0,29.0,475.2875671386719,508.1703186035156,571.6112060546875,586.8547973632812
132,2.0,29.0,478.27130126953125,508.9922180175781,575.1268920898438,587.8038330078125
133,2.0,29.0,479.9661865234375,508.6886901855469,580.1502685546875,588.9845581054688
134,2.0,29.0,480.794921875,508.36517333984375,585.1893310546875,591.4067993164062
135,2.0,29.0,480.5778503417969,506.6722717285156,589.8436889648438,592.6798706054688
136,2.0,29.0,480.34686279296875,502.7579040527344,592.7883911132812,594.9488525390625
137,2.0,29.0,481.5373840332031,502.74603271484375,598.5968627929688,596.6611328125
138,2.0,29.0,481.5731506347656,500.9328308105469,603.6766357421875,597.684326171875
139,2.0,29.0,483.9494323730469,500.0842590332031,609.8756103515625,598.7570190429688
140,2.0,29.0,487.6062927246094,498.05853271484375,614.4157104492188,600.50927734375
141,2.0,29.0,491.39178466796875,496.2945556640625,619.8054809570312,602.6427612304688
142,2.0,29.0,492.07122802734375,495.85247802734375,626.0636596679688,604.4110107421875
143,2.0,29.0,493.83697509765625,494.74932861328125,631.7424926757812,607.6806640625
144,2.0,29.0,495.7640075683594,495.5152893066406,638.52783203125,609.5174560546875
145,2.0,29.0,496.1860656738281,494.43743896484375,645.259521484375,611.0479125976562
146,2.0,29.0,498.28924560546875,493.61700439453125,651.3585815429688,613.2969360351562
147,2.0,29.0,500.38775634765625,492.4871520996094,660.2486572265625,617.6194458007812
148,2.0,29.0,502.4550476074219,490.0775146484375,668.5722045898438,621.20361328125
149,2.0,29.0,506.0505676269531,487.9032287597656,676.357177734375,622.263916015625
150,2.0,29.0,509.88336181640625,486.49163818359375,686.6442260742188,626.7337646484375
151,2.0,29.0,515.3473510742188,484.57781982421875,697.4071655273438,630.5872802734375
152,2.0,29.0,517.7908935546875,484.32843017578125,708.801513671875,634.4697875976562
153,2.0,29.0,519.9432983398438,483.35382080078125,720.2886352539062,638.6773071289062
154,2.0,29.0,524.4479370117188,482.1996154785156,732.1707763671875,643.78955078125
155,2.0,29.0,528.1492919921875,478.8146667480469,746.4839477539062,646.933349609375
156,2.0,29.0,532.660400390625,477.3878479003906,762.234375,652.1864624023438
157,2.0,29.0,538.2212524414062,474.86138916015625,778.8408813476562,657.864013671875
158,2.0,29.0,544.3798217773438,471.5865783691406,798.7528686523438,663.7679443359375
159,2.0,29.0,551.5950927734375,468.8078918457031,819.1974487304688,668.6581420898438
160,2.0,29.0,558.392333984375,464.98193359375,841.9264526367188,677.5078735351562
161,2.0,29.0,563.7691040039062,458.3370666503906,867.988037109375,687.062744140625
162,2.0,29.0,571.0980224609375,452.8267822265625,897.5225219726562,697.59326171875
163,2.0,29.0,580.5195922851562,446.5198974609375,931.7098388671875,710.0499267578125
164,2.0,29.0,589.473388671875,443.7307434082031,969.7713623046875,724.1366577148438
165,2.0,29.0,601.6553344726562,442.4100646972656,1013.4468994140625,739.6595458984375
166,2.0,29.0,613.3076171875,437.0085144042969,1064.5380859375,755.711669921875
167,2.0,29.0,627.2748413085938,432.1668701171875,1124.2283935546875,777.302978515625
168,2.0,29.0,642.124755859375,426.18243408203125,1196.324951171875,800.9384765625
169,2.0,29.0,660.4866333007812,415.5498046875,1283.6280517578125,829.3672485351562
170,2.0,29.0,681.647216796875,407.1231689453125,1391.26318359375,866.93115234375
171,2.0,29.0,706.15576171875,394.7972412109375,1525.0262451171875,914.7877197265625
172,2.0,29.0,735.5304565429688,379.6694030761719,1698.70263671875,980.8250732421875
173,2.0,29.0,770.8729248046875,359.8626708984375,1847.163330078125,1041.3125
174,2.0,29.0,814.13623046875,332.7789001464844,1910.0001220703125,1065.7745361328125
175,2.0,29.0,877.8305053710938,290.9172058105469,1920.0,1077.83447265625
176,2.0,29.0,956.7871704101562,233.66070556640625,1920.0,1077.1236572265625
177,2.0,29.0,1063.37109375,147.35406494140625,1920.0,1078.028076171875
178,2.0,29.0,1219.829833984375,94.59944152832031,1920.0,1077.0152587890625
