97,2.0,1.0,236.59361267089844,550.9383544921875,285.7332458496094,588.3134765625
98,2.0,1.0,237.0070343017578,550.9264526367188,287.5129699707031,588.6220092773438
99,2.0,1.0,237.93353271484375,550.7138671875,288.91552734375,588.3552856445312
100,2.0,1.0,239.00575256347656,551.2235717773438,289.9436950683594,588.22705078125
101,2.0,1.0,239.00436401367188,550.7510986328125,290.2167053222656,589.005615234375
102,2.0,1.0,239.09486389160156,550.2540283203125,290.7019958496094,589.1854248046875
103,2.0,1.0,239.74835205078125,550.4794311523438,291.1830139160156,590.7353515625
104,2.0,1.0,240.4522705078125,550.012451171875,291.8115539550781,592.2595825195312
105,2.0,1.0,241.0033721923828,550.6083374023438,293.1912536621094,592.907958984375
106,2.0,1.0,241.6893310546875,551.6047973632812,294.38848876953125,592.6054077148438
107,2.0,1.0,242.33612060546875,553.1179809570312,296.2520446777344,591.998779296875
108,2.0,1.0,242.9347686767578,554.2839965820312,298.7989807128906,592.36279296875
109,2.0,1.0,243.84979248046875,553.8977661132812,300.8290710449219,593.412353515625
110,2.0,1.0,245.17283630371094,553.4622802734375,302.2196350097656,593.954345703125
111,2.0,1.0,245.69998168945312,554.7069702148438,303.8503723144531,594.9051513671875
112,2.0,1.0,245.7873992919922,552.6099243164062,306.18035888671875,595.5599975585938
113,2.0,1.0,246.6649169921875,552.0142211914062,307.9672546386719,596.3514404296875
114,2.0,1.0,247.45932006835938,552.8259887695312,310.7684326171875,596.8990478515625
115,2.0,1.0,247.96456909179688,551.8038940429688,313.51593017578125,597.7927856445312
116,2.0,1.0,248.2403106689453,549.1519165039062,315.7962646484375,598.77392578125
117,2.0,1.0,248.93914794921875,546.9404907226562,317.2853088378906,598.8822631835938
118,2.0,1.0,249.72315979003906,547.732177734375,319.1869812011719,599.8046264648438
119,2.0,1.0,251.4598388671875,548.6759643554688,320.4895935058594,600.0320434570312
120,2.0,1.0,251.77987670898438,546.1178588867188,323.2677917480469,600.2562866210938
121,2.0,1.0,253.30348205566406,544.885986328125,325.8750915527344,600.0787353515625
122,2.0,1.0,254.32208251953125,544.7994384765625,328.244873046875,600.6921997070312
123,2.0,1.0,255.15951538085938,545.7786865234375,330.2980041503906,601.9186401367188
124,2.0,1.0,255.75808715820312,544.345458984375,332.4035339355469,603.3189086914062
125,2.0,1.0,257.23406982421875,544.390380859375,335.45233154296875,605.4368286132812
126,2.0,1.0,258.4731750488281,542.7033081054688,338.4813537597656,607.2379150390625
127,2.0,1.0,259.6426086425781,542.0642700195312,342.218505859375,608.5433959960938
128,2.0,1.0,261.8707580566406,541.3411254882812,346.6029052734375,609.6073608398438
129,2.0,1.0,264.0177917480469,540.0444946289062,349.4849853515625,610.0693969726562
130,2.0,1.0,264.26953125,539.8087158203125,352.9039001464844,610.9431762695312
131,2.0,1.0,265.2034912109375,539.3142700195312,355.96087646484375,611.4080810546875
132,2.0,1.0,266.35357666015625,539.5411987304688,358.916259765625,612.5890502929688
133,2.0,1.0,266.9481201171875,538.4129638671875,363.1304626464844,614.6357421875
134,2.0,1.0,268.73944091796875,536.8927612304688,367.7449645996094,616.4848022460938
135,2.0,1.0,269.98870849609375,535.041259765625,371.9832458496094,618.4443969726562
136,2.0,1.0,271.9959411621094,534.0263061523438,376.25274658203125,620.8657836914062
137,2.0,1.0,274.7399597167969,534.2543334960938,380.1790466308594,622.0371704101562
138,2.0,1.0,276.7150573730469,533.9450073242188,385.1999206542969,622.3024291992188
139,2.0,1.0,277.1661071777344,533.3675537109375,390.8942565917969,622.9369506835938
140,2.0,1.0,280.18756103515625,532.2012329101562,396.95892333984375,624.0731811523438
141,2.0,1.0,283.8033752441406,531.376953125,403.94873046875,626.0399780273438
142,2.0,1.0,284.49566650390625,530.5892944335938,410.2349853515625,628.9664306640625
143,2.0,1.0,287.0428771972656,530.6948852539062,416.3841552734375,631.9602661132812
144,2.0,1.0,289.0199279785156,529.113037109375,424.88055419921875,634.6212768554688
145,2.0,1.0,291.5071716308594,526.7034301757812,432.10150146484375,637.666748046875
146,2.0,1.0,294.8018798828125,525.0682373046875,440.6177673339844,641.6928100585938
147,2.0,1.0,297.8623962402344,523.3027954101562,449.1149597167969,645.2601928710938
148,2.0,1.0,302.2265930175781,522.216552734375,459.6933288574219,647.0113525390625
149,2.0,1.0,305.1815490722656,520.4315185546875,470.6722106933594,649.5675048828125
150,2.0,1.0,310.2807922363281,519.0289306640625,480.2408752441406,652.7985229492188
151,2.0,1.0,314.6087646484375,518.5584716796875,492.9230041503906,658.3766479492188
152,2.0,1.0,319.14007568359375,517.8701782226562,505.6246337890625,662.9000854492188
153,2.0,1.0,323.2402038574219,515.8619384765625,520.6798706054688,666.8820190429688
154,2.0,1.0,328.87066650390625,513.3355102539062,538.9852905273438,670.1434326171875
155,2.0,1.0,334.4930725097656,510.24395751953125,556.105224609375,674.8364868164062
156,2.0,1.0,343.01922607421875,506.8094177246094,575.0811767578125,681.148193359375
157,2.0,1.0,350.8096008300781,503.6759338378906,598.4107055664062,688.2413940429688
158,2.0,1.0,357.4819030761719,500.9561462402344,624.2577514648438,695.6704711914062
159,2.0,1.0,366.55194091796875,495.5355529785156,653.9611206054688,704.84521484375
160,2.0,1.0,375.7294006347656,485.5196533203125,687.296142578125,713.3648681640625
161,2.0,1.0,387.48773193359375,477.41424560546875,725.2808837890625,724.04541015625
162,2.0,1.0,401.0987243652344,471.045654296875,769.9942016601562,738.6011962890625
163,2.0,1.0,417.2372741699219,467.7904968261719,822.9113159179688,755.9138793945312
164,2.0,1.0,432.7428894042969,462.2701110839844,884.1932373046875,779.3473510742188
165,2.0,1.0,452.1893005371094,450.4429931640625,961.357666015625,804.1621704101562
166,2.0,1.0,476.2144775390625,442.69427490234375,1054.636474609375,834.11767578125
167,2.0,1.0,502.6020202636719,431.7066650390625,1172.583740234375,873.9764404296875
168,2.0,1.0,535.8577880859375,417.7308044433594,1326.864013671875,926.6203002929688
169,2.0,1.0,580.1334228515625,401.9522399902344,1530.9012451171875,1001.601806640625
170,2.0,1.0,632.363037109375,378.8908386230469,1778.5489501953125,1049.6192626953125
171,2.0,1.0,699.5465087890625,350.85772705078125,1883.0648193359375,1071.27587890625
172,2.0,1.0,796.3119506835938,306.6777038574219,1920.0,1075.53857421875
173,2.0,1.0,933.4487915039062,231.27337646484375,1920.0,1076.24365234375
174,2.0,1.0,1148.5452880859375,167.3252716064453,1920.0,1078.111572265625
