2,2.0,2.0,226.65670776367188,547.0934448242188,288.8513488769531,597.4688720703125
3,2.0,2.0,227.3933563232422,546.7202758789062,289.5623779296875,597.3914794921875
4,2.0,2.0,227.1123504638672,547.5078735351562,290.9469299316406,597.6416015625
5,2.0,2.0,227.32867431640625,548.2317504882812,291.70635986328125,597.8502197265625
6,2.0,2.0,227.56690979003906,548.7041015625,292.03076171875,597.5665893554688
7,2.0,2.0,227.1380615234375,548.4559326171875,291.9900817871094,597.378662109375
8,2.0,2.0,227.1090850830078,547.99609375,292.3728332519531,597.4596557617188
9,2.0,2.0,227.56051635742188,547.7281494140625,292.66912841796875,597.8251342773438
10,2.0,2.0,227.82269287109375,548.2291870117188,292.8282470703125,598.0783081054688
11,2.0,2.0,227.9672393798828,548.0299682617188,292.78558349609375,598.4133911132812
12,2.0,2.0,228.4998779296875,547.2379760742188,293.2796630859375,597.9738159179688
13,2.0,2.0,228.7769012451172,546.6044311523438,294.72967529296875,598.3162841796875
14,2.0,2.0,228.83416748046875,544.0482177734375,295.48663330078125,598.7283935546875
15,2.0,2.0,229.58348083496094,542.256591796875,296.07391357421875,598.8080444335938
16,2.0,2.0,229.7425079345703,541.7559204101562,295.7900390625,599.5259399414062
17,2.0,2.0,229.63711547851562,541.2948608398438,297.16925048828125,599.93701171875
18,2.0,2.0,229.61160278320312,541.7301635742188,298.95989990234375,600.2074584960938
19,2.0,2.0,229.7587890625,541.2426147460938,299.5826110839844,600.4225463867188
20,2.0,2.0,229.7680206298828,541.7103881835938,300.2869567871094,600.723388671875
21,2.0,2.0,230.27455139160156,539.98486328125,301.20977783203125,601.0111694335938
22,2.0,2.0,231.01556396484375,542.1181640625,302.1017761230469,601.0455932617188
23,2.0,2.0,231.59007263183594,544.518798828125,302.48675537109375,601.1993408203125
24,2.0,2.0,231.45343017578125,545.1952514648438,303.2859802246094,602.2132568359375
25,2.0,2.0,231.57785034179688,543.8320922851562,305.283935546875,602.174560546875
26,2.0,2.0,231.5494384765625,542.9487915039062,307.3890075683594,602.9364624023438
27,2.0,2.0,232.20999145507812,541.3809204101562,306.68133544921875,603.35302734375
28,2.0,2.0,232.37994384765625,541.13720703125,306.4801025390625,603.6238403320312
29,2.0,2.0,232.90765380859375,540.9700317382812,307.8203430175781,603.60400390625
30,2.0,2.0,233.29376220703125,539.3458251953125,308.4031677246094,603.7840576171875
31,2.0,2.0,233.78872680664062,541.1895141601562,310.051513671875,604.09619140625
32,2.0,2.0,234.8477325439453,540.7838134765625,311.45880126953125,604.5662841796875
33,2.0,2.0,235.07151794433594,539.3804931640625,311.99481201171875,605.0841674804688
34,2.0,2.0,234.693603515625,540.4078369140625,313.2678527832031,605.5125732421875
35,2.0,2.0,234.6819305419922,541.3692626953125,313.0416564941406,606.9683227539062
36,2.0,2.0,235.54774475097656,540.2383422851562,313.6966857910156,607.3101196289062
37,2.0,2.0,236.6907501220703,538.0534057617188,314.8686828613281,607.15869140625
38,2.0,2.0,236.737060546875,539.3895874023438,314.98541259765625,607.6021118164062
39,2.0,2.0,236.93630981445312,539.0033569335938,316.2878112792969,608.2119750976562
40,2.0,2.0,237.3081817626953,537.9153442382812,318.107666015625,608.97021484375
41,2.0,2.0,238.04202270507812,537.1652221679688,319.7826232910156,609.3589477539062
42,2.0,2.0,238.58639526367188,537.4175415039062,322.4365539550781,609.6466674804688
43,2.0,2.0,239.36468505859375,535.5645751953125,324.1600341796875,609.7503662109375
44,2.0,2.0,239.59642028808594,535.2454223632812,325.34759521484375,609.8446044921875
45,2.0,2.0,239.9156494140625,534.4507446289062,326.12652587890625,609.4996948242188
46,2.0,2.0,240.23316955566406,533.9993286132812,326.56634521484375,609.8419799804688
47,2.0,2.0,240.78944396972656,535.5770874023438,327.966064453125,609.9135131835938
48,2.0,2.0,241.2889862060547,537.01220703125,327.9716491699219,610.2753295898438
49,2.0,2.0,240.4721221923828,538.42138671875,327.76556396484375,610.1040649414062
50,2.0,2.0,240.17080688476562,538.5305786132812,328.6138610839844,610.257080078125
51,2.0,2.0,241.0650177001953,538.2799072265625,329.7113342285156,610.6168212890625
52,2.0,2.0,241.8604736328125,539.6328735351562,331.839111328125,611.5965576171875
53,2.0,2.0,242.37965393066406,537.9552001953125,333.3442077636719,612.0032348632812
54,2.0,2.0,242.4048309326172,537.2813720703125,334.3519287109375,612.1166381835938
55,2.0,2.0,242.6435089111328,537.2128295898438,334.4950256347656,612.8271484375
56,2.0,2.0,244.11077880859375,536.6228637695312,336.0869140625,613.1922607421875
57,2.0,2.0,244.4365234375,537.10302734375,337.941650390625,614.9972534179688
58,2.0,2.0,244.09500122070312,535.47900390625,339.1051025390625,615.6136474609375
59,2.0,2.0,243.8408660888672,535.316650390625,341.69140625,615.7260131835938
60,2.0,2.0,243.75689697265625,534.511474609375,343.0431823730469,616.7654418945312
61,2.0,2.0,243.49267578125,534.701171875,344.1036071777344,617.1141967773438
62,2.0,2.0,245.97836303710938,535.3897094726562,346.20538330078125,617.8844604492188
63,2.0,2.0,246.60520935058594,534.9203491210938,347.781494140625,618.3751220703125
64,2.0,2.0,246.77955627441406,533.921142578125,349.24859619140625,619.5281982421875
65,2.0,2.0,248.284912109375,534.695556640625,350.49371337890625,620.3551635742188
66,2.0,2.0,250.0777130126953,534.7611694335938,351.83355712890625,621.0224609375
67,2.0,2.0,250.70309448242188,534.4842529296875,353.07110595703125,621.6551513671875
68,2.0,2.0,250.9371337890625,534.9865112304688,354.21124267578125,621.6138916015625
69,2.0,2.0,251.03915405273438,534.478515625,356.6405334472656,622.0911865234375
70,2.0,2.0,252.21730041503906,535.1406860351562,357.3550720214844,622.5411987304688
71,2.0,2.0,252.60374450683594,535.4620971679688,358.3590393066406,622.8687133789062
72,2.0,2.0,253.18862915039062,534.8827514648438,358.8707580566406,623.027099609375
73,2.0,2.0,253.16845703125,533.0010986328125,362.1148376464844,622.3818359375
74,2.0,2.0,253.3538818359375,532.57470703125,364.4885559082031,622.3163452148438
75,2.0,2.0,253.69761657714844,532.7154541015625,366.380615234375,622.609130859375
76,2.0,2.0,254.32615661621094,532.7348022460938,368.46270751953125,623.64013671875
77,2.0,2.0,255.15673828125,532.345703125,370.72564697265625,624.1182250976562
78,2.0,2.0,257.719482421875,532.6528930664062,372.7516784667969,624.64453125
79,2.0,2.0,258.1665344238281,532.5047607421875,374.1951599121094,624.5408325195312
80,2.0,2.0,260.4134826660156,531.7431030273438,376.0001220703125,625.39404296875
81,2.0,2.0,260.8961181640625,531.8239135742188,378.8976135253906,625.9966430664062
82,2.0,2.0,260.3975524902344,531.1717529296875,381.43109130859375,627.9346923828125
83,2.0,2.0,260.128173828125,530.204345703125,382.801025390625,629.573974609375
84,2.0,2.0,260.3634033203125,530.4391479492188,383.7901611328125,631.2702026367188
85,2.0,2.0,262.0047607421875,529.2753295898438,387.1438293457031,629.9727172851562
86,2.0,2.0,262.32171630859375,529.0,388.7801818847656,631.0524291992188
87,2.0,2.0,263.2938232421875,529.6099243164062,389.5867614746094,632.7742309570312
88,2.0,2.0,263.6788635253906,528.4412841796875,392.1868591308594,632.9815673828125
89,2.0,2.0,264.2481384277344,528.1654052734375,395.4882507324219,633.8148803710938
90,2.0,2.0,264.1211853027344,527.8068237304688,398.22967529296875,634.2745361328125
91,2.0,2.0,265.5235595703125,528.8097534179688,401.1931457519531,634.9737548828125
92,2.0,2.0,266.3317565917969,529.0738525390625,404.0174560546875,635.8472900390625
93,2.0,2.0,265.8023376464844,527.9064331054688,405.1033630371094,637.60595703125
94,2.0,2.0,266.9097900390625,527.3363037109375,408.0345764160156,639.550048828125
95,2.0,2.0,266.64910888671875,527.29931640625,410.7408142089844,640.9554443359375
96,2.0,2.0,268.2935791015625,527.0385131835938,412.5791015625,643.0210571289062
97,2.0,2.0,268.6726989746094,526.6611938476562,415.0204162597656,644.1473999023438
98,2.0,2.0,268.7495422363281,526.57080078125,418.47576904296875,644.419189453125
99,2.0,2.0,271.51312255859375,526.6177368164062,421.3460388183594,645.24169921875
100,2.0,2.0,273.12249755859375,526.16552734375,424.9853210449219,645.5486450195312
101,2.0,2.0,274.8169250488281,524.738037109375,426.8398742675781,646.188720703125
102,2.0,2.0,277.10174560546875,524.368408203125,430.65679931640625,646.893310546875
103,2.0,2.0,277.5971984863281,524.2283935546875,433.4312438964844,647.9437255859375
104,2.0,2.0,280.2218017578125,523.8945922851562,436.32244873046875,648.9364624023438
105,2.0,2.0,280.66644287109375,523.8615112304688,440.14923095703125,650.0040893554688
106,2.0,2.0,281.6632080078125,523.8275756835938,443.717529296875,651.15087890625
107,2.0,2.0,281.5494384765625,523.1967163085938,447.3551330566406,653.013916015625
108,2.0,2.0,281.162109375,521.2972412109375,450.0806884765625,654.5181884765625
109,2.0,2.0,283.62225341796875,520.89453125,454.0765686035156,656.2572021484375
110,2.0,2.0,285.54949951171875,519.9050903320312,458.6631164550781,657.2816162109375
111,2.0,2.0,286.7010803222656,519.6668090820312,461.896484375,658.6261596679688
112,2.0,2.0,288.12017822265625,518.9352416992188,466.19549560546875,660.16162109375
113,2.0,2.0,288.9886474609375,518.5107421875,471.65838623046875,661.8078002929688
114,2.0,2.0,289.0301513671875,518.131591796875,475.3818054199219,663.208740234375
115,2.0,2.0,290.673583984375,518.3682861328125,479.1869812011719,664.4213256835938
116,2.0,2.0,292.1639404296875,516.8912353515625,482.854248046875,666.0878295898438
117,2.0,2.0,294.6720886230469,517.3600463867188,487.5545654296875,667.1329345703125
118,2.0,2.0,296.9290771484375,516.7587280273438,491.6424255371094,668.5175170898438
119,2.0,2.0,298.7642822265625,515.8966064453125,496.6626892089844,669.7259521484375
120,2.0,2.0,300.0931396484375,514.5186767578125,502.6090393066406,670.2392578125
121,2.0,2.0,300.860595703125,514.2132568359375,507.8395690917969,672.2161865234375
122,2.0,2.0,302.2228698730469,513.3311767578125,512.6537475585938,673.8845825195312
123,2.0,2.0,303.05450439453125,512.5150146484375,519.3451538085938,676.9296264648438
124,2.0,2.0,305.9701843261719,510.2444763183594,524.623779296875,679.0601806640625
125,2.0,2.0,308.9815368652344,508.650390625,530.5365600585938,680.9381103515625
126,2.0,2.0,311.5589599609375,507.5579833984375,537.3834838867188,683.1573486328125
127,2.0,2.0,312.3006896972656,505.5226745605469,543.6365356445312,684.6591186523438
128,2.0,2.0,314.93658447265625,504.07476806640625,550.4364013671875,685.8357543945312
129,2.0,2.0,317.6988830566406,503.5489196777344,556.0042724609375,688.5814819335938
130,2.0,2.0,318.62255859375,502.6585693359375,564.30908203125,691.7421264648438
131,2.0,2.0,321.79302978515625,502.0899658203125,571.964599609375,694.3181762695312
132,2.0,2.0,324.775634765625,500.3053283691406,579.0709838867188,695.5169677734375
133,2.0,2.0,325.9226989746094,500.021484375,587.3220825195312,699.1198120117188
134,2.0,2.0,326.9013671875,498.42230224609375,596.5360717773438,701.1861572265625
135,2.0,2.0,331.70758056640625,496.84130859375,604.7672119140625,704.2059326171875
136,2.0,2.0,334.17095947265625,494.2671203613281,615.0816040039062,707.2792358398438
137,2.0,2.0,336.6609802246094,494.005615234375,623.8403930664062,710.43505859375
138,2.0,2.0,338.0222473144531,491.7921447753906,635.158935546875,712.68603515625
139,2.0,2.0,339.19281005859375,489.6162414550781,645.9712524414062,716.9861450195312
140,2.0,2.0,343.9639587402344,486.08184814453125,656.8289184570312,720.4371337890625
141,2.0,2.0,347.0981750488281,481.7602844238281,668.6727294921875,723.2584838867188
142,2.0,2.0,350.37188720703125,480.0394287109375,682.2319946289062,726.1314086914062
143,2.0,2.0,354.4635925292969,477.612548828125,694.5452270507812,730.2847900390625
144,2.0,2.0,358.6729736328125,475.5963439941406,706.7603759765625,735.8098754882812
145,2.0,2.0,362.24493408203125,471.2524108886719,722.2147827148438,741.9721069335938
146,2.0,2.0,366.4776611328125,470.19989013671875,737.7484741210938,745.120361328125
147,2.0,2.0,370.4909973144531,470.5506591796875,754.0316162109375,751.2098388671875
148,2.0,2.0,374.35675048828125,470.4861145019531,770.3089599609375,758.9388427734375
149,2.0,2.0,379.840576171875,469.3806457519531,791.0673217773438,764.0978393554688
150,2.0,2.0,383.13671875,467.7979431152344,811.4127807617188,773.0398559570312
151,2.0,2.0,386.8937683105469,465.0680236816406,832.8800659179688,783.95849609375
152,2.0,2.0,392.2240295410156,461.7113342285156,854.7769775390625,793.2234497070312
153,2.0,2.0,397.16790771484375,458.1787109375,878.7236328125,801.1853637695312
154,2.0,2.0,403.49188232421875,456.449462890625,904.7662963867188,810.1036987304688
155,2.0,2.0,410.53863525390625,448.2274169921875,932.6058959960938,819.78271484375
156,2.0,2.0,416.6600341796875,446.73797607421875,962.958984375,829.5626220703125
157,2.0,2.0,423.0791015625,443.3826599121094,995.931640625,842.8424682617188
158,2.0,2.0,430.90716552734375,441.2101135253906,1030.0950927734375,857.3565673828125
159,2.0,2.0,438.30218505859375,439.7447814941406,1069.6842041015625,870.12841796875
160,2.0,2.0,446.0755310058594,436.3902893066406,1112.234619140625,885.8768920898438
161,2.0,2.0,454.4504089355469,431.802001953125,1157.9765625,904.73583984375
162,2.0,2.0,462.4079284667969,428.5694580078125,1208.3485107421875,922.532958984375
163,2.0,2.0,473.6308898925781,424.1371154785156,1265.2896728515625,942.3206176757812
164,2.0,2.0,484.0187072753906,418.0657653808594,1326.9229736328125,963.7347412109375
165,2.0,2.0,495.32232666015625,410.4890441894531,1392.5460205078125,991.0357055664062
166,2.0,2.0,509.789794921875,402.1542053222656,1468.3734130859375,1022.171142578125
167,2.0,2.0,525.4710083007812,395.776123046875,1552.75244140625,1051.64697265625
168,2.0,2.0,536.65087890625,389.4197998046875,1648.5694580078125,1069.52587890625
169,2.0,2.0,557.785888671875,378.6434631347656,1763.6864013671875,1075.4281005859375
170,2.0,2.0,575.165771484375,371.3712158203125,1876.921630859375,1077.1741943359375
171,2.0,2.0,579.5306396484375,362.0707702636719,1920.0,1078.7010498046875
173,2.0,2.0,636.91162109375,330.5560302734375,1920.0,1079.0057373046875
174,2.0,2.0,664.8255615234375,313.7750244140625,1920.0,1079.829345703125
175,2.0,2.0,700.1386108398438,293.82958984375,1920.0,1075.66943359375
176,2.0,2.0,742.664794921875,263.31170654296875,1920.0,1072.970703125
177,2.0,2.0,787.7476806640625,227.15951538085938,1920.0,1070.791748046875
178,2.0,2.0,836.7461547851562,189.57711791992188,1920.0,1070.3773193359375
179,2.0,2.0,889.3397827148438,142.09201049804688,1920.0,1070.36328125
180,2.0,2.0,952.4490356445312,90.75508117675781,1920.0,1070.48291015625
181,2.0,2.0,1028.6165771484375,61.83940887451172,1920.0,1068.8443603515625
182,2.0,2.0,1118.1260986328125,56.12206268310547,1920.0,1070.569580078125
183,2.0,2.0,1222.7213134765625,67.10224151611328,1920.0,1073.0360107421875
184,2.0,2.0,1353.893798828125,85.48268127441406,1920.0,1072.497802734375
185,2.0,2.0,1516.3743896484375,140.15084838867188,1920.0,1070.2274169921875
