90,2.0,25.0,452.2879638671875,517.8236083984375,503.5306701660156,560.9686889648438
91,2.0,25.0,452.823486328125,518.5298461914062,503.84246826171875,561.4177856445312
92,2.0,25.0,453.08343505859375,518.1317749023438,504.5972900390625,561.813720703125
93,2.0,25.0,453.2997741699219,518.8785400390625,505.5755920410156,562.3609008789062
94,2.0,25.0,453.555908203125,519.3036499023438,506.0584716796875,562.4959106445312
95,2.0,25.0,454.1310729980469,519.8087158203125,506.47406005859375,562.7651977539062
96,2.0,25.0,455.56170654296875,520.5648803710938,507.3056640625,562.6444091796875
97,2.0,25.0,455.4169006347656,520.3382568359375,508.30096435546875,562.8995971679688
98,2.0,25.0,455.77850341796875,520.2225952148438,508.9793701171875,562.9656982421875
99,2.0,25.0,456.2691345214844,519.1183471679688,510.03924560546875,562.99462890625
100,2.0,25.0,456.85479736328125,518.8734741210938,510.7947692871094,563.227783203125
101,2.0,25.0,457.2523498535156,518.0311279296875,512.2620849609375,563.7133178710938
102,2.0,25.0,458.3690490722656,517.4806518554688,513.710693359375,564.2517700195312
103,2.0,25.0,459.5227355957031,518.0935668945312,515.0319213867188,564.4999389648438
104,2.0,25.0,459.7364807128906,517.9224853515625,515.7235107421875,564.6177368164062
105,2.0,25.0,459.2633056640625,517.9791870117188,517.4549560546875,564.8556518554688
106,2.0,25.0,459.1751403808594,519.5677490234375,517.890625,564.80517578125
107,2.0,25.0,459.9197082519531,521.19580078125,518.31396484375,565.3974609375
108,2.0,25.0,461.1438903808594,521.8038330078125,518.5983276367188,566.0419921875
109,2.0,25.0,461.6587829589844,521.3952026367188,518.742431640625,566.4400024414062
110,2.0,25.0,462.3274230957031,521.9097290039062,521.256591796875,567.50341796875
111,2.0,25.0,462.6887512207031,519.7855224609375,525.8277587890625,568.8092651367188
112,2.0,25.0,463.1043701171875,519.0641479492188,528.0086669921875,569.1791381835938
113,2.0,25.0,463.1395263671875,518.834716796875,530.55810546875,569.1752319335938
114,2.0,25.0,463.2115173339844,518.6356811523438,531.759765625,569.3220825195312
115,2.0,25.0,464.17327880859375,518.1900634765625,532.7095947265625,569.8199462890625
116,2.0,25.0,464.43084716796875,517.50537109375,533.2401123046875,570.5177612304688
117,2.0,25.0,465.16400146484375,517.1475219726562,534.76123046875,571.4282836914062
118,2.0,25.0,465.5943603515625,515.9947509765625,536.9453125,572.0150146484375
119,2.0,25.0,465.9860534667969,515.2106323242188,539.18505859375,572.5929565429688
120,2.0,25.0,467.14111328125,515.9927368164062,541.695068359375,572.3723754882812
121,2.0,25.0,467.9604797363281,515.8507690429688,543.4833374023438,574.2872314453125
122,2.0,25.0,469.33453369140625,515.8472900390625,544.6102905273438,573.87548828125
123,2.0,25.0,470.0807189941406,515.562255859375,545.8394165039062,574.1277465820312
124,2.0,25.0,471.2994384765625,514.5767822265625,547.333251953125,575.2958374023438
125,2.0,25.0,471.3656921386719,514.8662719726562,549.5911254882812,575.9443359375
126,2.0,25.0,472.6517639160156,515.4937744140625,551.6187744140625,576.85498046875
127,2.0,25.0,473.2751770019531,516.162109375,554.3281860351562,577.3248901367188
128,2.0,25.0,474.79400634765625,513.4620361328125,557.0189819335938,578.386474609375
129,2.0,25.0,476.4128112792969,512.2039794921875,559.7660522460938,578.1025390625
130,2.0,25.0,477.2894592285156,510.9568786621094,563.0859375,578.9798583984375
131,2.0,25.0,478.8533935546875,511.2187194824219,565.6168823242188,579.6177978515625
132,2.0,25.0,479.101806640625,511.6966857910156,566.8944702148438,580.4835205078125
133,2.0,25.0,479.9979553222656,510.6768798828125,568.8661499023438,581.6531372070312
134,2.0,25.0,481.01629638671875,510.048583984375,571.4785766601562,583.8524169921875
135,2.0,25.0,480.6356201171875,510.1822204589844,574.0925903320312,584.9907836914062
136,2.0,25.0,480.6780700683594,510.49176025390625,577.2921752929688,585.9149780273438
137,2.0,25.0,480.961669921875,511.01983642578125,581.3030395507812,586.7327880859375
138,2.0,25.0,482.49066162109375,509.2420654296875,585.3711547851562,587.0758666992188
139,2.0,25.0,485.22344970703125,508.287353515625,589.1305541992188,587.3322143554688
140,2.0,25.0,488.10107421875,506.8853454589844,593.0272216796875,587.7969360351562
141,2.0,25.0,490.07830810546875,504.34442138671875,597.0948486328125,588.8743896484375
142,2.0,25.0,491.6654357910156,502.5480651855469,600.4931640625,589.1289672851562
143,2.0,25.0,493.09686279296875,501.3182373046875,604.716796875,591.2725219726562
144,2.0,25.0,494.50030517578125,499.9803466796875,608.874755859375,592.9805297851562
145,2.0,25.0,498.1152648925781,500.4669189453125,613.0029907226562,594.45458984375
146,2.0,25.0,500.58642578125,500.49993896484375,617.114013671875,595.9822998046875
147,2.0,25.0,501.12750244140625,498.4163818359375,621.24267578125,597.6991577148438
148,2.0,25.0,500.78375244140625,497.5984802246094,625.9049682617188,599.0018310546875
149,2.0,25.0,502.1629333496094,497.46588134765625,630.9888305664062,599.50341796875
150,2.0,25.0,503.0443115234375,497.2941589355469,636.12158203125,600.66796875
151,2.0,25.0,506.15142822265625,496.3752136230469,641.6119995117188,602.2861328125
152,2.0,25.0,507.9237060546875,496.3206787109375,647.424072265625,605.3311157226562
153,2.0,25.0,510.19537353515625,495.6809997558594,653.1198120117188,606.9144287109375
154,2.0,25.0,513.845703125,495.17901611328125,660.3270263671875,608.8341064453125
155,2.0,25.0,516.8428344726562,493.8595886230469,667.162353515625,610.2941284179688
156,2.0,25.0,519.47802734375,493.6565246582031,674.5496826171875,612.815185546875
157,2.0,25.0,522.8435668945312,492.2664794921875,682.127197265625,614.862060546875
158,2.0,25.0,524.3759765625,490.21820068359375,689.3896484375,617.966552734375
159,2.0,25.0,526.6089477539062,489.08740234375,698.1361083984375,619.8130493164062
160,2.0,25.0,529.4081420898438,488.24713134765625,707.40673828125,621.6815185546875
161,2.0,25.0,533.346923828125,486.99078369140625,717.0592651367188,624.46728515625
162,2.0,25.0,537.3958129882812,485.35406494140625,726.857177734375,627.431884765625
163,2.0,25.0,540.2478637695312,483.66986083984375,737.9931030273438,631.3425903320312
164,2.0,25.0,546.4986572265625,482.3791198730469,748.57763671875,635.15380859375
165,2.0,25.0,551.0476684570312,481.4491271972656,761.4636840820312,640.686279296875
166,2.0,25.0,555.5732421875,480.0172119140625,774.50732421875,644.6132202148438
167,2.0,25.0,561.6325073242188,476.74609375,789.7944946289062,648.130126953125
168,2.0,25.0,566.4752197265625,474.9336242675781,806.35107421875,651.8510131835938
169,2.0,25.0,573.0986328125,472.8263244628906,822.7490234375,657.4447631835938
170,2.0,25.0,576.6298828125,470.0154724121094,841.2900390625,662.34716796875
171,2.0,25.0,584.21435546875,468.5595703125,862.155517578125,667.2849731445312
172,2.0,25.0,591.658935546875,465.3121032714844,885.76611328125,673.420166015625
173,2.0,25.0,599.5802001953125,460.9144592285156,911.1397094726562,681.9371948242188
174,2.0,25.0,608.923583984375,452.0271911621094,937.3955688476562,691.3231811523438
175,2.0,25.0,619.6632690429688,444.0389099121094,969.595703125,701.4646606445312
176,2.0,25.0,629.2870483398438,441.78887939453125,1004.1019287109375,712.43359375
177,2.0,25.0,641.5272827148438,438.6636047363281,1042.54443359375,725.0045166015625
178,2.0,25.0,652.4472045898438,438.5789489746094,1087.2161865234375,738.1260986328125
179,2.0,25.0,665.2928466796875,435.7413330078125,1136.089599609375,752.3201904296875
180,2.0,25.0,678.8927001953125,432.36962890625,1195.18212890625,770.4430541992188
181,2.0,25.0,696.1626586914062,426.3415222167969,1263.6134033203125,791.4241333007812
182,2.0,25.0,715.8717651367188,417.43304443359375,1343.1851806640625,815.2601928710938
183,2.0,25.0,737.8535766601562,409.64923095703125,1438.2000732421875,846.0333251953125
184,2.0,25.0,761.58740234375,398.73822021484375,1551.8704833984375,880.6126708984375
185,2.0,25.0,791.71142578125,386.6195373535156,1691.5474853515625,926.0022583007812
186,2.0,25.0,826.4285278320312,371.5716247558594,1845.388916015625,986.8339233398438
187,2.0,25.0,867.87841796875,349.2450256347656,1909.185791015625,1043.556884765625
188,2.0,25.0,919.7857055664062,324.5653381347656,1920.0,1066.6806640625
189,2.0,25.0,983.0431518554688,291.3804626464844,1920.0,1080.0
190,2.0,25.0,1061.350341796875,243.23443603515625,1920.0,1076.8345947265625
191,2.0,25.0,1161.7696533203125,176.68775939941406,1920.0,1078.9351806640625
192,2.0,25.0,1298.8212890625,144.74867248535156,1920.0,1079.2913818359375
193,2.0,25.0,1494.4053955078125,153.89219665527344,1920.0,1080.0
