60,2.0,26.0,445.7276306152344,522.576171875,488.68939208984375,559.3701171875
61,2.0,26.0,446.2026672363281,523.0267333984375,490.8385314941406,560.5884399414062
62,2.0,26.0,446.9825134277344,525.2809448242188,493.2095031738281,561.842529296875
63,2.0,26.0,447.09234619140625,526.9004516601562,493.8224182128906,562.0891723632812
64,2.0,26.0,447.22845458984375,527.322265625,495.1267395019531,562.3004150390625
65,2.0,26.0,447.3991394042969,527.8907470703125,495.5370178222656,562.3385009765625
66,2.0,26.0,447.8935852050781,527.1176147460938,495.145263671875,562.2719116210938
67,2.0,26.0,447.877685546875,526.06103515625,494.8134765625,561.9869995117188
68,2.0,26.0,448.19537353515625,526.623046875,495.3105163574219,561.7191162109375
69,2.0,26.0,448.5313720703125,525.4295654296875,495.890625,561.8956298828125
70,2.0,26.0,449.3681945800781,526.3694458007812,497.2356872558594,562.0079956054688
71,2.0,26.0,450.1410217285156,525.2138671875,498.85302734375,562.1687622070312
72,2.0,26.0,450.5035400390625,524.9223022460938,499.8253479003906,562.6611328125
73,2.0,26.0,452.04638671875,525.5646362304688,502.4341735839844,563.2493896484375
74,2.0,26.0,452.2859191894531,526.1340942382812,504.46527099609375,563.4454956054688
75,2.0,26.0,452.70587158203125,525.7699584960938,504.8354187011719,563.734130859375
76,2.0,26.0,453.5415954589844,526.361328125,505.2926940917969,563.770263671875
77,2.0,26.0,453.6847229003906,527.7815551757812,505.70513916015625,563.7781982421875
78,2.0,26.0,453.6759338378906,526.1995239257812,506.2662353515625,563.8267211914062
79,2.0,26.0,454.2095031738281,523.3762817382812,507.0907287597656,563.6058959960938
80,2.0,26.0,455.09912109375,524.1592407226562,507.7665710449219,563.9481811523438
81,2.0,26.0,455.7740173339844,524.0985107421875,507.9516296386719,564.072021484375
82,2.0,26.0,456.2208251953125,523.4862060546875,509.0165100097656,564.3099365234375
83,2.0,26.0,457.6591796875,523.0054321289062,509.89300537109375,564.7964477539062
84,2.0,26.0,459.09381103515625,521.7933959960938,512.1474609375,565.4334106445312
85,2.0,26.0,459.43499755859375,521.6211547851562,514.6533203125,565.6703491210938
86,2.0,26.0,459.7598571777344,521.85107421875,516.4038696289062,565.69384765625
87,2.0,26.0,460.13671875,521.5953369140625,517.498046875,566.2662963867188
88,2.0,26.0,460.79388427734375,522.7178955078125,518.3692626953125,566.8538818359375
89,2.0,26.0,461.2784118652344,522.8836059570312,518.6173095703125,568.1984252929688
90,2.0,26.0,461.6542663574219,522.1126098632812,519.4559936523438,569.3455810546875
91,2.0,26.0,462.00164794921875,521.5513305664062,520.1110229492188,569.94384765625
92,2.0,26.0,462.1246337890625,519.1384887695312,523.918212890625,570.7288208007812
93,2.0,26.0,462.940673828125,518.7809448242188,527.2008666992188,571.181884765625
94,2.0,26.0,463.6524353027344,518.3671264648438,528.6513061523438,571.3263549804688
95,2.0,26.0,463.94873046875,517.9700927734375,530.3718872070312,571.239990234375
96,2.0,26.0,464.0909118652344,516.1702270507812,531.6600952148438,571.3704223632812
97,2.0,26.0,464.3074645996094,514.8753662109375,533.1387939453125,571.9176635742188
98,2.0,26.0,464.9278869628906,515.6957397460938,534.7797241210938,572.6997680664062
99,2.0,26.0,465.46173095703125,515.7348022460938,535.9678344726562,572.6893920898438
100,2.0,26.0,466.3743896484375,516.4353637695312,538.094970703125,572.697998046875
101,2.0,26.0,467.2676696777344,516.7608642578125,540.20751953125,573.5712280273438
102,2.0,26.0,467.68359375,517.0883178710938,541.3194580078125,573.5278930664062
103,2.0,26.0,469.6166076660156,519.3103637695312,542.2083129882812,573.6821899414062
104,2.0,26.0,470.41461181640625,517.5089111328125,544.6656494140625,575.04296875
105,2.0,26.0,470.9083251953125,516.5784912109375,545.2485961914062,575.470458984375
106,2.0,26.0,472.39239501953125,515.1732177734375,547.2849731445312,575.7705078125
107,2.0,26.0,473.6502990722656,514.9353637695312,550.5628051757812,577.2188110351562
108,2.0,26.0,474.83197021484375,514.1617431640625,553.33349609375,578.1805419921875
109,2.0,26.0,476.615234375,513.6074829101562,555.359375,578.2882690429688
110,2.0,26.0,477.45947265625,513.7991333007812,556.6558227539062,578.9683837890625
111,2.0,26.0,478.79931640625,515.2157592773438,559.5387573242188,579.495849609375
112,2.0,26.0,479.9558410644531,514.4383544921875,563.121826171875,580.285400390625
113,2.0,26.0,480.939697265625,514.3438720703125,566.185546875,580.8717651367188
114,2.0,26.0,481.09600830078125,512.9994506835938,567.755859375,581.7915649414062
115,2.0,26.0,481.97979736328125,511.82568359375,569.5603637695312,583.9239501953125
116,2.0,26.0,481.8638000488281,510.252197265625,572.8312377929688,585.3027954101562
117,2.0,26.0,482.2897644042969,510.0204162597656,576.9475708007812,585.4044189453125
118,2.0,26.0,484.02020263671875,510.8526306152344,579.9835205078125,586.322998046875
119,2.0,26.0,485.3799133300781,510.4892883300781,583.5735473632812,586.8707275390625
120,2.0,26.0,488.77978515625,510.6215515136719,587.5493774414062,587.0283203125
121,2.0,26.0,490.8913269042969,510.099609375,591.2089233398438,587.6127319335938
122,2.0,26.0,492.0119323730469,508.79510498046875,594.0029296875,588.461181640625
123,2.0,26.0,493.02764892578125,507.2021179199219,597.7611694335938,588.8905639648438
124,2.0,26.0,493.8608093261719,504.9095458984375,602.2850341796875,590.392578125
125,2.0,26.0,496.0116271972656,504.343017578125,606.2323608398438,593.059326171875
126,2.0,26.0,498.46002197265625,502.3768310546875,610.5851440429688,594.7750854492188
127,2.0,26.0,500.89373779296875,502.6245422363281,614.7181396484375,596.3081665039062
128,2.0,26.0,501.91131591796875,501.5765380859375,618.2501220703125,597.446533203125
129,2.0,26.0,502.99822998046875,501.4497985839844,623.6271362304688,598.660400390625
130,2.0,26.0,502.50408935546875,499.86029052734375,628.17626953125,599.5281372070312
131,2.0,26.0,502.8699645996094,498.9364929199219,633.2594604492188,600.739013671875
132,2.0,26.0,505.618896484375,498.3361511230469,638.1485595703125,602.3978271484375
133,2.0,26.0,508.3099365234375,497.6283874511719,645.1109008789062,605.7487182617188
134,2.0,26.0,510.3757019042969,497.0753479003906,651.2127685546875,607.1763916015625
135,2.0,26.0,514.5648803710938,496.8138122558594,657.4674682617188,608.5775756835938
136,2.0,26.0,516.6146850585938,496.197509765625,664.85546875,610.1996459960938
137,2.0,26.0,518.33349609375,494.5609130859375,671.63330078125,611.7628173828125
138,2.0,26.0,521.82373046875,493.8142395019531,677.14013671875,614.4407348632812
139,2.0,26.0,524.1947021484375,492.59686279296875,686.5191040039062,617.1755981445312
140,2.0,26.0,526.5139770507812,490.5428466796875,696.067626953125,619.8140869140625
141,2.0,26.0,529.652587890625,489.63421630859375,703.2809448242188,621.967041015625
142,2.0,26.0,533.0397338867188,486.52294921875,712.6452026367188,624.2317504882812
143,2.0,26.0,537.1939697265625,486.0063171386719,722.7821044921875,627.731201171875
144,2.0,26.0,539.8024291992188,485.831298828125,733.4415893554688,632.2431640625
145,2.0,26.0,544.3846435546875,484.3875427246094,744.5194091796875,637.2127075195312
146,2.0,26.0,550.6333618164062,483.0506286621094,757.7284545898438,642.2490234375
147,2.0,26.0,554.3856811523438,481.68792724609375,770.2973022460938,645.6961059570312
148,2.0,26.0,558.7883911132812,478.91815185546875,785.0595092773438,649.2540283203125
149,2.0,26.0,564.2554321289062,476.0107727050781,802.3464965820312,652.7827758789062
150,2.0,26.0,570.1763916015625,474.6454772949219,819.0010375976562,657.9703369140625
151,2.0,26.0,576.1161499023438,471.8802795410156,837.6548461914062,663.4503173828125
152,2.0,26.0,583.1519775390625,470.22296142578125,859.1328735351562,668.7628784179688
153,2.0,26.0,589.2240600585938,466.312255859375,882.4679565429688,675.8155517578125
154,2.0,26.0,597.164306640625,460.98004150390625,909.2060546875,684.1095581054688
155,2.0,26.0,608.3540649414062,452.10955810546875,936.3412475585938,693.7028198242188
156,2.0,26.0,616.4386596679688,444.5630798339844,968.9008178710938,704.3172607421875
157,2.0,26.0,626.5661010742188,443.180419921875,1004.936767578125,714.1613159179688
158,2.0,26.0,638.2394409179688,439.7828674316406,1045.967041015625,728.4691772460938
159,2.0,26.0,650.7007446289062,439.8453369140625,1091.59716796875,741.4108276367188
160,2.0,26.0,664.5656127929688,435.8506164550781,1145.4483642578125,759.8978271484375
161,2.0,26.0,678.4324951171875,432.1174011230469,1207.251708984375,777.515625
162,2.0,26.0,697.024169921875,425.9759826660156,1282.4630126953125,800.7356567382812
163,2.0,26.0,718.7211303710938,415.39801025390625,1369.6953125,827.751708984375
164,2.0,26.0,740.6859741210938,406.2350158691406,1472.431396484375,860.6439208984375
165,2.0,26.0,767.8814086914062,394.9557189941406,1602.1839599609375,902.3785400390625
166,2.0,26.0,799.5940551757812,381.7636413574219,1758.8270263671875,955.9625244140625
167,2.0,26.0,837.8857421875,365.5876770019531,1873.588134765625,1023.3419799804688
168,2.0,26.0,885.27001953125,342.4715881347656,1920.0,1057.77392578125
169,2.0,26.0,944.433349609375,311.0938720703125,1920.0,1079.0892333984375
170,2.0,26.0,1018.326904296875,269.7279357910156,1920.0,1078.8294677734375
171,2.0,26.0,1111.168212890625,209.17295837402344,1920.0,1074.1907958984375
172,2.0,26.0,1235.6663818359375,148.5890655517578,1920.0,1077.513427734375
173,2.0,26.0,1411.647705078125,139.33705139160156,1920.0,1079.2855224609375
