35,2.0,11.0,443.6622314453125,524.20556640625,485.6475830078125,557.4913330078125
36,2.0,11.0,443.18896484375,525.1962890625,485.9332580566406,557.48291015625
37,2.0,11.0,442.2455139160156,525.0079345703125,486.02032470703125,558.041015625
38,2.0,11.0,442.5726318359375,525.2547607421875,486.73028564453125,559.0377197265625
39,2.0,11.0,442.649169921875,523.9623413085938,488.1207275390625,559.8733520507812
40,2.0,11.0,443.1349182128906,521.1447143554688,488.528076171875,559.7423706054688
41,2.0,11.0,443.2008972167969,519.8004150390625,490.189208984375,560.2618408203125
42,2.0,11.0,443.33502197265625,518.5687866210938,491.65826416015625,560.3067016601562
43,2.0,11.0,443.6785583496094,518.5635986328125,492.4107666015625,560.4501953125
44,2.0,11.0,443.7666015625,518.9323120117188,492.54473876953125,561.3131103515625
45,2.0,11.0,444.0305480957031,520.51953125,493.3782043457031,561.6549682617188
46,2.0,11.0,444.5155944824219,522.9031372070312,493.4870300292969,561.6314697265625
47,2.0,11.0,444.75701904296875,523.557373046875,493.140380859375,561.6519775390625
48,2.0,11.0,445.5333557128906,523.621337890625,493.1875,561.739990234375
49,2.0,11.0,445.7928466796875,524.1493530273438,494.17431640625,561.6918334960938
50,2.0,11.0,445.8988342285156,522.7094116210938,495.05108642578125,561.8600463867188
51,2.0,11.0,446.211181640625,521.9760131835938,495.9641418457031,561.890869140625
52,2.0,11.0,446.01287841796875,520.9650268554688,496.4503173828125,561.8958129882812
53,2.0,11.0,446.2860107421875,520.2450561523438,497.8598327636719,562.086669921875
54,2.0,11.0,446.8000793457031,518.4406127929688,499.1539611816406,562.60888671875
55,2.0,11.0,447.1918029785156,518.3510131835938,500.69561767578125,562.8733520507812
56,2.0,11.0,447.6300354003906,517.5045776367188,501.6994323730469,562.8435668945312
57,2.0,11.0,447.8182678222656,517.1398315429688,503.09576416015625,562.8753662109375
58,2.0,11.0,448.2602233886719,516.5227661132812,504.0948486328125,562.88232421875
59,2.0,11.0,448.54150390625,515.62841796875,504.53118896484375,562.8675537109375
60,2.0,11.0,449.1283264160156,514.4959106445312,505.1375732421875,563.0568237304688
61,2.0,11.0,449.3511962890625,516.645263671875,506.1758117675781,563.3826293945312
62,2.0,11.0,450.3365478515625,518.5908203125,506.487060546875,563.5235595703125
63,2.0,11.0,451.19366455078125,518.710693359375,507.2808837890625,564.560302734375
64,2.0,11.0,452.07720947265625,519.5421752929688,508.1081848144531,564.5509643554688
65,2.0,11.0,453.4227294921875,521.451416015625,508.1917724609375,564.43701171875
66,2.0,11.0,453.70245361328125,521.212646484375,508.6105651855469,564.180419921875
67,2.0,11.0,453.8960266113281,520.3984375,509.83038330078125,564.3650512695312
68,2.0,11.0,454.338623046875,517.3363647460938,510.6906433105469,565.7288208007812
69,2.0,11.0,455.3022155761719,519.85205078125,512.534912109375,566.0355224609375
70,2.0,11.0,455.936767578125,519.9759521484375,513.94384765625,566.455078125
71,2.0,11.0,456.91595458984375,523.1856689453125,515.003173828125,567.2322998046875
72,2.0,11.0,457.31903076171875,521.6653442382812,515.6155395507812,567.1910400390625
73,2.0,11.0,457.57318115234375,521.132568359375,516.1634521484375,567.385009765625
74,2.0,11.0,458.32537841796875,520.33984375,516.8368530273438,568.048095703125
75,2.0,11.0,459.41455078125,520.4728393554688,517.6436157226562,568.3739624023438
76,2.0,11.0,459.49505615234375,519.0169677734375,518.9758911132812,568.1754150390625
77,2.0,11.0,459.4226989746094,519.5923461914062,519.9002685546875,568.3623046875
78,2.0,11.0,459.3998718261719,519.1653442382812,520.828369140625,568.6085205078125
79,2.0,11.0,459.9668884277344,518.525634765625,522.905517578125,568.6109619140625
80,2.0,11.0,460.3132629394531,518.6768798828125,525.2266235351562,569.4019775390625
81,2.0,11.0,460.05169677734375,518.47314453125,526.9752807617188,570.0499877929688
82,2.0,11.0,460.41845703125,518.6860961914062,529.6497802734375,571.4545288085938
83,2.0,11.0,461.3396301269531,517.6942749023438,531.860107421875,572.2799072265625
84,2.0,11.0,462.1650390625,516.88330078125,534.4605712890625,572.9255981445312
85,2.0,11.0,462.7596435546875,515.7661743164062,535.4973754882812,573.3486328125
86,2.0,11.0,463.0758361816406,516.7021484375,536.3245849609375,573.3136596679688
87,2.0,11.0,463.5736083984375,516.6484375,536.396240234375,573.0048217773438
88,2.0,11.0,463.8768615722656,516.3756713867188,538.5070190429688,573.0579833984375
89,2.0,11.0,463.8940734863281,516.1603393554688,539.9927978515625,573.5523071289062
90,2.0,11.0,464.5604248046875,516.0169067382812,541.3131713867188,574.200439453125
91,2.0,11.0,465.59783935546875,516.4784545898438,543.031005859375,574.46337890625
92,2.0,11.0,465.72381591796875,515.4267578125,545.0372314453125,574.7616577148438
93,2.0,11.0,466.0491943359375,515.3292236328125,546.1884155273438,575.6658325195312
94,2.0,11.0,466.8180847167969,514.9600219726562,546.8522338867188,576.861572265625
95,2.0,11.0,467.3270568847656,512.6688842773438,548.9976196289062,577.9405517578125
96,2.0,11.0,468.3082275390625,513.4566650390625,551.5283203125,578.9933471679688
97,2.0,11.0,468.97442626953125,513.141357421875,554.5186157226562,579.5668334960938
98,2.0,11.0,470.4778747558594,512.604736328125,556.395263671875,581.0507202148438
99,2.0,11.0,471.8263854980469,511.544677734375,557.8466796875,582.1978149414062
100,2.0,11.0,472.85369873046875,510.22955322265625,559.80615234375,582.4083862304688
101,2.0,11.0,473.24139404296875,509.7922668457031,562.0184936523438,583.1270751953125
102,2.0,11.0,473.4581604003906,509.9192199707031,563.6422119140625,583.7969360351562
103,2.0,11.0,474.5820007324219,510.595703125,565.5202026367188,583.9447021484375
104,2.0,11.0,475.5968017578125,509.96832275390625,567.8883666992188,584.3806762695312
105,2.0,11.0,476.75567626953125,510.2364807128906,569.0541381835938,584.4764404296875
106,2.0,11.0,477.1723937988281,509.4880676269531,571.0900268554688,585.2443237304688
107,2.0,11.0,478.4972229003906,509.4114990234375,573.0538330078125,586.2327880859375
108,2.0,11.0,480.3248596191406,509.704345703125,576.7429809570312,586.6451416015625
109,2.0,11.0,480.8520202636719,509.501953125,579.4296875,586.9771728515625
110,2.0,11.0,480.9036865234375,508.91412353515625,582.2905883789062,587.00537109375
111,2.0,11.0,480.5667724609375,508.1136169433594,584.7249145507812,587.4798583984375
112,2.0,11.0,480.84234619140625,507.416259765625,588.1991577148438,588.3123168945312
113,2.0,11.0,481.9881286621094,506.259521484375,591.7699584960938,588.3795166015625
114,2.0,11.0,483.5704345703125,505.5364990234375,594.7943725585938,588.8436279296875
115,2.0,11.0,485.58624267578125,505.4861755371094,597.2478637695312,591.064697265625
116,2.0,11.0,487.9173889160156,504.6797790527344,600.4388427734375,592.4017944335938
117,2.0,11.0,489.73260498046875,502.7840270996094,604.6844482421875,594.1154174804688
118,2.0,11.0,492.1880798339844,501.8616638183594,606.8373413085938,594.520751953125
119,2.0,11.0,492.5965576171875,500.62164306640625,611.0797729492188,596.7774658203125
120,2.0,11.0,493.3465270996094,500.4314270019531,614.2710571289062,598.0978393554688
121,2.0,11.0,496.05499267578125,498.9026794433594,617.7167358398438,598.6453857421875
122,2.0,11.0,498.2772521972656,498.3333740234375,621.1853637695312,599.2037963867188
123,2.0,11.0,498.847900390625,497.55828857421875,626.0550537109375,600.0180053710938
124,2.0,11.0,500.70428466796875,496.4422607421875,629.6605224609375,600.9487915039062
125,2.0,11.0,501.8913879394531,495.0260009765625,634.1607666015625,601.6166381835938
126,2.0,11.0,500.19818115234375,495.9475402832031,637.788330078125,604.2122192382812
127,2.0,11.0,502.80841064453125,496.393310546875,643.2830200195312,606.1575927734375
128,2.0,11.0,503.17718505859375,496.155029296875,647.7695922851562,607.6875610351562
129,2.0,11.0,504.310546875,495.0953063964844,652.0199584960938,608.8319702148438
130,2.0,11.0,506.6454162597656,494.5609436035156,656.5950317382812,610.0162353515625
131,2.0,11.0,508.0731506347656,493.57659912109375,663.7001953125,611.9979248046875
132,2.0,11.0,510.65057373046875,491.535400390625,669.1471557617188,614.2485961914062
133,2.0,11.0,514.32958984375,489.8655090332031,674.0556030273438,617.353271484375
134,2.0,11.0,516.7379150390625,488.8680419921875,680.5806274414062,619.4923095703125
135,2.0,11.0,518.4364624023438,487.9601745605469,686.2459106445312,620.639892578125
136,2.0,11.0,520.3494873046875,487.0816955566406,693.1324462890625,621.7711791992188
137,2.0,11.0,522.9888916015625,486.2909851074219,700.1494140625,624.814208984375
138,2.0,11.0,526.7646484375,485.8073425292969,707.6832275390625,627.5353393554688
139,2.0,11.0,528.596435546875,485.1190185546875,714.8286743164062,630.4944458007812
140,2.0,11.0,529.906494140625,484.4969787597656,723.2509155273438,633.4447631835938
141,2.0,11.0,533.0433959960938,483.3148498535156,731.4202270507812,635.9567260742188
142,2.0,11.0,536.2235107421875,482.5937805175781,741.1770629882812,639.0347900390625
143,2.0,11.0,538.6321411132812,481.07452392578125,750.9541015625,642.6229858398438
144,2.0,11.0,542.0918579101562,480.24468994140625,760.6521606445312,646.1939697265625
145,2.0,11.0,546.11279296875,477.7135925292969,771.8155517578125,649.0317993164062
146,2.0,11.0,549.97265625,476.34979248046875,783.2205200195312,653.3246459960938
147,2.0,11.0,553.8556518554688,473.63848876953125,796.2318725585938,656.5431518554688
148,2.0,11.0,558.047607421875,471.3131408691406,809.2537841796875,659.3809814453125
149,2.0,11.0,563.4443359375,469.71356201171875,823.2662353515625,664.3745727539062
150,2.0,11.0,568.3328247070312,468.4717712402344,839.8468627929688,668.4290771484375
151,2.0,11.0,572.3029174804688,465.58941650390625,855.776123046875,672.773193359375
152,2.0,11.0,574.0926513671875,462.2687072753906,873.872314453125,678.9119262695312
153,2.0,11.0,582.2739868164062,456.68701171875,892.0425415039062,685.625732421875
154,2.0,11.0,586.8251953125,451.5274963378906,912.8785400390625,692.6849365234375
155,2.0,11.0,594.779052734375,446.8295593261719,935.5528564453125,700.1923217773438
156,2.0,11.0,601.9427490234375,443.0102844238281,960.281982421875,710.3935546875
157,2.0,11.0,611.3310546875,442.1567077636719,989.326171875,718.8112182617188
158,2.0,11.0,618.412109375,440.85528564453125,1018.7180786132812,729.123291015625
159,2.0,11.0,626.4193725585938,437.6305847167969,1051.5845947265625,739.6607055664062
160,2.0,11.0,634.143798828125,433.63690185546875,1089.6922607421875,753.135009765625
161,2.0,11.0,643.9065551757812,430.9628601074219,1131.6383056640625,768.654296875
162,2.0,11.0,654.670166015625,429.3928527832031,1178.2896728515625,784.1181640625
163,2.0,11.0,666.2610473632812,425.78814697265625,1230.006103515625,801.3872680664062
164,2.0,11.0,678.9581298828125,418.07757568359375,1292.04541015625,820.9161376953125
165,2.0,11.0,692.3694458007812,410.0111389160156,1362.0699462890625,844.188232421875
166,2.0,11.0,709.5184326171875,402.8717041015625,1444.836181640625,872.4884033203125
167,2.0,11.0,728.865478515625,393.1498718261719,1540.552001953125,905.128173828125
168,2.0,11.0,747.9727172851562,381.25927734375,1655.4093017578125,943.8755493164062
169,2.0,11.0,769.12353515625,368.8991394042969,1790.4571533203125,996.1922607421875
170,2.0,11.0,796.6296997070312,354.6498107910156,1886.2691650390625,1047.779541015625
171,2.0,11.0,826.2714233398438,335.4362487792969,1920.0,1067.1885986328125
172,2.0,11.0,866.7161865234375,308.19244384765625,1920.0,1080.0
173,2.0,11.0,911.3360595703125,281.0003662109375,1920.0,1080.0
174,2.0,11.0,968.4786376953125,242.70223999023438,1920.0,1080.0
175,2.0,11.0,1036.6396484375,188.55674743652344,1920.0,1077.36279296875
176,2.0,11.0,1120.0712890625,117.2772445678711,1920.0,1076.368896484375
177,2.0,11.0,1227.5118408203125,83.61468505859375,1920.0,1077.4068603515625
178,2.0,11.0,1373.5870361328125,91.07606506347656,1920.0,1078.1209716796875
