93,2.0,27.0,447.4378662109375,524.0347290039062,498.0336608886719,563.7521362304688
94,2.0,27.0,447.7279968261719,522.700439453125,498.5838928222656,563.6830444335938
95,2.0,27.0,447.9649963378906,522.3427734375,500.7298278808594,563.9837646484375
96,2.0,27.0,448.462890625,523.4437866210938,502.44805908203125,564.6845703125
97,2.0,27.0,449.800048828125,526.0907592773438,504.0451354980469,565.6776733398438
98,2.0,27.0,451.23699951171875,525.3505249023438,505.76898193359375,565.2855224609375
99,2.0,27.0,452.7197265625,525.2838745117188,506.75958251953125,564.9191284179688
100,2.0,27.0,453.62030029296875,523.8948364257812,506.69769287109375,564.7266845703125
101,2.0,27.0,453.3950500488281,522.9569091796875,507.443603515625,565.5906372070312
102,2.0,27.0,453.54742431640625,521.7028198242188,507.681884765625,566.8380126953125
103,2.0,27.0,454.0093994140625,521.0835571289062,509.2744445800781,568.879150390625
104,2.0,27.0,454.01129150390625,520.7461547851562,511.4287109375,569.8780517578125
105,2.0,27.0,454.29052734375,521.6585083007812,513.8138427734375,570.33349609375
106,2.0,27.0,456.0549621582031,521.8648071289062,516.2540893554688,571.1270141601562
107,2.0,27.0,456.92864990234375,522.27978515625,517.5269165039062,571.10693359375
108,2.0,27.0,457.72265625,522.2369995117188,518.0894165039062,571.4722900390625
109,2.0,27.0,458.704345703125,522.9638061523438,518.3375244140625,571.375244140625
110,2.0,27.0,459.1173400878906,522.049560546875,519.568359375,571.4009399414062
111,2.0,27.0,459.3970947265625,519.98388671875,520.7482299804688,571.8118286132812
112,2.0,27.0,460.1026611328125,519.0086059570312,523.320068359375,572.138916015625
113,2.0,27.0,460.8065490722656,520.0049438476562,525.9819946289062,572.8575439453125
114,2.0,27.0,461.30670166015625,518.436767578125,527.4520874023438,573.0849609375
115,2.0,27.0,461.9443664550781,519.8196411132812,529.83984375,574.1035766601562
116,2.0,27.0,462.7878723144531,519.5888671875,531.385009765625,574.620849609375
117,2.0,27.0,462.64453125,518.4447021484375,533.6383056640625,575.0274658203125
118,2.0,27.0,463.23052978515625,518.4298706054688,536.0430297851562,575.5490112304688
119,2.0,27.0,462.9223937988281,514.8825073242188,536.7508544921875,576.0865478515625
120,2.0,27.0,463.5765686035156,513.9161987304688,538.53955078125,576.2001342773438
121,2.0,27.0,463.6369934082031,512.4962768554688,540.9239501953125,576.9835815429688
122,2.0,27.0,464.0823974609375,512.7382202148438,542.9738159179688,577.6463012695312
123,2.0,27.0,464.6363830566406,511.78326416015625,544.8135986328125,578.8101196289062
124,2.0,27.0,466.1400451660156,513.0094604492188,546.9766235351562,580.6771850585938
125,2.0,27.0,467.32763671875,512.9089965820312,549.1993408203125,581.9774169921875
126,2.0,27.0,467.9120178222656,513.7811279296875,551.809814453125,583.141357421875
127,2.0,27.0,468.71234130859375,513.2349243164062,555.140625,583.9744873046875
128,2.0,27.0,470.3185119628906,511.2926330566406,557.4638061523438,584.7447509765625
129,2.0,27.0,472.7068176269531,508.9948425292969,560.1565551757812,585.3412475585938
130,2.0,27.0,473.3860778808594,507.92974853515625,563.281494140625,585.7782592773438
131,2.0,27.0,474.3139343261719,507.3664855957031,566.30078125,586.2215576171875
132,2.0,27.0,476.20831298828125,507.7738037109375,568.6837158203125,586.4661254882812
133,2.0,27.0,478.7272033691406,508.2081298828125,571.0324096679688,587.186279296875
134,2.0,27.0,479.9118957519531,508.1350402832031,574.4918823242188,588.12548828125
135,2.0,27.0,480.8995056152344,508.5596618652344,578.5879516601562,588.808837890625
136,2.0,27.0,481.5456237792969,508.6451110839844,584.1486206054688,589.23193359375
137,2.0,27.0,482.145263671875,508.685302734375,588.4737548828125,590.7903442382812
138,2.0,27.0,482.30584716796875,508.63043212890625,593.1483154296875,592.4094848632812
139,2.0,27.0,484.75030517578125,506.67529296875,597.291259765625,594.9035034179688
140,2.0,27.0,486.01531982421875,505.5129089355469,601.274169921875,596.2468872070312
141,2.0,27.0,489.6228942871094,503.1195373535156,605.6937866210938,596.9833984375
142,2.0,27.0,491.2164611816406,502.12152099609375,610.7467651367188,598.3095092773438
143,2.0,27.0,492.5845031738281,501.7953186035156,615.0731811523438,599.265869140625
144,2.0,27.0,493.9407043457031,500.1361083984375,619.8726196289062,600.5945434570312
145,2.0,27.0,497.1953125,499.5372314453125,626.1890258789062,601.9810791015625
146,2.0,27.0,500.07147216796875,498.62628173828125,631.5889892578125,603.4677734375
147,2.0,27.0,501.3536071777344,497.59149169921875,638.1201171875,606.9151000976562
148,2.0,27.0,502.7999572753906,496.9476013183594,644.8056640625,609.0475463867188
149,2.0,27.0,502.218017578125,495.85009765625,651.0073852539062,610.4864501953125
150,2.0,27.0,504.1107177734375,495.83233642578125,658.5034790039062,612.557373046875
151,2.0,27.0,506.349853515625,494.8851318359375,666.3470458984375,617.5865478515625
152,2.0,27.0,511.77581787109375,493.5038757324219,673.7752685546875,619.817138671875
153,2.0,27.0,516.801025390625,492.7136535644531,682.0970458984375,621.7630615234375
154,2.0,27.0,518.49267578125,490.7434387207031,690.6766967773438,623.66064453125
155,2.0,27.0,519.2841186523438,487.6184387207031,699.540771484375,627.4951782226562
156,2.0,27.0,524.2161254882812,486.6559753417969,711.0505981445312,631.0936889648438
157,2.0,27.0,527.66845703125,485.6578063964844,721.7106323242188,634.6720581054688
158,2.0,27.0,531.3532104492188,484.9966735839844,734.0328979492188,639.0715942382812
159,2.0,27.0,537.1762084960938,482.8821105957031,746.2185668945312,644.2804565429688
160,2.0,27.0,541.4334716796875,481.8287353515625,760.8256225585938,647.271484375
161,2.0,27.0,547.1796875,478.8909912109375,776.4420776367188,652.4149780273438
162,2.0,27.0,552.7247314453125,475.49468994140625,793.9978637695312,657.3849487304688
163,2.0,27.0,559.2608642578125,471.9213562011719,812.6865844726562,662.6721801757812
164,2.0,27.0,566.0661010742188,470.436279296875,833.9202880859375,668.62548828125
165,2.0,27.0,572.6260375976562,468.4767150878906,856.7860717773438,675.0733642578125
166,2.0,27.0,579.4140014648438,464.9788513183594,881.91015625,683.6823120117188
167,2.0,27.0,585.7450561523438,458.0204162597656,909.2982177734375,692.7100219726562
168,2.0,27.0,596.9514770507812,448.64373779296875,942.0987548828125,703.5772094726562
169,2.0,27.0,607.510986328125,444.6117248535156,979.3005981445312,715.3826904296875
170,2.0,27.0,618.9727172851562,443.5400390625,1019.4584350585938,728.5155029296875
171,2.0,27.0,629.8021240234375,440.4223327636719,1067.3321533203125,742.2767333984375
172,2.0,27.0,643.8017578125,435.304931640625,1121.65234375,760.4180908203125
173,2.0,27.0,658.4119262695312,431.6866760253906,1185.5301513671875,782.0187377929688
174,2.0,27.0,676.0811767578125,425.272705078125,1261.7926025390625,805.6716918945312
175,2.0,27.0,697.5482788085938,414.3468322753906,1354.322998046875,834.3511962890625
176,2.0,27.0,722.1170654296875,405.0008544921875,1464.705810546875,869.013427734375
177,2.0,27.0,749.32421875,392.12744140625,1606.241943359375,917.7522583007812
178,2.0,27.0,783.8150024414062,378.31195068359375,1779.47265625,979.3353881835938
179,2.0,27.0,822.968017578125,358.642822265625,1882.2911376953125,1040.6492919921875
180,2.0,27.0,872.0626220703125,331.87451171875,1920.0,1072.039306640625
181,2.0,27.0,937.4814453125,295.1297607421875,1920.0,1080.0
182,2.0,27.0,1019.5802612304688,243.56130981445312,1920.0,1079.7342529296875
183,2.0,27.0,1128.6717529296875,166.4968719482422,1920.0,1078.5848388671875
184,2.0,27.0,1281.0997314453125,128.07557678222656,1920.0,1079.457763671875
185,2.0,27.0,1508.66748046875,155.82785034179688,1920.0,1080.0
