87,2.0,23.0,448.3394470214844,519.4893798828125,503.6897277832031,563.8678588867188
88,2.0,23.0,448.8887023925781,518.94580078125,503.7612609863281,564.2003784179688
89,2.0,23.0,449.5429382324219,518.6541748046875,505.08612060546875,564.6116943359375
90,2.0,23.0,450.1346740722656,519.5457763671875,506.2051086425781,564.5048217773438
91,2.0,23.0,450.94732666015625,520.7470703125,507.0372619628906,564.9419555664062
92,2.0,23.0,451.6485595703125,520.5586547851562,507.63165283203125,564.5439453125
93,2.0,23.0,452.05023193359375,519.1610717773438,507.7271728515625,565.3267211914062
94,2.0,23.0,452.39007568359375,518.8806762695312,508.35809326171875,566.7564697265625
95,2.0,23.0,452.59423828125,520.3128662109375,509.58917236328125,567.612060546875
96,2.0,23.0,453.0739440917969,521.095703125,510.61419677734375,568.18701171875
97,2.0,23.0,453.8247375488281,521.0993041992188,513.0214233398438,568.8485107421875
98,2.0,23.0,453.8699645996094,521.7396850585938,514.5017700195312,569.6107788085938
99,2.0,23.0,454.0159912109375,523.2681884765625,515.9949951171875,569.99462890625
100,2.0,23.0,454.63116455078125,523.397705078125,517.4879760742188,570.273681640625
101,2.0,23.0,455.0589904785156,524.2010498046875,518.2979125976562,570.2538452148438
102,2.0,23.0,455.781982421875,522.12451171875,519.3945922851562,570.4154663085938
103,2.0,23.0,456.4727783203125,522.2549438476562,519.2988891601562,570.4531860351562
104,2.0,23.0,457.01812744140625,521.449462890625,520.1588134765625,570.8858032226562
105,2.0,23.0,456.82763671875,519.0370483398438,522.3523559570312,571.5650024414062
106,2.0,23.0,457.236572265625,516.4708862304688,526.65625,572.264892578125
107,2.0,23.0,457.0519714355469,515.1909790039062,528.2398681640625,572.0839233398438
108,2.0,23.0,457.3520812988281,515.1663208007812,532.0244140625,573.2522583007812
109,2.0,23.0,458.03228759765625,512.2972412109375,532.5928344726562,573.5053100585938
110,2.0,23.0,459.22943115234375,512.4544677734375,533.7911376953125,573.8298950195312
111,2.0,23.0,459.787841796875,511.9312744140625,534.736572265625,573.7139282226562
112,2.0,23.0,460.85247802734375,513.0555419921875,535.374267578125,574.1110229492188
113,2.0,23.0,462.0611877441406,514.4878540039062,537.8553466796875,574.5072021484375
114,2.0,23.0,462.73126220703125,514.6005249023438,540.176025390625,574.6940307617188
115,2.0,23.0,463.6999816894531,514.469970703125,542.4636840820312,575.743408203125
116,2.0,23.0,464.9649353027344,514.781494140625,544.1947021484375,577.03125
117,2.0,23.0,465.24530029296875,515.761962890625,545.4221801757812,577.9156494140625
118,2.0,23.0,466.2715148925781,514.860595703125,547.06591796875,578.612548828125
119,2.0,23.0,467.53680419921875,515.5494995117188,550.0005493164062,580.2533569335938
120,2.0,23.0,469.66357421875,518.8917846679688,553.2237548828125,580.4257202148438
121,2.0,23.0,471.358154296875,516.0542602539062,555.092041015625,582.1753540039062
122,2.0,23.0,471.1960144042969,513.0379028320312,557.7921142578125,583.0604858398438
123,2.0,23.0,472.11669921875,512.0994262695312,559.6436157226562,582.8125
124,2.0,23.0,472.4242248535156,510.73699951171875,563.4583129882812,583.611083984375
125,2.0,23.0,474.93145751953125,511.05865478515625,566.4560546875,584.6693115234375
126,2.0,23.0,476.5220642089844,512.4203491210938,569.3934936523438,585.3944702148438
127,2.0,23.0,477.9112243652344,510.64404296875,570.1771240234375,586.0839233398438
128,2.0,23.0,479.70135498046875,509.6924133300781,573.2715454101562,586.5628051757812
129,2.0,23.0,481.03106689453125,510.0736999511719,576.2289428710938,587.0210571289062
130,2.0,23.0,481.11029052734375,510.18963623046875,579.9149169921875,587.4310913085938
131,2.0,23.0,481.17474365234375,509.6260681152344,584.1128540039062,587.8941650390625
132,2.0,23.0,481.45220947265625,508.7688903808594,587.9579467773438,588.673583984375
133,2.0,23.0,481.4664001464844,507.76214599609375,591.3157348632812,588.7453002929688
134,2.0,23.0,484.2850036621094,506.5005798339844,594.2219848632812,591.3095092773438
135,2.0,23.0,486.36260986328125,505.19580078125,598.096923828125,592.534912109375
136,2.0,23.0,488.214111328125,503.37640380859375,602.1074829101562,594.0552368164062
137,2.0,23.0,490.7098388671875,502.0865173339844,605.923583984375,595.5623779296875
138,2.0,23.0,490.7001647949219,500.1783752441406,611.0782470703125,597.1895751953125
139,2.0,23.0,493.143310546875,499.8653259277344,615.0196533203125,598.184326171875
140,2.0,23.0,497.55487060546875,497.949951171875,620.0636596679688,599.1644897460938
141,2.0,23.0,498.96295166015625,498.13165283203125,624.64599609375,599.9314575195312
142,2.0,23.0,500.0419006347656,497.3095397949219,629.0032348632812,600.8028564453125
143,2.0,23.0,500.829345703125,496.62725830078125,633.809814453125,602.8016967773438
144,2.0,23.0,502.9259948730469,496.69329833984375,640.5755004882812,605.813720703125
145,2.0,23.0,502.7624206542969,496.688232421875,645.6978759765625,607.4916381835938
146,2.0,23.0,503.7145080566406,496.3603515625,650.8842163085938,608.6173095703125
147,2.0,23.0,505.5502014160156,495.9884338378906,658.3674926757812,610.2445678710938
148,2.0,23.0,508.1105041503906,494.5220031738281,666.3458251953125,612.4865112304688
149,2.0,23.0,512.5479125976562,492.7928771972656,671.1409301757812,616.412841796875
150,2.0,23.0,516.1652221679688,491.0433654785156,678.15478515625,618.9246826171875
151,2.0,23.0,518.4349975585938,489.3651428222656,686.54345703125,620.3712158203125
152,2.0,23.0,520.6022338867188,487.18682861328125,695.8899536132812,622.3638305664062
153,2.0,23.0,525.0451049804688,487.18243408203125,703.3719482421875,624.946044921875
154,2.0,23.0,528.4916381835938,486.34332275390625,711.962158203125,629.2566528320312
155,2.0,23.0,530.1796264648438,485.76702880859375,721.5733032226562,632.1845092773438
156,2.0,23.0,533.5556640625,485.4673767089844,732.2906494140625,635.0654296875
157,2.0,23.0,537.8821411132812,483.96319580078125,743.7079467773438,638.9970703125
158,2.0,23.0,542.81982421875,481.8948669433594,755.8740234375,642.5652465820312
159,2.0,23.0,548.5575561523438,481.1260681152344,767.1746826171875,645.1517333984375
160,2.0,23.0,552.15576171875,477.4203796386719,780.5237426757812,649.2100830078125
161,2.0,23.0,557.5145874023438,474.585205078125,795.1572265625,652.77294921875
162,2.0,23.0,563.1087646484375,472.65283203125,811.505126953125,657.4564819335938
163,2.0,23.0,569.06103515625,471.9322204589844,828.8580932617188,662.2542114257812
164,2.0,23.0,574.7822265625,468.3862609863281,848.3392333984375,666.66650390625
165,2.0,23.0,580.5158081054688,466.62506103515625,868.0188598632812,673.7678833007812
166,2.0,23.0,586.513671875,462.4299621582031,889.9829711914062,680.7944946289062
167,2.0,23.0,594.777587890625,456.91168212890625,914.0121459960938,689.0870361328125
168,2.0,23.0,603.00830078125,451.8641662597656,939.1383056640625,697.3848266601562
169,2.0,23.0,610.3309326171875,443.4383544921875,970.334716796875,707.246826171875
170,2.0,23.0,620.8203735351562,441.7687683105469,1003.8052978515625,717.5386962890625
171,2.0,23.0,631.4390869140625,439.5132141113281,1041.0589599609375,729.9457397460938
172,2.0,23.0,642.6935424804688,437.763671875,1084.2703857421875,742.2985229492188
173,2.0,23.0,654.9321899414062,435.2370910644531,1130.729736328125,757.7088623046875
174,2.0,23.0,667.4895629882812,431.4736022949219,1184.857421875,775.6905517578125
175,2.0,23.0,682.8199462890625,426.8146057128906,1247.05859375,794.7398071289062
176,2.0,23.0,699.4873657226562,419.8360900878906,1319.9281005859375,817.1348876953125
177,2.0,23.0,719.85498046875,410.3722839355469,1405.8365478515625,844.5499267578125
178,2.0,23.0,740.173828125,400.9455261230469,1509.534423828125,876.9307250976562
179,2.0,23.0,764.8915405273438,389.55181884765625,1632.6781005859375,919.9580078125
180,2.0,23.0,795.0853881835938,377.0860290527344,1784.8265380859375,972.6328735351562
181,2.0,23.0,827.2066040039062,359.7804260253906,1884.1761474609375,1034.1812744140625
182,2.0,23.0,871.0582275390625,337.9741516113281,1920.0,1062.4527587890625
183,2.0,23.0,920.9144897460938,308.9639587402344,1920.0,1080.0
184,2.0,23.0,982.86376953125,273.1732177734375,1920.0,1080.0
185,2.0,23.0,1058.9906005859375,220.70562744140625,1920.0,1079.4678955078125
186,2.0,23.0,1157.427734375,147.5322265625,1920.0,1078.47265625
187,2.0,23.0,1288.8616943359375,118.64286804199219,1920.0,1078.3076171875
188,2.0,23.0,1471.61474609375,133.84237670898438,1920.0,1080.0
