57,2.0,24.0,447.5697937011719,522.2771606445312,493.40960693359375,558.531005859375
58,2.0,24.0,448.22735595703125,524.9938354492188,493.9444885253906,559.662109375
59,2.0,24.0,448.4371643066406,525.7100830078125,494.9060363769531,560.668212890625
60,2.0,24.0,448.7894592285156,527.1639404296875,496.06097412109375,560.7774047851562
61,2.0,24.0,449.45220947265625,521.4600830078125,497.3822937011719,559.8743896484375
62,2.0,24.0,450.1869812011719,521.1066284179688,497.8876647949219,560.7644653320312
63,2.0,24.0,451.17144775390625,520.9801025390625,500.07269287109375,561.02783203125
64,2.0,24.0,452.2460021972656,519.6299438476562,501.6026916503906,560.7178344726562
65,2.0,24.0,452.4894714355469,517.9332275390625,502.5740966796875,560.55126953125
66,2.0,24.0,452.6542053222656,518.5017700195312,503.44476318359375,560.5027465820312
67,2.0,24.0,453.12542724609375,518.5877075195312,504.7732849121094,560.46923828125
68,2.0,24.0,453.8198547363281,517.7805786132812,504.9822692871094,560.3309936523438
69,2.0,24.0,454.06402587890625,517.1612548828125,506.20538330078125,560.7442626953125
70,2.0,24.0,454.3746032714844,516.361328125,506.9009094238281,560.9440307617188
71,2.0,24.0,455.23614501953125,517.1910400390625,506.612060546875,561.7688598632812
72,2.0,24.0,456.4442443847656,518.7791137695312,506.8904113769531,561.9351196289062
73,2.0,24.0,456.9656677246094,519.0601806640625,507.3178405761719,562.192138671875
74,2.0,24.0,457.34564208984375,518.81494140625,507.9674377441406,562.1597290039062
75,2.0,24.0,457.7033996582031,518.0609741210938,508.66015625,561.9574584960938
76,2.0,24.0,457.7283935546875,518.4423217773438,510.0699157714844,562.4357299804688
77,2.0,24.0,457.6805419921875,519.1990966796875,512.0613403320312,562.9087524414062
78,2.0,24.0,458.4812927246094,519.616943359375,514.1434936523438,563.3662109375
79,2.0,24.0,459.2894287109375,519.6485595703125,515.5353393554688,563.9896850585938
80,2.0,24.0,459.93475341796875,521.1343994140625,516.3080444335938,564.3680419921875
81,2.0,24.0,460.789794921875,522.0713500976562,517.2857666015625,564.9342041015625
82,2.0,24.0,460.98931884765625,521.9197998046875,517.9754028320312,565.2561645507812
83,2.0,24.0,460.3243408203125,521.1726684570312,518.4109497070312,565.2109375
84,2.0,24.0,460.1783752441406,519.780517578125,519.85791015625,565.1142578125
85,2.0,24.0,461.0456848144531,519.8547973632812,519.8479614257812,565.1250610351562
86,2.0,24.0,462.15289306640625,521.1179809570312,521.2949829101562,565.845703125
87,2.0,24.0,462.61456298828125,519.0806274414062,523.9326782226562,566.2861328125
88,2.0,24.0,462.5917663574219,517.7866821289062,526.4750366210938,567.2840576171875
89,2.0,24.0,463.0731201171875,517.2000732421875,527.958984375,568.520751953125
90,2.0,24.0,463.9139709472656,515.8096313476562,529.9072875976562,568.86474609375
91,2.0,24.0,465.3880920410156,515.9094848632812,531.9457397460938,569.6217041015625
92,2.0,24.0,466.78741455078125,515.94677734375,533.2504272460938,569.6296997070312
93,2.0,24.0,468.1329040527344,516.8051147460938,533.54833984375,569.1905517578125
94,2.0,24.0,467.75018310546875,516.88818359375,534.29736328125,569.9926147460938
95,2.0,24.0,468.28985595703125,517.39599609375,536.3645629882812,570.1005249023438
96,2.0,24.0,468.5777893066406,517.8291015625,538.746826171875,570.655029296875
97,2.0,24.0,468.883056640625,518.09375,540.7648315429688,571.6187744140625
98,2.0,24.0,470.2657775878906,517.1429443359375,542.6915893554688,572.3687744140625
99,2.0,24.0,471.4613342285156,518.1903686523438,545.2401733398438,573.1142578125
100,2.0,24.0,472.66998291015625,519.0393676757812,546.6463012695312,573.4423828125
101,2.0,24.0,474.759033203125,519.9891357421875,547.5235595703125,573.9588623046875
102,2.0,24.0,476.3633728027344,519.6096801757812,549.9371948242188,574.32470703125
103,2.0,24.0,477.6639404296875,520.5691528320312,552.248291015625,574.931396484375
104,2.0,24.0,479.7346496582031,520.1835327148438,554.526611328125,574.7672119140625
105,2.0,24.0,481.0464782714844,519.2184448242188,555.7614135742188,575.0238647460938
106,2.0,24.0,481.97943115234375,516.5216064453125,559.6515502929688,575.91650390625
107,2.0,24.0,481.65460205078125,514.2747802734375,561.6318969726562,577.111572265625
108,2.0,24.0,482.5260925292969,514.8038940429688,564.3626098632812,577.5608520507812
109,2.0,24.0,481.37054443359375,514.49853515625,566.1873168945312,578.4739379882812
110,2.0,24.0,482.4530944824219,512.7797241210938,568.2921142578125,580.4104614257812
111,2.0,24.0,482.5824279785156,512.2831420898438,569.4107055664062,581.694580078125
112,2.0,24.0,481.997802734375,511.5479736328125,572.8486328125,582.9906005859375
113,2.0,24.0,482.9653015136719,512.302001953125,576.1250610351562,583.7598266601562
114,2.0,24.0,484.90216064453125,512.960693359375,579.9635620117188,585.2685546875
115,2.0,24.0,486.626953125,512.6508178710938,583.4367065429688,585.7638549804688
116,2.0,24.0,490.0544738769531,511.015625,587.1441040039062,586.2443237304688
117,2.0,24.0,491.7147521972656,509.1265563964844,590.9030151367188,586.9784545898438
118,2.0,24.0,492.6524353027344,507.0140075683594,594.339111328125,587.3447875976562
119,2.0,24.0,492.8090515136719,505.93353271484375,597.6992797851562,587.6535034179688
120,2.0,24.0,494.1638488769531,504.71844482421875,600.593017578125,588.6085205078125
121,2.0,24.0,497.6446838378906,502.7109069824219,603.6243896484375,589.3512573242188
122,2.0,24.0,500.75006103515625,500.7514953613281,608.3942260742188,589.6445922851562
123,2.0,24.0,502.8818359375,500.12451171875,612.7468872070312,590.1819458007812
124,2.0,24.0,504.3172302246094,499.00555419921875,617.9420166015625,592.9382934570312
125,2.0,24.0,504.8424377441406,500.3168029785156,621.037109375,594.1156616210938
126,2.0,24.0,505.9640808105469,501.24652099609375,624.4765014648438,595.3641967773438
127,2.0,24.0,505.30950927734375,499.693115234375,628.937255859375,597.3766479492188
128,2.0,24.0,506.9932861328125,498.6759338378906,633.9105224609375,598.358154296875
129,2.0,24.0,510.2646484375,498.06988525390625,638.1881103515625,599.3157958984375
130,2.0,24.0,512.9160766601562,495.8583984375,643.9669799804688,599.9116821289062
131,2.0,24.0,515.737060546875,494.95501708984375,649.5721435546875,600.4051513671875
132,2.0,24.0,516.9081420898438,495.5849914550781,655.256591796875,602.0062866210938
133,2.0,24.0,518.2573852539062,495.85467529296875,661.5758056640625,604.5979614257812
134,2.0,24.0,520.0573120117188,494.9244079589844,669.1986694335938,607.3311767578125
135,2.0,24.0,523.11181640625,494.41217041015625,674.45361328125,609.051513671875
136,2.0,24.0,526.12353515625,494.2129211425781,681.2970581054688,610.388427734375
137,2.0,24.0,529.1766967773438,493.3729553222656,688.80078125,612.6520385742188
138,2.0,24.0,531.5089721679688,491.40582275390625,694.6951904296875,617.1105346679688
139,2.0,24.0,536.8119506835938,490.2060546875,702.9617309570312,618.70166015625
140,2.0,24.0,539.0948486328125,489.60675048828125,712.2001953125,619.9058837890625
141,2.0,24.0,541.2057495117188,488.1542663574219,721.2166748046875,621.574951171875
142,2.0,24.0,547.0634765625,487.31036376953125,730.5437622070312,626.072265625
143,2.0,24.0,551.9232788085938,485.7673645019531,741.3704223632812,629.7071533203125
144,2.0,24.0,555.069580078125,484.1045837402344,751.1636962890625,632.5166625976562
145,2.0,24.0,558.7489013671875,483.1165771484375,762.8649291992188,636.429443359375
146,2.0,24.0,563.4020385742188,480.9951477050781,775.4330444335938,641.4508666992188
147,2.0,24.0,566.8264770507812,478.47467041015625,789.694091796875,644.810546875
148,2.0,24.0,573.1959838867188,476.3636779785156,805.68798828125,647.3206176757812
149,2.0,24.0,577.6375732421875,475.3082275390625,818.3145141601562,651.3165893554688
150,2.0,24.0,584.3717041015625,473.0045166015625,835.6883544921875,657.3116455078125
151,2.0,24.0,591.2548828125,470.8045959472656,854.9514770507812,661.5518188476562
152,2.0,24.0,596.7979125976562,468.2884216308594,875.2788696289062,666.6766967773438
153,2.0,24.0,604.0701293945312,466.6755676269531,897.33447265625,673.3427124023438
154,2.0,24.0,612.9944458007812,460.80426025390625,920.8779296875,681.0675048828125
155,2.0,24.0,619.6824340820312,450.3213806152344,947.3898315429688,689.93505859375
156,2.0,24.0,627.7863159179688,448.2783203125,976.7962646484375,697.98291015625
157,2.0,24.0,639.1875610351562,445.27001953125,1009.4192504882812,709.6004638671875
158,2.0,24.0,651.1222534179688,442.08941650390625,1047.119873046875,720.73095703125
159,2.0,24.0,660.7721557617188,441.98077392578125,1088.9287109375,733.2614135742188
160,2.0,24.0,673.5230102539062,439.1888427734375,1134.831298828125,746.00634765625
161,2.0,24.0,688.9389038085938,435.1823425292969,1189.1966552734375,764.4093627929688
162,2.0,24.0,703.9307250976562,428.4874572753906,1251.974853515625,783.451416015625
163,2.0,24.0,722.4395751953125,423.0757751464844,1322.872314453125,804.4743041992188
164,2.0,24.0,741.7406005859375,412.9341125488281,1406.572265625,826.7603149414062
165,2.0,24.0,765.6312866210938,403.5918273925781,1509.3115234375,859.2266845703125
166,2.0,24.0,792.6990966796875,392.8691711425781,1629.31005859375,896.9334716796875
167,2.0,24.0,824.4752807617188,380.4947204589844,1775.0963134765625,944.3059692382812
168,2.0,24.0,860.1990966796875,364.1913757324219,1880.8878173828125,1005.6830444335938
169,2.0,24.0,903.5010375976562,343.40118408203125,1920.0,1051.3973388671875
170,2.0,24.0,958.2424926757812,316.7803649902344,1920.0,1076.42919921875
171,2.0,24.0,1024.3076171875,284.0174865722656,1920.0,1080.0
172,2.0,24.0,1103.5469970703125,236.51943969726562,1920.0,1075.4013671875
173,2.0,24.0,1207.5020751953125,174.19229125976562,1920.0,1079.306884765625
174,2.0,24.0,1349.437744140625,150.83311462402344,1920.0,1080.0
