94,2.0,30.0,456.1045837402344,524.2587280273438,503.8584289550781,563.1748657226562
95,2.0,30.0,456.9173889160156,525.0389404296875,504.54510498046875,563.2495727539062
96,2.0,30.0,457.6362609863281,526.0247192382812,505.67144775390625,563.1643676757812
97,2.0,30.0,457.8032531738281,525.343017578125,505.7640075683594,562.9593505859375
98,2.0,30.0,458.2015075683594,524.9564819335938,505.8789367675781,563.090576171875
99,2.0,30.0,458.6304016113281,525.3055419921875,506.44049072265625,563.156982421875
100,2.0,30.0,459.7511901855469,525.171142578125,507.6182861328125,563.7177124023438
101,2.0,30.0,460.1524963378906,523.4671630859375,508.93951416015625,564.1882934570312
102,2.0,30.0,460.05780029296875,523.6495971679688,509.69512939453125,564.3712768554688
103,2.0,30.0,460.4447021484375,524.2227783203125,511.54156494140625,565.2932739257812
104,2.0,30.0,460.9721374511719,525.271240234375,513.6968383789062,565.6824340820312
105,2.0,30.0,460.75238037109375,525.0322265625,515.9593505859375,566.2396240234375
106,2.0,30.0,461.10235595703125,523.78564453125,518.033935546875,566.7410888671875
107,2.0,30.0,461.8559875488281,523.9320678710938,519.35107421875,566.9373779296875
108,2.0,30.0,462.41021728515625,523.7566528320312,519.4171752929688,567.3585205078125
109,2.0,30.0,462.7069091796875,522.1604614257812,519.93505859375,569.093505859375
110,2.0,30.0,463.11761474609375,522.294677734375,519.901123046875,569.8443603515625
111,2.0,30.0,463.30780029296875,522.1688842773438,523.8206787109375,570.7047119140625
112,2.0,30.0,463.800537109375,520.6766967773438,525.4786376953125,570.5653686523438
113,2.0,30.0,463.8146057128906,519.9546508789062,529.0318603515625,570.93798828125
114,2.0,30.0,464.3849182128906,519.6959228515625,531.7111206054688,571.3088989257812
115,2.0,30.0,465.7170104980469,519.434326171875,532.4921875,571.4421997070312
116,2.0,30.0,466.3937072753906,519.0620727539062,533.8267211914062,571.7507934570312
117,2.0,30.0,467.1298828125,518.3482055664062,535.4210205078125,571.9400634765625
118,2.0,30.0,468.7226257324219,518.30908203125,535.7989501953125,572.4453125
119,2.0,30.0,469.15191650390625,517.7654418945312,538.5913696289062,572.415283203125
120,2.0,30.0,470.48114013671875,517.9805297851562,540.69140625,572.9388427734375
121,2.0,30.0,471.454345703125,517.5498046875,542.361572265625,574.0276489257812
122,2.0,30.0,472.9089050292969,517.890380859375,544.6184692382812,574.9700317382812
123,2.0,30.0,474.218017578125,517.4000244140625,545.923583984375,576.2706909179688
124,2.0,30.0,475.46380615234375,517.1180419921875,547.6210327148438,576.091064453125
125,2.0,30.0,475.8848571777344,516.7110595703125,550.1677856445312,576.8140869140625
126,2.0,30.0,476.9488220214844,516.4021606445312,554.251220703125,577.9572143554688
127,2.0,30.0,478.5809631347656,514.55712890625,556.9796752929688,578.3141479492188
128,2.0,30.0,481.0266418457031,514.546630859375,557.7684936523438,577.858642578125
129,2.0,30.0,480.9595947265625,513.6278076171875,560.9365844726562,579.1920776367188
130,2.0,30.0,481.89337158203125,513.745849609375,565.0594482421875,579.9562377929688
131,2.0,30.0,482.20928955078125,514.1561889648438,568.6544189453125,580.487060546875
132,2.0,30.0,482.6289978027344,513.9619140625,570.24951171875,583.263671875
133,2.0,30.0,482.1812744140625,512.5037231445312,572.4074096679688,585.1803588867188
134,2.0,30.0,483.3916015625,511.796142578125,575.9482421875,585.8695678710938
135,2.0,30.0,486.5961608886719,512.3782348632812,580.2857055664062,586.4866943359375
136,2.0,30.0,489.6694030761719,511.5342102050781,585.3427124023438,586.7229614257812
137,2.0,30.0,492.3924255371094,511.84423828125,588.6224365234375,586.6531372070312
138,2.0,30.0,493.12548828125,510.9507141113281,593.0956420898438,587.8256225585938
139,2.0,30.0,493.4613952636719,508.4593811035156,597.1129150390625,588.6054077148438
140,2.0,30.0,495.5762023925781,507.2958984375,601.6785888671875,590.2250366210938
141,2.0,30.0,498.05145263671875,507.127197265625,606.4622802734375,592.1832275390625
142,2.0,30.0,501.0421447753906,507.1537780761719,610.513671875,594.0623168945312
143,2.0,30.0,503.1591491699219,506.8882751464844,615.259765625,595.3707275390625
144,2.0,30.0,504.5743408203125,503.7389221191406,620.214111328125,596.9041137695312
145,2.0,30.0,505.8585205078125,502.8837585449219,625.6575317382812,598.2379760742188
146,2.0,30.0,507.4720153808594,502.55865478515625,630.6537475585938,598.6983032226562
147,2.0,30.0,508.8962097167969,500.7666931152344,636.4096069335938,600.18798828125
148,2.0,30.0,510.70947265625,498.42742919921875,643.1560668945312,601.5606689453125
149,2.0,30.0,515.2388305664062,496.9788513183594,650.2135009765625,604.0464477539062
150,2.0,30.0,518.1005249023438,495.6451721191406,657.1856079101562,606.2140502929688
151,2.0,30.0,521.337646484375,496.28277587890625,666.2886352539062,608.7924194335938
152,2.0,30.0,524.2815551757812,495.2645568847656,671.9916381835938,611.2119750976562
153,2.0,30.0,525.7003784179688,495.37860107421875,680.6480102539062,613.4269409179688
154,2.0,30.0,528.1012573242188,494.2790832519531,689.2213134765625,617.9509887695312
155,2.0,30.0,531.2496948242188,492.26495361328125,698.3702392578125,619.7977905273438
156,2.0,30.0,537.2755126953125,490.0824890136719,709.2064819335938,622.1068725585938
157,2.0,30.0,539.9669799804688,488.6531677246094,719.7489624023438,624.3950805664062
158,2.0,30.0,544.2185668945312,487.9533386230469,731.0427856445312,627.5393676757812
159,2.0,30.0,550.0708618164062,486.55902099609375,743.173583984375,633.2823486328125
160,2.0,30.0,554.4674072265625,484.5633544921875,757.229248046875,638.0961303710938
161,2.0,30.0,560.54736328125,482.16754150390625,770.403564453125,642.890625
162,2.0,30.0,565.5594482421875,478.86090087890625,787.5739135742188,646.7088623046875
163,2.0,30.0,572.0814819335938,476.48486328125,805.9530639648438,651.5108642578125
164,2.0,30.0,577.804443359375,474.8553771972656,824.3218994140625,657.1992797851562
165,2.0,30.0,585.3871459960938,472.362548828125,846.5484008789062,662.549072265625
166,2.0,30.0,592.3756713867188,470.1634826660156,869.4882202148438,667.767333984375
167,2.0,30.0,601.09912109375,466.38702392578125,896.6703491210938,676.83251953125
168,2.0,30.0,610.8157348632812,455.8646240234375,927.4241943359375,686.2006225585938
169,2.0,30.0,620.4395141601562,449.1921691894531,961.3926391601562,697.2325439453125
170,2.0,30.0,631.7223510742188,441.9985656738281,1000.1133422851562,710.13671875
171,2.0,30.0,646.6221313476562,439.96929931640625,1044.2493896484375,725.33447265625
172,2.0,30.0,659.4264526367188,440.1490783691406,1095.7491455078125,740.4898681640625
173,2.0,30.0,674.7147827148438,435.8970947265625,1156.3623046875,759.957275390625
174,2.0,30.0,693.8716430664062,430.7987365722656,1227.2642822265625,781.476806640625
175,2.0,30.0,715.4150390625,423.8940734863281,1311.254150390625,805.8441162109375
176,2.0,30.0,739.2776489257812,413.3721923828125,1416.79638671875,838.0471801757812
177,2.0,30.0,767.388916015625,401.5890808105469,1545.52001953125,876.6107788085938
178,2.0,30.0,801.5341796875,388.2699890136719,1708.535888671875,930.0905151367188
179,2.0,30.0,841.841796875,370.7017822265625,1851.724609375,1002.2272338867188
180,2.0,30.0,894.2293090820312,345.9827575683594,1911.5230712890625,1049.1480712890625
182,2.0,30.0,1050.06591796875,261.3569641113281,1920.0,1072.0535888671875
183,2.0,30.0,1164.5845947265625,194.3910675048828,1920.0,1075.4296875
184,2.0,30.0,1327.4176025390625,159.05166625976562,1920.0,1078.36962890625
