58,2.0,22.0,456.2459716796875,522.4890747070312,507.5738525390625,562.9224853515625
59,2.0,22.0,457.09344482421875,522.4317016601562,507.8495788574219,563.1286010742188
60,2.0,22.0,457.17333984375,522.9922485351562,508.2591857910156,563.6865234375
61,2.0,22.0,457.0461730957031,520.92333984375,509.1500244140625,564.10498046875
62,2.0,22.0,457.70654296875,520.28369140625,510.0181579589844,564.5728759765625
63,2.0,22.0,458.4615173339844,521.238037109375,510.88232421875,564.8643798828125
64,2.0,22.0,459.3802795410156,520.6736450195312,512.5986938476562,565.2286987304688
65,2.0,22.0,459.54010009765625,520.9125366210938,514.7581787109375,565.4940185546875
66,2.0,22.0,459.78076171875,521.1156005859375,516.2337036132812,565.924072265625
67,2.0,22.0,459.9866943359375,521.3162231445312,517.2060546875,565.60888671875
68,2.0,22.0,460.43994140625,521.5234985351562,517.7783813476562,566.0542602539062
69,2.0,22.0,461.0942687988281,522.450439453125,517.9669799804688,566.8087768554688
70,2.0,22.0,461.5787658691406,522.3988037109375,517.9696044921875,567.3641357421875
71,2.0,22.0,462.257568359375,524.0977783203125,518.5720825195312,568.3826293945312
72,2.0,22.0,462.042724609375,521.4682006835938,519.2215576171875,568.9909057617188
73,2.0,22.0,462.09930419921875,522.3270874023438,520.0091552734375,569.3536376953125
74,2.0,22.0,462.0465087890625,519.2113647460938,521.8987426757812,569.4271850585938
75,2.0,22.0,462.3522644042969,516.8640747070312,524.8812866210938,569.5897827148438
76,2.0,22.0,462.6452941894531,514.602294921875,527.8789672851562,569.5393676757812
77,2.0,22.0,462.93121337890625,515.1451416015625,527.9326782226562,569.4932861328125
78,2.0,22.0,463.1621398925781,516.6368408203125,529.2513427734375,570.4939575195312
79,2.0,22.0,463.22125244140625,517.4420776367188,531.0418090820312,571.5322875976562
80,2.0,22.0,463.4230651855469,515.4475708007812,532.9007568359375,571.9366455078125
81,2.0,22.0,463.73486328125,514.237060546875,534.39208984375,572.2058715820312
82,2.0,22.0,463.9594421386719,513.5861206054688,535.171142578125,572.7566528320312
83,2.0,22.0,464.6609191894531,512.3097534179688,536.20556640625,572.8933715820312
84,2.0,22.0,465.461181640625,509.4070129394531,535.8927001953125,572.1819458007812
85,2.0,22.0,465.6692810058594,510.3955383300781,537.6535034179688,571.948974609375
86,2.0,22.0,466.0813903808594,510.7768249511719,539.1900634765625,572.825439453125
87,2.0,22.0,467.082275390625,512.7908325195312,540.959228515625,573.3597412109375
88,2.0,22.0,466.7879943847656,512.8109741210938,542.5628662109375,574.1873779296875
89,2.0,22.0,468.266845703125,514.71533203125,544.0902709960938,575.2214965820312
90,2.0,22.0,468.2576904296875,516.0020751953125,545.9098510742188,575.83642578125
91,2.0,22.0,470.2364196777344,517.2830810546875,546.56787109375,576.2978515625
92,2.0,22.0,471.19158935546875,515.431640625,548.4087524414062,577.5231323242188
93,2.0,22.0,472.1410217285156,515.8469848632812,550.2577514648438,578.703369140625
94,2.0,22.0,474.09478759765625,517.9812622070312,553.5771484375,578.6961669921875
95,2.0,22.0,474.41400146484375,515.4847412109375,556.0308837890625,580.177734375
96,2.0,22.0,474.9331970214844,513.4949951171875,557.577392578125,581.8389892578125
97,2.0,22.0,474.4834899902344,511.36737060546875,558.7925415039062,581.4974975585938
98,2.0,22.0,475.2568359375,509.9739074707031,562.8768310546875,581.9878540039062
99,2.0,22.0,477.3924865722656,510.5160217285156,565.5227661132812,581.473876953125
100,2.0,22.0,479.1244812011719,511.4423522949219,567.99560546875,582.5419921875
101,2.0,22.0,480.12823486328125,510.97064208984375,568.4574584960938,584.28173828125
102,2.0,22.0,480.98541259765625,510.6669616699219,569.4735717773438,585.213134765625
103,2.0,22.0,481.484375,510.40435791015625,572.5880126953125,585.815673828125
104,2.0,22.0,481.6678161621094,511.22967529296875,575.8787841796875,586.599365234375
105,2.0,22.0,481.1402893066406,511.48675537109375,578.9197387695312,587.0184936523438
106,2.0,22.0,481.37652587890625,511.3466491699219,582.1690063476562,587.228759765625
107,2.0,22.0,481.9804382324219,510.6662292480469,585.841796875,587.6351318359375
108,2.0,22.0,484.11859130859375,510.1714782714844,588.5787963867188,587.8643798828125
109,2.0,22.0,486.35107421875,509.0632629394531,591.712158203125,588.0328979492188
110,2.0,22.0,488.8676452636719,507.9791564941406,594.3966064453125,589.0372314453125
111,2.0,22.0,490.7168273925781,505.9400939941406,598.0733642578125,591.396728515625
112,2.0,22.0,491.3880310058594,503.9439392089844,602.1538696289062,592.56884765625
113,2.0,22.0,492.92645263671875,502.2571716308594,606.05859375,594.5238037109375
114,2.0,22.0,494.00872802734375,500.2084655761719,610.6488037109375,596.3975830078125
115,2.0,22.0,494.8135681152344,499.5296936035156,613.6563110351562,597.264892578125
116,2.0,22.0,497.9994201660156,500.39166259765625,616.7992553710938,598.1445922851562
117,2.0,22.0,497.570068359375,500.7358093261719,620.048828125,598.7437133789062
118,2.0,22.0,499.480224609375,500.5899963378906,625.0671997070312,599.58544921875
119,2.0,22.0,501.0671081542969,498.4977111816406,629.0100708007812,600.7212524414062
120,2.0,22.0,501.43310546875,498.02960205078125,633.4945678710938,602.422119140625
121,2.0,22.0,503.1333312988281,497.03948974609375,639.5197143554688,605.8488159179688
122,2.0,22.0,504.5838317871094,496.375,645.4992065429688,607.3927612304688
123,2.0,22.0,505.3556213378906,496.2342834472656,651.0331420898438,608.7355346679688
124,2.0,22.0,506.74456787109375,495.93670654296875,655.5776977539062,609.873779296875
125,2.0,22.0,509.8994445800781,495.2076110839844,662.8223266601562,611.3599853515625
126,2.0,22.0,513.686767578125,493.847412109375,669.078857421875,612.6695556640625
127,2.0,22.0,517.1304321289062,491.8339538574219,673.9322509765625,616.7691650390625
128,2.0,22.0,518.5496826171875,491.205322265625,680.6322021484375,619.2554931640625
129,2.0,22.0,519.8526000976562,489.2113952636719,687.8616333007812,620.6094970703125
130,2.0,22.0,522.7816162109375,487.8016357421875,696.69384765625,622.6583862304688
131,2.0,22.0,526.04638671875,487.2632141113281,703.973876953125,624.7066650390625
132,2.0,22.0,529.0789184570312,486.74560546875,712.7384033203125,628.6708374023438
133,2.0,22.0,530.845458984375,484.9512634277344,722.17138671875,631.2137451171875
134,2.0,22.0,533.9033813476562,484.7820739746094,731.781005859375,634.7920532226562
135,2.0,22.0,538.0042724609375,483.048583984375,741.9451904296875,638.8719482421875
136,2.0,22.0,542.46142578125,482.33575439453125,754.0298461914062,642.9638061523438
137,2.0,22.0,547.8983764648438,481.084228515625,764.9772338867188,645.2645263671875
138,2.0,22.0,551.8306274414062,479.11883544921875,777.74609375,648.3598022460938
139,2.0,22.0,555.3849487304688,475.80364990234375,792.411865234375,652.5953979492188
140,2.0,22.0,561.6500854492188,473.149169921875,807.6055297851562,656.6373901367188
141,2.0,22.0,567.27001953125,471.4445495605469,821.780029296875,660.753173828125
142,2.0,22.0,572.373046875,468.9913024902344,839.6691284179688,665.5059204101562
143,2.0,22.0,577.3555297851562,467.4290771484375,858.8563842773438,669.7230834960938
144,2.0,22.0,584.189453125,463.08624267578125,879.1669921875,676.3319091796875
145,2.0,22.0,590.6884765625,460.5197448730469,901.39501953125,683.9461669921875
146,2.0,22.0,597.6962280273438,455.33056640625,926.6761474609375,692.6846313476562
147,2.0,22.0,607.3446655273438,446.5988464355469,952.6434936523438,701.1980590820312
148,2.0,22.0,616.4332275390625,442.18560791015625,984.2606201171875,710.3199462890625
149,2.0,22.0,625.4825439453125,443.0119323730469,1017.294189453125,720.349365234375
150,2.0,22.0,635.014892578125,440.649658203125,1054.5462646484375,733.5625
151,2.0,22.0,646.523193359375,438.35662841796875,1096.2066650390625,744.2991943359375
152,2.0,22.0,658.27783203125,435.13543701171875,1143.0003662109375,760.1401977539062
153,2.0,22.0,671.488037109375,432.62969970703125,1197.9412841796875,776.383056640625
154,2.0,22.0,689.1128540039062,427.4441833496094,1262.3262939453125,794.8710327148438
155,2.0,22.0,705.4491577148438,420.08197021484375,1333.7298583984375,816.4386596679688
156,2.0,22.0,725.1495361328125,411.6242980957031,1417.4508056640625,841.9865112304688
157,2.0,22.0,746.126953125,401.4774475097656,1517.8836669921875,872.5266723632812
158,2.0,22.0,770.5941162109375,390.8510437011719,1634.9932861328125,912.1973876953125
159,2.0,22.0,799.69873046875,378.4063415527344,1777.396484375,960.319091796875
160,2.0,22.0,834.2929077148438,364.1779479980469,1881.3397216796875,1019.2953491210938
161,2.0,22.0,876.6002807617188,343.9266357421875,1920.0,1056.9713134765625
162,2.0,22.0,925.5075073242188,316.4029541015625,1920.0,1078.6434326171875
163,2.0,22.0,984.8585205078125,285.37841796875,1920.0,1080.0
164,2.0,22.0,1055.7047119140625,241.06263732910156,1920.0,1078.416015625
165,2.0,22.0,1146.220703125,180.63082885742188,1920.0,1077.419921875
166,2.0,22.0,1265.702392578125,139.45314025878906,1920.0,1078.1507568359375
167,2.0,22.0,1427.0828857421875,137.14111328125,1920.0,1079.611328125
