62,2.0,9.0,448.89642333984375,524.3261108398438,503.7039489746094,565.3458862304688
63,2.0,9.0,448.7760314941406,523.0794067382812,503.89324951171875,565.908203125
64,2.0,9.0,449.02239990234375,519.7070922851562,505.33905029296875,566.2742309570312
65,2.0,9.0,450.6674499511719,517.8988037109375,506.5274963378906,566.1912841796875
66,2.0,9.0,451.75836181640625,518.3607788085938,507.48797607421875,566.2296752929688
67,2.0,9.0,452.742919921875,519.4288330078125,507.31097412109375,566.1722412109375
68,2.0,9.0,453.2834167480469,518.4152221679688,507.34930419921875,566.23779296875
69,2.0,9.0,453.34716796875,517.6995849609375,508.1956481933594,567.1162109375
70,2.0,9.0,453.0998229980469,519.4640502929688,508.383544921875,567.1131591796875
71,2.0,9.0,453.295654296875,520.2147827148438,509.1053771972656,567.4005126953125
72,2.0,9.0,453.6308898925781,520.7027587890625,510.11907958984375,568.2568969726562
73,2.0,9.0,454.04840087890625,522.2015991210938,511.0185852050781,568.6698608398438
74,2.0,9.0,454.46881103515625,522.0014038085938,513.2264404296875,569.1588134765625
75,2.0,9.0,454.8054504394531,523.2090454101562,514.339599609375,569.7525634765625
76,2.0,9.0,455.30731201171875,524.282470703125,515.8599853515625,570.3943481445312
77,2.0,9.0,455.64453125,524.3401489257812,517.8958129882812,570.646728515625
78,2.0,9.0,456.7272033691406,523.0897827148438,518.9016723632812,570.6210327148438
79,2.0,9.0,457.15863037109375,524.5669555664062,518.572509765625,570.8429565429688
80,2.0,9.0,457.33782958984375,523.422607421875,518.6488647460938,571.2269897460938
81,2.0,9.0,457.9744567871094,521.2449951171875,519.4029541015625,571.4356079101562
82,2.0,9.0,458.3995361328125,518.4816284179688,519.5144653320312,571.6173095703125
83,2.0,9.0,458.8874816894531,516.3714599609375,521.3640747070312,571.3887329101562
84,2.0,9.0,459.604248046875,515.5546264648438,522.9529418945312,571.7660522460938
85,2.0,9.0,460.26715087890625,514.8333740234375,525.8621826171875,572.43017578125
86,2.0,9.0,460.66912841796875,514.3477783203125,527.7955932617188,572.8662719726562
87,2.0,9.0,460.9336242675781,514.0972290039062,528.769287109375,573.0323486328125
88,2.0,9.0,461.41497802734375,514.073974609375,530.392333984375,573.684326171875
89,2.0,9.0,461.8349914550781,514.0542602539062,531.0021362304688,574.1729125976562
90,2.0,9.0,462.5878601074219,514.3822631835938,532.2332153320312,574.5703735351562
91,2.0,9.0,463.120361328125,515.1928100585938,533.1156616210938,575.1649780273438
92,2.0,9.0,463.3606262207031,514.0296630859375,534.1214599609375,575.1478271484375
93,2.0,9.0,463.50140380859375,517.5090942382812,535.8968505859375,575.0341186523438
94,2.0,9.0,463.5917663574219,518.1858520507812,536.8720703125,575.635009765625
95,2.0,9.0,462.9191589355469,514.147705078125,538.5720825195312,575.7933959960938
96,2.0,9.0,462.6493225097656,512.9962768554688,540.0459594726562,575.9805908203125
97,2.0,9.0,463.2882995605469,513.144287109375,541.3225708007812,576.1426391601562
98,2.0,9.0,463.7698669433594,511.9919738769531,542.1555786132812,577.011962890625
99,2.0,9.0,464.3262634277344,511.5663757324219,543.3070678710938,577.6825561523438
100,2.0,9.0,464.7076721191406,512.2351684570312,544.5001220703125,578.3767700195312
101,2.0,9.0,465.5389099121094,513.6759033203125,546.2269897460938,579.48681640625
102,2.0,9.0,466.5025329589844,514.46875,547.906005859375,580.9163818359375
103,2.0,9.0,466.9299621582031,514.1763916015625,550.0367431640625,582.140869140625
104,2.0,9.0,467.4677734375,512.5731811523438,551.3065185546875,582.5645141601562
105,2.0,9.0,467.6679992675781,511.7122802734375,553.6464233398438,582.60205078125
106,2.0,9.0,468.59747314453125,512.4595336914062,556.44580078125,584.0383911132812
107,2.0,9.0,469.0654602050781,510.2713317871094,557.5942993164062,584.6580200195312
108,2.0,9.0,469.70587158203125,508.9999084472656,559.882080078125,585.1156616210938
109,2.0,9.0,471.4559020996094,508.6166076660156,562.6806640625,585.4362182617188
110,2.0,9.0,472.85601806640625,507.9198913574219,563.7734375,585.876953125
111,2.0,9.0,473.0989685058594,509.5634765625,565.973876953125,586.5070190429688
112,2.0,9.0,474.3341979980469,509.9765319824219,567.2199096679688,586.5572509765625
113,2.0,9.0,475.6224670410156,510.07574462890625,568.487060546875,586.9274291992188
114,2.0,9.0,477.23834228515625,509.8370666503906,570.2479858398438,587.0985107421875
115,2.0,9.0,479.7261047363281,508.90850830078125,572.9201049804688,587.513427734375
116,2.0,9.0,480.6993408203125,508.8777770996094,575.2721557617188,588.2110595703125
117,2.0,9.0,480.7299499511719,509.5931091308594,577.7466430664062,588.4342041015625
118,2.0,9.0,481.65472412109375,510.57440185546875,581.0673828125,588.7578125
119,2.0,9.0,481.7895812988281,509.76348876953125,584.7869873046875,589.0037231445312
120,2.0,9.0,481.9825439453125,508.93878173828125,588.1676025390625,589.9895629882812
121,2.0,9.0,481.8886413574219,508.0354309082031,591.2554321289062,591.6237182617188
122,2.0,9.0,482.261474609375,506.51513671875,594.3294067382812,593.327880859375
123,2.0,9.0,483.45648193359375,505.0989990234375,596.69287109375,594.2495727539062
124,2.0,9.0,485.1199035644531,505.2835388183594,599.1773681640625,595.634765625
125,2.0,9.0,485.663818359375,503.9591064453125,602.139404296875,596.77880859375
126,2.0,9.0,486.8470458984375,502.459228515625,604.392333984375,597.9183959960938
127,2.0,9.0,488.6518859863281,500.9606018066406,608.129150390625,598.349853515625
128,2.0,9.0,490.2312927246094,499.21490478515625,612.5319213867188,598.8191528320312
129,2.0,9.0,490.91229248046875,499.62518310546875,615.6531982421875,599.3721313476562
130,2.0,9.0,493.1550598144531,498.373779296875,618.4343872070312,600.1220092773438
131,2.0,9.0,494.3186950683594,496.3742370605469,621.02099609375,600.9521484375
132,2.0,9.0,497.91351318359375,495.6328125,625.7373657226562,602.1980590820312
133,2.0,9.0,497.981689453125,495.4462890625,629.3536987304688,603.5571899414062
134,2.0,9.0,498.4057922363281,495.8684997558594,633.7505493164062,605.894287109375
135,2.0,9.0,499.2014465332031,496.34979248046875,638.4143676757812,607.840087890625
136,2.0,9.0,498.67236328125,496.1274719238281,641.9630737304688,608.7930297851562
137,2.0,9.0,499.2996826171875,495.6233215332031,647.1265869140625,609.6470336914062
138,2.0,9.0,500.4940490722656,495.488037109375,651.3832397460938,610.5720825195312
139,2.0,9.0,501.09906005859375,495.2236328125,655.8924560546875,612.156005859375
140,2.0,9.0,502.87811279296875,494.5316467285156,661.3665771484375,615.2941284179688
141,2.0,9.0,505.88055419921875,493.6328125,667.4273681640625,618.8922729492188
142,2.0,9.0,509.3175964355469,492.23150634765625,671.8273315429688,619.5524291992188
143,2.0,9.0,512.869384765625,491.85723876953125,676.5698852539062,620.2340698242188
144,2.0,9.0,515.31494140625,491.0030517578125,683.4942016601562,622.3431396484375
145,2.0,9.0,517.9210205078125,489.2507019042969,689.4802856445312,624.6159057617188
146,2.0,9.0,518.4432373046875,487.5693359375,696.7737426757812,626.1282958984375
147,2.0,9.0,519.7857055664062,486.82330322265625,702.379638671875,629.1622924804688
148,2.0,9.0,521.5772705078125,487.2225646972656,710.54736328125,632.156494140625
149,2.0,9.0,524.373046875,486.0181579589844,717.45361328125,634.5742797851562
150,2.0,9.0,526.39111328125,483.7338562011719,724.3187255859375,636.9215087890625
151,2.0,9.0,528.768798828125,482.92926025390625,733.1246337890625,640.0884399414062
152,2.0,9.0,530.7042846679688,482.990234375,742.2402954101562,642.5240478515625
153,2.0,9.0,534.7147216796875,481.49609375,751.21484375,645.5125732421875
154,2.0,9.0,538.7918090820312,480.1052551269531,760.8823852539062,648.7579345703125
155,2.0,9.0,542.287841796875,477.6929626464844,770.2899169921875,651.6664428710938
156,2.0,9.0,545.5116577148438,474.7377624511719,781.1464233398438,655.4905395507812
157,2.0,9.0,549.5532836914062,473.291015625,793.3461303710938,659.144775390625
158,2.0,9.0,552.861328125,472.55682373046875,806.9068603515625,662.2982788085938
159,2.0,9.0,557.5569458007812,471.40618896484375,818.5623779296875,665.9321899414062
160,2.0,9.0,563.1040649414062,469.8699645996094,832.2969970703125,669.5270385742188
161,2.0,9.0,566.8995971679688,467.6684265136719,847.8446655273438,675.4493408203125
162,2.0,9.0,569.1365966796875,463.5655212402344,863.8893432617188,680.68603515625
163,2.0,9.0,572.0316772460938,459.01007080078125,880.95947265625,685.9181518554688
164,2.0,9.0,577.2500610351562,454.12762451171875,899.1889038085938,692.8491821289062
165,2.0,9.0,582.8475952148438,450.7615661621094,919.5877685546875,699.0982666015625
166,2.0,9.0,588.2188720703125,445.5525207519531,941.0403442382812,707.1082153320312
167,2.0,9.0,595.9192504882812,443.6054382324219,965.2786254882812,715.55224609375
168,2.0,9.0,604.585693359375,444.17803955078125,992.1629028320312,725.1885375976562
169,2.0,9.0,611.6289672851562,443.35479736328125,1019.6657104492188,734.6787109375
170,2.0,9.0,620.0661010742188,442.31585693359375,1050.3802490234375,744.4744873046875
171,2.0,9.0,626.3870239257812,437.4024658203125,1086.330078125,756.0136108398438
172,2.0,9.0,635.3390502929688,434.03985595703125,1124.30322265625,768.99560546875
173,2.0,9.0,645.0880126953125,430.6481628417969,1167.239501953125,784.3377685546875
174,2.0,9.0,654.3670043945312,427.62298583984375,1214.6158447265625,799.7988891601562
175,2.0,9.0,667.0008544921875,421.0294494628906,1269.6923828125,818.2142333984375
176,2.0,9.0,679.5338745117188,414.82965087890625,1330.3228759765625,838.1215209960938
177,2.0,9.0,694.0908203125,407.2251892089844,1402.6885986328125,862.5767822265625
178,2.0,9.0,711.0778198242188,399.2320251464844,1485.6090087890625,888.6270751953125
179,2.0,9.0,727.6869506835938,390.1763000488281,1579.1507568359375,923.7490844726562
180,2.0,9.0,747.85791015625,378.5090637207031,1690.779052734375,963.8211669921875
181,2.0,9.0,768.6138916015625,366.8703918457031,1825.3426513671875,1014.3331298828125
182,2.0,9.0,795.3562622070312,352.7485656738281,1900.6075439453125,1054.8682861328125
183,2.0,9.0,818.58154296875,335.998046875,1920.0,1070.4759521484375
184,2.0,9.0,858.366455078125,309.6468505859375,1920.0,1080.0
185,2.0,9.0,901.8060913085938,280.484130859375,1920.0,1080.0
186,2.0,9.0,950.67822265625,248.6763916015625,1920.0,1080.0
187,2.0,9.0,1008.6105346679688,202.8280487060547,1920.0,1076.753662109375
188,2.0,9.0,1080.554443359375,142.80934143066406,1920.0,1075.9815673828125
189,2.0,9.0,1167.57275390625,84.7593002319336,1920.0,1075.6640625
190,2.0,9.0,1281.6685791015625,74.98444366455078,1920.0,1075.204833984375
192,2.0,9.0,1641.1527099609375,208.5314483642578,1920.0,1076.115966796875
