12,2.0,7.0,452.8508605957031,526.0792236328125,504.5437316894531,563.7061767578125
13,2.0,7.0,453.4317321777344,527.4166259765625,504.97711181640625,563.7077026367188
14,2.0,7.0,453.91387939453125,526.9664916992188,505.11444091796875,563.66015625
15,2.0,7.0,454.6792907714844,528.021240234375,505.69879150390625,563.5216674804688
16,2.0,7.0,455.0220947265625,527.85009765625,506.1490783691406,563.4301147460938
17,2.0,7.0,455.4006042480469,528.08837890625,506.44305419921875,563.3289184570312
18,2.0,7.0,455.1195068359375,527.622314453125,506.6556701660156,563.256591796875
19,2.0,7.0,455.0362548828125,525.6605224609375,506.7261047363281,563.3369750976562
20,2.0,7.0,455.22882080078125,524.8123779296875,507.2899475097656,563.5732421875
21,2.0,7.0,455.11114501953125,523.7645263671875,508.0125732421875,563.66162109375
22,2.0,7.0,455.3125305175781,522.8831176757812,508.2740478515625,563.8099975585938
23,2.0,7.0,456.15911865234375,522.5252685546875,508.030029296875,563.872802734375
24,2.0,7.0,457.1656494140625,522.1415405273438,509.1309509277344,564.0416259765625
25,2.0,7.0,457.82672119140625,522.1272583007812,509.6566162109375,564.14013671875
26,2.0,7.0,457.9075927734375,521.9390869140625,509.8921203613281,564.22021484375
27,2.0,7.0,458.2630615234375,522.351318359375,510.5322570800781,564.5517578125
28,2.0,7.0,458.4627990722656,522.1827392578125,512.062255859375,564.7057495117188
29,2.0,7.0,458.56512451171875,522.5250854492188,513.7017822265625,564.7992553710938
30,2.0,7.0,458.8354187011719,522.9360961914062,515.4065551757812,565.1039428710938
31,2.0,7.0,459.3724060058594,522.5377197265625,516.4251708984375,565.4190673828125
32,2.0,7.0,459.95697021484375,523.44287109375,517.2733764648438,566.0833129882812
33,2.0,7.0,459.9293212890625,525.2568359375,517.2637939453125,566.2452392578125
34,2.0,7.0,460.0033264160156,526.1676025390625,517.7051391601562,566.8159790039062
35,2.0,7.0,460.0409851074219,526.8878173828125,517.7000122070312,567.1067504882812
36,2.0,7.0,460.4954833984375,525.6640625,518.0282592773438,567.8875122070312
37,2.0,7.0,460.8570556640625,523.8561401367188,518.3773193359375,568.461181640625
38,2.0,7.0,460.80877685546875,522.7672119140625,519.0548706054688,569.123291015625
39,2.0,7.0,460.4078674316406,521.2546997070312,520.00146484375,569.7504272460938
40,2.0,7.0,460.6084899902344,519.5020141601562,520.6456909179688,569.65283203125
41,2.0,7.0,460.9932861328125,519.17333984375,520.8021240234375,569.371337890625
42,2.0,7.0,460.6157531738281,517.003173828125,523.5407104492188,569.5865478515625
43,2.0,7.0,460.7568054199219,516.3307495117188,525.824951171875,569.4641723632812
44,2.0,7.0,461.517578125,518.71630859375,527.674072265625,569.6146850585938
45,2.0,7.0,462.0409851074219,519.5908203125,527.541748046875,569.7792358398438
46,2.0,7.0,462.527587890625,519.2988891601562,527.9476928710938,570.4450073242188
47,2.0,7.0,462.86468505859375,518.3059692382812,530.4732055664062,570.89697265625
48,2.0,7.0,463.3147277832031,517.85888671875,531.8338623046875,571.4982299804688
49,2.0,7.0,463.6832580566406,518.3025512695312,532.031494140625,572.1752319335938
50,2.0,7.0,463.9518127441406,518.04931640625,533.5783081054688,572.4868774414062
51,2.0,7.0,464.1721496582031,517.0859375,533.5323486328125,571.8763427734375
52,2.0,7.0,464.6778259277344,515.5803833007812,534.6141967773438,572.114990234375
53,2.0,7.0,465.3179626464844,515.9306640625,535.33251953125,572.6973876953125
54,2.0,7.0,466.0761413574219,514.7923583984375,535.4307861328125,572.317626953125
55,2.0,7.0,466.4016418457031,515.2633666992188,536.9064331054688,572.2409057617188
56,2.0,7.0,466.1673583984375,515.6527709960938,538.2501220703125,572.7363891601562
57,2.0,7.0,465.9010925292969,515.3026123046875,539.7711181640625,573.0350952148438
58,2.0,7.0,466.370849609375,514.2164916992188,541.1485595703125,573.0170288085938
59,2.0,7.0,467.3750915527344,515.076416015625,542.2030029296875,573.4732055664062
60,2.0,7.0,467.2897033691406,514.7697143554688,542.822265625,574.049560546875
61,2.0,7.0,467.7891845703125,515.1245727539062,544.155517578125,574.5045166015625
62,2.0,7.0,468.258056640625,516.2484741210938,545.5764770507812,575.862060546875
63,2.0,7.0,468.52618408203125,516.5744018554688,546.4192504882812,576.54931640625
64,2.0,7.0,470.4579772949219,518.6441650390625,546.8555908203125,576.9172973632812
65,2.0,7.0,471.2049865722656,517.4722900390625,547.46142578125,577.6776733398438
66,2.0,7.0,470.9479675292969,516.4669799804688,549.81396484375,578.9046020507812
67,2.0,7.0,470.9714660644531,516.8151245117188,551.3551635742188,579.3743896484375
68,2.0,7.0,473.1554260253906,517.5352172851562,554.0059814453125,579.1571044921875
69,2.0,7.0,474.13104248046875,518.0931396484375,554.5770263671875,579.3886108398438
70,2.0,7.0,473.9260559082031,515.621337890625,556.5573120117188,580.7825927734375
71,2.0,7.0,474.1626892089844,513.1774291992188,557.6974487304688,582.0682983398438
72,2.0,7.0,473.9754638671875,511.9970703125,558.8006591796875,581.2928466796875
73,2.0,7.0,475.5931396484375,509.8669738769531,561.264404296875,581.685302734375
74,2.0,7.0,476.12420654296875,509.46978759765625,564.0849609375,581.8178100585938
75,2.0,7.0,477.81622314453125,510.2266540527344,565.7822265625,581.8812866210938
76,2.0,7.0,479.3063049316406,509.5347595214844,568.023193359375,583.151123046875
77,2.0,7.0,480.15289306640625,510.39739990234375,568.4481201171875,584.4012451171875
78,2.0,7.0,480.5349426269531,510.2005310058594,568.8201904296875,584.7716064453125
79,2.0,7.0,480.8829040527344,510.3717956542969,569.1929321289062,585.5663452148438
80,2.0,7.0,480.9466857910156,510.8819885253906,571.4147338867188,585.82373046875
81,2.0,7.0,481.5366516113281,511.9456787109375,573.6092529296875,586.6474609375
82,2.0,7.0,482.0833740234375,512.6273803710938,576.626708984375,586.392578125
83,2.0,7.0,482.2387390136719,512.3089599609375,577.7693481445312,586.6904907226562
84,2.0,7.0,482.31414794921875,515.181640625,580.3984985351562,587.2372436523438
85,2.0,7.0,482.3047180175781,513.55712890625,583.0038452148438,587.5606689453125
86,2.0,7.0,482.9146728515625,512.1002197265625,585.4564819335938,587.4089965820312
87,2.0,7.0,485.2451477050781,510.6554870605469,588.46240234375,587.6339721679688
88,2.0,7.0,486.81658935546875,509.66424560546875,591.1710205078125,587.906982421875
89,2.0,7.0,487.9579772949219,509.0501708984375,593.41455078125,588.39404296875
90,2.0,7.0,489.2752685546875,508.3301086425781,595.03662109375,589.6692504882812
91,2.0,7.0,490.55377197265625,507.0597839355469,596.9944458007812,591.5204467773438
92,2.0,7.0,491.5558166503906,505.0982971191406,600.0130615234375,592.3525390625
93,2.0,7.0,491.60809326171875,503.6869201660156,602.6217041015625,593.37060546875
94,2.0,7.0,493.450927734375,502.2975158691406,605.2318725585938,595.1561279296875
95,2.0,7.0,494.3791198730469,501.4148254394531,608.0101928710938,596.5109252929688
96,2.0,7.0,494.12933349609375,501.3458251953125,611.1091918945312,597.7819213867188
97,2.0,7.0,495.1346130371094,501.2124938964844,613.6417236328125,598.0142822265625
98,2.0,7.0,496.2299499511719,501.31793212890625,615.77587890625,598.2697143554688
99,2.0,7.0,499.1531982421875,499.7159423828125,618.5942993164062,598.8558959960938
100,2.0,7.0,499.6648864746094,499.66265869140625,621.4376831054688,599.6708374023438
101,2.0,7.0,501.01593017578125,498.8739013671875,624.8151245117188,600.1981201171875
102,2.0,7.0,501.2242126464844,498.79046630859375,627.8778686523438,600.8887939453125
103,2.0,7.0,501.9158630371094,497.2690124511719,631.1467895507812,602.1679077148438
104,2.0,7.0,502.4018859863281,497.33203125,635.032470703125,605.1143798828125
105,2.0,7.0,504.2257080078125,497.18804931640625,639.6781005859375,607.1744384765625
106,2.0,7.0,503.8189392089844,496.5418701171875,643.6298828125,608.3728637695312
107,2.0,7.0,503.6043395996094,496.2239990234375,646.7695922851562,609.0091552734375
108,2.0,7.0,502.9422912597656,496.04400634765625,651.391845703125,609.6121215820312
109,2.0,7.0,505.1534423828125,495.8343811035156,654.166259765625,610.4083251953125
110,2.0,7.0,506.9437255859375,495.8843994140625,659.3341064453125,611.3020629882812
111,2.0,7.0,509.2352294921875,494.8705139160156,664.2926025390625,612.90576171875
112,2.0,7.0,510.5824890136719,493.88958740234375,668.5371704101562,615.4938354492188
113,2.0,7.0,514.1614379882812,492.62451171875,671.76416015625,618.794189453125
114,2.0,7.0,516.8009643554688,491.9518127441406,676.0042724609375,619.6314086914062
115,2.0,7.0,517.915283203125,491.723388671875,682.3458251953125,621.216552734375
116,2.0,7.0,519.5809326171875,490.0034484863281,687.7509155273438,622.57568359375
117,2.0,7.0,520.785400390625,487.4458312988281,692.7005615234375,623.5636596679688
118,2.0,7.0,521.5795288085938,486.4845275878906,699.1243896484375,626.0760498046875
119,2.0,7.0,524.2080688476562,486.4346618652344,704.395263671875,627.207763671875
120,2.0,7.0,526.6339721679688,486.4134521484375,711.2405395507812,629.851318359375
121,2.0,7.0,528.0543212890625,486.6897277832031,717.9966430664062,633.0346069335938
122,2.0,7.0,530.4971923828125,485.3008117675781,724.5562744140625,635.7838745117188
123,2.0,7.0,533.0987548828125,484.7107238769531,731.5408935546875,637.6044311523438
124,2.0,7.0,535.798583984375,483.9893798828125,740.3970947265625,640.2869873046875
125,2.0,7.0,539.9747314453125,482.97137451171875,747.5183715820312,643.3699340820312
126,2.0,7.0,541.5659790039062,481.4420166015625,755.89208984375,645.7683715820312
127,2.0,7.0,544.0416259765625,481.18621826171875,764.5254516601562,647.38671875
128,2.0,7.0,547.7613525390625,479.2727966308594,773.3180541992188,650.5556640625
129,2.0,7.0,551.0322265625,476.86956787109375,782.3975219726562,653.8240966796875
130,2.0,7.0,554.0607299804688,474.72607421875,793.3296508789062,657.0820922851562
131,2.0,7.0,557.55029296875,472.1709289550781,805.0447387695312,659.42138671875
132,2.0,7.0,562.4961547851562,471.0947570800781,815.571044921875,662.4546508789062
133,2.0,7.0,565.6078491210938,470.4701843261719,826.82421875,665.9276123046875
134,2.0,7.0,568.9840698242188,468.75634765625,840.392822265625,669.39501953125
135,2.0,7.0,572.1505737304688,466.5824279785156,854.256591796875,672.1915283203125
136,2.0,7.0,575.6507568359375,464.2233581542969,867.9099731445312,678.2985229492188
137,2.0,7.0,580.345458984375,462.5251159667969,883.13818359375,683.860107421875
138,2.0,7.0,584.3887939453125,457.5284729003906,899.4917602539062,690.130859375
139,2.0,7.0,589.1412353515625,453.54779052734375,917.2666625976562,696.3943481445312
140,2.0,7.0,595.4824829101562,449.88983154296875,935.2157592773438,702.1687622070312
141,2.0,7.0,601.6643676757812,445.67724609375,955.3336181640625,709.4931640625
142,2.0,7.0,609.1558837890625,443.9119873046875,978.74609375,716.8075561523438
143,2.0,7.0,614.6661376953125,444.16229248046875,1002.7243041992188,725.18896484375
144,2.0,7.0,620.540771484375,443.4584045410156,1028.32958984375,733.7382202148438
145,2.0,7.0,627.6026000976562,441.340087890625,1056.368408203125,743.8013305664062
146,2.0,7.0,633.7183227539062,438.3662109375,1087.980712890625,754.3809814453125
147,2.0,7.0,642.1629028320312,434.8445739746094,1121.642822265625,767.3118896484375
148,2.0,7.0,650.2346801757812,432.2687683105469,1157.7679443359375,779.4520874023438
149,2.0,7.0,657.1661376953125,430.0566101074219,1199.514404296875,792.8692016601562
150,2.0,7.0,667.244384765625,426.11907958984375,1244.3626708984375,807.71044921875
151,2.0,7.0,678.4762573242188,419.17962646484375,1297.18896484375,824.6556396484375
152,2.0,7.0,691.3314819335938,410.4208984375,1354.8358154296875,842.3903198242188
153,2.0,7.0,703.9736328125,406.008544921875,1419.681884765625,865.58251953125
154,2.0,7.0,719.8970336914062,398.63397216796875,1498.2869873046875,890.63623046875
155,2.0,7.0,734.5068969726562,389.91650390625,1583.44873046875,921.732177734375
156,2.0,7.0,752.7353515625,378.90972900390625,1685.2059326171875,956.8115234375
157,2.0,7.0,769.8303833007812,368.2292785644531,1799.9305419921875,1002.0001220703125
158,2.0,7.0,794.229248046875,356.97186279296875,1890.2608642578125,1047.0389404296875
159,2.0,7.0,818.9597778320312,342.2494812011719,1920.0,1068.7166748046875
160,2.0,7.0,846.0244750976562,321.6617431640625,1920.0,1075.4171142578125
161,2.0,7.0,882.6478881835938,299.43072509765625,1920.0,1080.0
162,2.0,7.0,921.8584594726562,273.7969970703125,1920.0,1080.0
163,2.0,7.0,969.78173828125,242.4469757080078,1920.0,1077.37451171875
164,2.0,7.0,1025.6224365234375,199.5757598876953,1920.0,1073.75048828125
165,2.0,7.0,1089.5565185546875,143.4024658203125,1920.0,1075.62109375
166,2.0,7.0,1167.785400390625,92.6261978149414,1920.0,1073.821533203125
167,2.0,7.0,1266.8402099609375,80.22280883789062,1920.0,1074.4398193359375
168,2.0,7.0,1391.896728515625,94.16492462158203,1920.0,1077.05517578125
169,2.0,7.0,1559.2318115234375,144.6844482421875,1920.0,1076.272216796875
