2,2.0,4.0,431.68121337890625,562.8182983398438,484.2834167480469,607.7495727539062
3,2.0,4.0,431.5702209472656,561.3756713867188,484.8277587890625,607.7545776367188
4,2.0,4.0,432.30828857421875,560.9978637695312,485.99200439453125,607.7757568359375
5,2.0,4.0,432.2261962890625,560.7929077148438,486.6761169433594,607.75634765625
6,2.0,4.0,432.7518310546875,560.2474975585938,487.7533264160156,608.0859985351562
7,2.0,4.0,432.9388122558594,560.638671875,489.1998596191406,608.2897338867188
8,2.0,4.0,433.3535461425781,561.0592651367188,490.073974609375,608.54248046875
9,2.0,4.0,433.573974609375,561.6856079101562,490.95904541015625,608.582763671875
10,2.0,4.0,433.8744201660156,561.8607788085938,491.437744140625,608.6883544921875
11,2.0,4.0,434.3773498535156,560.0330810546875,491.10076904296875,608.0167236328125
12,2.0,4.0,434.5165710449219,560.2529296875,492.572265625,608.3931274414062
13,2.0,4.0,434.4226379394531,560.3192138671875,493.4769592285156,608.9381713867188
14,2.0,4.0,434.3578186035156,561.5477905273438,493.76177978515625,609.2931518554688
15,2.0,4.0,434.2119445800781,561.9253540039062,493.80712890625,609.3345336914062
16,2.0,4.0,434.1751708984375,565.6914672851562,493.8553771972656,609.8126220703125
17,2.0,4.0,434.5220031738281,563.291259765625,494.109619140625,610.2976684570312
18,2.0,4.0,434.9375915527344,561.1077880859375,494.9222717285156,610.376708984375
19,2.0,4.0,435.0480651855469,560.6783447265625,495.46734619140625,609.980712890625
20,2.0,4.0,434.6902160644531,560.7327270507812,495.5648498535156,610.223876953125
21,2.0,4.0,435.3441162109375,560.4269409179688,495.617919921875,610.0090942382812
22,2.0,4.0,435.9580078125,560.2966918945312,497.1517333984375,609.8370361328125
23,2.0,4.0,436.04718017578125,560.9208984375,499.05242919921875,609.7438354492188
24,2.0,4.0,436.094970703125,559.6806030273438,500.0331726074219,609.7759399414062
25,2.0,4.0,436.4077453613281,557.5675048828125,501.9190673828125,609.634033203125
26,2.0,4.0,436.8092346191406,557.1282348632812,504.03631591796875,610.1588134765625
27,2.0,4.0,437.6855773925781,556.4859008789062,504.5957946777344,610.4059448242188
28,2.0,4.0,438.0640563964844,557.1785888671875,504.46783447265625,610.6071166992188
29,2.0,4.0,438.0270080566406,557.3214111328125,505.220703125,611.646484375
30,2.0,4.0,438.2646179199219,557.0826416015625,506.1702880859375,612.3858642578125
31,2.0,4.0,437.9360046386719,557.2400512695312,506.8847961425781,613.0400390625
32,2.0,4.0,438.1030578613281,557.173095703125,507.8224792480469,613.365966796875
33,2.0,4.0,438.2764892578125,557.1539916992188,509.00860595703125,613.3495483398438
34,2.0,4.0,438.9007568359375,558.2784423828125,509.8338623046875,613.3214111328125
35,2.0,4.0,439.43115234375,557.8402099609375,509.6283264160156,612.6460571289062
36,2.0,4.0,439.61181640625,556.833740234375,510.6688232421875,612.5213012695312
37,2.0,4.0,439.6714172363281,555.9802856445312,511.0453796386719,612.9446411132812
38,2.0,4.0,440.3895568847656,555.410400390625,511.2505798339844,613.8082885742188
39,2.0,4.0,440.5105285644531,554.5944213867188,511.99981689453125,615.0346069335938
40,2.0,4.0,440.9749450683594,555.1307373046875,514.1325073242188,616.287841796875
41,2.0,4.0,441.3406982421875,555.5245971679688,514.7164916992188,617.0374145507812
42,2.0,4.0,441.0025329589844,554.232177734375,516.2465209960938,617.8385620117188
43,2.0,4.0,441.10345458984375,553.0648193359375,517.4259643554688,618.089599609375
44,2.0,4.0,441.3105773925781,552.1686401367188,519.0010986328125,618.1976318359375
45,2.0,4.0,442.13287353515625,551.9976196289062,519.7730712890625,618.6223754882812
46,2.0,4.0,442.351318359375,552.9207763671875,519.8389282226562,618.8871459960938
47,2.0,4.0,442.5419616699219,552.8898315429688,520.8180541992188,619.915771484375
48,2.0,4.0,442.7893371582031,552.4990234375,521.1343383789062,620.5751342773438
49,2.0,4.0,443.940185546875,552.6888427734375,522.5414428710938,621.1666870117188
50,2.0,4.0,444.7411193847656,551.2718505859375,524.1998901367188,621.0790405273438
51,2.0,4.0,445.4814758300781,551.2608032226562,525.9473266601562,620.7640991210938
52,2.0,4.0,446.0976867675781,550.3869018554688,527.99609375,620.7255859375
53,2.0,4.0,446.667724609375,549.9051513671875,528.52587890625,620.6915893554688
54,2.0,4.0,446.3258056640625,549.7747802734375,529.2355346679688,621.3509521484375
55,2.0,4.0,446.18701171875,549.999267578125,530.4550170898438,621.6776123046875
56,2.0,4.0,446.3362121582031,549.4755249023438,531.6500244140625,622.3450927734375
57,2.0,4.0,446.63507080078125,549.5698852539062,532.9791870117188,622.3783569335938
58,2.0,4.0,447.376220703125,549.3338623046875,533.4115600585938,622.578125
59,2.0,4.0,448.5207824707031,549.5220336914062,535.031494140625,623.141845703125
60,2.0,4.0,448.47589111328125,549.2801513671875,535.8281860351562,623.7595825195312
61,2.0,4.0,448.5953674316406,549.1388549804688,536.3292846679688,624.1650390625
62,2.0,4.0,448.9178466796875,548.3390502929688,538.5363159179688,624.8657836914062
63,2.0,4.0,450.1341247558594,547.9119873046875,540.4277954101562,625.2914428710938
64,2.0,4.0,450.7308044433594,546.3010864257812,543.39697265625,626.158447265625
65,2.0,4.0,451.2052001953125,546.9132080078125,544.8986206054688,627.4193725585938
66,2.0,4.0,451.1847839355469,547.9110717773438,547.0744018554688,628.1148681640625
67,2.0,4.0,450.8330078125,547.6311645507812,547.951904296875,628.974365234375
68,2.0,4.0,450.952392578125,547.6207885742188,548.665283203125,630.7946166992188
69,2.0,4.0,451.2874755859375,547.5397338867188,548.7606201171875,631.5777587890625
70,2.0,4.0,451.66107177734375,547.6025390625,550.0770263671875,632.3697509765625
71,2.0,4.0,453.1461181640625,546.62109375,551.8572998046875,631.6920166015625
72,2.0,4.0,454.49188232421875,546.5455322265625,552.99365234375,631.38671875
73,2.0,4.0,454.9224548339844,547.7335205078125,555.0869750976562,632.38623046875
74,2.0,4.0,455.630126953125,547.432373046875,556.472900390625,633.0234985351562
75,2.0,4.0,456.26507568359375,547.2049560546875,557.9035034179688,634.0203247070312
76,2.0,4.0,456.94183349609375,547.1730346679688,561.7684326171875,634.3326416015625
77,2.0,4.0,457.196533203125,547.0514526367188,563.2442626953125,634.5732421875
78,2.0,4.0,457.36676025390625,546.7764892578125,564.80615234375,635.2835083007812
79,2.0,4.0,457.21795654296875,545.9237060546875,568.3175659179688,635.53076171875
80,2.0,4.0,457.5527648925781,545.8700561523438,568.9226684570312,635.7239990234375
81,2.0,4.0,457.8766784667969,544.9857788085938,570.5946655273438,636.3026733398438
82,2.0,4.0,458.0307312011719,545.2146606445312,572.9732666015625,636.79736328125
83,2.0,4.0,458.4998779296875,544.7737426757812,574.50146484375,636.98046875
84,2.0,4.0,457.58050537109375,543.460205078125,576.5849609375,638.2728881835938
85,2.0,4.0,458.6388244628906,543.2899169921875,579.4776611328125,638.88720703125
86,2.0,4.0,460.0314025878906,541.8265991210938,580.8623046875,640.3558959960938
87,2.0,4.0,460.8982849121094,541.2970581054688,582.5386962890625,641.6028442382812
88,2.0,4.0,461.48150634765625,539.2259521484375,586.3290405273438,642.8143920898438
89,2.0,4.0,462.82635498046875,538.1775512695312,589.3010864257812,644.8963012695312
90,2.0,4.0,464.03717041015625,538.2392578125,590.8284912109375,645.7423095703125
91,2.0,4.0,463.2115478515625,538.4048461914062,592.4865112304688,647.1030883789062
92,2.0,4.0,463.2589416503906,537.8939819335938,594.4431762695312,647.5575561523438
93,2.0,4.0,464.7070007324219,536.9884643554688,596.0877075195312,647.3543701171875
94,2.0,4.0,465.0854797363281,536.5670166015625,599.0108642578125,648.4535522460938
95,2.0,4.0,465.86614990234375,536.1635131835938,603.2628173828125,649.22021484375
96,2.0,4.0,467.6274719238281,534.9102783203125,606.0559692382812,650.0872192382812
97,2.0,4.0,468.6378479003906,533.7622680664062,609.68115234375,652.219970703125
98,2.0,4.0,469.2522888183594,533.2218627929688,613.5112915039062,654.46728515625
99,2.0,4.0,470.3818664550781,532.4530029296875,616.427734375,655.2093505859375
100,2.0,4.0,471.4952697753906,531.4326782226562,618.5220336914062,656.9462890625
101,2.0,4.0,473.0755920410156,530.9004516601562,621.7590942382812,657.82421875
102,2.0,4.0,472.5254821777344,530.0634765625,625.2655639648438,659.020263671875
103,2.0,4.0,473.02490234375,529.6527709960938,627.8714599609375,659.6358642578125
104,2.0,4.0,474.45989990234375,529.3992309570312,631.3486328125,661.9568481445312
105,2.0,4.0,474.5782470703125,529.2621459960938,635.706298828125,663.1079711914062
106,2.0,4.0,474.7778625488281,529.4559936523438,639.5224609375,665.0707397460938
107,2.0,4.0,474.28289794921875,529.9977416992188,643.0625,667.0731811523438
108,2.0,4.0,476.5446472167969,530.6516723632812,646.67626953125,669.0128784179688
109,2.0,4.0,478.1300048828125,530.5230712890625,652.4393920898438,668.9390258789062
110,2.0,4.0,479.6756896972656,530.020263671875,656.8510131835938,669.8905639648438
111,2.0,4.0,480.44293212890625,529.697998046875,661.6619262695312,671.845703125
112,2.0,4.0,480.60308837890625,531.2840576171875,666.0608520507812,672.6372680664062
113,2.0,4.0,482.9122619628906,530.5394897460938,671.599365234375,675.0036010742188
114,2.0,4.0,484.97601318359375,529.1656494140625,675.3617553710938,676.9505615234375
115,2.0,4.0,486.7155456542969,527.9151611328125,680.6788940429688,680.2989501953125
116,2.0,4.0,488.992431640625,526.9971923828125,687.1065063476562,682.0549926757812
117,2.0,4.0,490.3345642089844,525.6149291992188,692.6539306640625,683.8604736328125
118,2.0,4.0,491.8491516113281,524.2349853515625,699.3594970703125,686.9161987304688
119,2.0,4.0,492.5370788574219,524.0640869140625,706.3095092773438,690.5946044921875
120,2.0,4.0,493.9851989746094,523.79638671875,712.6735229492188,691.8019409179688
121,2.0,4.0,495.8276062011719,522.239501953125,718.1500854492188,694.2114868164062
122,2.0,4.0,499.2472839355469,519.8914184570312,725.0886840820312,696.550537109375
123,2.0,4.0,501.71697998046875,519.6925659179688,733.1810913085938,699.7189331054688
124,2.0,4.0,502.9263000488281,518.1973876953125,740.5726928710938,702.0491333007812
125,2.0,4.0,506.5686340332031,516.8123779296875,748.9231567382812,704.9568481445312
126,2.0,4.0,508.2355041503906,516.5963134765625,758.7408447265625,708.6331176757812
127,2.0,4.0,510.55499267578125,514.237060546875,766.5242309570312,711.1874389648438
128,2.0,4.0,512.6353149414062,511.8967590332031,775.98193359375,714.5203857421875
129,2.0,4.0,515.447265625,508.5837707519531,786.3709106445312,717.2217407226562
130,2.0,4.0,517.4393920898438,507.5458068847656,797.2765502929688,721.5728759765625
131,2.0,4.0,519.9661865234375,505.0291442871094,808.0925903320312,726.6613159179688
132,2.0,4.0,521.4411010742188,502.3973388671875,819.3939819335938,730.6824951171875
133,2.0,4.0,523.5125732421875,500.8893127441406,831.961669921875,735.43994140625
134,2.0,4.0,525.0220336914062,498.5495910644531,844.9135131835938,740.7608032226562
135,2.0,4.0,527.5850219726562,497.7387390136719,858.5997314453125,745.2378540039062
136,2.0,4.0,532.5457153320312,496.6335754394531,874.1240234375,751.4334106445312
137,2.0,4.0,536.0968017578125,494.24407958984375,890.0099487304688,756.8803100585938
138,2.0,4.0,539.4715576171875,491.3587646484375,906.906982421875,764.1694946289062
139,2.0,4.0,546.1744995117188,487.81951904296875,926.8199462890625,772.4661865234375
140,2.0,4.0,551.345703125,487.0036926269531,946.4737548828125,780.7168579101562
141,2.0,4.0,555.6544799804688,484.53155517578125,966.42333984375,789.4721069335938
142,2.0,4.0,560.5205078125,483.7658996582031,989.80126953125,798.2377319335938
143,2.0,4.0,565.0833740234375,482.14239501953125,1015.3838500976562,807.6099243164062
144,2.0,4.0,569.433837890625,480.2226257324219,1042.6385498046875,816.6870727539062
145,2.0,4.0,573.7990112304688,477.22515869140625,1070.2310791015625,827.6641235351562
146,2.0,4.0,579.616943359375,474.2162780761719,1102.59033203125,839.6475219726562
147,2.0,4.0,586.09716796875,471.0103759765625,1136.9384765625,851.8045043945312
148,2.0,4.0,595.036376953125,467.24835205078125,1174.71435546875,867.5874633789062
149,2.0,4.0,602.2417602539062,461.2351989746094,1215.880615234375,881.6307983398438
150,2.0,4.0,609.5025024414062,456.0653076171875,1263.7381591796875,898.8759765625
151,2.0,4.0,617.8995361328125,449.48699951171875,1316.7816162109375,918.6810913085938
152,2.0,4.0,627.1015625,443.8622131347656,1375.472900390625,940.378662109375
153,2.0,4.0,638.2063598632812,437.36663818359375,1441.4384765625,965.3834838867188
154,2.0,4.0,647.2598876953125,430.3097839355469,1515.76904296875,996.8477783203125
155,2.0,4.0,660.17529296875,422.633544921875,1601.2791748046875,1030.6927490234375
156,2.0,4.0,673.0693969726562,413.1693420410156,1699.7071533203125,1061.6962890625
157,2.0,4.0,685.9804077148438,399.481201171875,1815.568359375,1073.0556640625
158,2.0,4.0,704.2428588867188,387.9222412109375,1897.4715576171875,1076.49072265625
159,2.0,4.0,721.1438598632812,375.09844970703125,1920.0,1078.980712890625
160,2.0,4.0,741.6026000976562,357.68719482421875,1920.0,1079.7222900390625
162,2.0,4.0,776.1710815429688,314.11767578125,1920.0,1079.89501953125
163,2.0,4.0,817.1068115234375,285.8883056640625,1920.0,1075.5308837890625
164,2.0,4.0,862.8517456054688,246.3627471923828,1920.0,1073.7421875
165,2.0,4.0,910.90185546875,200.00428771972656,1920.0,1072.1119384765625
166,2.0,4.0,963.4277954101562,139.638427734375,1920.0,1072.163818359375
167,2.0,4.0,1026.5103759765625,70.17512512207031,1920.0,1072.4427490234375
168,2.0,4.0,1099.3101806640625,34.754783630371094,1920.0,1073.8616943359375
169,2.0,4.0,1188.0633544921875,34.220176696777344,1920.0,1072.825927734375
170,2.0,4.0,1303.19189453125,53.38957214355469,1920.0,1072.66796875
171,2.0,4.0,1454.650390625,109.68464660644531,1920.0,1071.452392578125
