45,2.0,20.0,447.48565673828125,526.8280029296875,491.7445068359375,558.3877563476562
46,2.0,20.0,447.55291748046875,526.3626098632812,492.1827392578125,560.0202026367188
47,2.0,20.0,447.507568359375,526.126220703125,493.1681213378906,560.25146484375
48,2.0,20.0,447.1542663574219,524.688720703125,494.0937805175781,560.9297485351562
49,2.0,20.0,446.8285217285156,524.27490234375,494.9422302246094,561.0635375976562
50,2.0,20.0,447.05950927734375,524.3323974609375,495.4302062988281,560.9435424804688
51,2.0,20.0,447.8642883300781,525.3733520507812,495.50604248046875,561.2674560546875
52,2.0,20.0,448.7639465332031,526.2774658203125,495.42242431640625,562.1170043945312
53,2.0,20.0,449.412353515625,527.9116821289062,495.9900817871094,562.8123168945312
54,2.0,20.0,449.88409423828125,528.215087890625,496.572265625,562.8818969726562
55,2.0,20.0,449.9663391113281,527.6940307617188,497.2334899902344,562.860595703125
56,2.0,20.0,449.6185607910156,527.341552734375,498.1419372558594,562.2222290039062
57,2.0,20.0,450.013916015625,527.4856567382812,499.0851745605469,561.8231811523438
58,2.0,20.0,450.328125,526.6248779296875,500.2210693359375,562.2881469726562
59,2.0,20.0,451.3738708496094,527.0984497070312,500.702392578125,562.1165771484375
60,2.0,20.0,451.6180725097656,526.825927734375,501.8270568847656,562.456787109375
61,2.0,20.0,452.2279968261719,525.6199340820312,503.38885498046875,563.1358642578125
62,2.0,20.0,452.6123352050781,524.7286376953125,504.44140625,563.46142578125
63,2.0,20.0,452.9190979003906,522.8488159179688,505.7257995605469,563.1658935546875
64,2.0,20.0,453.07684326171875,521.7392578125,506.2729797363281,563.0482788085938
65,2.0,20.0,453.1903076171875,523.580078125,506.50909423828125,563.3746337890625
66,2.0,20.0,453.4408264160156,523.3673095703125,506.7305603027344,563.4398193359375
67,2.0,20.0,453.80255126953125,522.116943359375,506.82403564453125,562.923095703125
68,2.0,20.0,454.4891052246094,521.4072265625,507.5238342285156,562.9453735351562
69,2.0,20.0,454.5362854003906,520.5275268554688,508.12017822265625,563.0175170898438
70,2.0,20.0,455.1412658691406,521.169677734375,508.30548095703125,563.4674682617188
71,2.0,20.0,456.16229248046875,520.4240112304688,508.4832763671875,563.87451171875
72,2.0,20.0,456.7803039550781,520.6966552734375,509.3086853027344,564.0968627929688
73,2.0,20.0,457.1063232421875,520.4645385742188,510.3203430175781,564.691162109375
74,2.0,20.0,458.1565856933594,520.4066772460938,512.8718872070312,564.732421875
75,2.0,20.0,458.986328125,519.759033203125,515.2308349609375,565.2285766601562
76,2.0,20.0,459.6644592285156,521.2922973632812,516.712646484375,565.671142578125
77,2.0,20.0,460.12933349609375,522.0442504882812,517.3773803710938,565.7742309570312
78,2.0,20.0,460.338134765625,522.5946044921875,518.322265625,566.30517578125
79,2.0,20.0,460.76434326171875,522.7354736328125,518.0704345703125,566.8134765625
80,2.0,20.0,461.1480407714844,521.5696411132812,518.0308837890625,567.467529296875
81,2.0,20.0,461.568603515625,521.7572631835938,518.7932739257812,568.4785766601562
82,2.0,20.0,461.39056396484375,519.1460571289062,519.4951782226562,568.9927978515625
83,2.0,20.0,461.1623229980469,518.5691528320312,520.5557861328125,568.9076538085938
84,2.0,20.0,461.5062255859375,517.1468505859375,522.8543090820312,569.1021728515625
85,2.0,20.0,461.53277587890625,516.556396484375,526.2835693359375,568.732177734375
86,2.0,20.0,461.8672180175781,516.021728515625,527.1385498046875,568.8563232421875
87,2.0,20.0,462.18768310546875,516.9527587890625,529.3598022460938,569.656982421875
88,2.0,20.0,462.8661193847656,515.042724609375,531.5214233398438,570.1751708984375
89,2.0,20.0,463.28973388671875,513.7845458984375,533.1533203125,571.2154541015625
90,2.0,20.0,463.4876403808594,512.08154296875,533.3394775390625,571.4498291015625
91,2.0,20.0,463.95831298828125,512.2435913085938,534.79052734375,571.9566650390625
92,2.0,20.0,464.6824951171875,509.91290283203125,536.07568359375,572.1011962890625
93,2.0,20.0,465.4294738769531,509.7495422363281,538.5435180664062,572.738037109375
94,2.0,20.0,466.26922607421875,511.9473571777344,539.7718505859375,573.9037475585938
95,2.0,20.0,468.2984924316406,514.1513061523438,541.1985473632812,574.3281860351562
96,2.0,20.0,468.2864685058594,514.52978515625,542.2621459960938,574.1603393554688
97,2.0,20.0,468.5567626953125,515.8615112304688,544.8591918945312,575.051513671875
98,2.0,20.0,469.7674865722656,516.4952392578125,546.2269897460938,575.560546875
99,2.0,20.0,471.0497741699219,515.5992431640625,547.4179077148438,576.15576171875
100,2.0,20.0,471.9876403808594,515.9500122070312,549.7654418945312,576.8714599609375
101,2.0,20.0,472.9543762207031,516.0579223632812,551.96728515625,577.7784423828125
102,2.0,20.0,473.7664489746094,516.6116333007812,554.5777587890625,578.9537353515625
103,2.0,20.0,474.9106140136719,515.4739990234375,556.6228637695312,579.3327026367188
104,2.0,20.0,476.01666259765625,516.1257934570312,557.493896484375,579.3919677734375
105,2.0,20.0,476.9596252441406,512.7764892578125,560.6716918945312,580.2490234375
106,2.0,20.0,478.13507080078125,510.4591979980469,563.8701782226562,580.8663330078125
107,2.0,20.0,478.3862609863281,510.57623291015625,565.4598999023438,581.3436279296875
108,2.0,20.0,479.00323486328125,512.1113891601562,566.93115234375,581.591552734375
109,2.0,20.0,480.28302001953125,512.1320190429688,568.4324340820312,583.0550537109375
110,2.0,20.0,481.4964904785156,511.4163513183594,569.55322265625,584.4306030273438
111,2.0,20.0,481.7716979980469,511.36712646484375,573.0455322265625,585.3515014648438
112,2.0,20.0,481.8122253417969,511.4126892089844,575.98388671875,586.074462890625
113,2.0,20.0,481.79534912109375,511.6763916015625,579.3388671875,586.74072265625
114,2.0,20.0,482.9219055175781,512.1500244140625,582.7232666015625,587.1162719726562
115,2.0,20.0,484.2709045410156,510.92156982421875,585.87744140625,587.2424926757812
116,2.0,20.0,487.59088134765625,509.92486572265625,588.6213989257812,587.2864990234375
117,2.0,20.0,489.970703125,508.49810791015625,592.006103515625,587.9005126953125
118,2.0,20.0,491.00823974609375,507.98150634765625,594.1638793945312,588.6522216796875
119,2.0,20.0,491.4521179199219,505.9253845214844,597.3414916992188,589.3671264648438
120,2.0,20.0,492.5996398925781,503.446044921875,600.8894653320312,591.2763061523438
121,2.0,20.0,495.01641845703125,501.6282958984375,605.0426025390625,592.8968505859375
122,2.0,20.0,495.3930969238281,501.3529968261719,608.6149291992188,594.3309936523438
123,2.0,20.0,497.3707275390625,501.3719787597656,612.5517578125,596.1051025390625
124,2.0,20.0,498.4049987792969,500.8119201660156,615.6614379882812,597.371337890625
125,2.0,20.0,499.80682373046875,499.7973937988281,618.9199829101562,598.3765869140625
126,2.0,20.0,500.92315673828125,499.1494445800781,623.951904296875,599.0963134765625
127,2.0,20.0,501.6190490722656,499.1387023925781,626.8407592773438,599.4714965820312
128,2.0,20.0,501.4739685058594,498.0401916503906,632.2245483398438,600.5191650390625
129,2.0,20.0,503.23638916015625,498.0263366699219,636.365966796875,601.9605102539062
130,2.0,20.0,504.5313720703125,497.2124328613281,640.10302734375,604.20458984375
131,2.0,20.0,507.3895568847656,495.3125305175781,646.6468505859375,604.8953247070312
132,2.0,20.0,509.0896911621094,496.03765869140625,651.4609985351562,607.48974609375
133,2.0,20.0,509.8279113769531,495.7007751464844,657.3815307617188,609.087890625
134,2.0,20.0,512.2814331054688,495.0510559082031,664.0671997070312,610.5316162109375
135,2.0,20.0,515.3224487304688,493.7294921875,670.1748657226562,611.8619384765625
136,2.0,20.0,518.3241577148438,492.7951965332031,675.2138671875,614.5043334960938
137,2.0,20.0,520.1647338867188,491.13433837890625,680.59033203125,617.5592041015625
138,2.0,20.0,522.3302001953125,489.2287292480469,687.0361938476562,621.0567016601562
139,2.0,20.0,524.9968872070312,488.49005126953125,693.7310180664062,623.5805053710938
140,2.0,20.0,526.5953979492188,487.8013000488281,701.857666015625,624.4863891601562
141,2.0,20.0,529.493408203125,487.2228088378906,711.0269775390625,626.9672241210938
142,2.0,20.0,531.8744506835938,486.19866943359375,719.31005859375,629.03271484375
143,2.0,20.0,536.3167114257812,486.0794982910156,728.5940551757812,632.2708740234375
144,2.0,20.0,539.0408325195312,484.4650573730469,738.5703735351562,635.298828125
145,2.0,20.0,542.5570678710938,482.8593444824219,747.7880859375,639.4816284179688
146,2.0,20.0,546.663818359375,481.8341369628906,759.3911743164062,643.3683471679688
147,2.0,20.0,551.0464477539062,480.6034240722656,770.8379516601562,647.6074829101562
148,2.0,20.0,554.760009765625,477.30328369140625,782.7686767578125,650.4437866210938
149,2.0,20.0,559.1739501953125,474.5036926269531,797.7527465820312,653.1524658203125
150,2.0,20.0,563.7623901367188,473.12109375,812.0874633789062,657.9602661132812
151,2.0,20.0,569.1430053710938,471.6432800292969,827.5650634765625,662.253173828125
152,2.0,20.0,573.4039916992188,468.42095947265625,844.6942749023438,667.4178466796875
153,2.0,20.0,579.15771484375,468.1781921386719,863.2504272460938,672.5172119140625
154,2.0,20.0,585.1450805664062,464.0354309082031,883.4576416015625,679.0094604492188
155,2.0,20.0,591.314453125,460.2534484863281,905.4481811523438,685.3463745117188
156,2.0,20.0,599.464111328125,453.11907958984375,929.7820434570312,693.50341796875
157,2.0,20.0,608.29541015625,445.8648681640625,955.4873046875,701.5159301757812
158,2.0,20.0,617.0652465820312,442.9487609863281,985.7470092773438,710.6085205078125
159,2.0,20.0,625.2835693359375,442.20867919921875,1018.1784057617188,720.9536743164062
160,2.0,20.0,635.48095703125,440.428466796875,1053.579345703125,732.5590209960938
161,2.0,20.0,644.912109375,438.4015808105469,1093.78662109375,744.0001831054688
162,2.0,20.0,657.1039428710938,435.3312072753906,1138.1263427734375,759.0458374023438
163,2.0,20.0,669.0946655273438,432.2761535644531,1190.7816162109375,777.181396484375
164,2.0,20.0,684.132568359375,427.5495910644531,1248.867919921875,794.0550537109375
165,2.0,20.0,699.7843627929688,420.51678466796875,1316.2371826171875,814.263916015625
166,2.0,20.0,717.9387817382812,411.00494384765625,1395.464111328125,838.3023681640625
167,2.0,20.0,736.2064819335938,402.3755187988281,1490.0843505859375,868.0901489257812
168,2.0,20.0,759.5374755859375,392.28997802734375,1598.4737548828125,903.0244140625
169,2.0,20.0,785.7493286132812,380.25860595703125,1730.1529541015625,947.0465698242188
170,2.0,20.0,814.7481689453125,367.37542724609375,1861.9161376953125,1004.5800170898438
171,2.0,20.0,844.6613159179688,347.8591613769531,1915.9910888671875,1050.3016357421875
172,2.0,20.0,893.1265869140625,324.7093811035156,1920.0,1075.0784912109375
173,2.0,20.0,947.7075805664062,297.9662170410156,1920.0,1080.0
174,2.0,20.0,1008.4282836914062,259.4132385253906,1920.0,1080.0
175,2.0,20.0,1085.0167236328125,209.61990356445312,1920.0,1074.92431640625
176,2.0,20.0,1183.1873779296875,147.98611450195312,1920.0,1075.4937744140625
177,2.0,20.0,1309.583251953125,126.7234115600586,1920.0,1077.2462158203125
178,2.0,20.0,1483.7557373046875,144.85125732421875,1920.0,1078.509521484375
