15,2.0,6.0,442.22930908203125,524.640869140625,490.3713684082031,562.3058471679688
16,2.0,6.0,442.2967224121094,523.54248046875,490.847412109375,562.4049682617188
17,2.0,6.0,442.267578125,523.746337890625,491.4929504394531,562.4072875976562
18,2.0,6.0,442.26422119140625,523.13623046875,492.24859619140625,562.7222900390625
19,2.0,6.0,442.0839538574219,522.8923950195312,493.0602111816406,563.0745849609375
20,2.0,6.0,441.9143371582031,522.8517456054688,493.60821533203125,563.2034301757812
21,2.0,6.0,442.3009948730469,522.9776611328125,494.1029357910156,563.2841796875
22,2.0,6.0,442.963134765625,524.4747314453125,494.96649169921875,563.47021484375
23,2.0,6.0,442.8673400878906,523.0,495.6266784667969,563.77294921875
24,2.0,6.0,442.8097229003906,522.4944458007812,496.02618408203125,564.035888671875
25,2.0,6.0,443.511474609375,523.7245483398438,496.15399169921875,564.18212890625
26,2.0,6.0,444.1886901855469,522.9524536132812,495.88092041015625,564.2681884765625
27,2.0,6.0,444.6304016113281,523.6502685546875,494.8753662109375,564.0517578125
28,2.0,6.0,444.8069152832031,524.3934936523438,494.7537841796875,563.8318481445312
29,2.0,6.0,444.1715393066406,523.401123046875,495.42919921875,563.80615234375
30,2.0,6.0,444.0835266113281,521.6942749023438,495.9881286621094,563.7865600585938
31,2.0,6.0,444.189453125,521.7584228515625,496.1185302734375,563.8377075195312
32,2.0,6.0,444.6147766113281,520.5636596679688,496.16619873046875,564.0148315429688
33,2.0,6.0,444.95611572265625,518.1103515625,496.2527160644531,564.1502685546875
34,2.0,6.0,445.5641784667969,517.2420654296875,497.2536926269531,564.2030029296875
35,2.0,6.0,446.2329406738281,515.6968383789062,498.7142333984375,564.5557861328125
36,2.0,6.0,446.4809875488281,516.399658203125,499.8692932128906,564.95654296875
37,2.0,6.0,446.6755065917969,518.14794921875,500.6971435546875,565.3900146484375
38,2.0,6.0,447.38885498046875,520.2816772460938,501.09454345703125,565.3726196289062
39,2.0,6.0,447.7640686035156,522.3742065429688,502.20001220703125,565.2452392578125
40,2.0,6.0,447.81494140625,523.75732421875,503.51025390625,565.4179077148438
41,2.0,6.0,447.9085998535156,523.2080078125,504.3666687011719,565.1898803710938
42,2.0,6.0,448.3050537109375,520.1343383789062,504.7323913574219,566.3153076171875
43,2.0,6.0,448.6297607421875,519.2606811523438,505.49468994140625,567.17822265625
44,2.0,6.0,448.5860290527344,523.06787109375,505.781982421875,567.253662109375
45,2.0,6.0,448.5152587890625,522.2117309570312,506.2029113769531,568.0
46,2.0,6.0,448.82275390625,523.46142578125,506.0672302246094,568.2257690429688
47,2.0,6.0,450.1177062988281,522.0657958984375,506.08477783203125,568.2020874023438
48,2.0,6.0,450.9945373535156,522.5707397460938,507.1327209472656,568.38232421875
49,2.0,6.0,451.3119201660156,522.6534423828125,508.0386962890625,568.94580078125
50,2.0,6.0,451.7867736816406,521.3201293945312,508.7186584472656,569.6337280273438
51,2.0,6.0,452.7628173828125,520.968505859375,509.4523620605469,569.9955444335938
52,2.0,6.0,452.8708190917969,521.183349609375,510.8375244140625,570.833740234375
53,2.0,6.0,452.5571594238281,521.4369506835938,511.10137939453125,571.0728149414062
55,2.0,6.0,453.3988342285156,522.6013793945312,513.8015747070312,570.8137817382812
56,2.0,6.0,453.9906311035156,522.9947509765625,515.149169921875,571.0703125
57,2.0,6.0,454.3949890136719,522.6168212890625,515.8665771484375,571.2517700195312
58,2.0,6.0,455.1059265136719,522.7550659179688,516.8778076171875,571.43896484375
59,2.0,6.0,455.76190185546875,522.7030029296875,517.5997924804688,571.6705322265625
60,2.0,6.0,456.79644775390625,523.1570434570312,518.0647583007812,571.9017944335938
61,2.0,6.0,456.9921569824219,522.9168701171875,519.1199340820312,572.5519409179688
62,2.0,6.0,457.13665771484375,522.731201171875,520.4208374023438,572.5936889648438
63,2.0,6.0,457.4832763671875,522.9686889648438,521.3421020507812,572.70947265625
64,2.0,6.0,457.86962890625,521.437744140625,522.9259643554688,573.1067504882812
65,2.0,6.0,458.4254455566406,520.212158203125,523.5428466796875,573.0197143554688
66,2.0,6.0,459.3020324707031,519.615966796875,524.36669921875,573.1421508789062
67,2.0,6.0,459.5908508300781,519.0069580078125,525.8597412109375,573.557373046875
68,2.0,6.0,460.4085388183594,518.392822265625,527.1356201171875,574.1802368164062
69,2.0,6.0,461.06158447265625,517.123046875,527.7809448242188,574.5936279296875
70,2.0,6.0,461.5298156738281,516.2846069335938,529.4321899414062,574.8635864257812
71,2.0,6.0,461.4580078125,516.49951171875,530.6637573242188,574.9854736328125
72,2.0,6.0,461.59326171875,518.2619018554688,531.3790893554688,575.2188720703125
73,2.0,6.0,462.24005126953125,519.0593872070312,534.0640869140625,575.2477416992188
74,2.0,6.0,462.7460021972656,518.4625854492188,534.8644409179688,575.3510131835938
75,2.0,6.0,462.9991760253906,516.6453857421875,535.779296875,575.4015502929688
76,2.0,6.0,462.6905822753906,516.1654052734375,536.7861938476562,575.625244140625
77,2.0,6.0,461.8874206542969,516.4557495117188,537.277099609375,575.85595703125
78,2.0,6.0,461.9414367675781,516.6707763671875,538.8746948242188,576.2050170898438
79,2.0,6.0,462.29541015625,516.4122314453125,539.1282958984375,576.4705810546875
80,2.0,6.0,462.4806213378906,515.3001098632812,540.9533081054688,576.7920532226562
81,2.0,6.0,462.8284606933594,515.9807739257812,542.101318359375,577.1422729492188
82,2.0,6.0,463.4422607421875,514.9423828125,542.9811401367188,577.73974609375
83,2.0,6.0,464.2223815917969,512.6646728515625,544.147216796875,578.7744140625
84,2.0,6.0,464.7428894042969,512.6052856445312,545.4828491210938,579.8004150390625
85,2.0,6.0,465.8108215332031,513.4962768554688,546.453125,580.9620361328125
86,2.0,6.0,466.7662353515625,514.3787841796875,547.7628784179688,581.6931762695312
87,2.0,6.0,467.0309753417969,514.8829956054688,549.1064453125,582.0283203125
88,2.0,6.0,467.65716552734375,514.7028198242188,550.0611572265625,582.6315307617188
89,2.0,6.0,468.0302734375,513.8746948242188,552.1051635742188,583.1317138671875
90,2.0,6.0,468.6939697265625,514.113037109375,553.9131469726562,583.546142578125
91,2.0,6.0,469.3269958496094,515.1592407226562,556.1953125,584.2609252929688
92,2.0,6.0,470.0699157714844,515.3206176757812,557.2653198242188,585.0744018554688
93,2.0,6.0,470.9842224121094,513.65576171875,558.9776611328125,585.515869140625
94,2.0,6.0,471.6309814453125,512.548095703125,559.9171142578125,585.5274658203125
95,2.0,6.0,472.7548828125,509.9832458496094,562.3544311523438,585.5811157226562
96,2.0,6.0,472.7441101074219,508.68304443359375,563.5709228515625,585.928466796875
97,2.0,6.0,473.3277282714844,509.2141418457031,565.9531860351562,586.17431640625
98,2.0,6.0,473.91314697265625,509.32757568359375,566.8558349609375,586.2514038085938
99,2.0,6.0,474.7416687011719,509.96173095703125,567.7923583984375,586.4613037109375
100,2.0,6.0,476.22943115234375,509.51373291015625,569.4336547851562,586.680419921875
101,2.0,6.0,477.21319580078125,509.17950439453125,570.5538330078125,587.0291748046875
102,2.0,6.0,478.1204528808594,508.93841552734375,572.2764892578125,587.6911010742188
103,2.0,6.0,479.5789489746094,509.12506103515625,574.3250122070312,587.61962890625
104,2.0,6.0,480.0514221191406,509.1391296386719,576.1624755859375,588.3932495117188
105,2.0,6.0,480.7461242675781,508.338623046875,578.5952758789062,588.4575805664062
106,2.0,6.0,481.7627258300781,510.28546142578125,580.5135498046875,589.4473266601562
107,2.0,6.0,481.6812438964844,509.82861328125,583.7077026367188,589.7117919921875
108,2.0,6.0,481.6612854003906,509.2452392578125,587.0593872070312,590.8930053710938
109,2.0,6.0,481.9666748046875,508.4497985839844,588.8536376953125,591.9918823242188
110,2.0,6.0,482.0771179199219,508.48468017578125,591.6585083007812,592.6514892578125
111,2.0,6.0,481.8014221191406,508.8719482421875,594.0436401367188,593.5767211914062
112,2.0,6.0,482.6612243652344,507.92657470703125,596.6550903320312,594.7863159179688
113,2.0,6.0,484.6407775878906,506.59613037109375,598.5907592773438,596.351806640625
114,2.0,6.0,486.1287841796875,505.15972900390625,600.9842529296875,596.9044189453125
115,2.0,6.0,487.1734619140625,504.7456359863281,603.4349365234375,596.9332275390625
116,2.0,6.0,488.843505859375,503.5027770996094,606.3577880859375,597.3114013671875
117,2.0,6.0,489.8582458496094,501.5595397949219,609.0348510742188,597.8386840820312
118,2.0,6.0,491.52178955078125,500.01873779296875,612.5614624023438,598.9472045898438
119,2.0,6.0,493.8677062988281,499.7955627441406,615.4749145507812,599.4026489257812
120,2.0,6.0,494.9041442871094,500.9411315917969,616.813720703125,599.676025390625
121,2.0,6.0,496.2977600097656,499.8314514160156,620.7752685546875,600.58935546875
122,2.0,6.0,497.43927001953125,499.0184326171875,623.2161865234375,601.4903564453125
123,2.0,6.0,499.3994140625,499.1628112792969,627.2706298828125,602.4937744140625
124,2.0,6.0,499.3417663574219,498.7624206542969,629.8902587890625,603.7889404296875
125,2.0,6.0,500.2514953613281,497.82720947265625,633.1903686523438,604.6578979492188
126,2.0,6.0,499.8046569824219,498.1094055175781,636.0960693359375,607.3002319335938
127,2.0,6.0,500.46209716796875,497.6402587890625,640.357421875,608.5407104492188
128,2.0,6.0,501.4134826660156,497.2288818359375,644.1026000976562,609.5797119140625
129,2.0,6.0,500.4793701171875,496.7101745605469,646.8638916015625,610.0093994140625
130,2.0,6.0,501.82269287109375,496.46343994140625,651.3316040039062,610.7525634765625
131,2.0,6.0,501.9056701660156,496.2666931152344,653.7713012695312,611.987060546875
132,2.0,6.0,503.1529235839844,496.3394775390625,659.2933349609375,613.6780395507812
133,2.0,6.0,505.6282958984375,496.1260986328125,664.1945190429688,618.1093139648438
134,2.0,6.0,507.0887145996094,495.2960510253906,668.2930908203125,620.1978149414062
135,2.0,6.0,510.9100341796875,494.40032958984375,671.7779541015625,622.2045288085938
136,2.0,6.0,513.0406494140625,492.8536071777344,675.662109375,621.143798828125
137,2.0,6.0,516.879150390625,492.6089172363281,680.3887329101562,622.1805419921875
138,2.0,6.0,518.7398071289062,491.85748291015625,686.58349609375,623.4992065429688
139,2.0,6.0,518.583740234375,490.6197204589844,691.40771484375,625.9281005859375
140,2.0,6.0,519.4219970703125,488.3382873535156,697.999755859375,627.1445922851562
141,2.0,6.0,519.9219970703125,487.1993103027344,702.3107299804688,629.1065673828125
142,2.0,6.0,522.5869750976562,487.4523620605469,709.6947631835938,631.998779296875
143,2.0,6.0,525.2041015625,487.4063720703125,715.6771850585938,634.083984375
144,2.0,6.0,527.428955078125,486.50738525390625,722.0828857421875,636.06689453125
145,2.0,6.0,528.8023071289062,485.57147216796875,728.41357421875,639.2197875976562
146,2.0,6.0,531.2855834960938,484.9151916503906,734.7437133789062,641.7268676757812
147,2.0,6.0,533.172119140625,483.5368957519531,742.496826171875,644.2092895507812
148,2.0,6.0,536.8069458007812,482.2763671875,749.0416259765625,646.0191650390625
149,2.0,6.0,539.4998168945312,480.85333251953125,758.4673461914062,648.505859375
150,2.0,6.0,541.4375610351562,479.8356628417969,766.5237426757812,651.6196899414062
151,2.0,6.0,545.1360473632812,478.40625,776.0474853515625,654.0812377929688
152,2.0,6.0,547.599365234375,476.3572998046875,784.6244506835938,657.3590698242188
153,2.0,6.0,550.992919921875,473.78778076171875,794.6860961914062,659.6185913085938
154,2.0,6.0,553.9594116210938,472.37872314453125,805.9456787109375,661.9126586914062
155,2.0,6.0,557.3567504882812,470.74066162109375,816.1113891601562,665.5725708007812
156,2.0,6.0,562.670166015625,469.7452697753906,826.6128540039062,668.1913452148438
157,2.0,6.0,565.2468872070312,468.54669189453125,839.705078125,671.58349609375
158,2.0,6.0,569.396728515625,467.4570007324219,852.611572265625,677.1712646484375
159,2.0,6.0,572.7125244140625,464.59814453125,865.224853515625,682.2390747070312
160,2.0,6.0,573.074462890625,461.9594421386719,880.1842041015625,685.8790283203125
161,2.0,6.0,576.6627197265625,457.5306091308594,894.7388305664062,692.0797119140625
162,2.0,6.0,582.833251953125,453.6798095703125,911.4371337890625,697.7753295898438
163,2.0,6.0,588.0794067382812,449.1186828613281,929.5799560546875,701.93505859375
164,2.0,6.0,593.9679565429688,444.7619934082031,949.5648193359375,710.488525390625
165,2.0,6.0,599.5839233398438,443.2493591308594,969.6588134765625,717.1776733398438
166,2.0,6.0,606.7635498046875,444.578369140625,993.2988891601562,725.0560913085938
167,2.0,6.0,612.697265625,443.5905456542969,1015.8573608398438,735.1914672851562
168,2.0,6.0,618.4281005859375,442.6025695800781,1041.960205078125,743.8385009765625
169,2.0,6.0,625.316650390625,439.7124938964844,1069.373779296875,751.4661865234375
170,2.0,6.0,631.1947631835938,436.5258483886719,1100.2158203125,762.9526977539062
171,2.0,6.0,638.4382934570312,433.5975036621094,1133.680419921875,774.235107421875
172,2.0,6.0,646.0325927734375,430.4571228027344,1170.4637451171875,787.3958129882812
173,2.0,6.0,655.1669921875,428.6669616699219,1210.2408447265625,799.796630859375
174,2.0,6.0,665.2881469726562,423.5901184082031,1256.1016845703125,815.201171875
175,2.0,6.0,675.2877197265625,417.8883972167969,1305.7794189453125,829.713134765625
176,2.0,6.0,688.2549438476562,410.8788146972656,1363.8212890625,851.3519287109375
177,2.0,6.0,698.920654296875,405.8453063964844,1426.590576171875,873.3463134765625
178,2.0,6.0,712.1585693359375,397.4952697753906,1501.8917236328125,899.2596435546875
179,2.0,6.0,726.44091796875,389.4522705078125,1581.8172607421875,928.2174072265625
180,2.0,6.0,741.4407348632812,378.25341796875,1677.8924560546875,961.7550048828125
181,2.0,6.0,760.115478515625,367.8700256347656,1787.3475341796875,1004.4878540039062
182,2.0,6.0,781.1343994140625,358.2130126953125,1885.0992431640625,1047.5323486328125
183,2.0,6.0,804.1251831054688,343.9171142578125,1920.0,1069.968994140625
184,2.0,6.0,825.1088256835938,327.48291015625,1920.0,1079.1669921875
185,2.0,6.0,860.0359497070312,304.5548400878906,1920.0,1080.0
186,2.0,6.0,897.7337036132812,278.8897705078125,1920.0,1080.0
187,2.0,6.0,935.999755859375,247.3233642578125,1920.0,1080.0
188,2.0,6.0,985.0314331054688,210.59548950195312,1920.0,1076.9278564453125
189,2.0,6.0,1041.916748046875,161.4549560546875,1920.0,1075.08203125
190,2.0,6.0,1105.63134765625,102.83485412597656,1920.0,1073.2161865234375
191,2.0,6.0,1187.446044921875,71.06771087646484,1920.0,1075.5572509765625
192,2.0,6.0,1286.28076171875,69.5096206665039,1920.0,1074.1807861328125
193,2.0,6.0,1413.63525390625,89.14871215820312,1920.0,1076.4051513671875
