83,2.0,38.0,230.99819946289062,551.5108642578125,277.1593933105469,587.545166015625
84,2.0,38.0,231.4297332763672,553.673583984375,278.7712707519531,587.6224975585938
85,2.0,38.0,231.9658660888672,554.5300903320312,279.3572998046875,587.5914916992188
86,2.0,38.0,232.46243286132812,554.6723022460938,280.3238830566406,587.7099609375
87,2.0,38.0,232.78265380859375,553.441650390625,281.27734375,588.1080322265625
88,2.0,38.0,233.1741485595703,553.1868286132812,282.38922119140625,588.3825073242188
89,2.0,38.0,234.64825439453125,552.1512451171875,284.4665222167969,588.4774169921875
90,2.0,38.0,235.63482666015625,552.836181640625,286.8984375,588.7193603515625
91,2.0,38.0,236.2858123779297,551.9092407226562,288.4530944824219,588.8914184570312
92,2.0,38.0,236.9613494873047,551.4661254882812,289.10711669921875,589.7122802734375
93,2.0,38.0,237.48187255859375,550.5880737304688,289.7474670410156,590.8515625
94,2.0,38.0,237.8010711669922,549.9044189453125,290.2268981933594,592.0650634765625
95,2.0,38.0,237.9615936279297,550.1856689453125,292.0782470703125,592.6270141601562
96,2.0,38.0,238.9280548095703,549.84912109375,293.00323486328125,593.1294555664062
97,2.0,38.0,239.2927703857422,551.0906372070312,293.8168640136719,593.22265625
98,2.0,38.0,240.60032653808594,551.3466796875,293.7040710449219,592.9164428710938
99,2.0,38.0,241.595703125,552.3085327148438,297.6421203613281,593.4959716796875
100,2.0,38.0,242.59288024902344,552.95068359375,299.5755310058594,594.3677368164062
101,2.0,38.0,242.94163513183594,553.5364990234375,301.85595703125,594.4749145507812
102,2.0,38.0,243.75013732910156,553.3455200195312,304.2896423339844,594.6641235351562
103,2.0,38.0,244.73219299316406,551.2647094726562,306.7538757324219,595.9705810546875
104,2.0,38.0,245.67218017578125,550.48486328125,308.1863098144531,597.0557250976562
105,2.0,38.0,245.78184509277344,549.7496337890625,310.792724609375,597.7266235351562
106,2.0,38.0,246.73165893554688,550.6793212890625,313.419189453125,598.180419921875
107,2.0,38.0,247.47389221191406,549.949462890625,316.1004333496094,598.9200439453125
108,2.0,38.0,247.59193420410156,549.1412963867188,318.0021667480469,599.6024780273438
109,2.0,38.0,248.697021484375,548.7206420898438,319.8377685546875,600.4398193359375
110,2.0,38.0,250.1082000732422,545.5936279296875,321.14971923828125,600.5884399414062
111,2.0,38.0,251.35049438476562,542.9680786132812,323.99163818359375,600.709228515625
112,2.0,38.0,253.1973419189453,544.0660400390625,326.40460205078125,600.602783203125
113,2.0,38.0,254.28709411621094,544.0652465820312,329.2596130371094,601.0713500976562
114,2.0,38.0,254.87828063964844,544.807861328125,331.8564453125,602.1029663085938
115,2.0,38.0,255.3531494140625,544.439697265625,333.35516357421875,603.32470703125
116,2.0,38.0,256.8193664550781,542.252685546875,337.6427917480469,605.5211181640625
117,2.0,38.0,258.6754150390625,541.5282592773438,340.239990234375,607.176025390625
118,2.0,38.0,261.3189697265625,541.023681640625,344.3426513671875,608.3934326171875
119,2.0,38.0,264.0250244140625,539.6209106445312,348.119140625,609.1959228515625
120,2.0,38.0,265.01861572265625,538.0519409179688,351.6427917480469,609.48046875
121,2.0,38.0,264.7779846191406,538.3372802734375,354.52081298828125,610.464599609375
122,2.0,38.0,265.749755859375,538.57763671875,357.2297668457031,610.8787231445312
123,2.0,38.0,266.515869140625,537.9571533203125,361.15087890625,612.5912475585938
124,2.0,38.0,269.2039489746094,536.5948486328125,365.5295715332031,614.1055908203125
125,2.0,38.0,271.1326599121094,535.8091430664062,369.83612060546875,615.88134765625
126,2.0,38.0,272.4992980957031,534.7608032226562,374.6164855957031,618.0111694335938
127,2.0,38.0,275.0207214355469,534.3148803710938,378.7138366699219,619.967529296875
128,2.0,38.0,275.8303527832031,533.6511840820312,383.6649475097656,621.046875
129,2.0,38.0,276.73089599609375,533.0015869140625,384.8109130859375,622.1687622070312
130,2.0,38.0,279.4618835449219,532.5985717773438,392.1096496582031,622.8463745117188
131,2.0,38.0,280.7768859863281,531.8182373046875,398.8825378417969,623.7227172851562
132,2.0,38.0,283.5897216796875,531.4586181640625,406.1651306152344,625.6817626953125
133,2.0,38.0,285.69696044921875,530.5028686523438,412.1830749511719,626.6865844726562
134,2.0,38.0,289.91693115234375,529.2885131835938,419.4675598144531,628.8289794921875
135,2.0,38.0,291.7686462402344,529.8720092773438,428.2083435058594,632.7687377929688
136,2.0,38.0,295.2351989746094,527.7677612304688,434.98504638671875,634.5055541992188
137,2.0,38.0,298.4510803222656,526.2300415039062,443.152587890625,638.4508666992188
138,2.0,38.0,302.0597839355469,524.36669921875,451.0072326660156,640.5257568359375
139,2.0,38.0,306.3945617675781,522.4863891601562,460.7884216308594,642.8310546875
140,2.0,38.0,311.07904052734375,522.1182250976562,471.23223876953125,645.8182983398438
141,2.0,38.0,314.7901611328125,521.24951171875,480.5565490722656,649.1668701171875
142,2.0,38.0,319.7134094238281,520.5377197265625,492.59600830078125,652.6160278320312
143,2.0,38.0,323.7133483886719,519.3663940429688,505.4337463378906,656.8592529296875
144,2.0,38.0,328.17547607421875,517.2286987304688,520.5267333984375,662.1993408203125
145,2.0,38.0,334.0111999511719,515.8150634765625,535.53173828125,665.8569946289062
146,2.0,38.0,339.35540771484375,513.4130859375,551.7705078125,669.4462280273438
147,2.0,38.0,346.6849365234375,510.11090087890625,570.0639038085938,673.2096557617188
148,2.0,38.0,355.82977294921875,506.5587158203125,589.6704711914062,678.9378051757812
149,2.0,38.0,363.9917297363281,503.94891357421875,612.5269775390625,684.904541015625
150,2.0,38.0,374.1392822265625,501.0101318359375,638.2232666015625,693.0795288085938
151,2.0,38.0,381.7968444824219,491.7881164550781,666.183837890625,699.9678955078125
152,2.0,38.0,390.5475158691406,484.8283996582031,698.0617065429688,707.5742797851562
153,2.0,38.0,403.2889404296875,480.11798095703125,734.9965209960938,717.8394775390625
154,2.0,38.0,416.8927917480469,474.6099548339844,777.3453369140625,730.0410766601562
155,2.0,38.0,432.84869384765625,471.65814208984375,826.9310913085938,743.93505859375
156,2.0,38.0,449.4473876953125,467.9789123535156,885.023193359375,761.94921875
157,2.0,38.0,470.15594482421875,459.1410827636719,954.36767578125,784.7272338867188
158,2.0,38.0,494.29132080078125,449.1132507324219,1038.1527099609375,809.5225830078125
159,2.0,38.0,521.6212768554688,436.6168212890625,1140.395263671875,841.4132080078125
160,2.0,38.0,552.9236450195312,426.3551330566406,1267.7421875,880.2348022460938
161,2.0,38.0,593.194580078125,414.00439453125,1430.1173095703125,931.1080322265625
162,2.0,38.0,643.7752685546875,398.3877258300781,1646.105712890625,1001.5712890625
163,2.0,38.0,699.3204956054688,378.6515808105469,1828.0335693359375,1050.276611328125
164,2.0,38.0,776.5140991210938,348.6741638183594,1904.5057373046875,1071.0421142578125
165,2.0,38.0,882.70849609375,304.0273742675781,1920.0,1075.14208984375
166,2.0,38.0,1034.97265625,236.66403198242188,1920.0,1075.9344482421875
167,2.0,38.0,1261.6422119140625,199.06735229492188,1920.0,1077.8309326171875
