91,2.0,34.0,445.1172180175781,521.1019897460938,489.84674072265625,557.8095703125
92,2.0,34.0,445.4508361816406,520.8881225585938,491.1477355957031,559.31201171875
93,2.0,34.0,445.70086669921875,519.9526977539062,492.4393005371094,560.3342895507812
94,2.0,34.0,445.9319763183594,520.1171875,493.982666015625,561.5947875976562
95,2.0,34.0,446.0431213378906,520.9081420898438,495.39788818359375,561.5531616210938
96,2.0,34.0,446.2630310058594,522.4395751953125,495.4037780761719,561.6389770507812
97,2.0,34.0,446.80487060546875,523.409912109375,495.5107421875,562.1717529296875
98,2.0,34.0,448.1050109863281,526.637939453125,496.1881408691406,562.4873046875
99,2.0,34.0,448.4588928222656,524.81396484375,495.8927917480469,562.0906982421875
100,2.0,34.0,448.76068115234375,524.354248046875,497.6849365234375,561.92578125
101,2.0,34.0,448.981201171875,522.8170776367188,499.46209716796875,562.0989990234375
102,2.0,34.0,449.9917907714844,520.0408935546875,501.8678283691406,562.3477172851562
103,2.0,34.0,451.0193786621094,519.4956665039062,504.15472412109375,562.775146484375
104,2.0,34.0,451.511962890625,519.8626708984375,505.4043884277344,562.6700439453125
105,2.0,34.0,452.1186828613281,520.9227294921875,506.5171203613281,563.248046875
106,2.0,34.0,453.03204345703125,521.2798461914062,506.6815185546875,563.3222045898438
107,2.0,34.0,453.8719787597656,520.5800170898438,507.4736633300781,563.2405395507812
108,2.0,34.0,454.8028259277344,520.4017944335938,508.4806823730469,563.476318359375
109,2.0,34.0,455.5753173828125,520.2515869140625,509.0845031738281,564.050048828125
110,2.0,34.0,455.5941467285156,518.7749633789062,510.1452331542969,564.290283203125
111,2.0,34.0,456.62457275390625,519.5551147460938,512.3284301757812,564.904296875
112,2.0,34.0,457.57232666015625,520.24755859375,514.9349365234375,565.25244140625
113,2.0,34.0,458.34613037109375,520.1134033203125,516.81298828125,565.3065795898438
114,2.0,34.0,459.4444274902344,521.386962890625,517.392578125,566.005615234375
115,2.0,34.0,460.0866394042969,520.7554931640625,518.2274169921875,566.8638916015625
116,2.0,34.0,460.7726745605469,519.429443359375,519.1614990234375,568.2613525390625
117,2.0,34.0,461.07061767578125,518.641357421875,522.3111572265625,569.0768432617188
118,2.0,34.0,461.33306884765625,517.8298950195312,526.0527954101562,569.0819702148438
119,2.0,34.0,461.7667236328125,517.4545288085938,528.5974731445312,569.4589233398438
120,2.0,34.0,462.89324951171875,515.9442138671875,530.6724243164062,570.436767578125
121,2.0,34.0,463.8893127441406,516.8096923828125,532.84619140625,571.587158203125
122,2.0,34.0,464.73358154296875,515.4345703125,534.7343139648438,572.0947265625
123,2.0,34.0,465.726318359375,513.844970703125,536.6326904296875,572.2719116210938
124,2.0,34.0,467.559326171875,514.801025390625,539.2991943359375,572.5408935546875
125,2.0,34.0,468.7754211425781,514.962158203125,541.7999267578125,573.1351318359375
126,2.0,34.0,470.33197021484375,516.209716796875,543.484375,573.72607421875
127,2.0,34.0,471.27557373046875,515.7864379882812,545.4368286132812,574.7044067382812
128,2.0,34.0,471.5708923339844,515.9837036132812,548.609619140625,575.9762573242188
129,2.0,34.0,473.5410461425781,516.9366455078125,551.7710571289062,577.3377685546875
130,2.0,34.0,474.771728515625,516.6806030273438,555.5162963867188,578.263916015625
131,2.0,34.0,477.3725891113281,515.3408203125,559.6582641601562,578.3711547851562
132,2.0,34.0,478.708984375,513.531005859375,563.684814453125,579.5747680664062
133,2.0,34.0,480.2590637207031,513.4891967773438,567.1300659179688,580.507080078125
134,2.0,34.0,480.71600341796875,512.0399169921875,568.6110229492188,581.9210205078125
135,2.0,34.0,480.5303649902344,511.9678955078125,572.16943359375,584.2886352539062
136,2.0,34.0,480.22711181640625,511.6297912597656,576.2046508789062,585.5516357421875
137,2.0,34.0,481.9298400878906,511.9255065917969,580.5235595703125,586.7025146484375
138,2.0,34.0,484.1136169433594,511.61444091796875,586.4548950195312,586.8643798828125
139,2.0,34.0,487.5497131347656,509.7259216308594,590.9207763671875,587.2052612304688
140,2.0,34.0,490.68621826171875,507.41046142578125,596.226806640625,588.4664916992188
141,2.0,34.0,492.45916748046875,504.6372375488281,600.4014282226562,589.4529418945312
142,2.0,34.0,494.30767822265625,503.03509521484375,606.4493408203125,591.2981567382812
143,2.0,34.0,498.4693603515625,501.5882263183594,612.0606079101562,593.1937866210938
144,2.0,34.0,499.72833251953125,499.33148193359375,618.1985473632812,595.4931640625
145,2.0,34.0,502.15838623046875,499.48565673828125,623.8289184570312,596.9205322265625
146,2.0,34.0,502.6593017578125,498.7328186035156,629.3855590820312,598.5657348632812
147,2.0,34.0,505.213134765625,498.68701171875,636.60546875,600.297119140625
148,2.0,34.0,508.4165954589844,497.3517150878906,643.6380004882812,601.1875610351562
149,2.0,34.0,510.8066711425781,496.60260009765625,650.9598999023438,604.8890991210938
150,2.0,34.0,515.4122924804688,495.8281555175781,659.4782104492188,606.6218872070312
151,2.0,34.0,518.2368774414062,494.8591003417969,668.5040283203125,608.9082641601562
152,2.0,34.0,522.3694458007812,494.0663757324219,676.8292236328125,611.4069213867188
153,2.0,34.0,526.0283813476562,492.4427795410156,686.9652709960938,615.8446655273438
154,2.0,34.0,529.252197265625,490.0333557128906,697.6198120117188,619.2567138671875
155,2.0,34.0,533.562744140625,487.6601257324219,709.7199096679688,621.6864624023438
156,2.0,34.0,537.6876831054688,486.28076171875,721.5823364257812,623.8357543945312
157,2.0,34.0,544.664794921875,484.44061279296875,735.929443359375,628.903564453125
158,2.0,34.0,550.5430908203125,482.40289306640625,750.9323120117188,634.7145385742188
159,2.0,34.0,556.1547241210938,480.93365478515625,766.9035034179688,640.1380004882812
160,2.0,34.0,563.1231689453125,477.98699951171875,785.0703735351562,644.431396484375
161,2.0,34.0,569.9005737304688,475.5840759277344,805.568603515625,648.9527587890625
162,2.0,34.0,576.45703125,473.6549072265625,827.6204833984375,655.7078857421875
163,2.0,34.0,586.05517578125,471.1236267089844,853.1271362304688,662.8239135742188
164,2.0,34.0,594.8291625976562,468.5035400390625,881.1298217773438,670.2706298828125
165,2.0,34.0,607.5987548828125,461.9825134277344,912.669189453125,678.9586791992188
166,2.0,34.0,617.5263671875,450.68084716796875,947.8523559570312,690.9208374023438
167,2.0,34.0,629.9947509765625,444.8272705078125,990.0416870117188,704.36865234375
168,2.0,34.0,645.308349609375,440.3026123046875,1037.3427734375,718.7214965820312
169,2.0,34.0,661.55517578125,440.8484802246094,1095.187255859375,735.2550659179688
170,2.0,34.0,677.7107543945312,437.16241455078125,1161.7337646484375,755.0797729492188
171,2.0,34.0,699.84130859375,429.2474060058594,1241.672607421875,779.7977905273438
172,2.0,34.0,725.0572509765625,420.986083984375,1339.990234375,807.7435302734375
173,2.0,34.0,754.7483520507812,408.78375244140625,1462.797607421875,845.203369140625
174,2.0,34.0,790.4579467773438,395.33831787109375,1615.6942138671875,893.1322021484375
175,2.0,34.0,833.5873413085938,378.38006591796875,1811.8516845703125,958.769775390625
176,2.0,34.0,887.2017822265625,353.201904296875,1894.8759765625,1031.471435546875
177,2.0,34.0,958.6835327148438,323.0472717285156,1920.0,1068.2432861328125
178,2.0,34.0,1051.928466796875,275.7604064941406,1920.0,1072.9542236328125
179,2.0,34.0,1179.21533203125,206.66563415527344,1920.0,1076.375
180,2.0,34.0,1367.346435546875,176.30682373046875,1920.0,1079.8533935546875
