78,2.0,28.0,445.6293029785156,524.392333984375,492.60382080078125,561.4092407226562
79,2.0,28.0,446.417236328125,525.9469604492188,493.46337890625,562.0106811523438
80,2.0,28.0,446.6360778808594,524.0195922851562,494.8663635253906,562.1362915039062
81,2.0,28.0,446.7701721191406,523.076171875,495.46044921875,562.0405883789062
82,2.0,28.0,447.3752746582031,525.0184936523438,494.9842834472656,562.2537841796875
83,2.0,28.0,447.4220886230469,525.3905639648438,495.4608154296875,562.3771362304688
84,2.0,28.0,447.725341796875,525.7891845703125,496.8155517578125,562.37890625
85,2.0,28.0,448.0289306640625,524.7914428710938,496.81524658203125,562.0369873046875
86,2.0,28.0,448.76580810546875,524.5452880859375,498.2424011230469,561.8519897460938
87,2.0,28.0,449.62353515625,525.4371337890625,499.3067626953125,561.6162719726562
88,2.0,28.0,449.94940185546875,525.470703125,500.1698303222656,562.35888671875
89,2.0,28.0,450.2596435546875,525.9034423828125,502.1446533203125,563.20361328125
90,2.0,28.0,451.5087890625,521.7647705078125,504.21197509765625,563.1382446289062
91,2.0,28.0,452.22540283203125,523.864013671875,505.0107116699219,563.4186401367188
92,2.0,28.0,453.1347351074219,520.7993774414062,505.9973449707031,562.9087524414062
93,2.0,28.0,453.7569274902344,522.5117797851562,506.6933898925781,563.0928344726562
94,2.0,28.0,453.69342041015625,521.8849487304688,506.636962890625,563.4661865234375
95,2.0,28.0,454.1378173828125,519.629150390625,506.899169921875,563.4010009765625
96,2.0,28.0,454.29437255859375,520.37060546875,507.5133361816406,563.600830078125
97,2.0,28.0,455.4295654296875,520.2638549804688,507.92401123046875,563.9421997070312
98,2.0,28.0,456.161865234375,519.272216796875,509.080078125,564.9136352539062
99,2.0,28.0,457.2047424316406,520.9362182617188,509.8492126464844,564.8445434570312
100,2.0,28.0,457.47802734375,521.2314453125,512.0321044921875,565.0474853515625
101,2.0,28.0,458.4310302734375,522.44775390625,514.4722900390625,566.0070190429688
102,2.0,28.0,459.3190002441406,523.7211303710938,516.0681762695312,566.4886474609375
103,2.0,28.0,459.86798095703125,522.8364868164062,516.6102294921875,567.5289916992188
104,2.0,28.0,460.3431396484375,521.7153930664062,517.5977783203125,568.1347045898438
105,2.0,28.0,460.43121337890625,520.419189453125,517.9905395507812,568.48046875
106,2.0,28.0,460.0966491699219,519.8182983398438,519.1764526367188,569.154296875
107,2.0,28.0,460.39935302734375,518.535888671875,519.8731079101562,568.6054077148438
108,2.0,28.0,460.82159423828125,518.4815063476562,521.618896484375,568.9786376953125
109,2.0,28.0,461.1871643066406,519.2633056640625,525.5730590820312,569.9715576171875
110,2.0,28.0,461.9234619140625,520.1715698242188,527.2044067382812,571.0804443359375
111,2.0,28.0,462.6798095703125,519.3754272460938,530.5345458984375,572.0687255859375
112,2.0,28.0,462.8758850097656,517.5883178710938,531.7017822265625,572.4401245117188
113,2.0,28.0,463.31378173828125,513.2960815429688,533.8456420898438,572.81201171875
114,2.0,28.0,463.72821044921875,510.24896240234375,535.201904296875,572.8112182617188
115,2.0,28.0,463.7445373535156,511.17108154296875,535.3766479492188,572.7679443359375
116,2.0,28.0,464.4960632324219,510.83172607421875,538.0697021484375,573.3588256835938
117,2.0,28.0,465.61248779296875,511.1451721191406,540.1500854492188,573.9232177734375
118,2.0,28.0,466.3887939453125,511.82891845703125,542.2698974609375,574.60205078125
119,2.0,28.0,467.0694580078125,513.35986328125,544.502685546875,575.3043823242188
120,2.0,28.0,467.34844970703125,514.6260375976562,546.1777954101562,576.2706909179688
121,2.0,28.0,468.10394287109375,515.431640625,548.0357666015625,578.16650390625
122,2.0,28.0,469.5072021484375,514.864013671875,550.6760864257812,579.30810546875
123,2.0,28.0,471.1268310546875,516.1427612304688,553.9637451171875,580.6104736328125
124,2.0,28.0,472.62542724609375,515.8348999023438,555.8831787109375,581.3221435546875
125,2.0,28.0,473.6265869140625,512.4072875976562,558.695556640625,582.430908203125
126,2.0,28.0,474.341552734375,509.8997802734375,562.2659301757812,583.4111938476562
127,2.0,28.0,476.03546142578125,509.352294921875,565.2737426757812,584.2634887695312
128,2.0,28.0,477.5474853515625,510.306884765625,568.2078857421875,585.0753173828125
129,2.0,28.0,478.861328125,509.8846130371094,569.6367797851562,585.6491088867188
130,2.0,28.0,479.725341796875,509.82562255859375,572.7083740234375,586.251953125
131,2.0,28.0,481.07928466796875,510.30670166015625,576.3243408203125,586.8364868164062
132,2.0,28.0,481.31396484375,511.455078125,579.99365234375,587.5995483398438
133,2.0,28.0,481.5460205078125,510.6484375,583.9208984375,588.002685546875
134,2.0,28.0,481.9298095703125,509.2023620605469,587.7085571289062,588.9164428710938
135,2.0,28.0,484.08160400390625,507.6934814453125,591.9222412109375,590.1112670898438
136,2.0,28.0,486.2380676269531,505.7174377441406,595.918212890625,591.8898315429688
137,2.0,28.0,488.4822998046875,503.87786865234375,599.7119140625,593.3317260742188
138,2.0,28.0,490.458984375,502.0814208984375,603.8056030273438,596.1062622070312
139,2.0,28.0,493.43682861328125,501.1096496582031,609.2672729492188,597.1257934570312
140,2.0,28.0,493.5914306640625,500.6180725097656,613.9170532226562,598.3751831054688
141,2.0,28.0,494.12542724609375,499.1807556152344,618.7002563476562,599.2860717773438
142,2.0,28.0,497.49560546875,497.5716247558594,623.50390625,600.6527709960938
143,2.0,28.0,499.6477966308594,495.9866027832031,628.5305786132812,602.575439453125
144,2.0,28.0,499.8821716308594,496.1917724609375,635.2265625,604.8736572265625
145,2.0,28.0,501.38922119140625,496.1808166503906,640.8275146484375,607.9846801757812
146,2.0,28.0,501.4881591796875,495.9244079589844,647.4090576171875,609.57275390625
147,2.0,28.0,503.6490478515625,495.5110778808594,654.7156372070312,611.2825927734375
148,2.0,28.0,505.8309326171875,494.19183349609375,663.3589477539062,614.7474365234375
149,2.0,28.0,510.0947265625,491.9584655761719,670.9955444335938,617.3511962890625
150,2.0,28.0,514.7388916015625,489.61798095703125,678.9935302734375,619.8385620117188
151,2.0,28.0,517.665771484375,487.85968017578125,687.6273803710938,622.7518920898438
152,2.0,28.0,519.2578735351562,485.8172912597656,697.7933349609375,626.1041259765625
153,2.0,28.0,523.05517578125,485.751708984375,708.5137329101562,629.6377563476562
154,2.0,28.0,526.4542236328125,484.5238037109375,719.05419921875,634.3419189453125
155,2.0,28.0,529.8356323242188,482.7352294921875,730.5714721679688,639.0669555664062
156,2.0,28.0,533.6245727539062,481.7291564941406,743.8905029296875,643.6520385742188
157,2.0,28.0,538.6109008789062,480.26654052734375,758.2103881835938,647.237548828125
158,2.0,28.0,544.2967529296875,478.14678955078125,773.0665283203125,651.9567260742188
159,2.0,28.0,549.55419921875,474.6443786621094,790.1372680664062,657.3117065429688
160,2.0,28.0,555.2056884765625,471.0352478027344,808.9548950195312,662.3724975585938
161,2.0,28.0,561.5672607421875,469.5636291503906,828.8827514648438,667.69970703125
162,2.0,28.0,567.2695922851562,466.1322021484375,851.5640869140625,674.9043579101562
163,2.0,28.0,574.2161865234375,462.79071044921875,878.0057983398438,683.811767578125
164,2.0,28.0,581.6519165039062,454.974365234375,905.7191772460938,694.6385498046875
165,2.0,28.0,590.5615234375,448.1094665527344,937.5446166992188,705.7020874023438
166,2.0,28.0,600.7089233398438,444.4400329589844,976.0462036132812,718.051025390625
167,2.0,28.0,612.23388671875,443.0039978027344,1017.6085815429688,731.7573852539062
168,2.0,28.0,624.2864990234375,437.7503356933594,1066.6151123046875,745.2880249023438
169,2.0,28.0,639.2300415039062,433.19061279296875,1122.977783203125,765.4820556640625
170,2.0,28.0,652.9915771484375,429.6511535644531,1190.7802734375,787.9169921875
171,2.0,28.0,671.1739501953125,421.5821228027344,1271.2200927734375,812.7120361328125
172,2.0,28.0,690.5780639648438,410.65374755859375,1367.296142578125,845.8500366210938
173,2.0,28.0,715.9723510742188,400.4437255859375,1487.713623046875,886.4651489257812
174,2.0,28.0,744.4105834960938,387.0035095214844,1638.2537841796875,937.8547973632812
175,2.0,28.0,778.8272705078125,371.27618408203125,1822.3931884765625,1008.8577270507812
176,2.0,28.0,820.484619140625,348.295654296875,1900.632568359375,1053.4765625
177,2.0,28.0,873.0244750976562,317.0038146972656,1920.0,1077.2603759765625
178,2.0,28.0,942.7303466796875,272.91046142578125,1920.0,1079.592041015625
179,2.0,28.0,1034.7991943359375,211.689453125,1920.0,1077.8955078125
180,2.0,28.0,1159.203857421875,127.14115142822266,1920.0,1078.424560546875
181,2.0,28.0,1338.4417724609375,111.3575668334961,1920.0,1080.0
