21,2.0,12.0,456.33544921875,521.7504272460938,503.10626220703125,556.3231201171875
22,2.0,12.0,456.8416442871094,520.7871704101562,504.0035705566406,556.517578125
23,2.0,12.0,456.87786865234375,521.7517700195312,504.96826171875,556.4873657226562
24,2.0,12.0,457.39837646484375,519.3956298828125,505.67340087890625,556.53369140625
25,2.0,12.0,457.6529846191406,520.5286254882812,506.17413330078125,556.6897583007812
26,2.0,12.0,457.5315246582031,521.0527954101562,506.96124267578125,557.1428833007812
27,2.0,12.0,457.88140869140625,521.878662109375,507.2031555175781,557.5485229492188
28,2.0,12.0,458.3093566894531,521.9569091796875,507.4818115234375,557.5975952148438
29,2.0,12.0,458.6385498046875,520.3490600585938,507.82861328125,557.9025268554688
30,2.0,12.0,459.2284240722656,520.0098266601562,508.0471496582031,558.0172729492188
31,2.0,12.0,459.8825988769531,521.6168823242188,507.732666015625,558.5894165039062
32,2.0,12.0,460.33209228515625,522.5531616210938,507.6933288574219,558.6510009765625
33,2.0,12.0,460.27777099609375,523.72021484375,507.9486083984375,558.9750366210938
34,2.0,12.0,460.33978271484375,524.3826293945312,508.0721740722656,559.3417358398438
35,2.0,12.0,460.6024475097656,524.1424560546875,508.01226806640625,559.8907470703125
36,2.0,12.0,460.741455078125,523.372314453125,507.9254455566406,560.6236572265625
37,2.0,12.0,460.5747985839844,522.8963623046875,508.0384826660156,560.7578735351562
38,2.0,12.0,460.9195556640625,521.2007446289062,508.5755615234375,560.3524780273438
39,2.0,12.0,461.4270935058594,520.5192260742188,509.28009033203125,559.9411010742188
40,2.0,12.0,461.45611572265625,519.9705200195312,509.9455871582031,559.9422607421875
41,2.0,12.0,461.4800720214844,519.8096923828125,510.3509216308594,560.3980102539062
42,2.0,12.0,460.3106994628906,518.94287109375,510.4329833984375,560.6976318359375
43,2.0,12.0,460.60382080078125,519.2213745117188,511.0267028808594,560.9771118164062
44,2.0,12.0,460.7724914550781,520.2964477539062,511.7908630371094,561.4241333007812
45,2.0,12.0,461.1864318847656,520.6268920898438,512.47265625,561.712890625
46,2.0,12.0,461.7901611328125,521.3310546875,513.0828857421875,561.8456420898438
47,2.0,12.0,461.77459716796875,521.4928588867188,513.4833984375,562.1993408203125
48,2.0,12.0,462.0929260253906,522.658935546875,514.3201293945312,562.8937377929688
49,2.0,12.0,462.1576232910156,522.3500366210938,515.3887329101562,563.1317749023438
50,2.0,12.0,462.3457946777344,521.3900146484375,516.3458251953125,563.2838745117188
51,2.0,12.0,462.6358337402344,521.3934936523438,517.4334106445312,563.4177856445312
52,2.0,12.0,462.8152770996094,521.6085815429688,518.0885009765625,563.4144897460938
53,2.0,12.0,462.7226257324219,521.5845947265625,518.0658569335938,563.424072265625
54,2.0,12.0,462.6224670410156,521.2522583007812,518.0579223632812,563.583984375
55,2.0,12.0,462.32916259765625,520.2662353515625,518.4791259765625,563.9327392578125
56,2.0,12.0,462.2381896972656,521.700927734375,518.8328247070312,564.3549194335938
57,2.0,12.0,462.41815185546875,520.02978515625,519.5298461914062,564.8792724609375
58,2.0,12.0,462.5850830078125,519.2286987304688,520.7207641601562,565.5755004882812
59,2.0,12.0,462.1963195800781,518.0122680664062,522.99609375,565.7522583007812
60,2.0,12.0,462.66192626953125,518.5447387695312,524.5036010742188,566.0436401367188
61,2.0,12.0,462.70806884765625,520.91162109375,525.1136474609375,566.1500854492188
62,2.0,12.0,462.84661865234375,520.6163940429688,526.1466674804688,566.6304931640625
63,2.0,12.0,462.83624267578125,518.56689453125,528.3956298828125,566.4902954101562
64,2.0,12.0,463.1092529296875,517.60546875,528.7675170898438,566.83984375
65,2.0,12.0,462.951416015625,516.3143920898438,528.7449951171875,567.33251953125
66,2.0,12.0,463.3003845214844,515.805908203125,529.0587158203125,569.4030151367188
67,2.0,12.0,463.6341247558594,514.7630004882812,530.469482421875,570.4602661132812
68,2.0,12.0,464.15936279296875,512.9483642578125,532.3583984375,570.6229248046875
69,2.0,12.0,464.7408752441406,513.9442138671875,533.7518310546875,570.4892578125
70,2.0,12.0,465.37255859375,514.6366577148438,534.4122314453125,570.0070190429688
71,2.0,12.0,465.62823486328125,515.1702270507812,534.51708984375,570.6912841796875
72,2.0,12.0,465.8817138671875,514.8287963867188,534.3729858398438,571.1167602539062
73,2.0,12.0,465.94012451171875,514.6103515625,534.6451416015625,571.6165771484375
74,2.0,12.0,466.1095275878906,514.5737915039062,536.0531616210938,572.3599853515625
75,2.0,12.0,466.46630859375,513.8191528320312,538.0491943359375,572.6124877929688
76,2.0,12.0,466.4498596191406,513.5477905273438,539.1893920898438,572.684326171875
77,2.0,12.0,466.8385925292969,513.0792236328125,540.9868774414062,572.8038940429688
78,2.0,12.0,466.4138488769531,510.8569030761719,542.7898559570312,573.1524047851562
79,2.0,12.0,466.6728515625,510.3308410644531,543.5433349609375,573.3330078125
80,2.0,12.0,467.7159423828125,511.2257995605469,544.2547607421875,574.2753295898438
81,2.0,12.0,468.84344482421875,511.9363098144531,544.669677734375,574.799072265625
82,2.0,12.0,468.95489501953125,511.7716979980469,545.591552734375,575.2440795898438
83,2.0,12.0,468.91351318359375,511.34686279296875,547.5639038085938,576.586181640625
84,2.0,12.0,468.4586181640625,510.8191223144531,548.815185546875,577.3939208984375
85,2.0,12.0,468.8135681152344,511.25146484375,550.3639526367188,578.7410278320312
86,2.0,12.0,469.77996826171875,511.1959533691406,552.7590942382812,579.6266479492188
87,2.0,12.0,470.15496826171875,509.6298522949219,553.845458984375,579.8516235351562
88,2.0,12.0,470.58294677734375,508.90948486328125,556.2904052734375,581.3534545898438
89,2.0,12.0,471.88397216796875,506.48431396484375,558.4049072265625,582.2681884765625
90,2.0,12.0,472.6410827636719,506.2893981933594,560.5465698242188,583.1647338867188
91,2.0,12.0,472.6766662597656,506.4104919433594,563.2892456054688,583.9666748046875
92,2.0,12.0,472.9124755859375,506.6275634765625,564.5662841796875,584.3685913085938
93,2.0,12.0,473.5566101074219,506.3976135253906,566.4169311523438,585.240966796875
94,2.0,12.0,474.6617431640625,506.7635498046875,567.7330322265625,585.8411865234375
95,2.0,12.0,474.92645263671875,506.9283142089844,568.6354370117188,586.4253540039062
96,2.0,12.0,474.95068359375,506.7408142089844,570.8566284179688,586.82958984375
97,2.0,12.0,477.2930603027344,505.8575134277344,573.4487915039062,587.2360229492188
98,2.0,12.0,478.90802001953125,504.78436279296875,576.3051147460938,587.5547485351562
99,2.0,12.0,480.146728515625,505.4530944824219,579.4957275390625,588.119384765625
100,2.0,12.0,480.4511413574219,505.1245422363281,582.888671875,588.9097900390625
101,2.0,12.0,480.75433349609375,504.0485534667969,586.8539428710938,588.7379760742188
102,2.0,12.0,481.17523193359375,503.351806640625,590.141845703125,590.2501831054688
103,2.0,12.0,481.78314208984375,502.5378112792969,592.6679077148438,592.3463134765625
104,2.0,12.0,480.6814880371094,499.9305725097656,593.9801635742188,592.7123413085938
105,2.0,12.0,481.52532958984375,501.1459655761719,597.34912109375,594.7406616210938
106,2.0,12.0,481.7071533203125,501.50872802734375,600.2597045898438,596.847900390625
107,2.0,12.0,482.01605224609375,499.55877685546875,604.7814331054688,597.1083374023438
108,2.0,12.0,483.8379821777344,498.3714294433594,607.6925659179688,597.727783203125
109,2.0,12.0,485.77545166015625,497.49114990234375,610.9073486328125,598.3006591796875
110,2.0,12.0,487.096435546875,496.54052734375,615.6874389648438,599.96533203125
111,2.0,12.0,489.5240173339844,493.71514892578125,618.9598388671875,601.1142578125
112,2.0,12.0,491.3656921386719,493.5091552734375,621.8609619140625,603.633056640625
113,2.0,12.0,493.55120849609375,494.1317138671875,626.5337524414062,605.119384765625
114,2.0,12.0,494.4334411621094,494.2453308105469,630.848876953125,607.3374633789062
115,2.0,12.0,495.89288330078125,495.0445556640625,636.2142333984375,609.0386352539062
116,2.0,12.0,498.205078125,494.2554931640625,640.4033203125,610.3876953125
117,2.0,12.0,496.7461242675781,492.4547424316406,646.0045166015625,612.4989624023438
118,2.0,12.0,497.4736022949219,491.8672790527344,651.1924438476562,614.4640502929688
119,2.0,12.0,498.06390380859375,489.4460754394531,656.4202880859375,618.4652099609375
120,2.0,12.0,498.2964172363281,488.17327880859375,663.2689819335938,620.8827514648438
121,2.0,12.0,501.3006896972656,487.59161376953125,669.4727172851562,621.1270751953125
122,2.0,12.0,503.0574645996094,486.910888671875,675.0242919921875,622.4589233398438
123,2.0,12.0,505.9620361328125,486.2906494140625,682.0237426757812,626.5224609375
124,2.0,12.0,508.3439025878906,485.21392822265625,688.7936401367188,630.0223999023438
125,2.0,12.0,510.96246337890625,483.9661865234375,696.9143676757812,632.3831787109375
126,2.0,12.0,512.7822265625,482.83843994140625,704.1837768554688,634.7711181640625
127,2.0,12.0,515.4241333007812,482.0988464355469,713.1378173828125,638.323486328125
128,2.0,12.0,517.0479125976562,480.5300598144531,721.9585571289062,642.1688232421875
129,2.0,12.0,518.5256958007812,478.7959289550781,732.013427734375,644.7378540039062
130,2.0,12.0,520.9800415039062,477.1536865234375,743.2706909179688,647.0551147460938
131,2.0,12.0,524.2274169921875,475.1968078613281,755.5067138671875,650.427490234375
132,2.0,12.0,527.4278564453125,474.2041015625,765.8853759765625,655.6721801757812
133,2.0,12.0,531.7102661132812,471.8645935058594,779.4803466796875,659.4922485351562
134,2.0,12.0,534.816650390625,468.1964111328125,793.4052734375,664.390625
135,2.0,12.0,539.6598510742188,467.7980651855469,807.983154296875,668.9435424804688
136,2.0,12.0,544.4178466796875,465.595703125,824.6923828125,674.091552734375
137,2.0,12.0,550.196533203125,462.9853515625,842.3064575195312,680.9180908203125
138,2.0,12.0,556.2017822265625,456.7217712402344,862.35107421875,688.3505249023438
139,2.0,12.0,562.6510620117188,452.4068298339844,884.6052856445312,696.0900268554688
140,2.0,12.0,566.2867431640625,448.8821105957031,906.0995483398438,704.2091064453125
141,2.0,12.0,572.5028076171875,446.56048583984375,932.2378540039062,713.4708251953125
142,2.0,12.0,578.324462890625,443.8802185058594,959.7114868164062,724.8462524414062
143,2.0,12.0,585.1641235351562,442.8449401855469,991.420654296875,737.134521484375
144,2.0,12.0,595.9909057617188,440.0268249511719,1026.451416015625,747.1857299804688
145,2.0,12.0,603.4476318359375,435.56121826171875,1065.4820556640625,762.01025390625
146,2.0,12.0,612.0758666992188,431.3446960449219,1109.625244140625,777.1234130859375
147,2.0,12.0,621.492431640625,426.55096435546875,1159.9400634765625,794.382080078125
148,2.0,12.0,632.7809448242188,422.52606201171875,1217.93115234375,814.509521484375
149,2.0,12.0,645.4776611328125,412.4872741699219,1285.2982177734375,836.8059692382812
150,2.0,12.0,660.6199951171875,406.32794189453125,1363.0516357421875,865.3754272460938
151,2.0,12.0,675.5548706054688,396.43231201171875,1456.3201904296875,897.8634643554688
152,2.0,12.0,694.756103515625,386.2180480957031,1567.18310546875,938.596435546875
153,2.0,12.0,715.5912475585938,372.9397277832031,1702.06884765625,992.0526123046875
154,2.0,12.0,743.291748046875,357.78558349609375,1849.014404296875,1046.46728515625
155,2.0,12.0,770.5194702148438,337.54412841796875,1911.153564453125,1066.6639404296875
156,2.0,12.0,799.856689453125,311.671875,1920.0,1074.57275390625
157,2.0,12.0,846.8682861328125,279.90496826171875,1920.0,1080.0
158,2.0,12.0,899.079833984375,239.72889709472656,1920.0,1080.0
159,2.0,12.0,966.1121826171875,180.4736785888672,1920.0,1078.541015625
160,2.0,12.0,1048.5517578125,103.2815933227539,1920.0,1075.422119140625
161,2.0,12.0,1155.3385009765625,49.553688049316406,1920.0,1075.8634033203125
162,2.0,12.0,1302.24609375,48.25461959838867,1920.0,1077.26416015625
