25,2.0,197.0,207.7503662109375,648.26611328125,258.1656799316406,683.0232543945312
26,2.0,197.0,208.1756591796875,647.6712036132812,257.9581298828125,682.9976806640625
27,2.0,197.0,208.81982421875,645.8029174804688,258.218994140625,683.22900390625
28,2.0,197.0,208.68914794921875,645.2877807617188,258.6183776855469,683.5796508789062
29,2.0,197.0,208.64999389648438,647.17236328125,258.8332214355469,683.8063354492188
30,2.0,197.0,208.8580780029297,644.7587890625,258.9481201171875,683.6572875976562
31,2.0,197.0,208.7346954345703,645.7634887695312,258.8332214355469,683.3701782226562
32,2.0,197.0,208.7852783203125,644.2771606445312,259.37646484375,683.353271484375
33,2.0,197.0,208.43600463867188,645.0993041992188,259.8277587890625,683.4205932617188
34,2.0,197.0,209.28648376464844,644.3742065429688,261.2841796875,683.632080078125
35,2.0,197.0,209.71694946289062,643.6218872070312,262.71881103515625,683.9624633789062
36,2.0,197.0,209.5338134765625,643.492919921875,264.134765625,684.2727661132812
37,2.0,197.0,209.010498046875,644.0664672851562,265.29327392578125,684.7237548828125
38,2.0,197.0,208.4287567138672,645.3507690429688,266.0152282714844,684.7796020507812
39,2.0,197.0,208.47994995117188,645.9749145507812,266.072509765625,684.839111328125
40,2.0,197.0,209.60092163085938,645.1332397460938,266.3746032714844,684.8911743164062
41,2.0,197.0,210.15293884277344,644.3436279296875,267.2215576171875,685.1544799804688
42,2.0,197.0,211.11082458496094,644.8670654296875,267.8957214355469,685.1123046875
43,2.0,197.0,211.30197143554688,645.1644897460938,268.1865234375,685.3110961914062
44,2.0,197.0,210.45635986328125,646.2506713867188,268.6537780761719,686.0069580078125
45,2.0,197.0,210.89913940429688,646.3936157226562,268.5786437988281,686.1272583007812
46,2.0,197.0,211.73394775390625,644.9666748046875,267.9533996582031,685.7832641601562
47,2.0,197.0,211.6624755859375,644.7483520507812,267.9766845703125,686.4383544921875
48,2.0,197.0,211.06495666503906,644.4529418945312,268.09832763671875,687.735107421875
49,2.0,197.0,210.7276153564453,644.2396240234375,268.79022216796875,688.67041015625
50,2.0,197.0,210.870849609375,644.23046875,269.3283386230469,689.5311889648438
51,2.0,197.0,211.0143585205078,644.6519165039062,270.1921691894531,690.0286865234375
52,2.0,197.0,211.26722717285156,645.11572265625,270.4711608886719,689.96923828125
53,2.0,197.0,211.75863647460938,645.3456420898438,270.8218994140625,689.8431396484375
54,2.0,197.0,211.69264221191406,645.1656494140625,272.39874267578125,689.76416015625
55,2.0,197.0,211.7346954345703,644.6751098632812,273.32916259765625,689.8118896484375
56,2.0,197.0,212.2141571044922,644.57421875,273.7140808105469,689.935302734375
57,2.0,197.0,212.6998748779297,645.0841064453125,274.9161376953125,690.3554077148438
58,2.0,197.0,213.30838012695312,645.5205688476562,275.9237365722656,690.81201171875
59,2.0,197.0,213.92381286621094,645.1511840820312,276.9440612792969,691.0460815429688
60,2.0,197.0,213.772705078125,645.2210083007812,277.5692138671875,691.3312377929688
61,2.0,197.0,214.48724365234375,645.7867431640625,278.70062255859375,691.1748046875
62,2.0,197.0,215.01678466796875,645.4620971679688,279.6654968261719,691.006103515625
63,2.0,197.0,214.76011657714844,647.4323120117188,280.0302734375,691.5309448242188
64,2.0,197.0,215.42149353027344,645.9099731445312,280.772705078125,692.2662353515625
65,2.0,197.0,216.24813842773438,645.0308227539062,282.0242919921875,692.9708251953125
66,2.0,197.0,216.50950622558594,645.1239624023438,282.69476318359375,693.6608276367188
67,2.0,197.0,216.26107788085938,645.0638427734375,282.755126953125,694.0695190429688
68,2.0,197.0,216.2927703857422,645.6981811523438,283.3522033691406,694.015380859375
69,2.0,197.0,215.80653381347656,645.954833984375,283.6898498535156,693.9082641601562
70,2.0,197.0,216.02972412109375,646.4108276367188,283.9847106933594,693.9849853515625
71,2.0,197.0,217.08799743652344,644.8182983398438,283.8833923339844,694.1732177734375
72,2.0,197.0,217.76876831054688,645.6533813476562,283.2779846191406,694.287353515625
73,2.0,197.0,217.51058959960938,645.6337280273438,283.8845520019531,694.6036987304688
74,2.0,197.0,217.25189208984375,644.2786865234375,285.4668273925781,694.8624267578125
75,2.0,197.0,217.50375366210938,643.8992919921875,287.3406982421875,695.2355346679688
76,2.0,197.0,217.7302703857422,643.7355346679688,288.1085510253906,695.1607055664062
77,2.0,197.0,218.23011779785156,642.9425048828125,289.9275207519531,695.530517578125
78,2.0,197.0,218.48458862304688,641.6778564453125,291.44537353515625,695.9468994140625
79,2.0,197.0,219.0059051513672,641.5170288085938,291.4840393066406,695.933837890625
80,2.0,197.0,219.06292724609375,641.1657104492188,290.6629333496094,695.995361328125
81,2.0,197.0,219.82171630859375,639.23583984375,291.3805236816406,696.4974975585938
82,2.0,197.0,220.01153564453125,638.95361328125,293.86859130859375,696.6397094726562
83,2.0,197.0,220.76071166992188,639.1422119140625,296.0279235839844,697.1931762695312
84,2.0,197.0,220.9560546875,638.7435302734375,297.3955993652344,697.7073364257812
85,2.0,197.0,220.97230529785156,637.8861083984375,298.9981994628906,697.98193359375
86,2.0,197.0,220.87765502929688,638.9591674804688,300.0772399902344,699.28125
87,2.0,197.0,221.0020751953125,637.9237060546875,300.9844665527344,699.0087280273438
88,2.0,197.0,220.37220764160156,636.8594360351562,302.0221862792969,699.1085205078125
89,2.0,197.0,220.20263671875,638.2604370117188,303.3983459472656,700.5374755859375
90,2.0,197.0,221.09341430664062,638.18896484375,303.4991760253906,700.9197387695312
91,2.0,197.0,221.90089416503906,638.311279296875,304.73040771484375,701.8302001953125
92,2.0,197.0,221.8863525390625,638.5828247070312,305.71087646484375,702.7713623046875
93,2.0,197.0,222.2494354248047,638.2551879882812,306.6688537597656,703.0796508789062
94,2.0,197.0,222.29209899902344,638.3988037109375,308.0927734375,703.9126586914062
95,2.0,197.0,222.58128356933594,638.8831787109375,309.2203369140625,704.4121704101562
96,2.0,197.0,221.7843475341797,639.5536499023438,310.0024108886719,705.4557495117188
97,2.0,197.0,221.527099609375,638.962646484375,311.2066345214844,705.7494506835938
98,2.0,197.0,222.70750427246094,638.3128051757812,312.73321533203125,705.3914184570312
99,2.0,197.0,223.83180236816406,639.3842163085938,314.54193115234375,705.3612670898438
100,2.0,197.0,224.3852996826172,639.814208984375,315.9955749511719,705.651123046875
101,2.0,197.0,224.61276245117188,639.3491821289062,317.2364501953125,707.1415405273438
102,2.0,197.0,225.88412475585938,639.1570434570312,319.9906921386719,707.7413330078125
103,2.0,197.0,226.60943603515625,639.3402099609375,321.3780822753906,708.1630249023438
104,2.0,197.0,227.80189514160156,639.0599975585938,321.8754577636719,708.7913818359375
105,2.0,197.0,228.24554443359375,638.61865234375,323.1513671875,710.3390502929688
106,2.0,197.0,229.39291381835938,638.8809814453125,325.4638366699219,711.1946411132812
107,2.0,197.0,229.2393798828125,638.1110229492188,327.642822265625,712.6332397460938
108,2.0,197.0,229.30809020996094,638.0894165039062,329.1307373046875,713.2147216796875
109,2.0,197.0,229.2312774658203,637.5072631835938,330.1448669433594,713.7816162109375
110,2.0,197.0,229.57745361328125,637.2583618164062,331.9068298339844,714.7394409179688
111,2.0,197.0,230.0420379638672,637.8668823242188,333.0560302734375,715.7340698242188
112,2.0,197.0,231.40725708007812,638.5435180664062,334.8139953613281,716.432861328125
113,2.0,197.0,232.09579467773438,637.262451171875,336.9124755859375,717.0763549804688
114,2.0,197.0,231.90768432617188,636.8995971679688,339.78271484375,717.5576782226562
115,2.0,197.0,232.5564727783203,636.7789916992188,341.5679016113281,718.09814453125
116,2.0,197.0,233.1055908203125,636.5816650390625,343.1298522949219,718.4817504882812
117,2.0,197.0,233.49053955078125,636.6100463867188,344.4628601074219,719.1836547851562
118,2.0,197.0,234.5568084716797,636.6251831054688,346.2331848144531,719.770751953125
119,2.0,197.0,235.704345703125,636.2700805664062,348.4717712402344,720.1556396484375
120,2.0,197.0,237.58804321289062,635.907470703125,351.0209045410156,720.2085571289062
121,2.0,197.0,238.7222137451172,635.5725708007812,353.4657287597656,721.7908935546875
122,2.0,197.0,239.9751434326172,635.4428100585938,355.3822021484375,722.6812744140625
123,2.0,197.0,239.77554321289062,634.843994140625,358.0653381347656,723.488037109375
124,2.0,197.0,240.24478149414062,634.2854614257812,360.8783874511719,724.394775390625
125,2.0,197.0,241.17735290527344,633.5795288085938,362.4794006347656,725.7758178710938
126,2.0,197.0,241.47515869140625,634.7667236328125,364.3114013671875,727.1312866210938
127,2.0,197.0,241.83419799804688,634.1896362304688,366.57989501953125,728.5802612304688
128,2.0,197.0,241.60931396484375,633.3462524414062,369.5104064941406,729.8104248046875
129,2.0,197.0,241.8019561767578,632.80810546875,372.1156311035156,730.982421875
130,2.0,197.0,239.92352294921875,632.5679321289062,373.4823913574219,732.107666015625
131,2.0,197.0,240.2018280029297,632.59375,375.9675598144531,733.5143432617188
132,2.0,197.0,242.1266632080078,633.5361938476562,379.1312255859375,734.146240234375
133,2.0,197.0,243.39892578125,634.0612182617188,382.3985595703125,734.6275024414062
134,2.0,197.0,244.7435302734375,633.8907470703125,384.70623779296875,736.18115234375
135,2.0,197.0,246.0036163330078,632.8466186523438,387.25396728515625,736.8602294921875
136,2.0,197.0,246.6024627685547,631.7133178710938,390.02850341796875,737.7626953125
137,2.0,197.0,247.82640075683594,631.29296875,393.74139404296875,739.002197265625
138,2.0,197.0,250.52127075195312,628.0899047851562,397.4413146972656,740.797119140625
139,2.0,197.0,252.2941131591797,627.0347900390625,399.8493957519531,742.485107421875
140,2.0,197.0,253.0594482421875,626.9479370117188,403.5525207519531,743.17578125
141,2.0,197.0,253.65756225585938,628.0321044921875,406.8216857910156,744.5741577148438
142,2.0,197.0,254.9214324951172,628.47705078125,409.9715270996094,745.8767700195312
143,2.0,197.0,256.35369873046875,628.44384765625,414.1633605957031,747.1748657226562
144,2.0,197.0,256.601806640625,628.0845336914062,418.92822265625,751.0913696289062
145,2.0,197.0,257.12432861328125,628.4901123046875,422.4588623046875,751.4367065429688
146,2.0,197.0,259.0754089355469,627.9193725585938,426.45550537109375,754.1167602539062
147,2.0,197.0,259.2532958984375,627.8013916015625,431.0383605957031,757.1984252929688
148,2.0,197.0,261.6604309082031,627.8778076171875,434.4766540527344,759.206298828125
149,2.0,197.0,263.6105041503906,627.3204956054688,439.7875061035156,761.68310546875
150,2.0,197.0,264.4787292480469,627.4448852539062,444.0469665527344,762.7503051757812
151,2.0,197.0,264.7845764160156,627.5147705078125,449.3607482910156,765.1411743164062
152,2.0,197.0,266.09429931640625,627.7508544921875,455.9385681152344,766.6007690429688
153,2.0,197.0,267.4173278808594,628.02734375,460.23089599609375,767.4619140625
154,2.0,197.0,269.1615295410156,628.4658203125,465.03021240234375,769.5326538085938
155,2.0,197.0,270.54827880859375,628.5311279296875,470.16375732421875,772.5117797851562
156,2.0,197.0,273.4423522949219,627.6963500976562,477.1317138671875,774.7677001953125
157,2.0,197.0,274.6753845214844,627.4693603515625,482.76239013671875,778.669189453125
158,2.0,197.0,276.045166015625,626.1990966796875,490.49322509765625,781.8059692382812
159,2.0,197.0,276.10382080078125,625.5822143554688,497.0382995605469,784.8668823242188
160,2.0,197.0,277.54156494140625,624.5950927734375,503.7726745605469,787.2747192382812
161,2.0,197.0,279.3817138671875,622.1201782226562,511.9653015136719,790.705078125
162,2.0,197.0,281.6412658691406,621.2581787109375,520.1287231445312,794.07275390625
163,2.0,197.0,284.5753479003906,621.1033325195312,528.1500854492188,798.6107177734375
164,2.0,197.0,286.64471435546875,621.8779296875,536.6950073242188,801.216552734375
165,2.0,197.0,287.66986083984375,621.1959228515625,544.8557739257812,805.666748046875
166,2.0,197.0,290.0431213378906,621.0174560546875,553.203857421875,809.9142456054688
167,2.0,197.0,291.90350341796875,620.5253295898438,564.0083618164062,812.3759765625
168,2.0,197.0,296.6908264160156,620.4256591796875,573.7067260742188,816.1048583984375
169,2.0,197.0,299.3683776855469,619.8998413085938,584.12353515625,820.8405151367188
170,2.0,197.0,300.927490234375,618.2969360351562,596.7435913085938,825.7194213867188
171,2.0,197.0,303.9871826171875,618.0654296875,608.5001831054688,829.835205078125
172,2.0,197.0,307.96893310546875,617.9353637695312,621.18310546875,835.1903686523438
173,2.0,197.0,310.8180236816406,616.998046875,635.1343994140625,838.6806640625
174,2.0,197.0,313.8800048828125,615.8519287109375,648.0362548828125,845.0894775390625
175,2.0,197.0,318.51898193359375,614.27197265625,664.3299560546875,850.3079833984375
176,2.0,197.0,321.364501953125,612.8147583007812,682.0317993164062,855.7655639648438
177,2.0,197.0,325.5258483886719,611.3243408203125,700.1058349609375,861.9501342773438
178,2.0,197.0,330.48370361328125,610.48046875,719.075439453125,870.287841796875
179,2.0,197.0,333.6473693847656,607.2294311523438,740.8937377929688,879.1971435546875
180,2.0,197.0,338.4228820800781,604.7655639648438,764.1314697265625,889.5930786132812
181,2.0,197.0,345.5815734863281,600.935791015625,789.5579833984375,897.23974609375
182,2.0,197.0,350.8871765136719,597.1367797851562,815.2210693359375,905.871337890625
183,2.0,197.0,357.427001953125,594.5116577148438,844.0784912109375,916.1709594726562
184,2.0,197.0,362.6444396972656,594.9886474609375,875.3256225585938,929.9285888671875
185,2.0,197.0,369.00762939453125,591.0633544921875,910.2791748046875,944.1587524414062
186,2.0,197.0,375.89520263671875,584.4359741210938,948.32861328125,959.8568115234375
187,2.0,197.0,381.24176025390625,582.078369140625,990.7816772460938,979.1224975585938
188,2.0,197.0,388.9042663574219,580.1806640625,1037.7130126953125,997.0776977539062
189,2.0,197.0,398.5357666015625,578.3804931640625,1090.4908447265625,1020.2615356445312
190,2.0,197.0,407.1825866699219,577.1203002929688,1149.0213623046875,1043.972900390625
191,2.0,197.0,417.1315002441406,575.3576049804688,1217.9002685546875,1067.2462158203125
192,2.0,197.0,429.5728759765625,565.3237915039062,1293.7542724609375,1075.37890625
193,2.0,197.0,444.7978210449219,558.9376831054688,1382.9664306640625,1076.99072265625
194,2.0,197.0,459.23870849609375,552.3549194335938,1482.36669921875,1077.630859375
195,2.0,197.0,471.95697021484375,547.6633911132812,1610.9013671875,1079.757080078125
196,2.0,197.0,487.9161682128906,545.0693359375,1735.8173828125,1079.1512451171875
197,2.0,197.0,492.8575439453125,539.9447631835938,1868.4873046875,1078.333984375
198,2.0,197.0,519.3944702148438,529.7625122070312,1918.737060546875,1076.38330078125
199,2.0,197.0,552.1964721679688,519.8528442382812,1920.0,1074.6177978515625
200,2.0,197.0,584.0248413085938,504.5602111816406,1920.0,1074.0882568359375
201,2.0,197.0,618.9990234375,487.9972229003906,1920.0,1074.5186767578125
202,2.0,197.0,658.4259643554688,469.57342529296875,1920.0,1075.2015380859375
203,2.0,197.0,702.4608764648438,449.2975769042969,1920.0,1074.794189453125
204,2.0,197.0,756.3917236328125,422.52691650390625,1920.0,1076.2598876953125
205,2.0,197.0,814.7667846679688,386.0373229980469,1920.0,1074.2159423828125
206,2.0,197.0,887.256103515625,355.6628112792969,1920.0,1073.2352294921875
207,2.0,197.0,981.051513671875,339.0723571777344,1920.0,1071.5126953125
208,2.0,197.0,1095.8798828125,346.70574951171875,1920.0,1070.9110107421875
209,2.0,197.0,1247.1322021484375,367.6179504394531,1920.0,1070.4794921875
210,2.0,197.0,1464.935546875,428.8739929199219,1920.0,1071.5516357421875
