67,2.0,213.0,228.6550750732422,642.1396484375,281.7467956542969,681.6519775390625
68,2.0,213.0,228.71824645996094,641.8590087890625,281.5274658203125,681.2523803710938
69,2.0,213.0,229.6689453125,643.784912109375,281.5677185058594,681.3313598632812
70,2.0,213.0,229.94264221191406,643.0115356445312,280.98553466796875,680.6892700195312
71,2.0,213.0,229.93939208984375,640.4136962890625,281.5701599121094,680.4346923828125
72,2.0,213.0,229.93824768066406,637.3359375,282.3573913574219,680.89697265625
73,2.0,213.0,230.22259521484375,638.943115234375,283.751953125,681.7819213867188
74,2.0,213.0,230.62603759765625,639.6946411132812,284.7660217285156,681.7777709960938
75,2.0,213.0,230.75057983398438,639.5103149414062,286.30560302734375,682.089599609375
76,2.0,213.0,230.70028686523438,638.4428100585938,287.00799560546875,682.2864990234375
77,2.0,213.0,231.0133056640625,637.897705078125,288.1510314941406,682.4935302734375
78,2.0,213.0,231.7379913330078,638.0597534179688,289.4890441894531,682.8440551757812
79,2.0,213.0,232.1612548828125,639.4700317382812,290.8961486816406,683.1650390625
80,2.0,213.0,232.45672607421875,640.4218139648438,291.0098876953125,683.5186767578125
81,2.0,213.0,232.5307159423828,640.3468017578125,291.31683349609375,683.6887817382812
82,2.0,213.0,233.30189514160156,640.4506225585938,291.3518981933594,684.1056518554688
83,2.0,213.0,234.79795837402344,640.0845336914062,291.5799255371094,684.3043212890625
84,2.0,213.0,235.37672424316406,640.7608642578125,293.0491943359375,684.9161987304688
85,2.0,213.0,236.17529296875,641.297119140625,295.5838317871094,685.53369140625
86,2.0,213.0,236.93923950195312,641.0059814453125,296.3642883300781,685.4662475585938
87,2.0,213.0,236.87918090820312,641.4005737304688,299.87786865234375,686.7353515625
88,2.0,213.0,236.53895568847656,641.190185546875,301.8601989746094,687.788818359375
89,2.0,213.0,236.74188232421875,640.4048461914062,303.3544921875,688.9114379882812
90,2.0,213.0,236.98329162597656,640.8284301757812,305.1984558105469,689.9019775390625
91,2.0,213.0,237.47987365722656,639.3342895507812,306.4004821777344,690.0519409179688
92,2.0,213.0,237.50827026367188,638.2515869140625,307.246826171875,691.992431640625
93,2.0,213.0,237.5841827392578,637.86279296875,307.6576232910156,691.5610961914062
94,2.0,213.0,238.14044189453125,637.47900390625,309.9243469238281,692.4141235351562
95,2.0,213.0,239.6364288330078,637.4927978515625,311.6877136230469,693.04052734375
96,2.0,213.0,241.3169708251953,637.0695190429688,313.7229309082031,693.950439453125
97,2.0,213.0,242.48695373535156,637.1116943359375,315.78167724609375,694.0830078125
98,2.0,213.0,243.6361846923828,636.8214721679688,317.08843994140625,694.124755859375
99,2.0,213.0,244.12571716308594,636.7630615234375,317.6764831542969,694.5289916992188
100,2.0,213.0,244.3473358154297,637.0695190429688,319.96173095703125,694.88623046875
101,2.0,213.0,245.00071716308594,636.0863647460938,322.43780517578125,695.7728881835938
102,2.0,213.0,244.60992431640625,636.4602661132812,323.6763916015625,696.5498657226562
103,2.0,213.0,243.5898895263672,637.7015380859375,324.3319091796875,697.2946166992188
104,2.0,213.0,244.26434326171875,636.7628173828125,326.5291748046875,699.0446166992188
105,2.0,213.0,245.6956329345703,636.0338134765625,327.819580078125,700.43017578125
106,2.0,213.0,245.38101196289062,635.5911865234375,330.1675720214844,700.743408203125
107,2.0,213.0,244.81349182128906,634.9835205078125,331.8609313964844,701.6129150390625
108,2.0,213.0,246.84176635742188,634.9854736328125,334.5699157714844,703.5574340820312
109,2.0,213.0,247.83486938476562,635.8158569335938,337.76666259765625,704.2498779296875
110,2.0,213.0,248.3285675048828,636.0094604492188,340.5289001464844,704.82373046875
111,2.0,213.0,249.77706909179688,635.6353149414062,343.5506286621094,705.0888061523438
112,2.0,213.0,251.99876403808594,634.9041137695312,345.9005432128906,705.299072265625
113,2.0,213.0,252.6679229736328,634.5776977539062,348.493896484375,707.5966186523438
114,2.0,213.0,253.19964599609375,634.71142578125,351.36505126953125,709.3770141601562
115,2.0,213.0,253.53750610351562,635.48388671875,354.1579284667969,711.4379272460938
116,2.0,213.0,253.76751708984375,634.51171875,357.5332946777344,712.6853637695312
117,2.0,213.0,254.51902770996094,634.6033935546875,360.7239685058594,713.6529541015625
118,2.0,213.0,255.9289093017578,634.3692016601562,364.0080261230469,714.8002319335938
119,2.0,213.0,256.7738952636719,632.7135009765625,367.33563232421875,716.2831420898438
120,2.0,213.0,258.36846923828125,632.8570556640625,370.0354309082031,717.1824951171875
121,2.0,213.0,259.8571472167969,632.927490234375,372.79388427734375,718.8215942382812
122,2.0,213.0,262.08892822265625,632.4408569335938,377.2441711425781,720.2646484375
123,2.0,213.0,263.9081726074219,631.97607421875,381.31201171875,721.3487548828125
124,2.0,213.0,264.2205505371094,631.16796875,386.1231994628906,723.371337890625
125,2.0,213.0,262.9708557128906,630.7074584960938,389.40142822265625,724.527587890625
126,2.0,213.0,264.5737609863281,629.9500122070312,394.3299560546875,726.0570678710938
127,2.0,213.0,266.59014892578125,629.968505859375,398.9114990234375,727.9039306640625
128,2.0,213.0,267.3788757324219,629.8492431640625,404.2154541015625,730.7109985351562
129,2.0,213.0,268.3865661621094,629.2186279296875,410.35064697265625,734.0247192382812
130,2.0,213.0,270.7496337890625,628.5474243164062,416.1197509765625,736.6943969726562
131,2.0,213.0,274.4455871582031,627.9421997070312,420.8918151855469,738.9661254882812
132,2.0,213.0,277.83514404296875,628.31396484375,427.792724609375,739.79150390625
133,2.0,213.0,279.50604248046875,627.6534423828125,433.30133056640625,742.8284301757812
134,2.0,213.0,281.73699951171875,626.9899291992188,440.3960266113281,745.662109375
135,2.0,213.0,284.385009765625,626.1205444335938,449.25537109375,747.7955932617188
136,2.0,213.0,286.6374816894531,625.0510864257812,455.95013427734375,751.9179077148438
137,2.0,213.0,289.276611328125,625.1945190429688,463.5777282714844,756.1311645507812
138,2.0,213.0,292.0933532714844,625.0594482421875,473.21728515625,760.2281494140625
139,2.0,213.0,295.3970947265625,624.7482299804688,482.0263366699219,763.4732666015625
140,2.0,213.0,298.3982849121094,624.1880493164062,492.2665710449219,768.833251953125
141,2.0,213.0,299.6925964355469,623.9696655273438,503.6043395996094,771.9103393554688
142,2.0,213.0,301.1095275878906,622.8720092773438,515.9967651367188,776.8466796875
143,2.0,213.0,304.8316345214844,623.0647583007812,527.6184692382812,781.8521728515625
144,2.0,213.0,309.32098388671875,622.2974853515625,540.932861328125,785.8907470703125
145,2.0,213.0,312.9228210449219,621.9058227539062,556.578857421875,792.35888671875
146,2.0,213.0,318.1512451171875,619.6594848632812,571.8811645507812,799.0155639648438
147,2.0,213.0,322.6830749511719,618.7662963867188,590.4498291015625,807.7197265625
148,2.0,213.0,328.3387756347656,617.6448364257812,609.3973999023438,814.2852172851562
149,2.0,213.0,333.7188415527344,616.8878173828125,630.9365234375,822.536865234375
150,2.0,213.0,338.6411437988281,614.5695190429688,653.9857177734375,831.6240234375
151,2.0,213.0,346.7488708496094,614.8080444335938,679.7254638671875,841.12548828125
152,2.0,213.0,355.75006103515625,611.9811401367188,709.4277954101562,850.2921752929688
153,2.0,213.0,363.7430725097656,610.0923461914062,742.3193359375,864.5105590820312
154,2.0,213.0,372.2896423339844,605.3222045898438,781.4396362304688,878.39404296875
155,2.0,213.0,380.7742004394531,600.03125,827.1051025390625,891.3218383789062
156,2.0,213.0,391.29266357421875,595.937255859375,878.7915649414062,910.9988403320312
157,2.0,213.0,404.39923095703125,590.91015625,938.0855712890625,933.4737548828125
158,2.0,213.0,418.6369934082031,585.3359985351562,1009.330322265625,962.9034423828125
159,2.0,213.0,434.1039733886719,581.2252197265625,1096.885498046875,997.7081298828125
160,2.0,213.0,452.4388732910156,576.8807983398438,1202.9942626953125,1039.4832763671875
161,2.0,213.0,475.7056579589844,565.0130004882812,1333.755859375,1066.5042724609375
162,2.0,213.0,501.0195007324219,552.7100830078125,1518.3658447265625,1076.73974609375
163,2.0,213.0,532.0205078125,545.191650390625,1734.12255859375,1080.0
164,2.0,213.0,561.1636962890625,533.234130859375,1866.2760009765625,1080.0
165,2.0,213.0,611.6448974609375,514.6121215820312,1920.0,1078.87060546875
166,2.0,213.0,680.1885375976562,488.7434997558594,1920.0,1077.5458984375
167,2.0,213.0,764.0379638671875,455.70166015625,1920.0,1078.6937255859375
168,2.0,213.0,867.6198120117188,407.19769287109375,1920.0,1078.2720947265625
169,2.0,213.0,1018.4407958984375,378.0653991699219,1920.0,1076.9984130859375
170,2.0,213.0,1243.1160888671875,392.0741271972656,1920.0,1075.500732421875
