83,2.0,221.0,236.44580078125,642.6355590820312,287.113525390625,679.2127075195312
84,2.0,221.0,236.670166015625,643.5126953125,289.1783752441406,680.4769287109375
85,2.0,221.0,236.927734375,644.5449829101562,290.8374328613281,681.2304077148438
86,2.0,221.0,236.99461364746094,643.3982543945312,290.6470947265625,681.3721923828125
87,2.0,221.0,237.60800170898438,642.5950927734375,291.4681701660156,681.58056640625
88,2.0,221.0,237.76400756835938,642.0217895507812,292.34576416015625,681.0142211914062
89,2.0,221.0,238.99722290039062,639.7648315429688,292.119384765625,679.4249267578125
90,2.0,221.0,239.65267944335938,642.4815673828125,292.3150939941406,681.3335571289062
91,2.0,221.0,240.11724853515625,638.87060546875,292.7208251953125,681.0889282226562
92,2.0,221.0,240.6595001220703,640.5206909179688,293.7378234863281,682.0054321289062
93,2.0,221.0,241.39706420898438,641.1285400390625,294.0491638183594,682.3536987304688
94,2.0,221.0,241.51995849609375,641.2951049804688,295.942138671875,682.9364624023438
95,2.0,221.0,242.2677001953125,642.100341796875,298.84808349609375,683.6323852539062
96,2.0,221.0,241.97328186035156,641.4491577148438,300.9387512207031,684.0394897460938
97,2.0,221.0,241.7942352294922,641.241943359375,303.8506774902344,684.5266723632812
98,2.0,221.0,242.15467834472656,640.5729370117188,305.5116882324219,684.809326171875
99,2.0,221.0,242.41542053222656,640.0115356445312,305.8879699707031,684.8699340820312
100,2.0,221.0,242.85818481445312,639.9298706054688,307.5983581542969,685.5071411132812
101,2.0,221.0,243.8982696533203,640.185791015625,308.7134704589844,685.6701049804688
102,2.0,221.0,245.02980041503906,641.820556640625,311.2137756347656,687.0086669921875
103,2.0,221.0,245.6151580810547,643.3104858398438,311.9393310546875,688.720947265625
104,2.0,221.0,246.170654296875,641.9296264648438,313.76458740234375,690.7999877929688
105,2.0,221.0,246.56488037109375,639.5064086914062,316.6385803222656,692.095458984375
106,2.0,221.0,246.94622802734375,638.2584838867188,318.3416748046875,692.7880249023438
107,2.0,221.0,247.26686096191406,637.9917602539062,319.47894287109375,693.3585205078125
108,2.0,221.0,247.85487365722656,637.5383911132812,321.09552001953125,694.0440063476562
109,2.0,221.0,248.27069091796875,638.4508666992188,322.0564880371094,694.063232421875
110,2.0,221.0,249.52037048339844,639.42822265625,323.8354187011719,693.9440307617188
111,2.0,221.0,251.15162658691406,639.7471313476562,326.6089172363281,693.8840942382812
112,2.0,221.0,252.35589599609375,639.0307006835938,329.4703063964844,694.957763671875
113,2.0,221.0,252.4287567138672,638.9784545898438,331.1675109863281,696.6063232421875
114,2.0,221.0,253.04800415039062,639.0247802734375,333.40887451171875,696.90966796875
115,2.0,221.0,254.04071044921875,639.2477416992188,334.174072265625,698.6412963867188
116,2.0,221.0,253.9676513671875,639.2882690429688,337.4574890136719,699.4689331054688
117,2.0,221.0,253.97059631347656,638.887451171875,340.3341979980469,700.9286499023438
118,2.0,221.0,255.723388671875,637.7842407226562,344.00445556640625,702.3782348632812
119,2.0,221.0,257.1040344238281,637.4540405273438,346.6613464355469,703.535888671875
120,2.0,221.0,258.2763977050781,636.8753662109375,350.29095458984375,705.275634765625
121,2.0,221.0,259.6399230957031,635.4963989257812,352.8670349121094,706.5476684570312
122,2.0,221.0,260.9940185546875,635.350341796875,356.6936340332031,709.2409057617188
123,2.0,221.0,262.4200134277344,635.4295654296875,361.8094787597656,710.1113891601562
124,2.0,221.0,264.0207824707031,634.4330444335938,365.5602111816406,712.4776000976562
125,2.0,221.0,264.8743591308594,633.14697265625,369.31365966796875,714.4364624023438
126,2.0,221.0,265.2271728515625,633.7882080078125,372.9239501953125,716.3786010742188
127,2.0,221.0,266.7225341796875,633.2069091796875,378.98175048828125,718.3828735351562
128,2.0,221.0,265.4656066894531,632.824951171875,382.4822692871094,719.2626342773438
129,2.0,221.0,270.1094665527344,633.1610717773438,388.7056884765625,720.5825805664062
130,2.0,221.0,270.59832763671875,632.0676879882812,393.8229064941406,721.9823608398438
131,2.0,221.0,273.3792724609375,631.6287841796875,399.22796630859375,723.7174682617188
132,2.0,221.0,276.5593566894531,630.7301635742188,405.22265625,727.31982421875
133,2.0,221.0,279.9270935058594,630.1063232421875,411.8064880371094,730.2981567382812
134,2.0,221.0,282.5146179199219,629.9981079101562,419.16253662109375,732.913330078125
135,2.0,221.0,284.3863220214844,630.22509765625,427.8497619628906,735.2236328125
136,2.0,221.0,287.7173767089844,629.548583984375,435.468017578125,738.135498046875
137,2.0,221.0,289.9417419433594,628.595947265625,445.2694396972656,741.4258422851562
138,2.0,221.0,292.3179931640625,627.623779296875,453.22344970703125,745.6592407226562
139,2.0,221.0,297.6300964355469,627.8889770507812,464.409423828125,749.045654296875
140,2.0,221.0,301.3529052734375,626.786376953125,476.2284240722656,754.8541870117188
141,2.0,221.0,304.8818359375,625.6495361328125,488.78228759765625,760.7429809570312
142,2.0,221.0,310.8088073730469,625.230224609375,502.1488342285156,764.95947265625
143,2.0,221.0,313.3735656738281,624.5317993164062,515.4031372070312,771.2555541992188
144,2.0,221.0,319.3230285644531,623.9111328125,532.56884765625,775.3426513671875
145,2.0,221.0,324.8343505859375,621.4913940429688,549.9404907226562,782.1981811523438
146,2.0,221.0,332.1600036621094,620.2408447265625,568.8706665039062,788.9947509765625
147,2.0,221.0,337.1133728027344,619.8280029296875,591.2896118164062,796.7689208984375
148,2.0,221.0,345.43280029296875,619.2728881835938,614.3570556640625,803.2259521484375
149,2.0,221.0,355.0395812988281,619.343017578125,641.7555541992188,813.8220825195312
150,2.0,221.0,365.49456787109375,618.0170288085938,673.4880981445312,824.8702392578125
151,2.0,221.0,376.4322814941406,617.1766357421875,709.4602661132812,833.530029296875
152,2.0,221.0,387.9668273925781,615.3809204101562,749.3263549804688,847.927490234375
153,2.0,221.0,401.0675048828125,612.1036376953125,797.6607666015625,863.884765625
154,2.0,221.0,417.517333984375,610.5675048828125,854.98046875,883.5449829101562
155,2.0,221.0,435.6087646484375,601.9450073242188,924.622314453125,903.485595703125
156,2.0,221.0,456.7284240722656,595.127685546875,1007.58349609375,931.319091796875
157,2.0,221.0,480.1087341308594,590.7628173828125,1111.0662841796875,969.9161376953125
158,2.0,221.0,509.8925476074219,583.7764282226562,1243.3170166015625,1017.001220703125
159,2.0,221.0,545.8282470703125,573.3242797851562,1411.9742431640625,1056.0517578125
160,2.0,221.0,589.3277587890625,560.8563842773438,1641.963623046875,1071.910400390625
161,2.0,221.0,634.406005859375,548.5091552734375,1825.8865966796875,1080.0
162,2.0,221.0,716.600341796875,529.7412109375,1904.582763671875,1080.0
163,2.0,221.0,812.8085327148438,500.9921569824219,1920.0,1079.825927734375
164,2.0,221.0,943.9767456054688,456.82904052734375,1920.0,1080.0
165,2.0,221.0,1140.2630615234375,429.5130615234375,1920.0,1080.0
