35,2.0,204.0,230.58609008789062,638.011474609375,276.8725891113281,674.3136596679688
36,2.0,204.0,231.03323364257812,637.001953125,276.7587890625,675.016845703125
37,2.0,204.0,230.464111328125,637.1981201171875,277.317138671875,675.3665161132812
38,2.0,204.0,229.56057739257812,638.0963745117188,279.1169128417969,676.02490234375
39,2.0,204.0,229.96876525878906,637.7579345703125,280.1028747558594,676.0975952148438
40,2.0,204.0,230.3115692138672,637.7616577148438,280.3774108886719,676.2273559570312
41,2.0,204.0,230.12014770507812,637.7203979492188,280.0572814941406,675.9323120117188
42,2.0,204.0,229.68405151367188,637.3853149414062,280.3066711425781,676.1502685546875
43,2.0,204.0,230.07876586914062,637.2698974609375,281.2080383300781,675.8382568359375
44,2.0,204.0,229.8810577392578,637.918701171875,282.4397888183594,675.353271484375
45,2.0,204.0,230.71348571777344,637.2149658203125,281.6507263183594,674.746826171875
46,2.0,204.0,230.6387176513672,637.5808715820312,282.40838623046875,675.171142578125
47,2.0,204.0,230.93992614746094,637.49072265625,282.9906005859375,675.3721313476562
48,2.0,204.0,231.5328369140625,637.326171875,284.5138854980469,675.9732055664062
49,2.0,204.0,231.33644104003906,637.8629760742188,286.80572509765625,677.5410766601562
50,2.0,204.0,232.24853515625,637.7940063476562,289.0576171875,678.1716918945312
51,2.0,204.0,232.18434143066406,637.9366455078125,289.6458435058594,678.4881591796875
52,2.0,204.0,231.93035888671875,638.651123046875,290.220947265625,679.4052734375
53,2.0,204.0,231.6549072265625,638.1708984375,290.45782470703125,680.0909423828125
54,2.0,204.0,232.356689453125,638.1265258789062,291.39898681640625,680.0088500976562
55,2.0,204.0,232.11936950683594,637.2872314453125,292.337646484375,680.7994384765625
56,2.0,204.0,232.49609375,636.8206176757812,292.6866760253906,681.6419067382812
57,2.0,204.0,232.1474151611328,636.3424072265625,293.10943603515625,681.9514770507812
58,2.0,204.0,231.8852081298828,636.3594360351562,293.470703125,682.3871459960938
59,2.0,204.0,232.12283325195312,637.182373046875,293.6119689941406,682.5484619140625
60,2.0,204.0,233.0048370361328,638.114501953125,293.5918273925781,682.7799072265625
61,2.0,204.0,233.5491485595703,638.4255981445312,293.8878479003906,682.8688354492188
62,2.0,204.0,233.53094482421875,638.2420043945312,294.9455261230469,683.1873168945312
63,2.0,204.0,234.57470703125,637.698486328125,295.0579833984375,683.2239379882812
64,2.0,204.0,234.98915100097656,637.2001953125,295.9598388671875,683.2118530273438
65,2.0,204.0,235.36083984375,637.468017578125,297.5489501953125,683.45751953125
66,2.0,204.0,234.9710693359375,636.8746948242188,299.02264404296875,683.6928100585938
67,2.0,204.0,236.02532958984375,636.9174194335938,299.92645263671875,683.7852783203125
68,2.0,204.0,236.57562255859375,637.979736328125,301.68585205078125,683.9033203125
69,2.0,204.0,236.69155883789062,637.1896362304688,302.9066467285156,684.5825805664062
70,2.0,204.0,237.644775390625,637.5365600585938,302.2643737792969,684.4302368164062
71,2.0,204.0,237.78480529785156,636.6878662109375,302.2574768066406,684.7949829101562
72,2.0,204.0,237.77337646484375,636.4072265625,303.55340576171875,685.3980102539062
73,2.0,204.0,238.06039428710938,638.8477783203125,305.3074035644531,685.7205200195312
74,2.0,204.0,238.59014892578125,637.79052734375,306.573974609375,685.8937377929688
75,2.0,204.0,240.17825317382812,637.389404296875,307.9035339355469,686.6498413085938
76,2.0,204.0,240.96458435058594,637.8556518554688,310.4541931152344,687.99853515625
77,2.0,204.0,241.61114501953125,636.8361206054688,310.569580078125,688.8995971679688
78,2.0,204.0,242.28990173339844,636.584228515625,312.9578857421875,690.0534057617188
79,2.0,204.0,243.33155822753906,636.2440795898438,314.8032531738281,690.8202514648438
80,2.0,204.0,244.04852294921875,635.6089477539062,316.2832946777344,691.7421875
81,2.0,204.0,244.6341552734375,634.8993530273438,318.4724426269531,692.595947265625
82,2.0,204.0,245.06532287597656,634.7012329101562,318.7073059082031,692.8809814453125
83,2.0,204.0,245.68850708007812,634.89404296875,318.85028076171875,693.1944580078125
84,2.0,204.0,246.24346923828125,636.2935791015625,319.106201171875,693.8960571289062
85,2.0,204.0,246.7231903076172,636.4878540039062,320.4173583984375,694.1535034179688
86,2.0,204.0,247.06248474121094,636.2572021484375,321.2174377441406,694.2091674804688
87,2.0,204.0,247.52708435058594,636.4335327148438,322.4903259277344,694.2223510742188
88,2.0,204.0,246.75238037109375,636.3038940429688,323.9089050292969,694.0633544921875
89,2.0,204.0,246.6712188720703,636.714599609375,327.41497802734375,694.0980834960938
90,2.0,204.0,247.5289306640625,637.2402954101562,328.6068115234375,694.5275268554688
91,2.0,204.0,248.05838012695312,636.6598510742188,330.2434997558594,695.741455078125
92,2.0,204.0,248.83071899414062,636.1654052734375,332.45184326171875,696.4042358398438
93,2.0,204.0,249.32354736328125,635.8336181640625,333.8229064941406,697.2327880859375
94,2.0,204.0,249.5630645751953,635.5015869140625,335.02313232421875,697.6411743164062
95,2.0,204.0,251.12124633789062,635.933349609375,336.9293212890625,698.318115234375
96,2.0,204.0,252.04806518554688,635.095947265625,338.1612243652344,699.1080322265625
97,2.0,204.0,252.66909790039062,634.9039916992188,340.2267150878906,700.2412109375
98,2.0,204.0,252.98748779296875,635.4124755859375,342.0636291503906,701.331787109375
99,2.0,204.0,253.21389770507812,635.5355224609375,344.9495849609375,701.9154052734375
100,2.0,204.0,253.40525817871094,634.5391845703125,346.1168518066406,702.6709594726562
101,2.0,204.0,254.02879333496094,633.4685668945312,347.6077575683594,703.6453247070312
102,2.0,204.0,254.9073944091797,633.7908935546875,350.2367858886719,705.636962890625
103,2.0,204.0,255.78025817871094,633.6699829101562,351.86376953125,705.8046264648438
104,2.0,204.0,257.0424499511719,633.1292114257812,353.8194885253906,706.9313354492188
105,2.0,204.0,257.2649230957031,632.6307373046875,356.99359130859375,708.4815673828125
106,2.0,204.0,257.875244140625,632.8435668945312,360.6772155761719,709.7338256835938
107,2.0,204.0,259.56744384765625,633.2066650390625,363.7799072265625,710.1875610351562
108,2.0,204.0,260.75384521484375,632.5993041992188,366.1603698730469,711.888427734375
109,2.0,204.0,261.8546142578125,632.2858276367188,368.1929626464844,713.177978515625
110,2.0,204.0,262.6619567871094,632.0697021484375,369.9860534667969,713.6419677734375
111,2.0,204.0,264.6224670410156,631.6470947265625,373.5375061035156,715.0691528320312
112,2.0,204.0,264.6515808105469,630.70263671875,376.4071350097656,716.5392456054688
113,2.0,204.0,266.9720153808594,631.246826171875,380.2845458984375,718.1744384765625
114,2.0,204.0,266.12872314453125,630.4942626953125,383.7374572753906,718.716552734375
115,2.0,204.0,267.193115234375,630.5707397460938,387.6214599609375,718.9110107421875
116,2.0,204.0,266.900146484375,631.2151489257812,390.86419677734375,720.5546264648438
117,2.0,204.0,267.2724304199219,631.4363403320312,393.8357238769531,721.4384765625
118,2.0,204.0,268.106201171875,631.374755859375,397.8232421875,723.4092407226562
119,2.0,204.0,270.6463928222656,630.6488037109375,401.63189697265625,723.9102783203125
120,2.0,204.0,272.7826843261719,630.3872680664062,406.43817138671875,726.65771484375
121,2.0,204.0,272.9360046386719,629.9462890625,410.98431396484375,728.3881225585938
122,2.0,204.0,274.3166809082031,629.1433715820312,415.3872375488281,729.9275512695312
123,2.0,204.0,276.8802795410156,628.892822265625,419.015869140625,731.1414794921875
124,2.0,204.0,280.5775146484375,628.8491821289062,424.6163330078125,732.9608154296875
125,2.0,204.0,281.80450439453125,628.4292602539062,429.9814453125,735.5984497070312
126,2.0,204.0,284.5032958984375,628.22265625,434.7435607910156,737.401123046875
127,2.0,204.0,287.1043395996094,628.5104370117188,441.2741394042969,739.7772827148438
128,2.0,204.0,289.6384582519531,627.8414916992188,445.6695556640625,741.6585693359375
129,2.0,204.0,290.3839416503906,627.16357421875,452.7666931152344,743.2130126953125
130,2.0,204.0,291.77703857421875,626.7129516601562,456.72686767578125,745.29150390625
131,2.0,204.0,297.1474609375,627.0652465820312,464.06890869140625,747.9207763671875
132,2.0,204.0,300.5852966308594,625.5577392578125,472.0751953125,751.73388671875
133,2.0,204.0,302.1561279296875,625.1883544921875,478.664794921875,754.8539428710938
134,2.0,204.0,303.7431640625,625.136474609375,486.3895568847656,758.5481567382812
135,2.0,204.0,306.3911437988281,624.4848022460938,493.631591796875,760.369384765625
136,2.0,204.0,309.5779724121094,625.0511474609375,503.5867004394531,763.580322265625
137,2.0,204.0,310.7858581542969,624.5155029296875,512.033935546875,766.5567016601562
138,2.0,204.0,313.1033020019531,624.9920654296875,520.9934692382812,770.643310546875
139,2.0,204.0,315.9770812988281,624.2747802734375,531.032470703125,773.1443481445312
140,2.0,204.0,320.35772705078125,622.9241333007812,540.5822143554688,777.041259765625
141,2.0,204.0,323.7532653808594,621.146240234375,552.338623046875,782.018310546875
142,2.0,204.0,327.3583984375,620.1814575195312,563.9583740234375,786.7714233398438
143,2.0,204.0,332.4486389160156,620.2816772460938,576.997314453125,793.0301513671875
144,2.0,204.0,336.5018615722656,618.9953002929688,591.29443359375,798.0897216796875
145,2.0,204.0,339.8536376953125,618.9149169921875,606.4142456054688,803.2515869140625
146,2.0,204.0,345.7648620605469,618.3875732421875,621.6158447265625,806.9595947265625
147,2.0,204.0,351.5223083496094,617.408935546875,639.2716064453125,811.4234619140625
148,2.0,204.0,358.4383850097656,616.0026245117188,657.1580810546875,819.1578369140625
149,2.0,204.0,364.8685302734375,615.1488647460938,677.1362915039062,826.1089477539062
150,2.0,204.0,371.82037353515625,614.0504760742188,698.4230346679688,832.4744873046875
151,2.0,204.0,376.99334716796875,613.8092651367188,723.0778198242188,838.5527954101562
152,2.0,204.0,383.1255187988281,611.862548828125,747.1644897460938,849.162353515625
153,2.0,204.0,392.6144104003906,610.7389526367188,777.4373779296875,856.3567504882812
154,2.0,204.0,400.3785705566406,608.3573608398438,809.4549560546875,867.4904174804688
155,2.0,204.0,409.4742736816406,605.6148681640625,847.2821044921875,879.792236328125
156,2.0,204.0,420.0660095214844,601.8457641601562,887.06005859375,893.9135131835938
157,2.0,204.0,432.2083435058594,596.2005615234375,931.1981201171875,906.984130859375
158,2.0,204.0,444.5307312011719,592.1654663085938,981.8148803710938,924.1141967773438
159,2.0,204.0,457.3331298828125,587.1203002929688,1038.47900390625,945.1621704101562
160,2.0,204.0,472.02398681640625,583.7523193359375,1104.16748046875,970.7035522460938
161,2.0,204.0,489.48406982421875,582.2879028320312,1179.6226806640625,997.61376953125
162,2.0,204.0,508.0860290527344,577.2941284179688,1272.5535888671875,1032.1861572265625
163,2.0,204.0,529.7111206054688,571.9180297851562,1375.5634765625,1063.3603515625
164,2.0,204.0,554.3411254882812,558.8846435546875,1502.8497314453125,1074.9261474609375
165,2.0,204.0,581.0026245117188,554.1806030273438,1655.674560546875,1078.761474609375
166,2.0,204.0,603.953369140625,548.277099609375,1834.243408203125,1080.0
167,2.0,204.0,642.7821044921875,539.88818359375,1908.6851806640625,1080.0
168,2.0,204.0,692.8168334960938,525.9368896484375,1920.0,1080.0
169,2.0,204.0,744.0964965820312,512.4369506835938,1920.0,1077.6522216796875
170,2.0,204.0,811.246337890625,493.2211608886719,1920.0,1076.0118408203125
171,2.0,204.0,884.8095092773438,467.8746337890625,1920.0,1076.9844970703125
172,2.0,204.0,978.5115966796875,438.0162048339844,1920.0,1077.8612060546875
173,2.0,204.0,1100.8974609375,422.80609130859375,1920.0,1077.083740234375
174,2.0,204.0,1262.35888671875,428.5868225097656,1920.0,1075.133544921875
