55,2.0,209.0,236.6776123046875,636.7457885742188,289.2784729003906,677.0048828125
56,2.0,209.0,237.16844177246094,634.0708618164062,290.3136901855469,676.637451171875
57,2.0,209.0,238.15487670898438,631.8384399414062,291.8614196777344,676.0653686523438
58,2.0,209.0,238.22457885742188,632.6617431640625,291.38238525390625,675.45458984375
59,2.0,209.0,238.26258850097656,634.3361206054688,292.31317138671875,676.424560546875
60,2.0,209.0,238.03125,634.7451171875,293.1405944824219,678.4612426757812
61,2.0,209.0,239.55421447753906,633.7885131835938,292.95330810546875,679.5751953125
62,2.0,209.0,239.42825317382812,636.4727783203125,294.495361328125,680.2837524414062
63,2.0,209.0,240.23263549804688,638.4426879882812,294.85400390625,680.2444458007812
64,2.0,209.0,241.43649291992188,637.5614013671875,296.8040771484375,680.0326538085938
65,2.0,209.0,240.63845825195312,638.4600219726562,298.5030212402344,680.8906860351562
66,2.0,209.0,240.79876708984375,637.2245483398438,299.0513916015625,680.6560668945312
67,2.0,209.0,241.8824920654297,639.2906494140625,301.8208312988281,681.7060546875
68,2.0,209.0,242.82333374023438,638.7163696289062,302.6632995605469,682.121337890625
69,2.0,209.0,243.34674072265625,638.2620239257812,303.9450988769531,682.4188842773438
70,2.0,209.0,243.44078063964844,637.99169921875,306.3357849121094,682.8746948242188
71,2.0,209.0,244.00880432128906,637.9093627929688,307.17620849609375,682.9938354492188
72,2.0,209.0,245.13072204589844,637.4219970703125,307.1252746582031,683.4435424804688
73,2.0,209.0,245.2182159423828,638.3285522460938,310.0058288574219,683.7069702148438
74,2.0,209.0,245.6083984375,637.546142578125,310.94561767578125,683.8438720703125
75,2.0,209.0,245.78651428222656,637.421142578125,312.72882080078125,684.1654663085938
76,2.0,209.0,247.005859375,637.0698852539062,314.6116943359375,684.6388549804688
77,2.0,209.0,247.9129638671875,636.2410888671875,316.6513366699219,685.32373046875
78,2.0,209.0,248.2450408935547,636.5642700195312,317.233154296875,687.1895751953125
79,2.0,209.0,248.6957244873047,636.3009643554688,318.8202819824219,688.207275390625
80,2.0,209.0,248.88087463378906,636.3303833007812,320.0553894042969,688.7889404296875
81,2.0,209.0,250.4363555908203,637.1573486328125,320.9456787109375,689.5070190429688
82,2.0,209.0,251.62193298339844,637.3218994140625,323.66790771484375,690.109619140625
83,2.0,209.0,252.2839813232422,636.9192504882812,325.30120849609375,690.4658203125
84,2.0,209.0,253.21522521972656,637.2977905273438,328.47967529296875,690.977294921875
85,2.0,209.0,254.14068603515625,637.1597290039062,329.83013916015625,691.6710205078125
86,2.0,209.0,254.4490966796875,636.9281616210938,330.8631286621094,691.8901977539062
87,2.0,209.0,254.77236938476562,637.5651245117188,333.4562683105469,692.1812744140625
88,2.0,209.0,255.49935913085938,637.3859252929688,336.2403259277344,692.6214599609375
89,2.0,209.0,256.6152038574219,637.7412719726562,338.248779296875,693.4606323242188
90,2.0,209.0,257.7720642089844,637.9544677734375,341.04302978515625,694.0482177734375
91,2.0,209.0,259.0797119140625,637.8588256835938,342.0722961425781,693.8416748046875
92,2.0,209.0,259.7541809082031,637.5118408203125,343.7530212402344,694.0833740234375
93,2.0,209.0,261.46649169921875,636.80419921875,345.5874938964844,694.1669921875
94,2.0,209.0,263.3631591796875,635.70458984375,347.0544738769531,694.5272827148438
95,2.0,209.0,264.91265869140625,634.2651977539062,348.51971435546875,695.1742553710938
96,2.0,209.0,265.7201232910156,634.1698608398438,351.7313232421875,697.1118774414062
97,2.0,209.0,264.938232421875,633.7556762695312,353.3978271484375,699.6422119140625
98,2.0,209.0,264.8157653808594,633.2005615234375,355.66455078125,700.689208984375
99,2.0,209.0,265.5014343261719,633.8818359375,358.4811096191406,701.15283203125
100,2.0,209.0,266.9854431152344,634.4651489257812,362.4403991699219,703.1826171875
101,2.0,209.0,269.0091857910156,634.009521484375,364.8289489746094,703.8089599609375
102,2.0,209.0,269.8941345214844,633.71826171875,366.92559814453125,704.751953125
103,2.0,209.0,271.9384765625,633.4951171875,370.69110107421875,705.6185302734375
104,2.0,209.0,273.08526611328125,633.0596313476562,374.12835693359375,706.0529174804688
105,2.0,209.0,274.3938903808594,632.1846313476562,377.357666015625,709.0054931640625
106,2.0,209.0,275.5054931640625,632.0125122070312,380.6872863769531,710.2772827148438
107,2.0,209.0,276.3414306640625,631.6638793945312,385.447509765625,712.08349609375
108,2.0,209.0,276.2110900878906,631.57666015625,388.0230407714844,712.9583740234375
109,2.0,209.0,278.4464111328125,631.7737426757812,392.2052001953125,714.31005859375
110,2.0,209.0,279.85797119140625,631.7545166015625,395.1397399902344,715.5428466796875
111,2.0,209.0,281.9286804199219,631.1537475585938,397.84454345703125,716.591064453125
112,2.0,209.0,284.3615417480469,630.753173828125,403.3130187988281,718.5714111328125
113,2.0,209.0,286.3186950683594,630.3367919921875,407.2683410644531,719.2924194335938
114,2.0,209.0,287.8246765136719,629.3624877929688,411.7429504394531,720.7990112304688
115,2.0,209.0,288.2947082519531,628.7390747070312,416.4271240234375,721.94384765625
116,2.0,209.0,290.8502502441406,629.1455688476562,421.4618225097656,724.6655883789062
117,2.0,209.0,292.6824035644531,629.1014404296875,427.2154541015625,725.9592895507812
118,2.0,209.0,293.5347595214844,629.0973510742188,432.0505065917969,728.4495849609375
119,2.0,209.0,297.8992004394531,629.0652465820312,437.1233215332031,729.8981323242188
120,2.0,209.0,299.5625,628.3931274414062,443.0112609863281,731.6649780273438
121,2.0,209.0,301.41986083984375,628.2320556640625,448.58343505859375,733.2150268554688
122,2.0,209.0,303.7089538574219,626.8546142578125,456.2641906738281,736.7515258789062
123,2.0,209.0,306.6132507324219,626.3977661132812,462.54864501953125,739.4300537109375
124,2.0,209.0,310.2272033691406,626.6258544921875,469.42333984375,741.572998046875
125,2.0,209.0,312.3117370605469,626.2376708984375,477.07244873046875,744.19091796875
126,2.0,209.0,315.1031494140625,626.5084838867188,482.8369445800781,746.6400756835938
127,2.0,209.0,318.5990905761719,625.525146484375,492.2064208984375,749.0000610351562
128,2.0,209.0,321.988525390625,624.3361206054688,501.10748291015625,752.5906982421875
129,2.0,209.0,324.6753845214844,623.2405395507812,510.20391845703125,757.144775390625
130,2.0,209.0,328.3765563964844,622.7884521484375,520.2298583984375,761.1600341796875
131,2.0,209.0,332.3958740234375,622.6412963867188,531.7000122070312,765.283935546875
132,2.0,209.0,338.40362548828125,621.7684326171875,542.6360473632812,768.5991821289062
133,2.0,209.0,340.5560607910156,620.6284790039062,554.5366821289062,772.3884887695312
134,2.0,209.0,344.70025634765625,620.553955078125,568.0123291015625,777.4763793945312
135,2.0,209.0,348.4199523925781,619.9000244140625,582.48388671875,781.6507568359375
136,2.0,209.0,353.43780517578125,619.1025390625,597.5365600585938,786.2061767578125
137,2.0,209.0,358.70697021484375,617.9035034179688,613.7243041992188,793.1812744140625
138,2.0,209.0,364.60467529296875,617.4132080078125,630.7221069335938,799.057861328125
139,2.0,209.0,371.8818664550781,617.358642578125,650.3921508789062,805.8513793945312
140,2.0,209.0,379.4054260253906,616.2958374023438,669.6932983398438,812.1053466796875
141,2.0,209.0,384.86199951171875,614.400390625,693.61865234375,820.6923217773438
142,2.0,209.0,394.0408630371094,613.2113647460938,719.9483032226562,829.0166015625
143,2.0,209.0,403.3016662597656,612.2813720703125,746.4183959960938,837.6033935546875
144,2.0,209.0,412.3984069824219,610.5263061523438,778.0781860351562,845.4677734375
145,2.0,209.0,422.2591552734375,609.5867309570312,813.258056640625,855.9334716796875
146,2.0,209.0,434.04888916015625,605.037841796875,853.0331420898438,869.0396118164062
147,2.0,209.0,445.5629577636719,599.9588623046875,899.093017578125,885.673828125
148,2.0,209.0,459.18939208984375,596.6536254882812,949.6575317382812,900.8113403320312
149,2.0,209.0,474.0450134277344,589.4188232421875,1008.9826049804688,920.4392700195312
150,2.0,209.0,491.7091064453125,587.0186157226562,1078.1171875,942.442138671875
151,2.0,209.0,511.2706604003906,583.2178344726562,1159.3709716796875,971.5618286132812
152,2.0,209.0,533.1799926757812,578.85595703125,1255.1273193359375,1007.06640625
153,2.0,209.0,556.489013671875,573.7474365234375,1369.6192626953125,1044.9049072265625
154,2.0,209.0,586.37939453125,566.8430786132812,1511.3587646484375,1068.0352783203125
155,2.0,209.0,623.3291015625,558.4131469726562,1704.0257568359375,1076.4381103515625
156,2.0,209.0,647.7782592773438,547.855712890625,1853.360107421875,1080.0
157,2.0,209.0,703.6632690429688,533.3450927734375,1916.483642578125,1080.0
158,2.0,209.0,763.9468383789062,519.1192626953125,1920.0,1080.0
159,2.0,209.0,833.1122436523438,499.0030822753906,1920.0,1078.01416015625
160,2.0,209.0,922.7769775390625,473.6925964355469,1920.0,1077.8289794921875
161,2.0,209.0,1038.534912109375,439.4009094238281,1920.0,1078.9833984375
162,2.0,209.0,1191.1075439453125,429.8811950683594,1920.0,1078.0269775390625
