66,2.0,210.0,226.34141540527344,639.7382202148438,270.2004699707031,673.9015502929688
67,2.0,210.0,227.03050231933594,639.6923828125,270.7938232421875,674.3308715820312
68,2.0,210.0,227.33135986328125,639.1766357421875,271.4272766113281,674.4146728515625
69,2.0,210.0,227.27467346191406,638.6641235351562,271.878662109375,674.9360961914062
70,2.0,210.0,227.0860137939453,638.8547973632812,271.74261474609375,675.2877197265625
71,2.0,210.0,227.43238830566406,638.2622680664062,271.9069519042969,675.5509033203125
72,2.0,210.0,227.11854553222656,638.4264526367188,272.4184875488281,675.916015625
73,2.0,210.0,226.4453887939453,638.8572387695312,274.27593994140625,676.3301391601562
74,2.0,210.0,226.6742706298828,638.8033447265625,275.100830078125,676.152099609375
75,2.0,210.0,226.23956298828125,638.397705078125,276.49774169921875,676.669921875
76,2.0,210.0,226.2162322998047,638.379638671875,277.4789733886719,676.7933349609375
77,2.0,210.0,226.57882690429688,637.7871704101562,277.9959411621094,675.9707641601562
78,2.0,210.0,226.98080444335938,638.3148803710938,278.5362854003906,675.8213500976562
79,2.0,210.0,227.6025390625,637.9198608398438,278.8685302734375,676.1903076171875
80,2.0,210.0,227.55030822753906,637.949951171875,280.053955078125,678.4638671875
81,2.0,210.0,227.720703125,637.781005859375,280.3363952636719,679.9332885742188
82,2.0,210.0,228.2720184326172,637.2006225585938,281.7621154785156,680.1699829101562
83,2.0,210.0,228.76412963867188,637.7450561523438,282.7685852050781,679.8290405273438
84,2.0,210.0,229.12893676757812,637.602783203125,282.9650573730469,679.3917846679688
85,2.0,210.0,229.3473358154297,636.5418701171875,282.7117614746094,679.37158203125
86,2.0,210.0,229.78086853027344,635.7086791992188,283.2944030761719,679.7398681640625
87,2.0,210.0,229.7071075439453,635.7346801757812,284.8144226074219,680.395751953125
88,2.0,210.0,229.7006072998047,635.7778930664062,287.0106201171875,680.8571166992188
89,2.0,210.0,230.0984649658203,635.6046752929688,289.1542663574219,681.1509399414062
90,2.0,210.0,230.5289764404297,635.705322265625,290.408447265625,681.8397216796875
91,2.0,210.0,231.348876953125,635.9852905273438,291.8604736328125,682.2482299804688
92,2.0,210.0,231.6907196044922,637.0174560546875,292.4466857910156,682.9390258789062
93,2.0,210.0,232.2604217529297,637.2000732421875,292.5051574707031,683.239013671875
94,2.0,210.0,233.10923767089844,637.1732177734375,292.2552795410156,683.33447265625
95,2.0,210.0,233.37078857421875,636.834228515625,293.12823486328125,683.6220703125
96,2.0,210.0,233.76556396484375,636.6849365234375,293.6667175292969,683.9652709960938
97,2.0,210.0,233.43531799316406,638.0130615234375,294.320556640625,684.2243041992188
98,2.0,210.0,233.3081512451172,638.4148559570312,294.8229675292969,684.8359985351562
99,2.0,210.0,233.7591094970703,639.9031372070312,296.68792724609375,685.6775512695312
100,2.0,210.0,235.39788818359375,640.3666381835938,298.4100341796875,685.98193359375
101,2.0,210.0,235.5009765625,638.9432373046875,300.17437744140625,686.1134643554688
102,2.0,210.0,235.88449096679688,640.6222534179688,302.3196105957031,686.6365966796875
103,2.0,210.0,235.9552764892578,638.9588012695312,303.90667724609375,687.66064453125
104,2.0,210.0,236.15956115722656,639.1450805664062,304.7550354003906,688.2262573242188
105,2.0,210.0,236.44171142578125,638.3278198242188,305.5361328125,689.5352783203125
106,2.0,210.0,236.93521118164062,639.455322265625,306.8616027832031,690.76416015625
107,2.0,210.0,237.0674591064453,638.5416259765625,306.8066711425781,691.1436157226562
108,2.0,210.0,238.31295776367188,637.990966796875,310.2574462890625,692.0214233398438
109,2.0,210.0,238.13070678710938,637.2977294921875,312.3013000488281,692.2615966796875
110,2.0,210.0,239.3572540283203,636.81396484375,314.7817687988281,693.2831420898438
111,2.0,210.0,240.3045654296875,636.3554077148438,315.6273193359375,693.635498046875
112,2.0,210.0,241.4451904296875,636.0670776367188,316.1254577636719,693.5182495117188
113,2.0,210.0,243.22555541992188,634.66650390625,318.2430419921875,693.930908203125
114,2.0,210.0,243.6139678955078,635.1201782226562,321.7103576660156,694.2030029296875
115,2.0,210.0,244.45669555664062,634.8250732421875,323.4282531738281,694.9002075195312
116,2.0,210.0,243.85475158691406,635.2098999023438,324.63421630859375,696.8258666992188
117,2.0,210.0,244.2550811767578,635.6812133789062,325.6221618652344,697.0183715820312
118,2.0,210.0,244.01136779785156,635.5647583007812,328.4286193847656,698.0588989257812
119,2.0,210.0,243.9454345703125,634.4600830078125,330.408447265625,699.9901123046875
120,2.0,210.0,244.14910888671875,634.5968017578125,332.4398498535156,701.038818359375
121,2.0,210.0,245.2122039794922,634.7158203125,333.9805908203125,701.2642822265625
122,2.0,210.0,245.89752197265625,634.4739379882812,338.328125,703.2116088867188
123,2.0,210.0,246.7100830078125,633.4609375,339.5301208496094,702.4199829101562
124,2.0,210.0,247.44064331054688,633.28369140625,340.91656494140625,703.2506103515625
125,2.0,210.0,248.96775817871094,633.23291015625,345.188720703125,704.7576293945312
126,2.0,210.0,251.82080078125,633.2569580078125,347.84564208984375,705.34814453125
127,2.0,210.0,252.81478881835938,633.3430786132812,350.2027282714844,707.5686645507812
128,2.0,210.0,252.73399353027344,632.8296508789062,351.56011962890625,708.9168090820312
129,2.0,210.0,253.01641845703125,633.1333618164062,355.5602722167969,710.638427734375
130,2.0,210.0,253.5042266845703,632.7775268554688,358.8292236328125,711.8312377929688
131,2.0,210.0,255.4976806640625,632.5913696289062,362.7373352050781,713.1077880859375
132,2.0,210.0,256.9272766113281,632.168701171875,365.2566223144531,714.4332275390625
133,2.0,210.0,258.05657958984375,631.840576171875,368.20306396484375,715.7818603515625
134,2.0,210.0,260.35211181640625,630.2435302734375,372.1842346191406,717.471923828125
135,2.0,210.0,261.2669982910156,630.3283081054688,376.8436584472656,718.6136474609375
136,2.0,210.0,262.62872314453125,630.015380859375,380.15277099609375,719.5795288085938
137,2.0,210.0,264.3587951660156,629.85546875,384.8689270019531,720.6718139648438
138,2.0,210.0,264.0592346191406,630.0679321289062,389.2166748046875,722.833984375
139,2.0,210.0,263.4770812988281,630.4898071289062,394.22015380859375,724.3678588867188
140,2.0,210.0,264.3618469238281,630.4954833984375,398.2728576660156,726.4213256835938
141,2.0,210.0,265.8694763183594,629.935302734375,403.1198425292969,728.7763061523438
142,2.0,210.0,268.5272521972656,629.2664794921875,408.96142578125,730.974365234375
143,2.0,210.0,271.1439208984375,628.9681396484375,414.9707336425781,733.3969116210938
144,2.0,210.0,275.0406494140625,628.795654296875,420.5032043457031,735.5458984375
145,2.0,210.0,278.6901550292969,628.3861694335938,426.4971008300781,736.1428833007812
146,2.0,210.0,279.69183349609375,626.9887084960938,433.270751953125,738.9837036132812
147,2.0,210.0,282.25537109375,627.120361328125,439.9365234375,741.1693725585938
148,2.0,210.0,286.4211730957031,626.0411376953125,447.0474853515625,743.9284057617188
149,2.0,210.0,290.1822814941406,625.5818481445312,453.69757080078125,747.4486694335938
150,2.0,210.0,291.7927551269531,626.2194213867188,461.6621398925781,750.7098388671875
151,2.0,210.0,294.69647216796875,625.4739379882812,471.3573913574219,755.7649536132812
152,2.0,210.0,296.3670959472656,624.8154296875,479.762451171875,759.4275512695312
153,2.0,210.0,299.69720458984375,624.0803833007812,489.9778747558594,762.408203125
154,2.0,210.0,303.24200439453125,623.556884765625,501.2353210449219,766.4592895507812
155,2.0,210.0,305.4188537597656,623.126708984375,511.6927185058594,770.9219970703125
156,2.0,210.0,309.2895812988281,623.7100830078125,523.6868286132812,773.7288818359375
157,2.0,210.0,312.41302490234375,622.8593139648438,536.0446166992188,779.1991577148438
158,2.0,210.0,317.07550048828125,622.248779296875,549.10693359375,783.8468017578125
159,2.0,210.0,322.3873596191406,620.5245971679688,563.6332397460938,788.1658935546875
160,2.0,210.0,327.1849365234375,619.1893310546875,578.9356079101562,795.983642578125
161,2.0,210.0,333.7005615234375,618.6467895507812,595.5321044921875,802.0916748046875
162,2.0,210.0,337.75738525390625,617.9905395507812,613.60986328125,807.317138671875
163,2.0,210.0,344.8578796386719,617.2935791015625,635.3494873046875,815.0364379882812
164,2.0,210.0,351.9188537597656,614.7459716796875,657.316162109375,823.8033447265625
165,2.0,210.0,358.84320068359375,614.0816040039062,682.45849609375,831.7968139648438
166,2.0,210.0,366.8348388671875,612.512451171875,709.9496459960938,840.2566528320312
167,2.0,210.0,374.6611328125,611.408935546875,741.1890869140625,848.8386840820312
168,2.0,210.0,385.0221862792969,610.4398803710938,777.24609375,862.0294799804688
169,2.0,210.0,394.75408935546875,606.0198364257812,818.185791015625,875.5648803710938
170,2.0,210.0,405.8244323730469,602.348876953125,863.3298950195312,892.4916381835938
171,2.0,210.0,418.2758483886719,595.8931884765625,913.8895263671875,908.79638671875
172,2.0,210.0,432.72418212890625,591.0625,974.8350830078125,928.390869140625
173,2.0,210.0,448.65093994140625,585.122314453125,1045.207275390625,956.8155517578125
174,2.0,210.0,467.73846435546875,581.9790649414062,1128.487548828125,987.6782836914062
175,2.0,210.0,487.3629150390625,576.7048950195312,1231.4581298828125,1026.2138671875
176,2.0,210.0,511.0106506347656,568.6502075195312,1355.1221923828125,1060.628173828125
177,2.0,210.0,540.87451171875,555.0665283203125,1509.403076171875,1072.6195068359375
178,2.0,210.0,571.8017578125,548.8795776367188,1700.301025390625,1078.4984130859375
179,2.0,210.0,605.1736450195312,540.9830932617188,1852.5673828125,1080.0
180,2.0,210.0,648.3272094726562,528.5997924804688,1916.368896484375,1080.0
181,2.0,210.0,716.072509765625,509.5697326660156,1920.0,1078.71923828125
182,2.0,210.0,794.1510620117188,482.8765869140625,1920.0,1077.1826171875
183,2.0,210.0,891.7021484375,449.4586486816406,1920.0,1079.3614501953125
184,2.0,210.0,1017.1629638671875,420.1183166503906,1920.0,1077.7242431640625
185,2.0,210.0,1197.1376953125,416.1582946777344,1920.0,1076.0098876953125
