26,2.0,56.0,464.4173278808594,563.85986328125,515.968994140625,608.23388671875
27,2.0,56.0,464.4024658203125,563.7890625,518.2691040039062,608.7717895507812
28,2.0,56.0,464.9883728027344,564.8128051757812,518.8823852539062,608.583251953125
29,2.0,56.0,465.33770751953125,565.51025390625,521.5869750976562,608.6837158203125
30,2.0,56.0,465.96051025390625,565.7095947265625,523.069091796875,608.5866088867188
31,2.0,56.0,465.8750915527344,565.9600830078125,523.3746337890625,607.9048461914062
32,2.0,56.0,466.0885925292969,566.1619262695312,523.9057006835938,608.4053955078125
33,2.0,56.0,466.4543151855469,566.0797729492188,525.0794677734375,608.8233032226562
34,2.0,56.0,466.4548645019531,566.6549072265625,526.169189453125,609.5833740234375
35,2.0,56.0,467.5331726074219,566.2965087890625,527.001708984375,609.7542724609375
36,2.0,56.0,467.4844970703125,566.140869140625,527.5317993164062,609.9141845703125
37,2.0,56.0,467.2121276855469,565.895263671875,527.8923950195312,610.0167236328125
38,2.0,56.0,467.9249572753906,565.7229614257812,529.1176147460938,610.15966796875
39,2.0,56.0,468.5009460449219,565.3800048828125,530.8347778320312,610.0641479492188
40,2.0,56.0,469.47698974609375,564.9116821289062,531.2239379882812,610.0042724609375
41,2.0,56.0,469.5754699707031,564.9125366210938,532.3311767578125,610.3143920898438
42,2.0,56.0,469.55316162109375,565.0254516601562,533.0352172851562,610.258056640625
43,2.0,56.0,469.9291687011719,564.9151000976562,533.1281127929688,610.6715087890625
44,2.0,56.0,470.0819396972656,565.0632934570312,534.8446044921875,611.0402221679688
45,2.0,56.0,470.9843444824219,565.2679443359375,535.5047607421875,611.3381958007812
46,2.0,56.0,471.5137634277344,563.6054077148438,536.5451049804688,612.5521850585938
47,2.0,56.0,473.0212707519531,564.0594482421875,537.6195068359375,612.943359375
48,2.0,56.0,473.16552734375,563.8462524414062,538.316162109375,613.885986328125
49,2.0,56.0,472.80426025390625,563.1553955078125,540.2711181640625,614.8292236328125
50,2.0,56.0,473.1564025878906,561.8123168945312,541.991455078125,615.4363403320312
51,2.0,56.0,474.86602783203125,560.6989135742188,542.1223754882812,615.2327880859375
52,2.0,56.0,475.9085388183594,560.8223266601562,544.9271240234375,614.9232788085938
53,2.0,56.0,476.1862487792969,561.1641235351562,546.4281005859375,615.1466674804688
54,2.0,56.0,477.2066345214844,559.828125,547.0629272460938,615.3504638671875
55,2.0,56.0,477.8491516113281,561.2763061523438,549.6143188476562,616.0997314453125
56,2.0,56.0,478.54132080078125,561.41357421875,551.51025390625,616.724853515625
57,2.0,56.0,479.3416442871094,560.6038208007812,553.1690063476562,617.6778564453125
58,2.0,56.0,480.0109558105469,560.0963745117188,553.8466186523438,618.0642700195312
59,2.0,56.0,480.967529296875,559.7703857421875,554.8301391601562,618.69970703125
60,2.0,56.0,481.1683044433594,559.6605834960938,556.4957275390625,619.0399780273438
61,2.0,56.0,481.7522277832031,558.9185791015625,557.6839599609375,619.2451171875
62,2.0,56.0,482.67950439453125,559.2739868164062,558.2730712890625,619.0581665039062
63,2.0,56.0,483.5902404785156,560.21826171875,559.9451904296875,619.4890747070312
64,2.0,56.0,484.0061950683594,560.4816284179688,561.1881103515625,620.0238037109375
65,2.0,56.0,485.5382385253906,559.5136108398438,563.624267578125,620.04833984375
66,2.0,56.0,486.63616943359375,558.344970703125,563.7216186523438,620.5221557617188
67,2.0,56.0,487.5954284667969,557.4376831054688,565.8766479492188,621.5181884765625
68,2.0,56.0,488.435546875,556.0703735351562,567.2994995117188,621.993896484375
69,2.0,56.0,488.8379821777344,556.403076171875,569.3741455078125,622.4520874023438
70,2.0,56.0,490.146484375,557.2877197265625,570.759765625,622.7242431640625
71,2.0,56.0,490.8339538574219,557.4710083007812,572.7420043945312,622.7992553710938
72,2.0,56.0,492.0947265625,558.005859375,574.8709716796875,622.770751953125
73,2.0,56.0,493.2017517089844,558.62158203125,577.273193359375,622.9140014648438
74,2.0,56.0,493.5516052246094,559.0911254882812,578.3718872070312,623.0703735351562
75,2.0,56.0,493.9775390625,558.46435546875,579.5880737304688,623.5914306640625
76,2.0,56.0,494.5140686035156,558.576904296875,581.3709716796875,624.5611572265625
77,2.0,56.0,494.8075866699219,557.0479736328125,583.8887939453125,625.3154296875
78,2.0,56.0,495.3543395996094,556.0577392578125,586.2274169921875,626.47705078125
79,2.0,56.0,495.67376708984375,554.4910888671875,588.8712768554688,627.4421997070312
80,2.0,56.0,496.38385009765625,553.5594482421875,592.0271606445312,628.6831665039062
81,2.0,56.0,497.33612060546875,553.0264282226562,594.5834350585938,629.889892578125
82,2.0,56.0,497.43170166015625,552.3988037109375,596.7133178710938,631.1685180664062
83,2.0,56.0,499.84942626953125,552.484375,597.5506591796875,632.461181640625
84,2.0,56.0,501.7851257324219,552.4622802734375,598.7033081054688,632.3270874023438
85,2.0,56.0,503.1769714355469,552.4609375,601.1212158203125,633.22705078125
86,2.0,56.0,504.9588623046875,552.6801147460938,604.4127807617188,633.92333984375
87,2.0,56.0,505.9669494628906,552.5171508789062,606.9799194335938,634.594970703125
88,2.0,56.0,506.62841796875,552.289306640625,611.1605834960938,635.3330688476562
89,2.0,56.0,507.8428039550781,552.0125122070312,613.5990600585938,635.9314575195312
90,2.0,56.0,508.66204833984375,552.0747680664062,617.092529296875,637.4183959960938
91,2.0,56.0,509.6728820800781,551.9788818359375,619.5734252929688,637.517333984375
92,2.0,56.0,511.3729553222656,551.1007690429688,621.8318481445312,638.3486938476562
93,2.0,56.0,512.9674072265625,551.1705932617188,624.7189331054688,640.4326171875
94,2.0,56.0,512.6927490234375,550.3839721679688,626.8458862304688,640.9293823242188
95,2.0,56.0,513.4852294921875,550.5795288085938,629.3013916015625,642.1900024414062
96,2.0,56.0,516.3466186523438,549.6061401367188,632.9915771484375,642.897216796875
97,2.0,56.0,517.541015625,549.4320678710938,637.3660888671875,644.8635864257812
98,2.0,56.0,518.235107421875,550.4529418945312,640.7120971679688,645.17236328125
99,2.0,56.0,521.057861328125,550.1882934570312,644.3984985351562,645.4462280273438
100,2.0,56.0,522.0316772460938,548.9351196289062,647.4498291015625,645.7553100585938
101,2.0,56.0,523.7374267578125,548.0321655273438,652.0846557617188,646.2037353515625
102,2.0,56.0,526.9210815429688,547.4036254882812,655.8137817382812,646.9479370117188
103,2.0,56.0,529.2779541015625,547.123779296875,659.78857421875,648.109130859375
104,2.0,56.0,530.1962890625,546.8124389648438,664.3262329101562,649.0189819335938
105,2.0,56.0,531.9113159179688,545.4593505859375,668.3818969726562,650.9863891601562
106,2.0,56.0,533.3890380859375,544.5955810546875,674.2340698242188,652.8530883789062
107,2.0,56.0,534.6317749023438,543.7584228515625,678.691650390625,655.2279052734375
108,2.0,56.0,537.2823486328125,543.281494140625,683.7211303710938,656.8167724609375
109,2.0,56.0,536.8099975585938,543.0107421875,689.6278076171875,658.5887451171875
110,2.0,56.0,539.4098510742188,543.02734375,694.5274047851562,659.4609985351562
111,2.0,56.0,541.3385620117188,541.4674072265625,700.3319091796875,662.947265625
112,2.0,56.0,544.4423828125,540.5126953125,706.0966796875,665.87060546875
113,2.0,56.0,547.1818237304688,540.1005859375,712.083740234375,667.7106323242188
114,2.0,56.0,549.1532592773438,539.4695434570312,719.1487426757812,668.9677734375
115,2.0,56.0,551.5891723632812,537.72802734375,725.2523803710938,670.1754760742188
117,2.0,56.0,557.150146484375,536.042724609375,739.2603759765625,675.8577880859375
118,2.0,56.0,559.9906616210938,534.6849365234375,747.4129638671875,677.920166015625
119,2.0,56.0,562.1290893554688,533.4794311523438,754.6494750976562,680.5281982421875
120,2.0,56.0,563.80859375,532.5831298828125,762.3945922851562,683.8322143554688
121,2.0,56.0,566.586669921875,531.3930053710938,771.6715087890625,687.488525390625
122,2.0,56.0,568.7576293945312,530.3576049804688,782.022216796875,691.072265625
123,2.0,56.0,572.3285522460938,529.2186889648438,791.3536376953125,693.87890625
124,2.0,56.0,575.7039184570312,528.1888427734375,800.921142578125,696.17919921875
125,2.0,56.0,579.697509765625,527.5822143554688,811.7803955078125,699.9863891601562
126,2.0,56.0,584.93212890625,526.3697509765625,823.1399536132812,704.7285766601562
127,2.0,56.0,588.1580810546875,525.4992065429688,834.7122802734375,707.450927734375
128,2.0,56.0,594.2337646484375,524.5185546875,849.662353515625,711.144775390625
129,2.0,56.0,598.8606567382812,522.9795532226562,863.2398681640625,715.4906005859375
130,2.0,56.0,603.1614990234375,522.20751953125,878.21044921875,718.9140625
131,2.0,56.0,608.5545654296875,520.5343627929688,893.7456665039062,722.9051513671875
132,2.0,56.0,614.304443359375,518.38232421875,911.20166015625,728.6248168945312
133,2.0,56.0,619.5918579101562,517.4156494140625,929.689208984375,734.094482421875
134,2.0,56.0,626.1054077148438,513.8922119140625,948.3301391601562,739.642333984375
135,2.0,56.0,631.1519165039062,510.15057373046875,971.472900390625,745.1436157226562
136,2.0,56.0,636.9212036132812,505.7349853515625,992.890380859375,752.06689453125
137,2.0,56.0,645.3089599609375,504.54937744140625,1018.117919921875,761.6419067382812
138,2.0,56.0,652.9151611328125,502.2908935546875,1047.23046875,770.0517578125
139,2.0,56.0,660.27734375,499.7823486328125,1078.4969482421875,780.0380249023438
140,2.0,56.0,669.8480224609375,496.3266906738281,1113.1328125,791.527099609375
141,2.0,56.0,679.7744750976562,493.72772216796875,1149.1328125,800.989501953125
142,2.0,56.0,690.26171875,489.4394226074219,1190.6004638671875,814.5885009765625
143,2.0,56.0,702.1150512695312,483.59881591796875,1238.10498046875,829.6154174804688
144,2.0,56.0,716.1064453125,477.6407470703125,1291.873291015625,843.7225952148438
145,2.0,56.0,728.8113403320312,470.8157043457031,1352.593017578125,863.2831420898438
146,2.0,56.0,743.2554321289062,465.04193115234375,1418.949951171875,885.8040771484375
147,2.0,56.0,761.0585327148438,455.589111328125,1500.8035888671875,909.3504638671875
148,2.0,56.0,780.19580078125,446.88079833984375,1591.711181640625,938.0980834960938
149,2.0,56.0,801.1100463867188,437.3690490722656,1694.0064697265625,973.5982666015625
150,2.0,56.0,824.4993896484375,429.4049072265625,1817.9351806640625,1016.361572265625
151,2.0,56.0,850.11279296875,417.8137512207031,1897.180419921875,1054.5164794921875
152,2.0,56.0,882.5206298828125,405.57098388671875,1920.0,1070.1248779296875
153,2.0,56.0,917.5988159179688,392.20166015625,1920.0,1077.4534912109375
154,2.0,56.0,959.6273803710938,371.8482360839844,1920.0,1080.0
155,2.0,56.0,1007.7550659179688,350.4921569824219,1920.0,1080.0
156,2.0,56.0,1067.2591552734375,327.16168212890625,1920.0,1077.7528076171875
157,2.0,56.0,1137.4942626953125,290.80255126953125,1920.0,1076.2135009765625
158,2.0,56.0,1225.025390625,256.93096923828125,1920.0,1075.7208251953125
159,2.0,56.0,1337.7486572265625,239.4375,1920.0,1077.5821533203125
160,2.0,56.0,1484.7099609375,251.8993377685547,1920.0,1078.8392333984375
