58,2.0,77.0,441.1081848144531,582.5767211914062,485.2682189941406,618.2330322265625
59,2.0,77.0,440.87274169921875,582.0039672851562,485.55938720703125,618.9520874023438
60,2.0,77.0,441.7872314453125,581.6780395507812,486.5174560546875,619.3232421875
61,2.0,77.0,442.3429260253906,581.7279663085938,487.6028137207031,619.2838134765625
62,2.0,77.0,443.77947998046875,581.498291015625,489.04638671875,618.9528198242188
63,2.0,77.0,444.2041320800781,581.512939453125,491.7185974121094,618.84765625
64,2.0,77.0,444.7947998046875,580.1398315429688,492.90399169921875,618.6017456054688
65,2.0,77.0,445.19866943359375,578.4403076171875,493.9544372558594,619.13916015625
66,2.0,77.0,445.43365478515625,578.5027465820312,495.1102600097656,619.630859375
67,2.0,77.0,445.7432556152344,577.9461059570312,496.1295166015625,620.2940673828125
68,2.0,77.0,445.48004150390625,577.8735961914062,497.7640686035156,621.547607421875
69,2.0,77.0,445.5094299316406,577.7655639648438,498.7217102050781,621.608154296875
70,2.0,77.0,445.7377624511719,578.1152954101562,500.3155212402344,621.43115234375
71,2.0,77.0,445.819091796875,578.8509521484375,501.4441833496094,621.7971801757812
72,2.0,77.0,445.7730407714844,578.9432373046875,504.41461181640625,623.1621704101562
73,2.0,77.0,446.1566162109375,578.6268310546875,505.9306335449219,623.721435546875
74,2.0,77.0,446.34600830078125,578.7589111328125,507.35467529296875,624.7120971679688
75,2.0,77.0,446.2386779785156,580.286376953125,508.25238037109375,625.785400390625
76,2.0,77.0,447.10528564453125,579.9368286132812,509.2069091796875,626.3670043945312
77,2.0,77.0,448.61480712890625,579.6572265625,509.9345703125,626.7223510742188
78,2.0,77.0,450.01544189453125,579.555908203125,510.61566162109375,626.5526123046875
79,2.0,77.0,449.72833251953125,579.8912353515625,511.8843688964844,626.550537109375
80,2.0,77.0,450.543701171875,579.8909912109375,513.8588256835938,626.779541015625
81,2.0,77.0,452.16668701171875,579.4276733398438,515.882568359375,627.5991821289062
82,2.0,77.0,452.9772644042969,579.54638671875,517.2507934570312,629.031005859375
83,2.0,77.0,453.7677307128906,579.2005004882812,519.2538452148438,630.5718383789062
84,2.0,77.0,453.77728271484375,577.2769775390625,521.362060546875,631.0183715820312
85,2.0,77.0,454.1831359863281,576.123291015625,523.2462768554688,632.1754150390625
87,2.0,77.0,455.8517150878906,575.7730712890625,527.1735229492188,633.6583862304688
88,2.0,77.0,456.14691162109375,575.7255249023438,529.2315063476562,633.9540405273438
89,2.0,77.0,457.0869445800781,575.67431640625,532.3876342773438,634.2158203125
90,2.0,77.0,459.297607421875,576.272705078125,533.0680541992188,634.3089599609375
91,2.0,77.0,459.3273620605469,576.396484375,534.1986694335938,634.8074951171875
92,2.0,77.0,459.6409606933594,575.6492919921875,536.786376953125,634.873046875
93,2.0,77.0,461.3380432128906,575.2130737304688,539.0429077148438,634.79345703125
94,2.0,77.0,462.64599609375,575.1925048828125,540.26611328125,635.0224609375
96,2.0,77.0,465.0569763183594,574.2608032226562,545.2636108398438,637.5015869140625
97,2.0,77.0,465.9734191894531,573.1671752929688,546.6624755859375,637.4525756835938
98,2.0,77.0,467.6399230957031,571.9295654296875,550.2803955078125,637.6895751953125
99,2.0,77.0,468.604736328125,571.3446044921875,552.0869140625,640.2673950195312
100,2.0,77.0,469.8741760253906,571.189208984375,555.5584716796875,642.7776489257812
101,2.0,77.0,471.0113525390625,571.3404541015625,558.8692016601562,643.7841796875
102,2.0,77.0,471.58349609375,570.9464111328125,562.3443603515625,645.1165771484375
103,2.0,77.0,473.4357604980469,570.96533203125,564.6605224609375,645.76025390625
104,2.0,77.0,474.5267333984375,570.7391357421875,568.3842163085938,646.9996337890625
105,2.0,77.0,475.9676513671875,570.6346435546875,571.6778564453125,647.6669311523438
106,2.0,77.0,477.92950439453125,569.3373413085938,575.7659912109375,648.3452758789062
107,2.0,77.0,479.07525634765625,568.2147827148438,578.5725708007812,648.8240966796875
108,2.0,77.0,480.2799072265625,567.2455444335938,581.626708984375,649.4655151367188
109,2.0,77.0,481.174560546875,567.50244140625,585.2457885742188,650.7339477539062
110,2.0,77.0,482.57330322265625,566.8651123046875,591.5429077148438,653.66357421875
111,2.0,77.0,484.0318603515625,567.1781005859375,594.6778564453125,656.2775268554688
112,2.0,77.0,487.2914733886719,568.2485961914062,599.0853271484375,657.0736694335938
113,2.0,77.0,489.7510681152344,567.9961547851562,603.4389038085938,658.188232421875
114,2.0,77.0,491.7618408203125,567.7642211914062,607.8555297851562,659.1393432617188
115,2.0,77.0,494.2235412597656,567.5668334960938,614.0307006835938,661.4260864257812
116,2.0,77.0,496.2936096191406,566.1515502929688,620.1010131835938,662.2745971679688
117,2.0,77.0,499.8509521484375,564.679443359375,626.529541015625,665.080078125
118,2.0,77.0,502.8236389160156,564.0906982421875,632.6942138671875,666.7106323242188
119,2.0,77.0,503.41064453125,562.7902221679688,638.9661254882812,668.8699340820312
120,2.0,77.0,504.45916748046875,562.7332153320312,646.6375122070312,670.8650512695312
121,2.0,77.0,505.25537109375,560.5745239257812,653.0564575195312,672.6572265625
122,2.0,77.0,506.97869873046875,558.8811645507812,661.6583862304688,676.8739624023438
123,2.0,77.0,507.95184326171875,557.6405029296875,669.9420776367188,680.6160888671875
124,2.0,77.0,513.57470703125,556.7847290039062,678.2435302734375,682.903564453125
125,2.0,77.0,516.623779296875,554.6219482421875,689.4059448242188,686.322021484375
126,2.0,77.0,521.944580078125,552.8698120117188,700.0347900390625,690.2882690429688
127,2.0,77.0,527.805419921875,551.4710693359375,711.8442993164062,693.900634765625
128,2.0,77.0,529.3336791992188,549.7496948242188,724.1372680664062,698.5291137695312
129,2.0,77.0,535.2609252929688,548.9916381835938,736.2982177734375,702.9225463867188
130,2.0,77.0,538.9865112304688,548.1095581054688,752.094970703125,707.7049560546875
131,2.0,77.0,544.5340576171875,547.8123779296875,768.3013916015625,714.9030151367188
132,2.0,77.0,549.96923828125,546.696533203125,785.5718383789062,719.1947021484375
133,2.0,77.0,556.5543823242188,545.4246826171875,805.2578735351562,724.6509399414062
134,2.0,77.0,565.2484741210938,542.425048828125,827.1680908203125,730.9415893554688
135,2.0,77.0,573.2914428710938,539.2403564453125,850.1375122070312,738.2450561523438
136,2.0,77.0,582.192138671875,536.3033447265625,876.9093627929688,745.7088012695312
137,2.0,77.0,590.362548828125,532.7266235351562,906.317138671875,754.314697265625
138,2.0,77.0,599.2794799804688,528.2293701171875,939.9015502929688,763.9922485351562
139,2.0,77.0,609.517333984375,524.4198608398438,979.1287231445312,775.9962768554688
140,2.0,77.0,622.9114990234375,521.0142822265625,1023.554931640625,789.7286987304688
141,2.0,77.0,637.8374633789062,515.7513427734375,1076.0550537109375,803.5444946289062
142,2.0,77.0,652.677490234375,508.2651672363281,1136.25732421875,823.5098876953125
143,2.0,77.0,669.60791015625,500.52044677734375,1208.8863525390625,845.0277709960938
145,2.0,77.0,715.9011840820312,482.4503173828125,1403.458251953125,905.56103515625
146,2.0,77.0,743.5496215820312,467.565185546875,1536.598876953125,948.4697875976562
147,2.0,77.0,776.3721313476562,452.8919677734375,1708.080810546875,1007.35595703125
148,2.0,77.0,820.2540893554688,437.6854248046875,1851.237548828125,1051.658203125
149,2.0,77.0,872.6683959960938,416.9408874511719,1911.5093994140625,1070.0380859375
150,2.0,77.0,940.0654296875,390.86492919921875,1920.0,1078.53515625
151,2.0,77.0,1025.73681640625,350.37213134765625,1920.0,1078.181884765625
152,2.0,77.0,1146.7882080078125,302.48974609375,1920.0,1078.96435546875
153,2.0,77.0,1318.7392578125,267.7779541015625,1920.0,1079.80029296875
