109,2.0,33.0,433.63525390625,418.79608154296875,502.41497802734375,472.00189208984375
110,2.0,33.0,433.94140625,418.54901123046875,504.2713317871094,472.65069580078125
111,2.0,33.0,434.19281005859375,415.4342956542969,507.350341796875,473.6521911621094
112,2.0,33.0,435.9229736328125,414.2008361816406,508.9977111816406,474.0786437988281
113,2.0,33.0,437.07720947265625,414.4333801269531,511.21331787109375,475.58111572265625
114,2.0,33.0,439.3603515625,416.1189270019531,512.1932373046875,476.13262939453125
115,2.0,33.0,441.9579162597656,415.9039306640625,512.9708251953125,476.51129150390625
116,2.0,33.0,443.37933349609375,415.1024475097656,514.767578125,476.9739990234375
117,2.0,33.0,445.071044921875,414.63287353515625,516.37451171875,477.1186218261719
118,2.0,33.0,446.19024658203125,414.7476501464844,518.4046630859375,477.6545715332031
119,2.0,33.0,447.0265197753906,415.5038757324219,520.9093017578125,477.7139892578125
120,2.0,33.0,448.0190124511719,414.2643737792969,525.85791015625,477.944580078125
121,2.0,33.0,450.5542297363281,413.5002746582031,529.6420288085938,477.50970458984375
122,2.0,33.0,451.2408447265625,413.00421142578125,531.6554565429688,478.7394104003906
123,2.0,33.0,453.8505554199219,412.7128601074219,534.0504760742188,479.62811279296875
124,2.0,33.0,455.48046875,412.0321960449219,538.2985229492188,480.7274475097656
125,2.0,33.0,456.8678283691406,411.5927429199219,541.1812133789062,482.3620910644531
126,2.0,33.0,456.51824951171875,411.9585876464844,544.5209350585938,484.1345520019531
127,2.0,33.0,458.7082214355469,411.0504455566406,547.98876953125,487.4651184082031
128,2.0,33.0,460.2832946777344,410.5737609863281,554.48583984375,489.9908752441406
129,2.0,33.0,461.253662109375,410.7832336425781,556.62353515625,489.7384948730469
130,2.0,33.0,463.6622314453125,410.63214111328125,559.4761352539062,489.76824951171875
131,2.0,33.0,466.4693908691406,409.5876770019531,564.1681518554688,491.482421875
132,2.0,33.0,468.1915588378906,409.8802490234375,568.2101440429688,492.9487609863281
133,2.0,33.0,469.4035339355469,409.3634033203125,573.0618896484375,495.4288635253906
134,2.0,33.0,471.0477294921875,409.2899475097656,578.9476928710938,496.18011474609375
135,2.0,33.0,475.4725341796875,408.48992919921875,584.4066772460938,498.0561218261719
136,2.0,33.0,478.7957458496094,407.1946716308594,590.6387939453125,499.8066101074219
137,2.0,33.0,482.1910400390625,406.0452575683594,595.0790405273438,501.1636657714844
138,2.0,33.0,483.5811767578125,405.5728454589844,601.9191284179688,502.8257141113281
139,2.0,33.0,484.6824951171875,405.7346496582031,610.0357055664062,504.3626708984375
140,2.0,33.0,488.3534851074219,404.6665344238281,616.5936279296875,506.7543029785156
141,2.0,33.0,491.77764892578125,403.6580505371094,623.7113037109375,509.25634765625
142,2.0,33.0,495.1968078613281,403.8899230957031,630.7155151367188,512.9049072265625
143,2.0,33.0,499.4216613769531,402.8548278808594,639.2769775390625,514.5476684570312
144,2.0,33.0,502.94390869140625,402.66021728515625,649.4328002929688,517.29345703125
145,2.0,33.0,505.02923583984375,401.4132995605469,658.59375,519.9659423828125
146,2.0,33.0,508.9991455078125,399.7406921386719,668.0118408203125,523.1401977539062
147,2.0,33.0,513.6317138671875,397.7201232910156,678.5136108398438,525.5184326171875
148,2.0,33.0,517.1920166015625,397.1396484375,688.0377197265625,528.3936157226562
149,2.0,33.0,522.7542114257812,394.99932861328125,700.3644409179688,530.5606079101562
150,2.0,33.0,527.391357421875,393.1694030761719,714.618896484375,535.4598999023438
151,2.0,33.0,532.7388916015625,390.2348937988281,728.3072509765625,541.0353393554688
152,2.0,33.0,537.771240234375,389.0954284667969,743.9852905273438,544.5116577148438
153,2.0,33.0,545.6825561523438,386.92950439453125,760.4173583984375,546.3860473632812
154,2.0,33.0,552.3961791992188,385.1989440917969,779.4134521484375,552.6652221679688
155,2.0,33.0,560.5234985351562,381.4579162597656,800.4716796875,558.3224487304688
156,2.0,33.0,569.690673828125,378.4349060058594,822.6466674804688,566.7288818359375
157,2.0,33.0,578.1441040039062,376.07470703125,847.5316772460938,574.526123046875
158,2.0,33.0,588.8832397460938,373.5505065917969,874.28564453125,580.53662109375
159,2.0,33.0,599.1487426757812,369.9005432128906,905.697998046875,589.9646606445312
160,2.0,33.0,609.5900268554688,366.2452392578125,940.8165893554688,601.1414184570312
161,2.0,33.0,622.1505126953125,361.7338562011719,981.5609130859375,613.1783447265625
162,2.0,33.0,637.8270874023438,359.7920227050781,1030.0440673828125,627.5675048828125
163,2.0,33.0,653.6884155273438,356.2173767089844,1084.2742919921875,644.0739135742188
164,2.0,33.0,672.1900634765625,351.9067687988281,1148.0401611328125,662.2086791992188
165,2.0,33.0,693.16357421875,345.39520263671875,1223.844970703125,687.533447265625
166,2.0,33.0,719.6405029296875,340.0431823730469,1317.263916015625,713.1359252929688
167,2.0,33.0,748.6515502929688,330.4698486328125,1431.4083251953125,747.4932250976562
168,2.0,33.0,783.4579467773438,315.0097351074219,1578.6162109375,792.5633544921875
169,2.0,33.0,824.3441772460938,302.62872314453125,1759.134765625,854.7066040039062
170,2.0,33.0,876.1644897460938,282.8114929199219,1873.2117919921875,938.3234252929688
171,2.0,33.0,940.6768188476562,263.85137939453125,1920.0,1022.4718627929688
172,2.0,33.0,1028.304931640625,238.22592163085938,1920.0,1060.2008056640625
173,2.0,33.0,1142.830322265625,198.76377868652344,1920.0,1061.359130859375
174,2.0,33.0,1304.78759765625,167.1956787109375,1920.0,1069.1085205078125
175,2.0,33.0,1541.67431640625,176.8673553466797,1920.0,1077.8594970703125
