2,41,356.8027038574219,527.30322265625,411.6517333984375,569.9970092773438
3,41,356.939453125,527.7208862304688,412.7384033203125,570.1746215820312
4,41,357.09716796875,527.7884521484375,412.9183654785156,570.3873291015625
5,41,357.15576171875,527.7125244140625,413.81640625,570.0658569335938
6,41,357.446533203125,527.4150390625,414.1565246582031,569.5231323242188
7,41,357.5901794433594,528.186767578125,414.0994873046875,569.0065307617188
8,41,357.66571044921875,528.6949462890625,414.8092346191406,569.7799682617188
9,41,357.94488525390625,528.9979858398438,416.50927734375,570.901611328125
10,41,358.1387634277344,528.2630004882812,417.5206604003906,571.8458862304688
11,41,359.3232421875,527.6256713867188,418.2655334472656,572.3480834960938
12,41,360.2088317871094,527.5706176757812,419.6286315917969,572.9046630859375
13,41,360.5729064941406,527.69921875,420.5422668457031,573.2442016601562
14,41,360.98541259765625,527.846435546875,421.3108215332031,573.3732299804688
15,41,361.7608642578125,527.7403564453125,422.0908203125,572.9972534179688
16,41,361.36077880859375,528.0772094726562,423.3486328125,572.8563842773438
17,41,360.7588195800781,527.9440307617188,423.9126281738281,572.8921508789062
18,41,361.6758117675781,527.917724609375,425.2935485839844,573.5160522460938
19,41,363.4561767578125,528.0075073242188,426.3149719238281,574.295166015625
20,41,364.6492919921875,528.24609375,427.1705627441406,574.759033203125
21,41,364.50177001953125,527.874755859375,427.9906005859375,575.27734375
22,41,364.9617004394531,528.0932006835938,428.21649169921875,575.2640380859375
23,41,364.95355224609375,527.2337036132812,430.0331726074219,575.2566528320312
24,41,364.9120788574219,527.2886352539062,430.985595703125,575.2225952148438
25,41,365.33892822265625,527.5641479492188,432.15869140625,576.0380859375
26,41,365.5631103515625,527.3036499023438,433.9227600097656,576.7703857421875
27,41,365.504150390625,527.4602661132812,434.58990478515625,577.3250732421875
28,41,365.4430236816406,528.099853515625,434.65350341796875,578.0694580078125
29,41,367.2220764160156,529.3298950195312,435.0992736816406,578.0841064453125
30,41,369.29656982421875,530.1500244140625,436.0120544433594,578.1434326171875
31,41,370.873291015625,530.34521484375,436.3014831542969,578.2254028320312
32,41,371.3766784667969,529.00390625,438.07635498046875,578.7841186523438
33,41,372.2697448730469,528.627197265625,439.10357666015625,579.8272094726562
34,41,372.64080810546875,527.7180786132812,440.5193786621094,580.7733154296875
35,41,372.8592834472656,526.4210205078125,442.0269470214844,581.6013793945312
36,41,372.83563232421875,525.8023071289062,443.0277099609375,581.6509399414062
37,41,372.8973693847656,525.336669921875,444.411376953125,582.08056640625
38,41,373.35211181640625,524.9761352539062,445.12646484375,582.0384521484375
39,41,373.38873291015625,524.0104370117188,447.4742736816406,583.0648193359375
40,41,373.3752136230469,523.0923461914062,449.2471008300781,583.6433715820312
41,41,374.4090270996094,523.0181884765625,449.5171813964844,583.9653930664062
42,41,375.4139709472656,522.8447265625,450.25372314453125,584.448974609375
43,41,375.9677734375,523.7920532226562,452.2810363769531,585.4082641601562
44,41,377.54296875,524.4244384765625,454.2457580566406,585.4180297851562
45,41,378.6000061035156,524.9171142578125,455.7791442871094,586.0532836914062
46,41,378.59259033203125,523.6498413085938,457.5701904296875,586.321533203125
47,41,378.6760559082031,523.3665771484375,459.12408447265625,586.909423828125
48,41,379.7640075683594,523.3995361328125,460.36669921875,586.5726928710938
49,41,380.58740234375,523.5283203125,462.149169921875,586.7632446289062
50,41,382.0241394042969,523.0761108398438,463.3914794921875,587.8579711914062
51,41,383.73486328125,523.2353515625,466.54168701171875,589.609130859375
52,41,384.674560546875,523.231201171875,468.2747497558594,590.7105102539062
53,41,384.20550537109375,523.3701782226562,469.9152526855469,591.7102661132812
54,41,384.6680908203125,523.00732421875,471.360595703125,592.8092041015625
55,41,385.5320739746094,522.8627319335938,473.1752014160156,594.0609741210938
56,41,385.7676086425781,522.7129516601562,474.89697265625,595.8627319335938
57,41,386.21429443359375,523.050048828125,476.99322509765625,596.1505737304688
58,41,387.1192321777344,522.6422119140625,479.83673095703125,596.7952270507812
59,41,387.7354736328125,522.5809326171875,481.96978759765625,597.579833984375
60,41,389.4292297363281,522.0530395507812,485.3600158691406,599.1729736328125
61,41,390.63299560546875,522.3380126953125,487.94476318359375,598.64599609375
62,41,391.1564025878906,522.393310546875,490.8027648925781,598.429443359375
63,41,394.0380859375,522.3316650390625,492.22198486328125,597.8370971679688
64,41,396.0884704589844,522.0939331054688,494.2701416015625,597.6997680664062
65,41,397.0909423828125,521.8489379882812,496.50323486328125,598.0755004882812
66,41,397.84014892578125,522.1865234375,499.3783264160156,599.513671875
67,41,398.30340576171875,522.4591064453125,501.1563415527344,600.6124877929688
68,41,398.4493103027344,521.9257202148438,504.6609802246094,602.8462524414062
69,41,400.0309753417969,521.5592041015625,507.57568359375,604.67431640625
70,41,401.6065368652344,520.9351806640625,510.2277526855469,606.0037231445312
71,41,402.80426025390625,519.963623046875,514.3344116210938,607.2548828125
72,41,403.95306396484375,520.0095825195312,517.6625366210938,608.6881103515625
73,41,406.4579162597656,519.54833984375,521.1901245117188,609.545166015625
74,41,407.05169677734375,519.8522338867188,523.2430419921875,610.3854370117188
75,41,407.0505676269531,520.0375366210938,526.3895263671875,610.74267578125
76,41,408.1607971191406,519.3267211914062,529.9490356445312,611.9028930664062
77,41,408.5829772949219,519.4134521484375,532.6973876953125,614.6668090820312
78,41,410.4635925292969,519.4697265625,536.4142456054688,615.953369140625
79,41,412.9541015625,519.5943603515625,539.001708984375,617.8289794921875
80,41,414.81427001953125,518.4514770507812,544.1961059570312,618.9191284179688
81,41,418.11260986328125,518.91259765625,547.868896484375,620.4259033203125
82,41,419.7456970214844,518.78662109375,551.8328857421875,621.7192993164062
83,41,421.1068115234375,519.4430541992188,556.6159057617188,623.06396484375
84,41,421.1072082519531,519.5646362304688,561.1524047851562,624.3161010742188
85,41,422.6521911621094,519.2166137695312,566.6878662109375,625.2196044921875
86,41,423.65386962890625,519.1442260742188,572.8468017578125,627.1327514648438
87,41,427.6434020996094,519.442626953125,576.341552734375,630.8428955078125
88,41,430.753173828125,519.0916137695312,581.1478271484375,632.3196411132812
89,41,434.2007751464844,518.9891357421875,585.9707641601562,633.8909301757812
90,41,436.90924072265625,519.0690307617188,592.6188354492188,634.7811889648438
91,41,437.468994140625,518.4918212890625,598.1000366210938,637.5714721679688
92,41,442.139892578125,516.482421875,604.5802001953125,639.2396240234375
93,41,444.9989929199219,515.2764892578125,608.9010620117188,641.0623168945312
94,41,446.4305114746094,514.1182250976562,614.739990234375,643.1869506835938
95,41,448.08026123046875,513.8663330078125,621.9004516601562,643.345947265625
96,41,451.0322265625,513.7536010742188,629.30029296875,645.097412109375
97,41,454.70709228515625,513.0432739257812,636.3272705078125,646.0531005859375
98,41,457.406982421875,512.139892578125,644.105224609375,647.870361328125
99,41,460.271728515625,511.97247314453125,651.8689575195312,652.1865234375
100,41,463.6211853027344,511.68463134765625,661.9583740234375,655.2645874023438
101,41,466.0813293457031,511.15264892578125,670.0696411132812,658.2142944335938
102,41,470.1038818359375,510.17132568359375,679.16845703125,661.3442993164062
103,41,475.61627197265625,509.3460693359375,689.1285400390625,664.5037231445312
104,41,479.7987365722656,508.8935546875,698.2581176757812,668.5209350585938
105,41,483.1102600097656,508.09320068359375,709.1507568359375,671.4667358398438
106,41,488.7000732421875,506.6268615722656,721.2172241210938,674.813720703125
107,41,493.7952880859375,504.82550048828125,734.1296997070312,678.4801635742188
108,41,498.4466552734375,504.03692626953125,747.3655395507812,681.68115234375
109,41,503.059326171875,502.495361328125,761.4813232421875,686.9151611328125
110,41,507.8184814453125,501.45574951171875,776.0779418945312,691.7662963867188
111,41,514.389404296875,501.4687805175781,792.9009399414062,695.682373046875
112,41,520.302734375,500.2539978027344,808.6713256835938,700.7073364257812
113,41,525.455322265625,499.3394775390625,826.9639892578125,706.4174194335938
114,41,532.011962890625,499.4454345703125,846.173583984375,711.8057250976562
115,41,538.7208251953125,497.05145263671875,867.6717529296875,718.8571166992188
116,41,547.483642578125,496.08203125,888.6173706054688,725.2672729492188
117,41,556.7923583984375,495.3667297363281,912.9417114257812,732.6317749023438
118,41,563.8356323242188,494.7196044921875,939.8904418945312,741.6842651367188
119,41,572.7634887695312,493.437744140625,969.5162353515625,751.7781372070312
120,41,581.5700073242188,492.1047668457031,998.4432983398438,758.6551513671875
121,41,593.4935913085938,489.8133850097656,1032.9691162109375,770.3550415039062
122,41,604.52783203125,487.9286804199219,1069.961669921875,783.8451538085938
123,41,618.4063110351562,484.3620910644531,1110.299560546875,796.3599853515625
124,41,630.0073852539062,482.28436279296875,1155.0618896484375,811.8062133789062
125,41,644.2938232421875,481.31298828125,1205.6700439453125,826.0658569335938
126,41,662.3162231445312,481.84912109375,1261.7490234375,846.1510620117188
127,41,679.2409057617188,478.74127197265625,1323.576171875,867.9625854492188
128,41,698.2537231445312,474.9373474121094,1395.064697265625,890.4763793945312
129,41,719.8104858398438,471.5572509765625,1477.5367431640625,919.6972045898438
130,41,743.10791015625,467.6976013183594,1567.7398681640625,950.4921875
131,41,768.9393920898438,462.1217041015625,1672.9478759765625,989.3474731445312
132,41,798.25927734375,456.63519287109375,1796.6322021484375,1032.6102294921875
133,41,833.7807006835938,445.4642028808594,1889.9638671875,1063.6787109375
134,41,870.7328491210938,438.3839111328125,1920.0,1076.7381591796875
135,41,914.7285766601562,436.3479309082031,1920.0,1079.8336181640625
136,41,968.3843994140625,429.4374084472656,1920.0,1080.0
137,41,1028.0062255859375,418.0986633300781,1920.0,1080.0
138,41,1099.7987060546875,404.1205749511719,1920.0,1078.1995849609375
139,41,1183.196533203125,387.36761474609375,1920.0,1079.170654296875
140,41,1290.9095458984375,375.39935302734375,1920.0,1078.0753173828125
141,41,1424.4674072265625,380.5788879394531,1920.0,1080.0
142,41,1594.5191650390625,422.50543212890625,1920.0,1080.0
