7,47,326.3268737792969,399.7044982910156,366.1272277832031,426.3752746582031
8,47,326.4788513183594,399.4609069824219,366.2904052734375,426.8170166015625
9,47,327.0895080566406,399.0339660644531,366.9535217285156,426.92364501953125
10,47,326.9595642089844,398.8570861816406,367.49908447265625,426.8316345214844
11,47,326.8035583496094,398.7586975097656,367.6778869628906,426.9469299316406
12,47,326.2978820800781,399.3298034667969,368.1955871582031,426.8688659667969
13,47,326.1602478027344,399.3550720214844,369.030517578125,426.9715270996094
14,47,326.2675476074219,399.5589904785156,370.33587646484375,427.3425598144531
15,47,327.4930419921875,399.6629638671875,371.2821960449219,427.1240234375
16,47,330.06732177734375,400.22467041015625,372.58929443359375,426.7713928222656
17,47,331.2903747558594,399.5256042480469,375.131591796875,426.70135498046875
18,47,332.3131103515625,399.08966064453125,377.3385009765625,427.1429138183594
19,47,333.20367431640625,398.4508056640625,377.8334655761719,427.1016540527344
20,47,333.4029541015625,398.18865966796875,378.33001708984375,427.44573974609375
21,47,333.5467834472656,398.20306396484375,378.894287109375,427.85650634765625
22,47,333.7296447753906,398.4644470214844,379.33770751953125,427.9884338378906
23,47,333.59136962890625,398.33837890625,379.66827392578125,428.1244812011719
24,47,333.981689453125,397.6903991699219,379.5602722167969,428.5747375488281
25,47,334.3113098144531,396.9078674316406,379.2843322753906,428.9665222167969
26,47,334.30096435546875,395.8070983886719,379.36407470703125,429.16973876953125
27,47,333.94476318359375,395.7759704589844,379.7925720214844,429.16180419921875
28,47,334.1693420410156,395.6822204589844,380.4239807128906,429.3594055175781
29,47,334.5453186035156,396.0856628417969,380.8830261230469,429.27008056640625
30,47,335.57684326171875,396.4739990234375,382.25250244140625,431.0982360839844
31,47,336.5684509277344,395.969482421875,383.48858642578125,431.2679138183594
32,47,337.4627990722656,396.7485656738281,384.3479309082031,432.7082214355469
33,47,337.76690673828125,396.7212829589844,384.91259765625,434.0650634765625
34,47,338.71044921875,396.6941223144531,385.548583984375,434.3456726074219
35,47,339.2408752441406,396.3272399902344,386.90350341796875,434.7401428222656
36,47,338.55035400390625,395.961181640625,387.5657653808594,434.6100158691406
37,47,338.337158203125,396.15667724609375,388.0545349121094,435.1249084472656
38,47,338.84368896484375,396.69134521484375,387.81109619140625,435.3768005371094
39,47,339.4684143066406,396.7113037109375,388.0968322753906,436.0426330566406
40,47,339.9631652832031,396.9163513183594,388.8955078125,436.0967102050781
41,47,340.5870361328125,397.0768127441406,389.43890380859375,436.0595703125
42,47,341.68597412109375,397.0611572265625,390.583740234375,436.2911376953125
43,47,342.36175537109375,396.6905212402344,391.6137390136719,436.94354248046875
44,47,342.64703369140625,396.8922119140625,392.3179626464844,437.48468017578125
45,47,342.8329162597656,396.7568664550781,393.27294921875,438.3169860839844
46,47,342.8133544921875,397.1289978027344,393.9049072265625,438.5275573730469
47,47,342.9146728515625,396.9544982910156,394.6617736816406,438.6455383300781
48,47,343.2373352050781,397.22625732421875,396.4344787597656,438.8516540527344
49,47,343.67486572265625,397.489990234375,397.9598693847656,438.8475341796875
50,47,344.2618103027344,399.5842590332031,400.1319274902344,438.9455261230469
51,47,345.0149841308594,401.67303466796875,401.5263977050781,439.37274169921875
52,47,345.36181640625,401.7786865234375,401.773681640625,439.58502197265625
53,47,345.4469299316406,401.866943359375,402.10455322265625,440.6820983886719
54,47,345.8437805175781,401.68328857421875,402.9512939453125,440.8795166015625
55,47,346.0202941894531,399.63958740234375,403.7869873046875,441.0885009765625
56,47,346.96142578125,400.12884521484375,405.35687255859375,441.8241882324219
57,47,346.9268798828125,402.04949951171875,406.7878112792969,441.9400329589844
58,47,347.5697326660156,402.7892761230469,407.71630859375,442.406005859375
59,47,348.32745361328125,399.0068359375,409.7939758300781,442.2034912109375
60,47,348.7206115722656,397.1932373046875,411.32965087890625,442.1963806152344
61,47,348.9748840332031,395.4856262207031,412.6348571777344,442.9003601074219
62,47,349.26165771484375,395.01568603515625,414.04083251953125,443.22210693359375
63,47,350.01837158203125,393.99444580078125,414.30572509765625,443.2216796875
64,47,350.61224365234375,393.1658020019531,415.1841125488281,443.24395751953125
65,47,350.8928527832031,392.1132507324219,416.07537841796875,443.40838623046875
66,47,351.9608459472656,391.2711181640625,416.931640625,443.99798583984375
67,47,352.6582336425781,390.974609375,418.81787109375,444.9451904296875
68,47,353.46142578125,391.8094787597656,420.2660217285156,444.8312072753906
69,47,353.73284912109375,391.6983337402344,421.9869384765625,444.80615234375
70,47,354.51702880859375,391.4991760253906,423.59063720703125,445.2317199707031
71,47,355.47650146484375,391.61846923828125,424.60382080078125,445.89532470703125
72,47,356.1846618652344,391.9790954589844,426.813720703125,446.56939697265625
73,47,357.6121520996094,393.1021728515625,428.85498046875,447.7196960449219
74,47,359.15679931640625,392.78240966796875,431.0370178222656,449.2591552734375
75,47,359.603759765625,390.48126220703125,432.25360107421875,450.0570373535156
76,47,359.8589782714844,389.6527099609375,434.8526611328125,449.62725830078125
77,47,360.4459228515625,389.8102111816406,437.0975036621094,449.882568359375
78,47,360.9302978515625,390.1626892089844,438.9329528808594,450.7950744628906
79,47,361.7974853515625,392.0237731933594,440.98297119140625,451.7716369628906
80,47,362.74560546875,391.97021484375,443.02301025390625,452.2339782714844
81,47,363.7117614746094,390.406494140625,445.0707092285156,452.27178955078125
82,47,365.00238037109375,390.8124694824219,446.9953308105469,452.7563171386719
83,47,366.4090576171875,391.3669738769531,448.91717529296875,452.6291198730469
84,47,366.64202880859375,392.4715270996094,451.0249938964844,452.95989990234375
85,47,368.2940368652344,392.9161682128906,453.4656066894531,453.53204345703125
86,47,370.371337890625,392.8787841796875,455.9060363769531,455.0828552246094
87,47,371.6232604980469,391.06787109375,458.67364501953125,456.59832763671875
88,47,372.8535461425781,390.3495788574219,460.9874572753906,457.35650634765625
89,47,373.5395812988281,389.8104248046875,464.3392333984375,458.4966125488281
90,47,374.0967102050781,390.58819580078125,467.4881591796875,460.2066345214844
91,47,375.33453369140625,391.5747375488281,469.8616638183594,460.9617004394531
92,47,376.57275390625,391.3904724121094,474.2772216796875,462.108642578125
93,47,378.0334777832031,391.7333068847656,476.5296630859375,463.0576171875
94,47,378.9061584472656,390.0408935546875,478.7799072265625,464.263671875
95,47,380.71282958984375,388.4945983886719,480.86968994140625,465.6595153808594
96,47,382.61602783203125,387.62060546875,485.490966796875,465.98345947265625
97,47,383.09979248046875,386.7232971191406,490.31219482421875,466.55145263671875
98,47,384.2668762207031,385.2860412597656,493.2173156738281,466.8945617675781
99,47,384.9298095703125,384.257080078125,496.7281494140625,467.0256042480469
100,47,387.8458557128906,384.0365905761719,499.2438659667969,468.77490234375
101,47,392.16015625,383.3428955078125,502.28253173828125,470.0615539550781
102,47,394.9007263183594,383.096435546875,506.3075256347656,470.3724670410156
103,47,396.26055908203125,382.5754089355469,511.191650390625,474.02166748046875
104,47,396.7983093261719,381.8844299316406,516.4465942382812,476.14471435546875
105,47,396.851806640625,380.6518859863281,522.668212890625,477.3957824707031
106,47,399.234619140625,380.19207763671875,526.82763671875,478.9499206542969
107,47,400.9585876464844,380.37908935546875,531.2967529296875,479.5078125
108,47,401.32012939453125,380.1917419433594,535.6846923828125,480.9578857421875
109,47,405.4306640625,379.7562255859375,541.3676147460938,481.6169128417969
110,47,407.8807067871094,379.5098571777344,546.5428466796875,483.7016906738281
111,47,409.9156494140625,379.8351745605469,553.091552734375,486.3517761230469
112,47,411.19927978515625,379.27569580078125,558.4470825195312,489.3973083496094
113,47,413.7373352050781,379.29559326171875,564.6802978515625,491.682373046875
114,47,416.9884338378906,379.45654296875,572.5872802734375,494.3731689453125
115,47,419.4378967285156,379.1582946777344,579.3469848632812,496.9149169921875
116,47,422.8465270996094,378.7867431640625,585.0903930664062,498.6981201171875
117,47,429.7553405761719,378.3003845214844,593.4793701171875,500.7134094238281
118,47,434.4728088378906,377.1028747558594,601.6982421875,502.53692626953125
119,47,433.78125,377.10662841796875,610.3543090820312,505.4773254394531
120,47,435.78289794921875,377.15283203125,620.3239135742188,509.7458190917969
121,47,442.3373107910156,376.42535400390625,629.8717651367188,513.0348510742188
122,47,446.24853515625,375.1224060058594,639.6173095703125,516.2764282226562
123,47,450.80010986328125,373.8927917480469,650.3134765625,521.1879272460938
124,47,454.678466796875,373.1531677246094,663.296630859375,523.5833740234375
125,47,457.64898681640625,371.89404296875,674.2492065429688,526.8423461914062
126,47,462.50823974609375,370.7135314941406,687.6640014648438,530.6881103515625
127,47,466.4524230957031,368.6423034667969,701.9496459960938,535.9197387695312
128,47,474.1737060546875,367.06658935546875,717.4622802734375,540.390625
129,47,478.5928649902344,364.366455078125,734.1752319335938,546.3888549804688
130,47,486.4716491699219,363.2341613769531,752.6198120117188,551.58984375
131,47,493.93035888671875,360.639892578125,772.9998168945312,559.0177612304688
132,47,500.6216735839844,358.70501708984375,795.7194213867188,565.5315551757812
133,47,507.4666442871094,357.3389587402344,819.9440307617188,573.5357055664062
134,47,517.1165771484375,356.373291015625,844.198486328125,582.2124633789062
135,47,527.1268920898438,354.9049072265625,874.3314208984375,588.807861328125
136,47,536.3223266601562,352.5083923339844,906.6173706054688,599.7581176757812
137,47,548.0867919921875,350.9942321777344,941.7039184570312,612.7307739257812
138,47,558.7511596679688,348.92987060546875,983.4583129882812,626.1102905273438
139,47,572.4615478515625,346.6304016113281,1029.251953125,642.0432739257812
140,47,586.4473266601562,343.2901306152344,1080.132568359375,660.0350952148438
141,47,603.4380493164062,339.4280090332031,1137.4326171875,679.0994262695312
142,47,622.3754272460938,337.68133544921875,1206.272216796875,704.2949829101562
143,47,643.1083374023438,331.9650573730469,1284.6593017578125,731.1787109375
144,47,665.905517578125,326.443603515625,1378.49169921875,765.2670288085938
145,47,693.0289306640625,321.1460876464844,1489.1180419921875,804.3543701171875
146,47,721.9149169921875,315.88262939453125,1621.847900390625,855.2794189453125
147,47,759.3915405273438,310.1545104980469,1781.396484375,922.061279296875
148,47,800.4200439453125,300.212158203125,1884.106201171875,1004.1604614257812
149,47,851.3004150390625,292.394775390625,1920.0,1052.30810546875
150,47,914.2412109375,279.1378479003906,1920.0,1073.4423828125
151,47,993.8519897460938,264.8826599121094,1920.0,1076.501220703125
152,47,1092.880126953125,245.51853942871094,1920.0,1077.7242431640625
153,47,1226.4442138671875,229.2006072998047,1920.0,1079.22509765625
154,47,1405.61181640625,241.3428955078125,1920.0,1080.0
155,47,1657.4058837890625,392.5970153808594,1920.0,1080.0
