91,2.0,19.0,454.5578918457031,419.43267822265625,519.0173950195312,469.3569030761719
92,2.0,19.0,454.2987060546875,420.264404296875,519.9577026367188,469.8045654296875
93,2.0,19.0,455.2066955566406,419.18438720703125,521.577392578125,470.4803466796875
94,2.0,19.0,456.1582336425781,418.442626953125,522.7364501953125,470.7394714355469
95,2.0,19.0,456.6260681152344,416.8099365234375,524.3049926757812,471.6418762207031
96,2.0,19.0,457.82672119140625,415.3548278808594,526.0457153320312,472.35870361328125
97,2.0,19.0,458.3670654296875,415.4200134277344,528.1865844726562,473.3555908203125
98,2.0,19.0,458.73907470703125,416.5591125488281,530.4046020507812,474.3912048339844
99,2.0,19.0,458.2858581542969,415.99224853515625,532.054443359375,474.6020202636719
100,2.0,19.0,458.9839172363281,415.24591064453125,534.5264892578125,475.1470947265625
101,2.0,19.0,460.0369873046875,414.5522155761719,536.61572265625,475.361328125
102,2.0,19.0,461.14227294921875,414.0181579589844,538.1470336914062,476.70513916015625
103,2.0,19.0,462.0506591796875,414.2171936035156,538.3201904296875,477.3116760253906
104,2.0,19.0,462.8803405761719,413.1685791015625,539.8350219726562,477.60748291015625
105,2.0,19.0,462.9967041015625,413.8686218261719,541.4447631835938,477.4342956542969
106,2.0,19.0,465.6596374511719,413.643798828125,542.138916015625,477.1141052246094
107,2.0,19.0,467.4230651855469,414.0101318359375,543.41943359375,476.9358215332031
108,2.0,19.0,469.22271728515625,413.183837890625,543.9620361328125,477.0657043457031
109,2.0,19.0,470.0030517578125,412.99365234375,545.3683471679688,478.02911376953125
110,2.0,19.0,470.2669982910156,413.023681640625,549.0763549804688,478.776123046875
113,2.0,19.0,472.17266845703125,412.34088134765625,556.963134765625,480.638916015625
114,2.0,19.0,472.7898864746094,410.2026062011719,559.4443359375,481.73468017578125
115,2.0,19.0,474.26715087890625,409.5695495605469,561.0595703125,482.75335693359375
116,2.0,19.0,476.7546691894531,408.9769287109375,564.1371459960938,482.40802001953125
117,2.0,19.0,477.9294128417969,408.2497253417969,567.56787109375,483.68707275390625
118,2.0,19.0,480.48553466796875,407.9059143066406,568.9833374023438,484.3861999511719
119,2.0,19.0,480.1562194824219,408.212158203125,570.45703125,485.4400939941406
120,2.0,19.0,480.5292053222656,408.6728210449219,572.2561645507812,486.535888671875
121,2.0,19.0,481.8066101074219,408.279296875,576.3784790039062,487.7698059082031
122,2.0,19.0,482.6473388671875,408.7117004394531,578.7562255859375,488.87939453125
123,2.0,19.0,484.02752685546875,409.05169677734375,582.6849975585938,489.3753356933594
124,2.0,19.0,484.1126708984375,408.9119567871094,586.0733642578125,489.9966125488281
125,2.0,19.0,486.2755432128906,408.8814392089844,590.0296630859375,491.3627624511719
126,2.0,19.0,488.2043151855469,408.517333984375,593.7962036132812,493.34783935546875
127,2.0,19.0,491.26544189453125,407.953125,596.5460815429688,494.2342529296875
128,2.0,19.0,492.89300537109375,407.1880798339844,599.65234375,494.9656066894531
129,2.0,19.0,495.4713439941406,407.55194091796875,603.099365234375,496.816162109375
130,2.0,19.0,495.6899719238281,407.1791687011719,607.9068603515625,497.8985900878906
131,2.0,19.0,495.80364990234375,406.5151672363281,611.433837890625,499.0834655761719
132,2.0,19.0,499.7388000488281,406.0211181640625,616.186279296875,499.8876647949219
133,2.0,19.0,500.95526123046875,404.2420959472656,620.57666015625,501.3506164550781
134,2.0,19.0,504.3968811035156,402.9871826171875,624.5817260742188,502.5373840332031
135,2.0,19.0,506.3395080566406,402.57403564453125,628.7750854492188,504.2171936035156
136,2.0,19.0,507.07305908203125,402.2429504394531,633.2490234375,505.1130065917969
137,2.0,19.0,508.1514587402344,402.4839172363281,639.191162109375,506.7034606933594
138,2.0,19.0,509.7196044921875,402.78228759765625,645.0545043945312,508.39593505859375
139,2.0,19.0,512.46240234375,402.14288330078125,651.4739379882812,510.9189147949219
140,2.0,19.0,514.4588623046875,401.8160400390625,657.6533203125,513.3073120117188
141,2.0,19.0,516.4564208984375,401.7322692871094,663.6738891601562,513.8733520507812
142,2.0,19.0,518.205078125,401.1220703125,668.806396484375,515.796875
143,2.0,19.0,523.09130859375,399.76580810546875,675.5677490234375,518.2217407226562
144,2.0,19.0,525.4461059570312,400.04754638671875,682.8790893554688,522.0879516601562
145,2.0,19.0,528.0772705078125,399.2730712890625,688.1376953125,524.8969116210938
146,2.0,19.0,530.71435546875,398.1286315917969,697.4225463867188,524.78955078125
147,2.0,19.0,534.891845703125,397.2196960449219,705.6911010742188,526.4251098632812
148,2.0,19.0,538.1780395507812,396.3252258300781,712.9686279296875,528.3336791992188
149,2.0,19.0,542.1707763671875,395.3741455078125,721.7326049804688,529.7294921875
150,2.0,19.0,547.300048828125,393.6635437011719,729.8214111328125,533.5270385742188
151,2.0,19.0,550.7687377929688,391.5317687988281,741.0330200195312,535.7545776367188
152,2.0,19.0,554.45849609375,390.595947265625,750.9423828125,539.126220703125
153,2.0,19.0,558.1727905273438,389.0141296386719,762.9819946289062,542.0770263671875
154,2.0,19.0,563.4749755859375,387.5675964355469,775.5686645507812,544.9094848632812
155,2.0,19.0,568.8358764648438,385.0364074707031,788.7705688476562,548.65869140625
156,2.0,19.0,573.9182739257812,382.3186950683594,801.7952270507812,551.9176635742188
157,2.0,19.0,578.3290405273438,380.85943603515625,816.6026611328125,557.9216918945312
158,2.0,19.0,585.190185546875,379.4898376464844,830.6564331054688,563.2262573242188
159,2.0,19.0,592.8574829101562,377.72027587890625,848.6239624023438,568.31689453125
160,2.0,19.0,598.5853271484375,375.98431396484375,867.3453979492188,570.3508911132812
161,2.0,19.0,606.3646240234375,374.1749572753906,885.8836669921875,577.3477783203125
162,2.0,19.0,614.4841918945312,372.032958984375,908.2015380859375,583.6485595703125
163,2.0,19.0,622.3687133789062,369.6181945800781,930.56982421875,590.6475830078125
164,2.0,19.0,630.04736328125,367.33465576171875,955.6749267578125,597.1224975585938
165,2.0,19.0,640.1211547851562,363.7228698730469,983.68798828125,605.5775756835938
166,2.0,19.0,649.5653686523438,361.52947998046875,1014.82470703125,614.4258422851562
167,2.0,19.0,659.14306640625,359.3246765136719,1048.86767578125,624.97021484375
168,2.0,19.0,671.1957397460938,358.0081481933594,1086.1162109375,635.1986694335938
169,2.0,19.0,684.2398071289062,355.6285400390625,1128.7408447265625,648.665283203125
170,2.0,19.0,698.54296875,353.2456970214844,1176.7410888671875,663.75927734375
171,2.0,19.0,713.7488403320312,347.9993591308594,1230.6461181640625,678.743896484375
172,2.0,19.0,731.7307739257812,343.1224670410156,1293.1370849609375,696.9375
173,2.0,19.0,750.8272705078125,337.8389587402344,1363.8184814453125,717.8548583984375
174,2.0,19.0,772.7980346679688,331.87518310546875,1447.4066162109375,741.37353515625
175,2.0,19.0,797.3015747070312,321.4012756347656,1543.5662841796875,773.2002563476562
176,2.0,19.0,826.4694213867188,311.8550720214844,1659.0562744140625,806.5258178710938
177,2.0,19.0,858.5072021484375,301.0894775390625,1793.8514404296875,847.9526977539062
178,2.0,19.0,893.873291015625,289.5638122558594,1888.7698974609375,901.9187622070312
179,2.0,19.0,938.4381713867188,276.9805908203125,1920.0,969.8759155273438
180,2.0,19.0,990.390625,261.8041076660156,1920.0,1041.4339599609375
181,2.0,19.0,1055.176025390625,241.8679962158203,1920.0,1069.6749267578125
182,2.0,19.0,1131.1204833984375,217.41111755371094,1920.0,1056.4949951171875
183,2.0,19.0,1224.6422119140625,190.93035888671875,1920.0,1047.0743408203125
184,2.0,19.0,1345.107177734375,167.99949645996094,1920.0,1046.2623291015625
185,2.0,19.0,1504.3521728515625,178.292724609375,1920.0,1070.7491455078125
186,2.0,19.0,1718.5804443359375,269.24957275390625,1920.0,1059.4459228515625
