2,2.0,45.0,479.4305725097656,560.4859008789062,546.6986694335938,610.8794555664062
3,2.0,45.0,480.5055236816406,560.3864135742188,547.3574829101562,611.0481567382812
4,2.0,45.0,480.4563903808594,560.5451049804688,547.685791015625,611.4258422851562
5,2.0,45.0,480.91607666015625,560.3419799804688,548.5888061523438,611.4314575195312
6,2.0,45.0,481.0931396484375,560.131591796875,549.7260131835938,611.349609375
7,2.0,45.0,481.4739990234375,560.356689453125,551.1038818359375,611.4197998046875
8,2.0,45.0,481.6747741699219,560.5634155273438,551.8676147460938,611.4920654296875
9,2.0,45.0,482.1597595214844,559.6688842773438,553.2559204101562,611.6676635742188
10,2.0,45.0,482.9957580566406,559.853515625,554.5935668945312,612.7760009765625
11,2.0,45.0,483.4227600097656,559.2957153320312,555.48095703125,613.0123901367188
12,2.0,45.0,485.0559387207031,558.512939453125,554.8621215820312,612.1751098632812
13,2.0,45.0,485.95989990234375,558.6822509765625,555.3297119140625,612.169677734375
14,2.0,45.0,486.4459228515625,558.7886352539062,555.1435546875,612.3807983398438
15,2.0,45.0,486.5947570800781,558.8772583007812,555.6637573242188,612.795166015625
16,2.0,45.0,486.6093444824219,558.4300537109375,556.831298828125,613.4258422851562
17,2.0,45.0,486.6683654785156,558.2962646484375,556.9468383789062,613.9702758789062
18,2.0,45.0,487.4352722167969,558.8084716796875,558.649658203125,614.0931396484375
19,2.0,45.0,487.52471923828125,558.524658203125,560.7850341796875,614.8464965820312
20,2.0,45.0,487.6119384765625,558.0648193359375,561.9170532226562,615.4285888671875
21,2.0,45.0,488.708251953125,558.3533935546875,563.5020751953125,615.9847412109375
22,2.0,45.0,490.3837585449219,558.2454223632812,565.2199096679688,616.2618408203125
23,2.0,45.0,490.7062072753906,558.7467041015625,567.5468139648438,617.1676635742188
24,2.0,45.0,491.6983947753906,559.0811767578125,570.4535522460938,617.8267211914062
25,2.0,45.0,492.5292053222656,558.7669067382812,570.9642944335938,617.8922729492188
26,2.0,45.0,493.1196594238281,558.8251342773438,571.0415649414062,617.8470458984375
27,2.0,45.0,493.2967834472656,558.5614013671875,571.5287475585938,617.9793090820312
28,2.0,45.0,493.60882568359375,558.4295654296875,571.4674682617188,618.3182983398438
29,2.0,45.0,494.16387939453125,558.6941528320312,572.2673950195312,618.7329711914062
30,2.0,45.0,494.50579833984375,558.7192993164062,572.8764038085938,618.880859375
31,2.0,45.0,494.7680969238281,559.1708984375,574.906982421875,619.4638671875
32,2.0,45.0,495.2823181152344,558.9675903320312,575.3177490234375,620.173583984375
33,2.0,45.0,495.4481506347656,558.7905883789062,577.4329833984375,620.4657592773438
34,2.0,45.0,495.7187194824219,558.16845703125,579.4677734375,620.7463989257812
35,2.0,45.0,496.06475830078125,556.6047973632812,580.6490478515625,621.0087890625
36,2.0,45.0,496.37432861328125,556.5165405273438,581.3219604492188,621.295166015625
37,2.0,45.0,496.9656982421875,555.8201293945312,581.9559936523438,621.6372680664062
38,2.0,45.0,498.48858642578125,555.4947509765625,583.1821899414062,621.8558959960938
39,2.0,45.0,499.1550598144531,555.9248046875,585.2413330078125,621.8452758789062
40,2.0,45.0,499.92315673828125,556.1181640625,586.8191528320312,621.877197265625
41,2.0,45.0,501.5606384277344,555.1073608398438,588.9390258789062,621.377197265625
42,2.0,45.0,502.416259765625,554.1560668945312,590.3118286132812,621.5206298828125
43,2.0,45.0,503.6949768066406,553.1134033203125,592.6166381835938,621.7452392578125
44,2.0,45.0,505.1361083984375,551.8194580078125,593.8231201171875,622.2813110351562
45,2.0,45.0,505.6187744140625,550.6019287109375,594.6017456054688,623.0496826171875
46,2.0,45.0,505.67950439453125,550.5533447265625,594.4814453125,623.6823120117188
47,2.0,45.0,505.63800048828125,550.7760009765625,597.2592163085938,623.9348754882812
48,2.0,45.0,505.75457763671875,551.1057739257812,598.8892822265625,624.4122924804688
49,2.0,45.0,506.2062683105469,550.9296875,601.25732421875,624.7135620117188
50,2.0,45.0,506.35430908203125,550.799560546875,603.004638671875,625.0115356445312
51,2.0,45.0,507.3907775878906,550.747314453125,605.2047119140625,625.2752685546875
52,2.0,45.0,509.0336608886719,550.436279296875,606.6702270507812,625.7119750976562
53,2.0,45.0,510.39080810546875,550.4736938476562,607.1787719726562,626.2750854492188
54,2.0,45.0,511.9730529785156,550.5439453125,607.8204956054688,626.393310546875
55,2.0,45.0,513.172607421875,550.6349487304688,610.25732421875,626.335205078125
56,2.0,45.0,514.2705078125,550.8977661132812,612.11767578125,626.9302368164062
57,2.0,45.0,515.6815795898438,550.7977905273438,614.0756225585938,627.1630859375
58,2.0,45.0,517.048095703125,550.0404663085938,617.6771850585938,628.0585327148438
59,2.0,45.0,518.23046875,549.5281372070312,619.802490234375,628.8773193359375
60,2.0,45.0,517.8191528320312,550.0773315429688,620.1375122070312,630.322509765625
61,2.0,45.0,518.2219848632812,549.9701538085938,621.0383911132812,630.7814331054688
62,2.0,45.0,518.0469970703125,549.6639404296875,622.2405395507812,631.5302124023438
63,2.0,45.0,517.9737548828125,549.9813232421875,624.38330078125,632.3250122070312
64,2.0,45.0,518.2940673828125,550.2420654296875,627.6572875976562,633.0713500976562
65,2.0,45.0,520.0853271484375,550.121826171875,629.260986328125,633.3311767578125
66,2.0,45.0,522.8038330078125,550.3775024414062,630.9317626953125,633.294921875
67,2.0,45.0,523.9630737304688,550.3335571289062,632.7725830078125,633.312744140625
68,2.0,45.0,525.3760986328125,550.1990966796875,635.2158203125,633.4813842773438
69,2.0,45.0,527.2791748046875,550.0025634765625,636.633544921875,633.9351196289062
70,2.0,45.0,528.2140502929688,550.1608276367188,639.1714477539062,634.5316162109375
71,2.0,45.0,528.5280151367188,550.4273681640625,641.0487060546875,634.8609619140625
72,2.0,45.0,528.9932861328125,550.3727416992188,642.7254028320312,635.5094604492188
73,2.0,45.0,530.6618041992188,550.092041015625,644.7742919921875,635.511962890625
74,2.0,45.0,532.5564575195312,549.9923095703125,648.542724609375,636.1866455078125
75,2.0,45.0,532.525390625,549.666259765625,652.0437622070312,637.7321166992188
76,2.0,45.0,533.1273193359375,549.2185668945312,655.0300903320312,638.1990966796875
77,2.0,45.0,535.2989501953125,548.5845947265625,658.3706665039062,639.4202270507812
78,2.0,45.0,537.9991455078125,548.3623657226562,661.0059204101562,640.912109375
79,2.0,45.0,540.167724609375,548.2935791015625,663.3788452148438,642.5357055664062
80,2.0,45.0,540.9832763671875,548.2861328125,666.67333984375,643.4666137695312
81,2.0,45.0,539.5247192382812,548.027099609375,668.3191528320312,643.7498168945312
82,2.0,45.0,540.50146484375,547.859130859375,670.1583251953125,644.1445922851562
83,2.0,45.0,542.5408935546875,547.2379150390625,673.0746459960938,644.8591918945312
84,2.0,45.0,543.7630004882812,546.980712890625,675.3851928710938,645.5704956054688
85,2.0,45.0,545.8428344726562,546.883544921875,678.34765625,645.837158203125
86,2.0,45.0,550.8222045898438,546.9539184570312,681.8963623046875,645.9556274414062
87,2.0,45.0,552.1586303710938,546.52978515625,684.8982543945312,646.4014282226562
88,2.0,45.0,553.1681518554688,546.0350341796875,687.738525390625,646.9734497070312
89,2.0,45.0,554.0324096679688,545.264404296875,692.4495849609375,647.8023681640625
90,2.0,45.0,554.0401611328125,543.7627563476562,696.0797729492188,648.1398315429688
91,2.0,45.0,554.9468994140625,543.5697631835938,699.414794921875,649.025390625
92,2.0,45.0,555.575439453125,543.0335693359375,702.18115234375,649.4027709960938
93,2.0,45.0,556.8323364257812,542.2356567382812,705.3316040039062,649.9783935546875
94,2.0,45.0,557.2363891601562,542.4981079101562,709.4454956054688,652.1243286132812
95,2.0,45.0,561.06396484375,542.7772827148438,714.54638671875,653.690185546875
96,2.0,45.0,563.0546264648438,542.391357421875,718.6362915039062,655.3258666992188
97,2.0,45.0,564.1719360351562,542.060546875,721.2194213867188,656.4075927734375
98,2.0,45.0,565.6864624023438,540.6272583007812,724.3665771484375,657.3667602539062
99,2.0,45.0,566.2904663085938,539.5557250976562,729.2154541015625,658.3314819335938
100,2.0,45.0,569.8570556640625,539.5650024414062,734.1063232421875,659.1046142578125
101,2.0,45.0,571.6903076171875,538.6387939453125,739.6193237304688,659.868408203125
102,2.0,45.0,573.3695068359375,538.2373046875,744.2518920898438,660.57275390625
103,2.0,45.0,574.4894409179688,536.869140625,748.3610229492188,662.40283203125
104,2.0,45.0,575.9757080078125,535.191650390625,752.7161254882812,664.347900390625
105,2.0,45.0,578.1943359375,534.3883056640625,757.8101196289062,665.4727172851562
106,2.0,45.0,580.52197265625,533.82421875,763.2528686523438,666.509521484375
107,2.0,45.0,582.5972290039062,533.5892944335938,768.4669799804688,668.0564575195312
108,2.0,45.0,584.160400390625,533.0241088867188,774.2059936523438,670.2640991210938
109,2.0,45.0,588.1710815429688,532.5781860351562,779.2817993164062,671.3157958984375
110,2.0,45.0,591.5244750976562,531.7525024414062,785.848876953125,672.8648681640625
111,2.0,45.0,594.919921875,530.8096923828125,791.8616943359375,673.6554565429688
112,2.0,45.0,598.7178344726562,530.2603149414062,798.3074951171875,675.4139404296875
113,2.0,45.0,601.0903930664062,529.8553466796875,805.42236328125,678.0407104492188
114,2.0,45.0,602.997802734375,529.991455078125,811.483154296875,679.9021606445312
115,2.0,45.0,605.3638916015625,528.7679443359375,819.379150390625,683.32373046875
116,2.0,45.0,607.5451049804688,528.0345458984375,826.1741333007812,686.3103637695312
117,2.0,45.0,610.5335083007812,527.7872924804688,833.04736328125,687.3477172851562
118,2.0,45.0,613.1331787109375,527.1339111328125,842.1469116210938,689.3257446289062
119,2.0,45.0,618.6612548828125,526.033203125,850.5508422851562,691.1593017578125
120,2.0,45.0,621.3797607421875,525.38623046875,858.5628051757812,694.1801147460938
121,2.0,45.0,624.8466186523438,524.7655639648438,867.3453979492188,698.2252807617188
122,2.0,45.0,627.1151733398438,524.4297485351562,876.5257568359375,700.5848999023438
123,2.0,45.0,631.8192749023438,523.8119506835938,886.23974609375,702.3734741210938
124,2.0,45.0,636.5291137695312,523.2876586914062,897.0740966796875,703.7430419921875
125,2.0,45.0,640.9480590820312,522.4931030273438,907.823974609375,706.6137084960938
126,2.0,45.0,644.9393920898438,521.4148559570312,918.79296875,709.490478515625
127,2.0,45.0,648.557373046875,521.2399291992188,930.413818359375,712.1456909179688
128,2.0,45.0,652.7418823242188,519.2940673828125,942.3812866210938,715.0037841796875
129,2.0,45.0,657.5098876953125,517.2842407226562,955.852783203125,718.7192993164062
130,2.0,45.0,661.1497802734375,516.3846435546875,969.3458862304688,721.9025268554688
131,2.0,45.0,666.1220092773438,514.0147094726562,983.2818603515625,723.9110717773438
132,2.0,45.0,671.3529052734375,512.1124267578125,997.9323120117188,729.1769409179688
133,2.0,45.0,677.0805053710938,510.575927734375,1014.7991943359375,731.8233032226562
134,2.0,45.0,682.9921264648438,508.455810546875,1031.342041015625,733.6468505859375
135,2.0,45.0,688.5106811523438,506.00213623046875,1047.489013671875,737.30078125
136,2.0,45.0,695.1773681640625,504.1101989746094,1068.4312744140625,742.5726928710938
137,2.0,45.0,701.2733154296875,502.0757141113281,1087.0557861328125,748.8153686523438
138,2.0,45.0,707.0564575195312,500.1009216308594,1109.5367431640625,754.8731079101562
139,2.0,45.0,715.004150390625,497.2138671875,1130.722412109375,759.3775634765625
140,2.0,45.0,723.8670654296875,495.661865234375,1154.540283203125,767.8577880859375
141,2.0,45.0,730.9239501953125,493.64544677734375,1179.954345703125,775.5631103515625
142,2.0,45.0,739.2222290039062,491.5893859863281,1207.7611083984375,782.081298828125
143,2.0,45.0,747.13427734375,488.6325988769531,1236.740966796875,790.6929931640625
144,2.0,45.0,757.1638793945312,486.0262145996094,1269.6087646484375,796.6690063476562
145,2.0,45.0,766.7008056640625,482.6978759765625,1303.48291015625,806.1276245117188
146,2.0,45.0,777.2435302734375,479.6197204589844,1339.642578125,815.9917602539062
147,2.0,45.0,791.0031127929688,474.23651123046875,1379.619140625,826.9190063476562
148,2.0,45.0,802.0639038085938,470.930908203125,1422.3072509765625,836.7987670898438
149,2.0,45.0,814.4622802734375,466.7349853515625,1469.4720458984375,849.3377075195312
150,2.0,45.0,828.0072631835938,463.3578796386719,1521.133544921875,863.2621459960938
151,2.0,45.0,843.1749877929688,456.1211853027344,1576.274658203125,877.9992065429688
152,2.0,45.0,858.158447265625,450.45660400390625,1640.5318603515625,894.869140625
153,2.0,45.0,876.834716796875,446.2335205078125,1706.8748779296875,913.6129760742188
154,2.0,45.0,894.6697998046875,441.94708251953125,1778.9696044921875,934.6908569335938
155,2.0,45.0,914.6641845703125,436.42535400390625,1861.37353515625,956.7147216796875
156,2.0,45.0,935.6320190429688,431.4678039550781,1912.4761962890625,984.0625610351562
157,2.0,45.0,957.54541015625,424.23138427734375,1920.0,1015.1403198242188
158,2.0,45.0,986.309814453125,414.0050964355469,1920.0,1047.1068115234375
159,2.0,45.0,1013.49267578125,405.51031494140625,1920.0,1067.7113037109375
160,2.0,45.0,1045.8887939453125,394.8152770996094,1920.0,1076.988037109375
161,2.0,45.0,1081.152587890625,383.8807678222656,1920.0,1080.0
162,2.0,45.0,1117.6973876953125,369.26751708984375,1920.0,1078.163818359375
163,2.0,45.0,1161.6077880859375,354.9953918457031,1920.0,1072.0997314453125
164,2.0,45.0,1207.4539794921875,343.4931335449219,1920.0,1066.081787109375
165,2.0,45.0,1260.244140625,325.69891357421875,1920.0,1058.7598876953125
166,2.0,45.0,1322.09033203125,305.8907775878906,1920.0,1061.0418701171875
167,2.0,45.0,1392.1744384765625,296.29473876953125,1920.0,1069.064208984375
168,2.0,45.0,1475.56982421875,286.7275390625,1920.0,1072.6947021484375
169,2.0,45.0,1571.0673828125,304.76702880859375,1920.0,1075.83154296875
170,2.0,45.0,1680.92919921875,350.9942321777344,1920.0,1075.9990234375
