3,2.0,50.0,463.5232849121094,560.2864379882812,521.7650146484375,608.9451293945312
4,2.0,50.0,463.3457336425781,560.0616455078125,522.5090942382812,609.1206665039062
5,2.0,50.0,463.5409851074219,559.7904052734375,522.4637451171875,609.2739868164062
6,2.0,50.0,463.6993713378906,559.2623291015625,522.4351806640625,609.7122192382812
7,2.0,50.0,463.1204833984375,558.876220703125,523.798095703125,608.377685546875
8,2.0,50.0,463.6385192871094,558.4774780273438,523.8374633789062,609.6349487304688
9,2.0,50.0,463.7879943847656,558.3515014648438,524.8840942382812,609.4280395507812
10,2.0,50.0,464.3249206542969,557.7632446289062,525.8846435546875,609.5591430664062
11,2.0,50.0,464.25079345703125,558.2291870117188,526.5142822265625,609.4218139648438
12,2.0,50.0,464.62603759765625,558.2463989257812,526.9893188476562,609.446044921875
13,2.0,50.0,465.07421875,558.8803100585938,527.9054565429688,609.7523193359375
14,2.0,50.0,465.61639404296875,558.6279907226562,528.8435668945312,609.6431274414062
15,2.0,50.0,466.43756103515625,558.2601318359375,529.0718994140625,609.22119140625
16,2.0,50.0,466.8835144042969,558.1484985351562,529.8992309570312,609.4199829101562
17,2.0,50.0,467.271728515625,557.96337890625,530.6066284179688,609.720703125
18,2.0,50.0,467.61328125,558.0474243164062,531.2824096679688,610.0798950195312
19,2.0,50.0,468.1087341308594,557.8538208007812,531.4468383789062,610.46923828125
20,2.0,50.0,468.4209289550781,558.1085205078125,532.08251953125,610.8482666015625
21,2.0,50.0,468.9803466796875,558.2290649414062,533.4666748046875,611.0362548828125
22,2.0,50.0,469.2803039550781,558.1766967773438,534.0670776367188,611.3342895507812
23,2.0,50.0,469.4918518066406,558.2118530273438,534.6442260742188,611.8925170898438
24,2.0,50.0,469.5797424316406,558.3943481445312,535.9971923828125,612.119873046875
25,2.0,50.0,469.61126708984375,558.5243530273438,536.4486083984375,612.2024536132812
26,2.0,50.0,469.5810546875,558.5358276367188,538.2417602539062,612.6267700195312
27,2.0,50.0,470.211669921875,558.8323974609375,540.4901123046875,612.932861328125
28,2.0,50.0,470.47393798828125,559.00830078125,541.2655029296875,613.6013793945312
29,2.0,50.0,470.9374694824219,559.1799926757812,542.10205078125,614.025390625
30,2.0,50.0,471.06951904296875,559.347900390625,543.9553833007812,614.1861572265625
31,2.0,50.0,471.3332214355469,559.6812744140625,545.601806640625,614.2783813476562
32,2.0,50.0,471.4515686035156,559.2576904296875,547.0056762695312,614.8681640625
33,2.0,50.0,471.6414489746094,559.2601928710938,547.0307006835938,615.8206176757812
34,2.0,50.0,471.8646545410156,559.5846557617188,547.3624267578125,616.4701538085938
35,2.0,50.0,472.31451416015625,559.22509765625,547.8218383789062,616.84228515625
36,2.0,50.0,473.4336853027344,559.0591430664062,548.4549560546875,616.934814453125
37,2.0,50.0,474.03070068359375,559.1326904296875,549.7276611328125,617.6192626953125
38,2.0,50.0,474.23529052734375,558.47021484375,551.3567504882812,617.9166259765625
39,2.0,50.0,474.4461975097656,558.25927734375,552.9141235351562,618.625732421875
40,2.0,50.0,474.83184814453125,558.0142211914062,554.6436157226562,619.1193237304688
41,2.0,50.0,475.4114074707031,557.627197265625,555.50146484375,619.8341064453125
42,2.0,50.0,476.2059326171875,557.141357421875,556.99853515625,620.5752563476562
43,2.0,50.0,476.8843688964844,555.6773681640625,557.6033325195312,621.0496215820312
44,2.0,50.0,477.1614685058594,554.9868774414062,558.41552734375,621.2294921875
45,2.0,50.0,478.0499267578125,554.8071899414062,559.1557006835938,621.364013671875
46,2.0,50.0,479.1802062988281,554.997802734375,561.5581665039062,621.7355346679688
47,2.0,50.0,480.0545959472656,555.065673828125,562.970703125,622.3070068359375
48,2.0,50.0,480.9365539550781,554.1268920898438,564.5677490234375,622.4033813476562
49,2.0,50.0,480.9651794433594,553.7881469726562,565.6696166992188,622.7530517578125
50,2.0,50.0,482.3771057128906,553.4557495117188,568.2693481445312,623.3790893554688
51,2.0,50.0,482.4006042480469,552.9560546875,569.4439086914062,623.5401611328125
52,2.0,50.0,482.4577331542969,553.0961303710938,570.5421142578125,623.885986328125
53,2.0,50.0,482.32696533203125,553.90087890625,570.59423828125,624.3458862304688
54,2.0,50.0,482.75396728515625,553.6167602539062,571.9707641601562,624.6111450195312
55,2.0,50.0,483.64013671875,553.3119506835938,574.3585815429688,624.8405151367188
56,2.0,50.0,483.602783203125,553.0075073242188,576.3717651367188,625.389404296875
57,2.0,50.0,483.6919250488281,552.7506103515625,578.7360229492188,625.7732543945312
58,2.0,50.0,484.6814270019531,552.3379516601562,580.39306640625,626.0248413085938
59,2.0,50.0,486.38079833984375,552.0753173828125,581.824951171875,626.8831176757812
60,2.0,50.0,487.95166015625,551.8048095703125,582.8970947265625,627.2105102539062
61,2.0,50.0,489.376708984375,552.0061645507812,585.7329711914062,628.011474609375
62,2.0,50.0,491.0660095214844,551.70751953125,588.2503051757812,628.3626098632812
63,2.0,50.0,491.9744873046875,551.5162963867188,589.6526489257812,628.8350219726562
64,2.0,50.0,492.6856384277344,550.9173583984375,593.2777709960938,630.3204345703125
65,2.0,50.0,493.59478759765625,550.6201782226562,596.5105590820312,631.6266479492188
66,2.0,50.0,494.7071533203125,550.0372314453125,597.9586181640625,632.4180297851562
67,2.0,50.0,495.32684326171875,549.2885131835938,598.5635375976562,632.9505615234375
68,2.0,50.0,496.06207275390625,549.423095703125,601.3982543945312,633.296142578125
69,2.0,50.0,496.30133056640625,549.5301513671875,603.5147705078125,633.5130615234375
70,2.0,50.0,497.2203369140625,549.44873046875,605.880126953125,634.3067016601562
71,2.0,50.0,498.31719970703125,549.4754638671875,608.8212280273438,634.7759399414062
72,2.0,50.0,501.57049560546875,549.3583984375,609.8983764648438,635.6102905273438
73,2.0,50.0,502.2654113769531,548.9638671875,611.76220703125,636.332763671875
74,2.0,50.0,503.2755126953125,548.2698364257812,614.9405517578125,637.7639770507812
75,2.0,50.0,503.98291015625,548.3391723632812,617.4265747070312,638.4794311523438
76,2.0,50.0,506.05364990234375,548.700439453125,622.4742431640625,638.533935546875
77,2.0,50.0,506.8868408203125,548.7117919921875,625.6270141601562,639.5542602539062
78,2.0,50.0,506.0101623535156,547.611572265625,627.2831420898438,641.9324951171875
79,2.0,50.0,506.63751220703125,547.0382690429688,629.9892578125,643.0012817382812
80,2.0,50.0,508.04888916015625,546.9852905273438,633.3684692382812,643.2356567382812
81,2.0,50.0,509.944580078125,546.0431518554688,636.6500854492188,644.0675659179688
82,2.0,50.0,510.611328125,546.1273193359375,639.5380249023438,645.0137329101562
83,2.0,50.0,513.1895751953125,546.277099609375,641.9773559570312,645.3458862304688
84,2.0,50.0,515.416015625,545.7532958984375,646.4951782226562,645.912109375
85,2.0,50.0,516.2725219726562,545.9521484375,650.592529296875,645.943115234375
86,2.0,50.0,516.488525390625,545.9658813476562,654.1494140625,646.4151611328125
87,2.0,50.0,517.9104614257812,546.1657104492188,657.7176513671875,647.6231689453125
88,2.0,50.0,519.752685546875,546.184326171875,662.7114868164062,648.7886352539062
89,2.0,50.0,521.6991577148438,546.0010375976562,666.3659057617188,649.3934326171875
90,2.0,50.0,525.4983520507812,545.4217529296875,670.4398803710938,651.3880004882812
91,2.0,50.0,526.5762329101562,545.2156372070312,675.2283935546875,654.0623168945312
92,2.0,50.0,528.700927734375,543.10791015625,678.9359130859375,655.8842163085938
93,2.0,50.0,530.5287475585938,542.0869140625,684.0721435546875,657.2922973632812
94,2.0,50.0,531.2766723632812,542.1270751953125,689.9172973632812,659.260009765625
95,2.0,50.0,532.31103515625,541.8231201171875,694.8294067382812,660.1190795898438
96,2.0,50.0,536.6879272460938,540.03125,699.6533813476562,661.6357421875
97,2.0,50.0,538.9575805664062,538.5955810546875,704.5560302734375,663.4752807617188
98,2.0,50.0,540.5740966796875,538.6814575195312,710.1112670898438,665.2160034179688
99,2.0,50.0,540.8248901367188,538.10107421875,715.7696533203125,667.0191040039062
100,2.0,50.0,543.3942260742188,536.7883911132812,722.2427978515625,668.738037109375
101,2.0,50.0,544.98779296875,535.3948364257812,728.2733764648438,670.4703369140625
102,2.0,50.0,549.2354736328125,534.630859375,735.95263671875,673.0537109375
103,2.0,50.0,553.1866455078125,534.1143188476562,741.9534912109375,674.8194580078125
104,2.0,50.0,554.1439208984375,533.2042236328125,748.38330078125,676.5452270507812
105,2.0,50.0,556.6239624023438,532.3619384765625,755.0562744140625,678.4179077148438
106,2.0,50.0,559.3330688476562,531.7267456054688,763.7400512695312,683.177734375
107,2.0,50.0,562.2099609375,531.1851806640625,772.6074829101562,686.8603515625
108,2.0,50.0,565.4871215820312,529.8132934570312,782.375,687.5888671875
109,2.0,50.0,569.1842041015625,528.3528442382812,790.2837524414062,690.2528076171875
110,2.0,50.0,573.0487060546875,527.505126953125,800.8833618164062,693.3413696289062
111,2.0,50.0,576.0292358398438,526.4694213867188,810.822021484375,698.189208984375
112,2.0,50.0,579.3809814453125,525.2789916992188,819.9873046875,700.4927978515625
113,2.0,50.0,584.6626586914062,525.1812744140625,832.0137329101562,702.8872680664062
114,2.0,50.0,588.4622802734375,523.205810546875,843.0553588867188,707.358642578125
115,2.0,50.0,594.5222778320312,522.421142578125,854.4495239257812,709.6414794921875
116,2.0,50.0,599.14404296875,521.5282592773438,867.3619995117188,712.7445678710938
117,2.0,50.0,602.7366943359375,521.0921630859375,882.4287719726562,717.6331176757812
118,2.0,50.0,606.6823120117188,520.1339721679688,896.4557495117188,720.9059448242188
119,2.0,50.0,612.2288208007812,518.6294555664062,910.7452392578125,724.3798828125
120,2.0,50.0,616.8964233398438,516.703125,927.8512573242188,727.9944458007812
121,2.0,50.0,623.1995239257812,514.6931762695312,943.7988891601562,733.0966186523438
122,2.0,50.0,627.8406372070312,511.5171203613281,962.7647094726562,738.6068725585938
123,2.0,50.0,633.9983520507812,508.7189636230469,983.2324829101562,741.9940795898438
124,2.0,50.0,639.57080078125,505.9283752441406,1005.3870239257812,747.4512939453125
125,2.0,50.0,647.12060546875,504.0638427734375,1027.5577392578125,753.5418701171875
126,2.0,50.0,654.7821655273438,501.55975341796875,1053.7462158203125,761.7652587890625
127,2.0,50.0,661.131103515625,498.5272521972656,1079.9754638671875,770.6320190429688
128,2.0,50.0,670.2140502929688,495.4529113769531,1108.4417724609375,779.6722412109375
129,2.0,50.0,679.3736572265625,492.7455139160156,1139.027587890625,789.4370727539062
130,2.0,50.0,690.9188842773438,489.465087890625,1173.4964599609375,798.1282348632812
131,2.0,50.0,700.147216796875,485.7001953125,1210.9857177734375,808.02783203125
132,2.0,50.0,710.83544921875,483.2491149902344,1253.07763671875,820.1068115234375
133,2.0,50.0,722.3801879882812,477.80206298828125,1299.3592529296875,833.3244018554688
134,2.0,50.0,735.00634765625,472.72686767578125,1350.9871826171875,847.5918579101562
135,2.0,50.0,748.5888671875,468.7052307128906,1405.1796875,864.9444580078125
136,2.0,50.0,762.39208984375,461.5235290527344,1467.7427978515625,885.8386840820312
137,2.0,50.0,778.8355102539062,454.7105712890625,1538.98291015625,905.263427734375
138,2.0,50.0,796.119140625,446.6578674316406,1620.3416748046875,931.2783813476562
139,2.0,50.0,816.5693359375,440.11199951171875,1708.2310791015625,957.0076293945312
140,2.0,50.0,839.0819091796875,430.80523681640625,1810.0830078125,991.8320922851562
141,2.0,50.0,861.7283935546875,425.1202392578125,1893.2420654296875,1029.4425048828125
142,2.0,50.0,887.8541259765625,414.5787048339844,1920.0,1060.5181884765625
143,2.0,50.0,918.8887939453125,400.9089050292969,1920.0,1073.4249267578125
144,2.0,50.0,951.169677734375,388.522216796875,1920.0,1079.345703125
145,2.0,50.0,989.5480346679688,373.3945617675781,1920.0,1080.0
146,2.0,50.0,1032.624755859375,356.2178955078125,1920.0,1080.0
147,2.0,50.0,1082.936767578125,335.6168518066406,1920.0,1076.66650390625
148,2.0,50.0,1141.370361328125,313.8941345214844,1920.0,1075.752197265625
149,2.0,50.0,1209.952392578125,285.90447998046875,1920.0,1075.4779052734375
150,2.0,50.0,1294.0537109375,265.163818359375,1920.0,1074.822509765625
151,2.0,50.0,1394.4515380859375,262.34161376953125,1920.0,1075.3282470703125
152,2.0,50.0,1518.737548828125,276.1466369628906,1920.0,1075.051513671875
153,2.0,50.0,1677.060791015625,361.21026611328125,1920.0,1078.666015625
