23,48,267.8373107910156,382.8309020996094,314.1950378417969,412.4737548828125
24,48,266.46234130859375,383.2138671875,314.5767517089844,413.1290588378906
25,48,266.78375244140625,383.17034912109375,315.3656005859375,413.5140686035156
26,48,267.4499206542969,382.9985656738281,316.3610534667969,413.70068359375
27,48,267.9612121582031,382.6133117675781,316.7102966308594,413.91961669921875
28,48,268.8715515136719,382.2496032714844,316.7783203125,415.1235656738281
29,48,270.017578125,381.87945556640625,317.45672607421875,416.335693359375
30,48,271.48321533203125,382.1683044433594,318.8122253417969,417.0263671875
31,48,273.2556457519531,381.96307373046875,319.7156982421875,417.7532043457031
32,48,274.4455871582031,381.580810546875,320.8033142089844,418.0157470703125
33,48,274.2159118652344,381.0283508300781,322.1466064453125,418.1302185058594
34,48,274.11102294921875,380.5563659667969,323.1927185058594,417.78460693359375
35,48,273.873046875,379.56500244140625,323.95159912109375,417.445556640625
36,48,274.1587829589844,379.8388671875,324.379638671875,416.82952880859375
37,48,274.6778259277344,380.3580017089844,325.4811096191406,417.13702392578125
38,48,275.38446044921875,380.1976013183594,325.7595520019531,417.375732421875
39,48,275.28173828125,379.7173767089844,326.5079040527344,417.8902282714844
40,48,276.1497802734375,380.4876708984375,327.02606201171875,418.21954345703125
41,48,276.7238464355469,383.6020812988281,328.3302917480469,418.79638671875
42,48,277.2714538574219,384.29541015625,329.5356750488281,418.9458312988281
43,48,277.779541015625,383.1166076660156,330.4308776855469,418.84979248046875
44,48,278.3878173828125,380.3023376464844,331.6518249511719,418.85821533203125
45,48,278.5421447753906,379.7672424316406,332.6813659667969,419.19342041015625
46,48,278.8504943847656,378.2176818847656,333.40948486328125,419.51751708984375
47,48,279.3892517089844,378.3550109863281,334.46697998046875,419.78076171875
48,48,279.78802490234375,377.24273681640625,334.9029846191406,419.9886169433594
49,48,280.0226745605469,376.9083251953125,335.74505615234375,420.7710266113281
50,48,280.10980224609375,376.73797607421875,337.2701110839844,421.2839660644531
51,48,280.5614013671875,376.6781921386719,338.4813537597656,421.615234375
52,48,281.44268798828125,375.1063232421875,340.1786804199219,422.6229248046875
53,48,282.299072265625,373.6577453613281,341.389404296875,423.0406799316406
54,48,283.3956604003906,375.90814208984375,341.9006652832031,422.7221374511719
55,48,283.825439453125,378.085205078125,342.34765625,422.5245666503906
56,48,283.7850341796875,377.7086181640625,342.7373962402344,424.451171875
57,48,285.00323486328125,376.7807922363281,344.21087646484375,425.5027160644531
58,48,286.2271423339844,376.9682922363281,345.8804626464844,425.9701843261719
59,48,286.9495849609375,377.314208984375,346.16943359375,426.1510925292969
60,48,287.83892822265625,377.06512451171875,347.6453552246094,426.0039367675781
61,48,288.2373962402344,377.095458984375,348.73358154296875,426.70745849609375
62,48,287.6532287597656,376.9283752441406,349.6116027832031,426.9622802734375
63,48,287.9236145019531,376.4893493652344,351.0544128417969,427.0521240234375
64,48,288.69677734375,376.39849853515625,352.6888732910156,427.26708984375
65,48,289.010498046875,376.5296325683594,353.5110168457031,428.4572448730469
66,48,289.68780517578125,378.3910827636719,356.0424499511719,428.689453125
67,48,289.4759521484375,378.64288330078125,358.0647888183594,429.12396240234375
68,48,289.4149475097656,378.3515930175781,359.99932861328125,429.5713806152344
69,48,289.70831298828125,376.93096923828125,360.8666076660156,429.67431640625
70,48,290.8575744628906,376.55438232421875,362.3087463378906,430.0911560058594
71,48,291.6919250488281,376.66583251953125,364.3807067871094,430.8529052734375
72,48,292.79547119140625,377.5670471191406,366.055908203125,431.3264465332031
73,48,293.74713134765625,377.14361572265625,367.8122863769531,430.68939208984375
74,48,295.38909912109375,377.5819091796875,368.9781799316406,430.0708312988281
75,48,295.9305419921875,377.0775146484375,370.815673828125,431.6314697265625
76,48,296.80438232421875,375.14306640625,372.7369689941406,432.635009765625
77,48,298.36181640625,373.4225769042969,374.0545654296875,434.2541198730469
78,48,300.20611572265625,371.53900146484375,376.20166015625,434.60284423828125
79,48,300.7439880371094,370.83984375,378.2366638183594,434.5243835449219
80,48,302.17724609375,371.24383544921875,381.26348876953125,435.371826171875
81,48,302.8595886230469,371.48492431640625,383.7868957519531,436.6334533691406
82,48,304.04296875,372.53118896484375,386.952392578125,437.91162109375
83,48,304.917724609375,372.6898498535156,389.8155822753906,439.5743408203125
84,48,305.7534484863281,372.2581787109375,392.2866516113281,439.671142578125
85,48,307.1083068847656,372.1244812011719,394.6710205078125,440.82342529296875
86,48,309.2720031738281,370.9515380859375,397.2857666015625,441.5496826171875
87,48,310.73333740234375,371.1147155761719,400.5758972167969,441.9366760253906
88,48,311.9273986816406,372.23675537109375,401.9953918457031,442.6351013183594
89,48,312.9090881347656,371.8922119140625,403.4659729003906,442.5945129394531
90,48,313.489990234375,372.3414306640625,405.2975769042969,442.7405090332031
91,48,314.0050048828125,372.3664245605469,409.03948974609375,444.98101806640625
92,48,314.3157653808594,371.66534423828125,411.8727111816406,446.0585632324219
93,48,316.4752502441406,370.80450439453125,415.713623046875,446.92218017578125
94,48,317.7812805175781,369.87347412109375,419.219970703125,448.94732666015625
95,48,320.30419921875,370.57666015625,421.9634094238281,448.81317138671875
96,48,320.654052734375,369.9540100097656,424.3232727050781,450.8231201171875
97,48,322.68359375,369.7738037109375,428.0993347167969,452.2237548828125
98,48,324.9124755859375,369.06182861328125,431.95587158203125,453.6816101074219
99,48,325.3234558105469,368.7760009765625,437.1390686035156,454.53826904296875
100,48,327.6846008300781,368.64483642578125,440.89117431640625,455.0179138183594
101,48,329.8512878417969,368.36749267578125,444.2240295410156,455.3370666503906
102,48,333.0041809082031,368.03387451171875,448.4024353027344,455.7968444824219
103,48,335.2539978027344,367.9772644042969,452.0433044433594,456.5898742675781
104,48,336.2452697753906,367.3565368652344,456.8255310058594,457.9434814453125
105,48,336.46820068359375,367.6107482910156,460.0725402832031,461.5137023925781
106,48,338.1803283691406,366.7641906738281,466.19854736328125,461.330810546875
107,48,340.2575988769531,365.8814392089844,471.7203063964844,463.8369140625
108,48,344.9636535644531,365.0906677246094,477.1435241699219,465.60601806640625
109,48,348.4862060546875,364.6788024902344,482.66400146484375,467.71966552734375
110,48,350.92498779296875,364.674072265625,488.5223083496094,468.6191711425781
111,48,354.90740966796875,363.97698974609375,496.530029296875,470.8836669921875
112,48,356.39581298828125,363.001220703125,502.2749328613281,473.7521667480469
113,48,357.1128234863281,361.71783447265625,508.1966857910156,476.953369140625
114,48,358.9398498535156,360.8025207519531,515.2451171875,479.60931396484375
115,48,360.443603515625,360.26007080078125,524.4271850585938,482.7378234863281
116,48,364.4144287109375,360.3338317871094,533.8389892578125,486.8746643066406
117,48,369.5140686035156,360.1047668457031,541.6671752929688,488.9947814941406
118,48,371.5265197753906,359.089111328125,549.3070678710938,489.53265380859375
119,48,373.884765625,359.03851318359375,559.0851440429688,491.2409362792969
120,48,377.00555419921875,358.15765380859375,569.8692016601562,495.935546875
121,48,380.44158935546875,356.8244934082031,580.5523681640625,499.57958984375
122,48,385.4914245605469,355.6807556152344,591.5274047851562,503.2316589355469
123,48,392.5838928222656,355.8354797363281,604.7258911132812,505.8438415527344
124,48,396.0813903808594,354.8193664550781,617.7096557617188,511.7399597167969
125,48,402.4348449707031,353.9872741699219,631.8270874023438,515.2916259765625
126,48,408.9222106933594,351.09246826171875,648.8519897460938,519.2907104492188
127,48,415.35986328125,349.5445251464844,665.4051513671875,523.4805297851562
128,48,423.22979736328125,348.23553466796875,684.5572509765625,528.7937622070312
129,48,428.671142578125,347.0770263671875,704.8272094726562,535.0985107421875
130,48,437.4405517578125,344.6953430175781,726.7813720703125,541.8684692382812
131,48,445.6954040527344,342.4524230957031,751.3341674804688,547.3952026367188
132,48,455.0088806152344,339.82501220703125,777.4933471679688,555.7610473632812
133,48,464.5408020019531,337.443603515625,807.4154052734375,565.4151000976562
134,48,475.7474365234375,335.1724548339844,840.7911376953125,576.5614624023438
135,48,486.5738525390625,334.8504943847656,877.0003051757812,589.7377319335938
136,48,499.8966369628906,333.1805725097656,920.471435546875,603.5377807617188
137,48,513.0447387695312,331.5821533203125,966.7828369140625,619.79345703125
138,48,528.2664184570312,330.02947998046875,1019.3823852539062,634.1311645507812
139,48,547.1632690429688,326.2713623046875,1079.0765380859375,655.7515258789062
140,48,567.365478515625,319.6084899902344,1150.2620849609375,679.799072265625
141,48,587.5978393554688,315.1197814941406,1232.3673095703125,708.1969604492188
142,48,613.0784301757812,310.6094665527344,1330.4251708984375,740.6898803710938
143,48,642.7394409179688,304.8323059082031,1446.9072265625,780.0377197265625
144,48,674.1500244140625,287.4503173828125,1586.160888671875,830.6848754882812
145,48,713.2596435546875,284.2562255859375,1760.1162109375,894.2252197265625
146,48,760.1861572265625,273.4122619628906,1876.124755859375,978.531494140625
147,48,818.4544677734375,262.2803649902344,1920.0,1041.5086669921875
148,48,891.8728637695312,245.11981201171875,1920.0,1068.857421875
149,48,981.1315307617188,222.39234924316406,1920.0,1076.1519775390625
150,48,1097.8370361328125,193.19137573242188,1920.0,1079.9833984375
151,48,1255.452392578125,181.43441772460938,1920.0,1080.0
152,48,1476.89892578125,194.97035217285156,1920.0,1080.0
