38,2.0,3.0,437.7509460449219,415.538818359375,510.7734680175781,476.2499694824219
39,2.0,3.0,437.7643127441406,415.12725830078125,510.9823303222656,476.5334777832031
40,2.0,3.0,438.50274658203125,415.9543151855469,510.2459411621094,476.07427978515625
41,2.0,3.0,440.2302551269531,416.2772216796875,511.512451171875,476.57000732421875
42,2.0,3.0,442.4509582519531,416.7964172363281,512.7400512695312,476.6918029785156
43,2.0,3.0,443.21441650390625,416.20611572265625,514.5909423828125,477.1543273925781
44,2.0,3.0,443.0494384765625,415.0171203613281,515.8070068359375,477.33807373046875
45,2.0,3.0,443.65753173828125,414.6398010253906,516.7108154296875,477.4585876464844
46,2.0,3.0,445.1926574707031,415.2569885253906,517.69873046875,477.594970703125
47,2.0,3.0,446.0307922363281,414.77777099609375,518.0855712890625,477.73193359375
48,2.0,3.0,445.9714660644531,414.0802001953125,518.7280883789062,477.83258056640625
49,2.0,3.0,446.51141357421875,414.08294677734375,519.54638671875,477.925048828125
50,2.0,3.0,447.1473693847656,414.4099426269531,520.2718505859375,478.16766357421875
51,2.0,3.0,447.8794860839844,415.6438903808594,521.076416015625,478.3792419433594
52,2.0,3.0,448.6147766113281,415.811767578125,522.0098876953125,478.54315185546875
53,2.0,3.0,449.0602111816406,415.5211486816406,525.066162109375,478.31524658203125
54,2.0,3.0,449.84661865234375,415.5633850097656,526.801025390625,478.3732604980469
55,2.0,3.0,450.1570129394531,415.2834167480469,529.0513305664062,478.6715393066406
56,2.0,3.0,450.15496826171875,413.63604736328125,530.5558471679688,478.6510009765625
57,2.0,3.0,450.78057861328125,412.2611083984375,531.6421508789062,478.29412841796875
58,2.0,3.0,452.30657958984375,410.93511962890625,532.5031127929688,478.8607482910156
59,2.0,3.0,454.1436462402344,413.3382568359375,533.6449584960938,479.5502624511719
60,2.0,3.0,454.05126953125,413.2632141113281,534.6555786132812,480.2194519042969
61,2.0,3.0,454.5411682128906,412.9169921875,536.55078125,480.7768859863281
62,2.0,3.0,454.99688720703125,412.612548828125,538.7877807617188,480.9271545410156
63,2.0,3.0,455.26953125,412.4366760253906,539.7723388671875,481.24127197265625
64,2.0,3.0,455.19696044921875,411.3061218261719,541.06103515625,481.92230224609375
65,2.0,3.0,455.4802551269531,411.0244140625,541.7120971679688,482.59722900390625
66,2.0,3.0,455.7077331542969,410.564697265625,543.0274658203125,483.2708435058594
67,2.0,3.0,457.1307067871094,410.978515625,544.3998413085938,483.9390869140625
68,2.0,3.0,457.333251953125,411.4225158691406,545.3184814453125,484.26373291015625
69,2.0,3.0,457.9803161621094,411.81134033203125,546.458251953125,484.5556640625
70,2.0,3.0,458.9670715332031,412.7906494140625,548.8001098632812,485.89215087890625
71,2.0,3.0,458.935546875,413.00225830078125,551.588134765625,487.29705810546875
72,2.0,3.0,458.84222412109375,412.439208984375,554.4542236328125,488.5743408203125
73,2.0,3.0,461.1929016113281,413.4877624511719,555.513671875,488.5316162109375
74,2.0,3.0,461.9746398925781,414.0001525878906,557.3763427734375,488.8186340332031
75,2.0,3.0,461.7292785644531,413.4715576171875,560.2277221679688,489.11407470703125
76,2.0,3.0,464.9129333496094,412.65972900390625,562.5897827148438,489.3411865234375
77,2.0,3.0,466.60784912109375,411.30975341796875,563.8583374023438,489.5238952636719
78,2.0,3.0,467.6004943847656,411.4010925292969,565.9617919921875,490.1729736328125
79,2.0,3.0,469.4763488769531,411.5633850097656,568.85888671875,491.0616149902344
80,2.0,3.0,471.5831604003906,411.251708984375,569.2244873046875,493.1463623046875
81,2.0,3.0,470.1840515136719,410.9974060058594,570.563720703125,493.89239501953125
82,2.0,3.0,472.07818603515625,410.8448791503906,572.7946166992188,494.4261779785156
83,2.0,3.0,472.182373046875,410.60687255859375,574.76513671875,494.5780029296875
84,2.0,3.0,472.4898376464844,410.7443542480469,577.6881103515625,495.60028076171875
85,2.0,3.0,474.8318786621094,410.6805114746094,579.1998291015625,495.5313720703125
86,2.0,3.0,476.23504638671875,409.83984375,581.876220703125,496.3529052734375
87,2.0,3.0,475.49481201171875,409.69134521484375,584.4329833984375,497.6474304199219
88,2.0,3.0,478.3681945800781,409.4534606933594,586.626953125,498.2801818847656
89,2.0,3.0,479.0749816894531,408.4052429199219,589.4540405273438,499.0538024902344
90,2.0,3.0,480.9756774902344,407.65301513671875,592.2868041992188,499.0001220703125
91,2.0,3.0,482.0239562988281,407.7584533691406,593.6500854492188,499.3485107421875
92,2.0,3.0,482.30029296875,407.84844970703125,595.9993896484375,499.90185546875
93,2.0,3.0,483.23834228515625,407.88812255859375,598.46484375,500.6908264160156
94,2.0,3.0,484.0516357421875,407.3318786621094,602.1669311523438,501.2284240722656
95,2.0,3.0,484.137939453125,407.0341796875,604.02294921875,501.1263732910156
96,2.0,3.0,485.6749267578125,407.36956787109375,607.00537109375,502.2891845703125
97,2.0,3.0,486.868408203125,407.26861572265625,611.0614013671875,503.4781188964844
98,2.0,3.0,490.5429992675781,406.91265869140625,614.0419311523438,504.5496520996094
99,2.0,3.0,492.890869140625,406.34295654296875,617.8004760742188,504.7008056640625
100,2.0,3.0,494.36883544921875,405.632568359375,622.2460327148438,505.5963439941406
101,2.0,3.0,495.0038757324219,405.02105712890625,624.4295043945312,507.15472412109375
102,2.0,3.0,497.76287841796875,405.1597595214844,628.0128173828125,507.4088439941406
103,2.0,3.0,503.16033935546875,405.2348327636719,630.0613403320312,509.0799255371094
104,2.0,3.0,503.77276611328125,404.81103515625,633.0851440429688,510.4246826171875
105,2.0,3.0,502.8269958496094,404.1289978027344,637.053955078125,511.2835693359375
106,2.0,3.0,504.1125183105469,403.80633544921875,641.3565063476562,512.4346923828125
107,2.0,3.0,505.09747314453125,403.15264892578125,644.8186645507812,513.1971435546875
108,2.0,3.0,505.29217529296875,403.1298828125,648.8510131835938,514.0588989257812
109,2.0,3.0,505.8902282714844,402.961669921875,652.4913940429688,515.23583984375
110,2.0,3.0,506.6737365722656,402.8518371582031,656.0516967773438,516.2711791992188
111,2.0,3.0,507.55816650390625,402.4066467285156,660.7009887695312,517.3800048828125
112,2.0,3.0,509.7799072265625,402.0813903808594,663.9707641601562,519.392333984375
113,2.0,3.0,512.4712524414062,401.5287780761719,666.5542602539062,521.8063354492188
114,2.0,3.0,514.4105224609375,400.42327880859375,672.506591796875,522.5374755859375
115,2.0,3.0,517.4653930664062,400.0097351074219,677.4899291992188,523.4612426757812
116,2.0,3.0,518.5481567382812,399.9129333496094,681.364501953125,523.7738037109375
117,2.0,3.0,520.180419921875,400.40716552734375,686.2595825195312,526.0797729492188
118,2.0,3.0,524.1743774414062,399.78045654296875,692.0018920898438,527.7562255859375
119,2.0,3.0,526.0614013671875,398.67071533203125,695.524658203125,528.7960205078125
120,2.0,3.0,527.4202880859375,398.3813171386719,701.1255493164062,529.55224609375
121,2.0,3.0,528.9598388671875,397.3857421875,707.0145874023438,529.472412109375
122,2.0,3.0,531.4229125976562,397.161865234375,712.6220092773438,530.6387939453125
123,2.0,3.0,535.4388427734375,394.8856201171875,718.3917846679688,531.6392822265625
124,2.0,3.0,538.1137084960938,394.41668701171875,723.6903076171875,533.6495971679688
125,2.0,3.0,540.6193237304688,393.4225769042969,729.1959838867188,536.6473999023438
126,2.0,3.0,543.5096435546875,392.7156982421875,735.5728149414062,538.6812744140625
127,2.0,3.0,546.2928466796875,392.1749572753906,742.5606689453125,541.2158203125
128,2.0,3.0,549.6563720703125,391.662841796875,748.7122802734375,542.1653442382812
129,2.0,3.0,552.0394287109375,391.1094055175781,756.8363037109375,543.3272705078125
130,2.0,3.0,553.7145385742188,389.242919921875,764.4414672851562,544.4656982421875
131,2.0,3.0,555.9912109375,389.0667724609375,772.4141235351562,546.3744506835938
132,2.0,3.0,559.6515502929688,387.93511962890625,780.7794189453125,548.6026000976562
133,2.0,3.0,563.6524047851562,386.81121826171875,789.6094360351562,551.7342529296875
134,2.0,3.0,568.4837646484375,384.2606506347656,797.47265625,554.57861328125
135,2.0,3.0,571.6744995117188,382.3161315917969,807.0380249023438,556.8670654296875
136,2.0,3.0,575.302001953125,380.8724060058594,816.4989013671875,560.3353271484375
137,2.0,3.0,577.97021484375,380.2490234375,826.216796875,562.9381103515625
138,2.0,3.0,583.3338623046875,378.9246826171875,835.637451171875,567.0645751953125
139,2.0,3.0,587.9931640625,378.3273620605469,846.3847045898438,569.0286865234375
140,2.0,3.0,591.578369140625,378.3315124511719,856.1875,572.1195678710938
141,2.0,3.0,596.5184326171875,376.9825134277344,868.3348388671875,573.4559936523438
142,2.0,3.0,600.5962524414062,374.9420471191406,879.7722778320312,577.7156982421875
143,2.0,3.0,605.6571044921875,374.2321472167969,893.9921264648438,582.0748901367188
144,2.0,3.0,610.9512939453125,372.7486877441406,907.3875732421875,584.7235717773438
145,2.0,3.0,615.3863525390625,371.63330078125,922.1023559570312,588.3305053710938
146,2.0,3.0,621.972900390625,370.6919250488281,936.0253295898438,592.5938110351562
147,2.0,3.0,625.4536743164062,368.6823425292969,951.3206787109375,597.7352294921875
148,2.0,3.0,631.0824584960938,367.5718994140625,968.5667724609375,602.4290161132812
149,2.0,3.0,635.2823486328125,366.7778625488281,985.5909423828125,607.6026000976562
150,2.0,3.0,643.1808471679688,366.9224853515625,1003.6134033203125,612.9200439453125
151,2.0,3.0,649.5558471679688,366.44476318359375,1023.151611328125,617.3773193359375
152,2.0,3.0,656.135986328125,364.0082702636719,1044.1007080078125,620.83984375
153,2.0,3.0,663.5609130859375,362.1737976074219,1066.8621826171875,630.6893920898438
154,2.0,3.0,671.2420654296875,360.2018127441406,1089.70556640625,637.4157104492188
155,2.0,3.0,678.8170166015625,359.0907897949219,1115.665771484375,643.070556640625
156,2.0,3.0,687.5377807617188,356.90020751953125,1142.0955810546875,652.186767578125
157,2.0,3.0,696.9153442382812,355.4193115234375,1172.4840087890625,662.5385131835938
158,2.0,3.0,707.5634765625,352.99346923828125,1202.8916015625,669.5262451171875
159,2.0,3.0,715.82958984375,350.186279296875,1236.1885986328125,678.0215454101562
160,2.0,3.0,726.9800415039062,346.9969787597656,1273.9530029296875,689.3704223632812
161,2.0,3.0,739.4664306640625,343.9354553222656,1315.2489013671875,700.7245483398438
162,2.0,3.0,752.0447998046875,341.5563659667969,1357.278076171875,712.2356567382812
163,2.0,3.0,765.3362426757812,337.5440673828125,1404.7987060546875,726.69970703125
164,2.0,3.0,779.2210083007812,333.87481689453125,1458.7049560546875,741.64599609375
165,2.0,3.0,795.6317749023438,327.9740905761719,1515.771484375,755.4619750976562
166,2.0,3.0,812.8488159179688,322.88848876953125,1577.5740966796875,775.1514282226562
167,2.0,3.0,829.2839965820312,316.682861328125,1647.914794921875,795.9967651367188
168,2.0,3.0,849.3347778320312,309.4040832519531,1722.9881591796875,820.181396484375
169,2.0,3.0,870.2514038085938,302.81878662109375,1805.9576416015625,846.7271728515625
170,2.0,3.0,892.66748046875,297.2284851074219,1891.503662109375,876.0380249023438
171,2.0,3.0,915.8916015625,292.8390808105469,1920.0,911.0404663085938
172,2.0,3.0,942.1633911132812,284.0788879394531,1920.0,948.0264282226562
173,2.0,3.0,972.8932495117188,276.7049560546875,1920.0,991.5638427734375
174,2.0,3.0,1004.8466186523438,268.0080871582031,1920.0,1039.479736328125
175,2.0,3.0,1043.7462158203125,254.34963989257812,1920.0,1072.505615234375
176,2.0,3.0,1086.008056640625,240.30322265625,1920.0,1080.0
177,2.0,3.0,1131.6629638671875,228.08250427246094,1920.0,1053.1612548828125
178,2.0,3.0,1184.4761962890625,206.80239868164062,1920.0,1035.8992919921875
179,2.0,3.0,1240.7891845703125,191.4204559326172,1920.0,1028.6278076171875
180,2.0,3.0,1310.638916015625,180.1855926513672,1920.0,1014.626708984375
181,2.0,3.0,1386.80322265625,165.46998596191406,1920.0,1025.5845947265625
182,2.0,3.0,1481.1805419921875,175.81895446777344,1920.0,1053.5631103515625
183,2.0,3.0,1585.804931640625,189.92018127441406,1920.0,1068.7498779296875
184,2.0,3.0,1713.5943603515625,266.85382080078125,1920.0,1071.698486328125
