25,2.0,8.0,446.8082275390625,418.811279296875,509.98187255859375,473.9465026855469
26,2.0,8.0,446.1669006347656,418.6742248535156,511.56298828125,474.7977294921875
27,2.0,8.0,447.7135314941406,420.26763916015625,512.2385864257812,474.3821716308594
28,2.0,8.0,449.69769287109375,419.3314208984375,513.537109375,474.1466064453125
29,2.0,8.0,449.5627136230469,417.8564147949219,514.3663330078125,474.45367431640625
30,2.0,8.0,450.348876953125,418.23382568359375,514.5862426757812,474.8108825683594
31,2.0,8.0,450.8209533691406,418.1893615722656,516.1613159179688,474.4370422363281
32,2.0,8.0,451.7483215332031,417.3918762207031,517.3472290039062,474.494384765625
33,2.0,8.0,452.18841552734375,417.7742004394531,518.2188110351562,475.6677551269531
34,2.0,8.0,452.8743896484375,418.0581359863281,519.6512451171875,476.29498291015625
35,2.0,8.0,452.62689208984375,417.2098083496094,520.3713989257812,476.8082580566406
36,2.0,8.0,452.88848876953125,417.2743225097656,521.4828491210938,476.93865966796875
37,2.0,8.0,453.9303894042969,417.8799133300781,522.0383911132812,476.9065856933594
38,2.0,8.0,455.1222839355469,418.4512939453125,523.8685913085938,477.3832092285156
39,2.0,8.0,455.3244934082031,418.9674072265625,525.407958984375,476.9344177246094
40,2.0,8.0,454.7973327636719,419.3962707519531,526.5408325195312,476.9662170410156
41,2.0,8.0,454.9158935546875,418.6467590332031,528.2289428710938,477.7548828125
42,2.0,8.0,455.2724304199219,417.2090148925781,530.3737182617188,478.39910888671875
43,2.0,8.0,455.56781005859375,417.0356140136719,531.50537109375,478.6817626953125
44,2.0,8.0,456.1488037109375,416.381591796875,533.0922241210938,479.1898193359375
45,2.0,8.0,457.11102294921875,415.39776611328125,534.41162109375,479.5413513183594
46,2.0,8.0,457.61322021484375,415.2123718261719,535.093505859375,479.134765625
47,2.0,8.0,457.1539611816406,416.182373046875,537.0869140625,479.04595947265625
48,2.0,8.0,457.4955749511719,416.0455322265625,538.0050048828125,478.6725158691406
49,2.0,8.0,457.9306945800781,415.9991760253906,539.5030517578125,478.6383056640625
50,2.0,8.0,458.4867248535156,415.84613037109375,539.7303466796875,478.7223815917969
51,2.0,8.0,459.435546875,415.8322448730469,541.4107055664062,480.0533447265625
52,2.0,8.0,459.56646728515625,415.396728515625,541.8555908203125,480.6745300292969
53,2.0,8.0,459.9677429199219,414.8299560546875,541.6781616210938,481.2118225097656
54,2.0,8.0,460.84515380859375,415.3831787109375,542.4207153320312,482.35931396484375
56,2.0,8.0,463.27630615234375,414.89080810546875,546.1573486328125,483.2944030761719
57,2.0,8.0,463.82476806640625,414.33642578125,548.14892578125,484.194091796875
58,2.0,8.0,465.47406005859375,413.6412353515625,549.5764770507812,484.1388854980469
59,2.0,8.0,467.185791015625,411.93414306640625,551.9142456054688,484.0096740722656
60,2.0,8.0,467.92095947265625,412.7343444824219,553.9605712890625,484.5506591796875
61,2.0,8.0,468.3979797363281,413.5252380371094,555.2396850585938,484.9112243652344
62,2.0,8.0,469.22601318359375,414.42974853515625,557.3545532226562,485.76104736328125
63,2.0,8.0,470.42730712890625,414.78582763671875,560.3611450195312,486.8990783691406
64,2.0,8.0,471.0062255859375,414.3036193847656,561.8087768554688,487.4583435058594
65,2.0,8.0,472.1602783203125,414.296630859375,563.1840209960938,488.1835021972656
66,2.0,8.0,473.4535217285156,413.4663391113281,564.839599609375,488.5771179199219
67,2.0,8.0,473.5071716308594,411.8307189941406,567.7694091796875,488.9772033691406
68,2.0,8.0,474.5682678222656,411.6610412597656,569.302978515625,489.492431640625
69,2.0,8.0,476.3826904296875,411.6025390625,570.391845703125,490.1805114746094
70,2.0,8.0,476.8189392089844,411.5018615722656,571.47509765625,490.9569396972656
71,2.0,8.0,476.810302734375,411.1611022949219,573.7222900390625,491.3530578613281
72,2.0,8.0,478.5060729980469,411.2824401855469,576.362548828125,492.33624267578125
73,2.0,8.0,479.8343200683594,411.87408447265625,578.4981689453125,493.420654296875
74,2.0,8.0,480.2305603027344,411.79608154296875,580.0401611328125,494.2048645019531
75,2.0,8.0,480.21337890625,411.0679626464844,582.5303344726562,496.4404602050781
76,2.0,8.0,481.67041015625,410.0216369628906,585.6063232421875,496.87994384765625
77,2.0,8.0,482.9512023925781,409.0531921386719,588.0369262695312,497.9307556152344
78,2.0,8.0,483.9637145996094,408.49102783203125,590.9388427734375,498.83331298828125
79,2.0,8.0,484.9042663574219,408.5756530761719,592.7526245117188,498.782470703125
80,2.0,8.0,485.3474426269531,408.2835693359375,593.947265625,499.5947265625
81,2.0,8.0,485.9222717285156,408.7854919433594,595.5465087890625,500.563720703125
82,2.0,8.0,488.1025695800781,408.5538635253906,597.955322265625,500.66265869140625
83,2.0,8.0,488.5823669433594,408.25653076171875,601.6439208984375,501.0979919433594
84,2.0,8.0,490.1192626953125,408.29278564453125,603.8779296875,501.5237731933594
85,2.0,8.0,490.7027587890625,407.851806640625,607.6808471679688,501.9952087402344
86,2.0,8.0,492.41864013671875,407.9775085449219,611.473876953125,503.5343017578125
87,2.0,8.0,494.5624694824219,407.020751953125,614.0420532226562,504.4756774902344
88,2.0,8.0,494.9012451171875,406.2105407714844,617.4378051757812,505.0927734375
89,2.0,8.0,496.6018371582031,405.6221618652344,621.2760620117188,506.353515625
90,2.0,8.0,499.0367431640625,405.31170654296875,624.727294921875,507.71502685546875
91,2.0,8.0,501.7438049316406,405.1048583984375,627.9926147460938,509.2919921875
92,2.0,8.0,502.8966979980469,404.6220397949219,629.690673828125,510.22344970703125
93,2.0,8.0,505.2567443847656,404.23602294921875,632.8880004882812,511.514404296875
94,2.0,8.0,505.51751708984375,403.5562744140625,637.0543212890625,512.187255859375
95,2.0,8.0,506.3222351074219,403.1891174316406,641.3538818359375,512.8931884765625
96,2.0,8.0,505.4436340332031,403.1356201171875,643.9218139648438,513.86083984375
97,2.0,8.0,505.5526428222656,402.9224548339844,648.7388305664062,515.2645263671875
98,2.0,8.0,505.1471862792969,402.8326721191406,652.4785766601562,517.2885131835938
99,2.0,8.0,507.9835510253906,402.676025390625,656.3399047851562,519.4628295898438
100,2.0,8.0,509.4832763671875,402.5108947753906,660.3016357421875,520.1321411132812
101,2.0,8.0,512.6997680664062,401.3269348144531,665.1474609375,521.670654296875
102,2.0,8.0,514.3713989257812,400.396728515625,669.8892822265625,523.1273193359375
103,2.0,8.0,516.6365356445312,399.8580017089844,675.3086547851562,524.4996337890625
104,2.0,8.0,518.4650268554688,398.81549072265625,679.4925537109375,525.4473876953125
105,2.0,8.0,520.4691772460938,398.8422546386719,683.54931640625,526.0364379882812
106,2.0,8.0,521.85888671875,399.3490295410156,688.7035522460938,527.986083984375
107,2.0,8.0,523.8658447265625,397.8768310546875,694.018798828125,530.1589965820312
108,2.0,8.0,526.1782836914062,397.9019775390625,699.62451171875,531.8631591796875
109,2.0,8.0,526.9773559570312,397.69671630859375,705.1680908203125,532.3790893554688
110,2.0,8.0,529.1202392578125,396.537353515625,711.1112060546875,534.5547485351562
111,2.0,8.0,531.2774047851562,395.12896728515625,718.0841064453125,537.0354614257812
112,2.0,8.0,535.7515869140625,392.970458984375,724.1201782226562,539.4512329101562
113,2.0,8.0,538.0983276367188,391.8723449707031,730.50732421875,542.3119506835938
114,2.0,8.0,541.1790771484375,390.7676696777344,736.9519653320312,544.38671875
115,2.0,8.0,545.8182983398438,390.9498291015625,745.199462890625,546.0888671875
116,2.0,8.0,548.2618408203125,390.3647155761719,751.8738403320312,547.7081298828125
117,2.0,8.0,550.8930053710938,389.03125,759.751220703125,550.120361328125
118,2.0,8.0,552.7098388671875,387.9753723144531,768.4806518554688,552.2388916015625
119,2.0,8.0,555.2208251953125,387.13690185546875,778.066650390625,556.3368530273438
120,2.0,8.0,557.9741821289062,385.1413879394531,787.1651000976562,558.158447265625
121,2.0,8.0,562.093994140625,382.98614501953125,796.6886596679688,561.2261352539062
122,2.0,8.0,566.7265014648438,380.6408386230469,806.765869140625,564.084716796875
123,2.0,8.0,570.9153442382812,378.8964538574219,817.6707763671875,567.0964965820312
124,2.0,8.0,573.4503784179688,378.925048828125,827.9065551757812,572.3558959960938
125,2.0,8.0,577.422607421875,377.17071533203125,839.2832641601562,574.9721069335938
126,2.0,8.0,582.4904174804688,376.7030029296875,852.0178833007812,579.332275390625
127,2.0,8.0,588.0112915039062,375.3240051269531,865.5467529296875,583.3154296875
128,2.0,8.0,592.4222412109375,374.25537109375,878.6488647460938,585.3221435546875
129,2.0,8.0,598.013427734375,371.74578857421875,893.3865356445312,589.82421875
130,2.0,8.0,602.3131713867188,371.11419677734375,909.4977416992188,594.970947265625
131,2.0,8.0,608.4371948242188,369.9164123535156,926.126708984375,599.433837890625
132,2.0,8.0,612.6174926757812,368.1676025390625,943.1251220703125,607.11474609375
133,2.0,8.0,617.7286987304688,365.7377014160156,962.1130981445312,612.8421630859375
134,2.0,8.0,624.0735473632812,362.9035339355469,982.1389770507812,616.6597900390625
135,2.0,8.0,632.2976684570312,361.5625305175781,1003.82177734375,622.9859619140625
136,2.0,8.0,639.8206176757812,361.6778259277344,1025.9024658203125,631.2232055664062
137,2.0,8.0,646.5335693359375,360.6008605957031,1052.142578125,637.750244140625
138,2.0,8.0,653.82275390625,359.7854309082031,1079.1895751953125,644.7109985351562
139,2.0,8.0,661.9608764648438,357.94580078125,1108.83984375,656.4042358398438
140,2.0,8.0,670.9076538085938,355.56890869140625,1139.4918212890625,666.2260131835938
141,2.0,8.0,680.7432861328125,352.88922119140625,1175.393798828125,674.6488647460938
142,2.0,8.0,691.3970947265625,349.9098815917969,1212.7513427734375,685.7674560546875
143,2.0,8.0,702.81494140625,344.8990783691406,1255.440185546875,698.4960327148438
144,2.0,8.0,715.1250610351562,341.3883972167969,1300.7115478515625,714.1481323242188
145,2.0,8.0,728.1981201171875,339.57769775390625,1350.37353515625,730.2003173828125
146,2.0,8.0,742.4794311523438,333.0472412109375,1408.42626953125,745.1744995117188
147,2.0,8.0,757.2435913085938,328.09576416015625,1471.4981689453125,764.8822021484375
148,2.0,8.0,772.3600463867188,318.21221923828125,1542.7611083984375,788.3901977539062
149,2.0,8.0,792.3287353515625,310.6821594238281,1621.6298828125,811.8282470703125
150,2.0,8.0,812.4025268554688,302.078857421875,1708.4300537109375,839.1145629882812
151,2.0,8.0,833.601318359375,296.6878967285156,1808.5870361328125,874.152099609375
152,2.0,8.0,859.8728637695312,289.17877197265625,1893.677734375,913.3343505859375
153,2.0,8.0,888.4354858398438,280.3772888183594,1920.0,961.0028076171875
154,2.0,8.0,917.6231079101562,272.7626037597656,1920.0,1011.413818359375
155,2.0,8.0,953.5185546875,260.5395202636719,1920.0,1053.7904052734375
156,2.0,8.0,993.988525390625,245.94918823242188,1920.0,1074.4495849609375
157,2.0,8.0,1039.0947265625,230.2169647216797,1920.0,1080.0
158,2.0,8.0,1091.029052734375,209.28013610839844,1920.0,1066.39404296875
159,2.0,8.0,1151.190673828125,186.73220825195312,1920.0,1066.437744140625
160,2.0,8.0,1220.9263916015625,163.89678955078125,1920.0,1062.94140625
161,2.0,8.0,1305.2984619140625,152.3726348876953,1920.0,1058.5675048828125
162,2.0,8.0,1406.060302734375,145.7771759033203,1920.0,1070.2310791015625
163,2.0,8.0,1526.24951171875,158.01666259765625,1920.0,1074.6678466796875
164,2.0,8.0,1677.428466796875,229.60195922851562,1920.0,1078.0963134765625
