97,2.0,38.0,588.2403564453125,561.1690673828125,648.7627563476562,610.1605834960938
98,2.0,38.0,589.9554443359375,561.5791015625,650.1231079101562,610.209228515625
99,2.0,38.0,591.5238037109375,562.0829467773438,650.7642822265625,609.8106689453125
100,2.0,38.0,592.6386108398438,561.5888061523438,652.1625366210938,610.7316284179688
101,2.0,38.0,593.0664672851562,562.3822631835938,653.5352172851562,610.643310546875
102,2.0,38.0,593.33544921875,563.2564697265625,657.013671875,612.3717041015625
103,2.0,38.0,593.6746826171875,563.9876708984375,660.388427734375,613.8587646484375
104,2.0,38.0,595.7890014648438,563.8399658203125,662.5936279296875,613.9981689453125
105,2.0,38.0,597.0592651367188,563.6329345703125,665.5027465820312,615.3936767578125
106,2.0,38.0,598.8362426757812,563.3427734375,666.8396606445312,616.7643432617188
107,2.0,38.0,600.5167236328125,563.08447265625,669.5575561523438,617.6680908203125
108,2.0,38.0,602.1995239257812,562.3675537109375,673.2786254882812,618.5169677734375
109,2.0,38.0,603.257080078125,561.9678955078125,676.2196044921875,619.4519653320312
110,2.0,38.0,604.1160888671875,561.2332153320312,679.008544921875,619.9855346679688
111,2.0,38.0,606.3253173828125,560.5076904296875,682.5463256835938,621.0729370117188
112,2.0,38.0,608.0549926757812,560.0371704101562,685.0675659179688,622.6348266601562
113,2.0,38.0,609.1959838867188,559.9020385742188,687.92138671875,623.7230834960938
114,2.0,38.0,611.3572998046875,560.6617431640625,692.3375244140625,623.5509033203125
115,2.0,38.0,613.3128662109375,560.1959228515625,696.4179077148438,623.3240356445312
116,2.0,38.0,614.2252197265625,557.717041015625,700.1030883789062,624.9541015625
117,2.0,38.0,615.0625,555.5377807617188,705.6821899414062,626.0950317382812
118,2.0,38.0,616.2962036132812,555.1571044921875,710.3433837890625,628.6612548828125
119,2.0,38.0,619.7843627929688,555.1090698242188,715.2101440429688,629.701904296875
120,2.0,38.0,623.5059814453125,554.5707397460938,717.5361328125,630.870361328125
121,2.0,38.0,625.4345092773438,553.1448974609375,722.66943359375,632.2424926757812
122,2.0,38.0,627.1801147460938,553.595947265625,728.7943725585938,634.1990356445312
123,2.0,38.0,629.4183959960938,553.5960083007812,735.1887817382812,634.912109375
124,2.0,38.0,633.3745727539062,553.566650390625,741.0662841796875,637.7526245117188
125,2.0,38.0,637.9558715820312,553.8339233398438,747.103271484375,639.0947265625
126,2.0,38.0,641.1219482421875,552.803466796875,754.27880859375,642.074951171875
127,2.0,38.0,645.6983032226562,552.1639404296875,761.7655029296875,644.8421020507812
128,2.0,38.0,648.1296997070312,551.7005004882812,769.2019653320312,645.8345947265625
129,2.0,38.0,650.3607788085938,551.3381958007812,777.0057373046875,647.2208251953125
130,2.0,38.0,651.3967895507812,551.231689453125,785.1116333007812,648.9754638671875
131,2.0,38.0,652.5392456054688,550.2787475585938,794.897705078125,651.906494140625
132,2.0,38.0,657.2675170898438,548.801513671875,805.1301879882812,655.8775634765625
133,2.0,38.0,661.7312622070312,547.2723388671875,816.4735107421875,658.588134765625
134,2.0,38.0,668.8880004882812,545.38525390625,827.2755737304688,661.871826171875
135,2.0,38.0,673.00830078125,544.0992431640625,840.3424072265625,668.0474243164062
136,2.0,38.0,680.7518310546875,542.0526123046875,853.9983520507812,671.2352294921875
138,2.0,38.0,691.6712036132812,536.6071166992188,886.2979736328125,680.5209350585938
139,2.0,38.0,698.17041015625,533.848876953125,903.676025390625,687.442138671875
140,2.0,38.0,705.0967407226562,531.1861572265625,924.7425537109375,693.1331787109375
141,2.0,38.0,714.5841064453125,528.9845581054688,947.0040893554688,700.6602783203125
142,2.0,38.0,723.8653564453125,527.1392822265625,972.395751953125,707.003173828125
143,2.0,38.0,735.9489135742188,524.6831665039062,1002.76708984375,715.2676391601562
144,2.0,38.0,747.4280395507812,523.0713500976562,1036.4967041015625,724.4920043945312
145,2.0,38.0,760.7423706054688,519.8980102539062,1074.689453125,734.4808349609375
146,2.0,38.0,774.0142822265625,515.7017822265625,1119.776611328125,745.7744140625
147,2.0,38.0,791.15283203125,508.8580627441406,1173.6092529296875,758.363037109375
148,2.0,38.0,811.5061645507812,502.1180419921875,1239.4578857421875,777.0240478515625
149,2.0,38.0,834.9052124023438,495.9958801269531,1317.1915283203125,799.0321655273438
150,2.0,38.0,860.545166015625,487.1376037597656,1415.7584228515625,827.180419921875
151,2.0,38.0,892.9381103515625,475.5528869628906,1539.62646484375,863.9056396484375
152,2.0,38.0,933.4361572265625,461.125244140625,1700.011962890625,912.439697265625
153,2.0,38.0,980.41259765625,444.2515563964844,1846.27392578125,981.1410522460938
154,2.0,38.0,1043.098876953125,422.6861877441406,1908.2960205078125,1041.66552734375
155,2.0,38.0,1128.37548828125,392.4036560058594,1920.0,1068.7586669921875
156,2.0,38.0,1245.9993896484375,351.3008117675781,1920.0,1074.6375732421875
157,2.0,38.0,1421.17236328125,315.03936767578125,1920.0,1078.564697265625
