2,2.0,48.0,471.2418212890625,559.22216796875,533.0286865234375,610.2673950195312
3,2.0,48.0,471.69451904296875,559.2334594726562,534.3731079101562,610.3848876953125
4,2.0,48.0,472.6635437011719,558.9097900390625,535.6420288085938,610.367431640625
5,2.0,48.0,473.3437805175781,559.1680297851562,536.3436889648438,610.5219116210938
6,2.0,48.0,473.2603759765625,559.479736328125,538.6669921875,610.7672729492188
7,2.0,48.0,473.0246276855469,559.1436157226562,540.6256713867188,611.0087280273438
8,2.0,48.0,472.64764404296875,559.41455078125,541.3535766601562,611.0933227539062
9,2.0,48.0,472.7855224609375,559.3932495117188,541.2415161132812,610.9814453125
10,2.0,48.0,473.23687744140625,559.33935546875,543.3367919921875,611.141845703125
11,2.0,48.0,474.279296875,559.134033203125,545.3069458007812,611.3323364257812
12,2.0,48.0,474.74365234375,559.306884765625,545.2192993164062,611.4802856445312
13,2.0,48.0,475.6092834472656,559.7577514648438,546.4232177734375,611.9055786132812
14,2.0,48.0,475.99005126953125,560.0491943359375,546.9912719726562,612.0694580078125
15,2.0,48.0,476.43060302734375,559.9075927734375,547.810791015625,611.958251953125
16,2.0,48.0,477.1378479003906,559.9448852539062,548.7415771484375,612.4063110351562
17,2.0,48.0,477.5441589355469,560.6514282226562,549.3054809570312,612.294677734375
18,2.0,48.0,477.8300476074219,561.1324462890625,550.6539306640625,612.4981689453125
19,2.0,48.0,478.08099365234375,561.6124267578125,552.3202514648438,613.1420288085938
20,2.0,48.0,479.2086181640625,561.871337890625,553.2974853515625,613.1702270507812
21,2.0,48.0,479.89752197265625,562.0794067382812,554.9176635742188,613.9375
22,2.0,48.0,480.48492431640625,561.9124145507812,555.304931640625,614.4207153320312
23,2.0,48.0,480.6634216308594,561.1823120117188,556.4570922851562,615.0225219726562
24,2.0,48.0,481.0315246582031,560.201171875,557.275146484375,615.580322265625
25,2.0,48.0,482.0875549316406,558.8943481445312,557.7045288085938,615.9093017578125
26,2.0,48.0,482.849365234375,558.1610107421875,558.2979736328125,616.2490234375
27,2.0,48.0,482.9391784667969,556.6373291015625,558.654541015625,616.6104736328125
28,2.0,48.0,483.4447021484375,556.1497192382812,559.6978759765625,616.770263671875
29,2.0,48.0,484.0591735839844,556.5789794921875,561.9520874023438,617.1038208007812
30,2.0,48.0,485.49774169921875,556.845947265625,562.3080444335938,618.2160034179688
31,2.0,48.0,486.74493408203125,556.8013916015625,563.2672729492188,619.1997680664062
32,2.0,48.0,487.20526123046875,557.1849975585938,563.5975341796875,619.7310180664062
33,2.0,48.0,487.1152038574219,557.5933227539062,567.0252075195312,620.5007934570312
34,2.0,48.0,487.6944885253906,558.0828857421875,569.037109375,621.1680297851562
35,2.0,48.0,488.3461608886719,558.1017456054688,570.6223754882812,621.678466796875
36,2.0,48.0,488.97662353515625,558.3177490234375,571.5883178710938,622.0802612304688
37,2.0,48.0,489.7073669433594,558.6334838867188,572.4165649414062,622.2434692382812
38,2.0,48.0,490.58843994140625,558.2763061523438,573.1458740234375,622.199951171875
39,2.0,48.0,491.6009216308594,558.2411499023438,574.1098022460938,622.4761962890625
40,2.0,48.0,492.092529296875,557.5154418945312,575.5006713867188,622.3475952148438
41,2.0,48.0,492.3916015625,556.0790405273438,576.466552734375,622.626708984375
42,2.0,48.0,492.59893798828125,554.834716796875,578.869140625,622.926025390625
43,2.0,48.0,493.2481384277344,554.306884765625,580.264404296875,623.014892578125
44,2.0,48.0,493.5796813964844,553.2826538085938,581.3720092773438,623.3919677734375
45,2.0,48.0,493.74151611328125,553.0684204101562,582.6851196289062,623.8795776367188
46,2.0,48.0,494.08154296875,552.4099731445312,584.801025390625,624.0558471679688
47,2.0,48.0,494.4737548828125,552.2906494140625,586.817626953125,624.3181762695312
48,2.0,48.0,495.6798400878906,551.7183227539062,588.677001953125,624.9579467773438
49,2.0,48.0,496.0649719238281,551.5950317382812,590.3592529296875,625.526611328125
50,2.0,48.0,495.9463806152344,551.46923828125,594.4120483398438,626.3853759765625
51,2.0,48.0,496.197265625,551.1126708984375,596.068603515625,626.9671630859375
52,2.0,48.0,497.3498840332031,550.0317993164062,596.6918334960938,627.3723754882812
53,2.0,48.0,499.7105712890625,550.8256225585938,597.9054565429688,627.2942504882812
55,2.0,48.0,503.2109680175781,550.46337890625,601.0506591796875,628.019287109375
56,2.0,49.0,503.7182922363281,550.5186767578125,603.5004272460938,628.1236572265625
57,2.0,48.0,504.5606384277344,550.0899658203125,605.4659423828125,630.2673950195312
58,2.0,48.0,505.5371398925781,549.6691284179688,606.7537841796875,631.2852783203125
59,2.0,48.0,505.834716796875,549.6019287109375,608.2042236328125,631.7422485351562
60,2.0,48.0,505.785888671875,549.0816650390625,610.2693481445312,632.5411376953125
61,2.0,48.0,507.2098083496094,548.8394165039062,612.06005859375,633.2914428710938
62,2.0,48.0,507.34466552734375,548.80078125,614.8348999023438,633.7600708007812
63,2.0,48.0,507.73345947265625,548.7743530273438,617.0933227539062,634.3004150390625
64,2.0,48.0,509.15863037109375,549.4178466796875,618.7841186523438,634.441650390625
65,2.0,48.0,510.8917236328125,549.4136962890625,620.6358032226562,634.4699096679688
66,2.0,48.0,512.3858642578125,549.6604614257812,623.1680908203125,634.9363403320312
67,2.0,48.0,514.4242553710938,549.3436279296875,626.4749145507812,636.180419921875
68,2.0,48.0,516.1640625,549.0465087890625,629.55224609375,638.077880859375
69,2.0,48.0,517.295654296875,548.8015747070312,632.2298583984375,638.4816284179688
70,2.0,48.0,519.0764770507812,548.3773193359375,636.1969604492188,639.5927734375
71,2.0,48.0,519.4332885742188,548.1101684570312,638.1704711914062,641.3592529296875
72,2.0,48.0,519.4710083007812,547.6122436523438,639.00634765625,642.3397216796875
73,2.0,48.0,520.2725830078125,547.4932250976562,641.7750854492188,642.973388671875
74,2.0,48.0,522.3150024414062,547.8131713867188,647.0571899414062,642.408447265625
75,2.0,48.0,523.3050537109375,547.4603271484375,648.8818969726562,643.5514526367188
76,2.0,48.0,523.7664184570312,547.4307250976562,652.5410766601562,644.615478515625
77,2.0,48.0,526.7691650390625,547.296630859375,655.7364501953125,644.9130859375
78,2.0,48.0,529.001708984375,547.5428466796875,659.7675170898438,645.0053100585938
79,2.0,48.0,529.5453491210938,547.6038208007812,662.5654907226562,645.7117919921875
80,2.0,48.0,530.015380859375,547.3739013671875,665.2054443359375,646.4044189453125
81,2.0,48.0,531.2229614257812,546.052001953125,669.1517333984375,647.6173095703125
82,2.0,48.0,532.5067138671875,545.2505493164062,673.214111328125,648.4351806640625
83,2.0,48.0,534.8616943359375,545.043701171875,676.7100830078125,649.1880493164062
84,2.0,48.0,535.3807373046875,545.0564575195312,679.9443359375,649.9954223632812
85,2.0,48.0,537.0284423828125,544.852294921875,684.091552734375,650.5552368164062
86,2.0,48.0,538.2337646484375,544.3707275390625,689.347412109375,653.7327270507812
87,2.0,48.0,540.6063842773438,543.93212890625,693.844970703125,655.1964721679688
88,2.0,48.0,542.5646362304688,543.5303344726562,696.1830444335938,656.6773071289062
89,2.0,48.0,544.7406616210938,542.1866455078125,700.8157958984375,657.2394409179688
90,2.0,48.0,547.4320678710938,541.2278442382812,705.7899780273438,658.2951049804688
91,2.0,48.0,549.014892578125,541.31982421875,712.0013427734375,659.5004272460938
92,2.0,48.0,550.4501953125,540.4953002929688,718.4119262695312,661.07275390625
93,2.0,48.0,553.5908203125,539.416748046875,721.6168212890625,662.9169921875
94,2.0,48.0,555.2666015625,539.0526123046875,725.9732666015625,664.419921875
95,2.0,48.0,557.828369140625,537.3545532226562,731.124755859375,665.7509155273438
96,2.0,48.0,559.712158203125,536.3688354492188,737.6376342773438,667.4502563476562
97,2.0,48.0,561.5352783203125,535.2265014648438,743.7056274414062,669.0398559570312
98,2.0,48.0,563.6935424804688,534.7158813476562,748.9732666015625,670.7700805664062
99,2.0,48.0,564.8524169921875,533.7109985351562,754.6302490234375,673.0535278320312
100,2.0,48.0,568.16943359375,533.1768188476562,761.148193359375,674.4068603515625
101,2.0,48.0,571.6740112304688,532.9182739257812,768.854248046875,676.4730834960938
102,2.0,48.0,574.2581176757812,532.4380493164062,776.6954345703125,678.813232421875
103,2.0,48.0,576.3676147460938,531.47119140625,783.744140625,681.2444458007812
104,2.0,48.0,578.6851196289062,530.8599853515625,791.7850952148438,683.8946533203125
105,2.0,48.0,582.2183227539062,529.6478271484375,799.6271362304688,686.3568115234375
106,2.0,48.0,586.3006591796875,528.9627075195312,808.1634521484375,688.9156494140625
107,2.0,48.0,589.8818359375,528.2564086914062,816.033203125,691.85693359375
108,2.0,48.0,594.1668701171875,526.8637084960938,826.215576171875,694.1061401367188
109,2.0,48.0,598.3836669921875,525.4380493164062,835.3509521484375,696.7354125976562
110,2.0,48.0,602.109375,524.9400634765625,845.5541381835938,700.0875854492188
111,2.0,48.0,605.3877563476562,524.11669921875,856.3845825195312,703.7837524414062
112,2.0,48.0,609.3049926757812,523.6742553710938,867.3280639648438,706.9939575195312
113,2.0,48.0,612.93896484375,523.4490966796875,878.8681640625,710.4478759765625
114,2.0,48.0,617.7528686523438,521.9474487304688,891.3057250976562,713.8433227539062
115,2.0,48.0,622.3247680664062,521.7098388671875,903.69482421875,717.6516723632812
116,2.0,48.0,626.4088745117188,520.1017456054688,918.857666015625,721.032470703125
117,2.0,48.0,634.5694580078125,519.0355224609375,933.96875,723.45751953125
118,2.0,48.0,638.9302368164062,517.437744140625,949.7634887695312,725.4244384765625
119,2.0,48.0,643.2487182617188,514.12353515625,965.4022827148438,727.6602172851562
120,2.0,48.0,647.9111938476562,511.1654052734375,983.4209594726562,732.1722412109375
121,2.0,48.0,654.4595947265625,509.901611328125,1002.1176147460938,735.4481201171875
122,2.0,48.0,659.5908203125,508.01788330078125,1022.2820434570312,741.1614990234375
123,2.0,48.0,667.7269287109375,504.67010498046875,1041.141357421875,747.9150390625
124,2.0,48.0,673.9757080078125,502.3233337402344,1066.6231689453125,755.2914428710938
125,2.0,48.0,680.6201171875,499.64501953125,1088.981201171875,761.6590576171875
126,2.0,48.0,690.7322387695312,497.4505920410156,1117.7757568359375,770.32763671875
127,2.0,48.0,698.7974853515625,495.0090637207031,1145.4266357421875,779.24658203125
128,2.0,48.0,707.7628784179688,492.2572937011719,1176.537841796875,788.0866088867188
129,2.0,48.0,717.872314453125,488.26373291015625,1209.7132568359375,795.6837158203125
130,2.0,48.0,726.815185546875,484.4255676269531,1246.7579345703125,807.1826782226562
131,2.0,48.0,738.7271728515625,481.74407958984375,1287.924072265625,818.427978515625
132,2.0,48.0,750.6795043945312,476.5600891113281,1331.5595703125,830.406494140625
133,2.0,48.0,762.83447265625,471.63824462890625,1379.3037109375,843.4004516601562
134,2.0,48.0,776.7498779296875,467.31939697265625,1432.5396728515625,860.310302734375
135,2.0,48.0,792.7293701171875,461.12506103515625,1491.72900390625,876.217041015625
136,2.0,48.0,808.0958251953125,456.0991516113281,1558.109375,894.76806640625
137,2.0,48.0,826.0646362304688,449.401611328125,1632.3472900390625,915.0936889648438
138,2.0,48.0,845.2401123046875,444.45526123046875,1712.802734375,941.074462890625
139,2.0,48.0,863.7718505859375,435.9244384765625,1805.3541259765625,968.5667724609375
140,2.0,48.0,888.6707763671875,429.5158386230469,1891.2783203125,1002.2264404296875
141,2.0,48.0,913.9279174804688,420.09136962890625,1920.0,1037.20703125
142,2.0,48.0,942.5247802734375,409.1106872558594,1920.0,1063.7698974609375
143,2.0,48.0,972.8289794921875,398.0261535644531,1920.0,1074.3402099609375
144,2.0,48.0,1008.9857177734375,385.28680419921875,1920.0,1080.0
145,2.0,48.0,1049.4095458984375,369.9686279296875,1920.0,1080.0
146,2.0,48.0,1096.108642578125,352.9812316894531,1920.0,1078.8350830078125
147,2.0,48.0,1149.47607421875,336.3278503417969,1920.0,1076.20263671875
148,2.0,48.0,1210.6414794921875,315.0393981933594,1920.0,1073.6707763671875
149,2.0,48.0,1281.5538330078125,291.384033203125,1920.0,1074.5687255859375
150,2.0,48.0,1366.4915771484375,279.8884582519531,1920.0,1074.877197265625
151,2.0,48.0,1470.910888671875,281.5738220214844,1920.0,1075.2518310546875
