74,2.0,82.0,448.94110107421875,579.5446166992188,504.2038879394531,622.4716796875
75,2.0,82.0,450.3497314453125,579.1036987304688,505.4395446777344,621.3812255859375
76,2.0,82.0,452.26873779296875,579.1241455078125,507.162841796875,620.8125610351562
77,2.0,82.0,452.5682678222656,579.30810546875,508.2654724121094,622.733642578125
78,2.0,82.0,452.8601989746094,578.6438598632812,509.1534118652344,623.6575927734375
79,2.0,82.0,453.1155700683594,577.9208374023438,510.2664489746094,623.7066040039062
80,2.0,82.0,453.7002258300781,577.5336303710938,511.3226318359375,624.9091796875
81,2.0,82.0,454.4722595214844,576.8460083007812,514.133056640625,625.2200317382812
82,2.0,82.0,454.7335205078125,576.7788696289062,515.9322509765625,625.4934692382812
83,2.0,82.0,454.8668212890625,576.51220703125,518.531494140625,626.768310546875
84,2.0,82.0,455.7051696777344,576.1028442382812,520.7317504882812,626.7102661132812
86,2.0,82.0,457.52703857421875,577.2037963867188,524.6082153320312,629.0569458007812
87,2.0,82.0,458.05426025390625,577.1014404296875,526.79638671875,630.531005859375
89,2.0,82.0,460.8746643066406,577.6679077148438,531.6474609375,631.2431030273438
90,2.0,82.0,462.64031982421875,577.0824584960938,533.552490234375,631.6359252929688
91,2.0,82.0,464.4515075683594,577.7366333007812,534.0625,632.3828735351562
93,2.0,82.0,467.3133544921875,576.5203857421875,539.268310546875,633.5621337890625
94,2.0,82.0,468.2757568359375,576.2559814453125,542.3983764648438,634.7078857421875
95,2.0,82.0,468.8371887207031,577.0839233398438,544.7109985351562,634.8640747070312
96,2.0,82.0,469.218505859375,576.149658203125,546.7815551757812,635.08740234375
97,2.0,82.0,469.5185241699219,575.0590209960938,550.5778198242188,635.3139038085938
98,2.0,82.0,470.81890869140625,573.7343139648438,553.2617797851562,635.4051513671875
99,2.0,82.0,472.677734375,572.688720703125,556.7743530273438,637.0298461914062
100,2.0,82.0,475.4334411621094,572.0885009765625,558.971923828125,637.9692993164062
101,2.0,82.0,476.9641418457031,571.5728149414062,562.4141235351562,637.37109375
102,2.0,82.0,479.9725036621094,570.9772338867188,566.3206176757812,637.5638427734375
103,2.0,82.0,481.0755615234375,570.6552734375,569.8584594726562,639.602294921875
104,2.0,82.0,481.5129089355469,570.6595458984375,571.4096069335938,641.6612548828125
105,2.0,82.0,483.3110656738281,569.9915771484375,577.1416625976562,642.7435913085938
106,2.0,82.0,484.8159484863281,568.6685791015625,579.8323974609375,644.6520385742188
107,2.0,82.0,488.5862121582031,568.603271484375,585.0668334960938,645.8505859375
108,2.0,82.0,491.1936950683594,568.968994140625,589.06689453125,647.2100830078125
109,2.0,82.0,493.0626220703125,568.70703125,595.004150390625,647.9227905273438
110,2.0,82.0,494.423583984375,568.869873046875,598.4614868164062,648.6336059570312
111,2.0,82.0,495.4324645996094,568.9612426757812,603.7435913085938,649.4029541015625
112,2.0,82.0,499.1178894042969,567.7008666992188,608.4688110351562,650.8907470703125
113,2.0,82.0,501.68292236328125,566.5509033203125,614.1643676757812,652.6698608398438
114,2.0,82.0,504.35546875,565.3628540039062,620.070556640625,655.1180419921875
115,2.0,82.0,506.11090087890625,565.0286254882812,626.721435546875,656.629150390625
116,2.0,82.0,506.78460693359375,566.7518310546875,631.567138671875,658.1489868164062
117,2.0,82.0,507.86260986328125,565.9833374023438,638.2135009765625,658.8285522460938
118,2.0,82.0,512.1087646484375,566.60107421875,645.130126953125,659.87939453125
119,2.0,82.0,516.8627319335938,564.5941772460938,652.6758422851562,662.5023803710938
120,2.0,82.0,523.2695922851562,563.4241943359375,661.2450561523438,665.6283569335938
121,2.0,82.0,527.8621215820312,561.6981201171875,669.904296875,668.0182495117188
122,2.0,82.0,530.9644165039062,559.7515869140625,678.8661499023438,670.2110595703125
123,2.0,82.0,535.3133544921875,558.295166015625,689.210205078125,672.5517578125
124,2.0,82.0,540.994140625,557.4694213867188,698.8873291015625,675.1104736328125
125,2.0,82.0,544.4110717773438,556.0101318359375,711.4049072265625,679.9088745117188
126,2.0,82.0,549.4725341796875,553.1171875,723.68603515625,683.0379028320312
127,2.0,82.0,553.3568725585938,550.3095092773438,736.5223999023438,686.543701171875
128,2.0,82.0,559.2478637695312,550.3712158203125,749.9373779296875,689.9450073242188
129,2.0,82.0,565.3937377929688,549.3200073242188,765.80224609375,693.9750366210938
130,2.0,82.0,573.6799926757812,548.1287231445312,782.743408203125,699.4700317382812
131,2.0,82.0,579.2840576171875,547.1538696289062,800.9920654296875,704.5827026367188
132,2.0,82.0,588.0859985351562,545.2167358398438,821.1085815429688,710.5512084960938
133,2.0,82.0,597.08740234375,542.4578247070312,844.9447021484375,715.4612426757812
134,2.0,82.0,606.7362670898438,540.710693359375,868.8451538085938,722.6585083007812
135,2.0,82.0,618.9398193359375,537.7115478515625,896.239990234375,728.803955078125
136,2.0,82.0,630.921142578125,534.0104370117188,928.1599731445312,737.27294921875
137,2.0,82.0,641.0518798828125,530.1728515625,964.0144653320312,744.6099853515625
138,2.0,82.0,653.06494140625,526.7224731445312,1004.25830078125,753.6224975585938
139,2.0,82.0,668.9967651367188,523.8267822265625,1050.210205078125,764.472900390625
140,2.0,82.0,689.5474243164062,518.9784545898438,1105.2039794921875,778.8687744140625
141,2.0,82.0,707.9241943359375,512.4019165039062,1165.8426513671875,793.783447265625
142,2.0,82.0,733.3695068359375,503.66644287109375,1238.0457763671875,811.9685668945312
143,2.0,82.0,759.3157348632812,495.9236755371094,1327.1082763671875,833.322509765625
144,2.0,82.0,790.0543823242188,487.2212219238281,1433.2115478515625,862.7518920898438
145,2.0,82.0,825.8973999023438,476.76812744140625,1566.02294921875,897.6278076171875
146,2.0,82.0,869.2232055664062,463.7539367675781,1730.4581298828125,942.630615234375
147,2.0,82.0,922.0733032226562,446.6495056152344,1861.4000244140625,1002.4955444335938
148,2.0,82.0,985.8646850585938,427.7674560546875,1916.540283203125,1049.973388671875
149,2.0,82.0,1068.2835693359375,401.68231201171875,1920.0,1072.2066650390625
150,2.0,82.0,1177.5538330078125,365.4367980957031,1920.0,1072.6561279296875
151,2.0,82.0,1325.4520263671875,330.7948913574219,1920.0,1075.835205078125
