35,51,461.6729431152344,366.8407287597656,508.9640197753906,399.3513488769531
36,51,461.38397216796875,364.9029235839844,508.915771484375,399.189208984375
37,51,461.9486389160156,364.4500732421875,509.4820251464844,399.9218444824219
38,51,462.8094177246094,364.9474182128906,510.4009094238281,400.3507385253906
39,51,464.2073059082031,364.5831298828125,511.1600646972656,400.24981689453125
40,51,465.5346984863281,364.5105285644531,511.7044982910156,400.7066955566406
41,51,465.90277099609375,364.5080871582031,512.085693359375,400.97076416015625
42,51,465.88519287109375,363.8185119628906,513.0418090820312,401.06939697265625
43,51,466.13568115234375,363.9073181152344,513.7495727539062,401.126708984375
44,51,467.04583740234375,364.1902160644531,514.4254150390625,401.17913818359375
45,51,467.641357421875,363.26422119140625,515.65087890625,401.17657470703125
46,51,467.4192810058594,363.15020751953125,516.4447021484375,401.70123291015625
47,51,467.7874755859375,362.2190856933594,517.2716674804688,402.3307800292969
48,51,467.6714172363281,360.8358154296875,518.6179809570312,402.7398986816406
49,51,467.9459533691406,360.7200927734375,519.8971557617188,403.31298828125
50,51,468.36761474609375,361.05596923828125,520.9049682617188,403.7500915527344
51,51,468.7501220703125,361.5775451660156,521.1004638671875,404.6316833496094
52,51,468.5527648925781,361.8976135253906,522.080078125,405.2200622558594
53,51,468.88092041015625,361.90093994140625,523.4830932617188,405.8254699707031
54,51,469.6763916015625,362.1503601074219,524.957763671875,406.31103515625
55,51,469.9518127441406,361.6118469238281,526.0554809570312,406.81658935546875
56,51,471.66424560546875,359.7236633300781,528.22802734375,406.5193786621094
57,51,473.2064208984375,358.8988037109375,529.3944702148438,406.3684387207031
58,51,473.6007995605469,357.1241455078125,529.9609985351562,406.5019836425781
59,51,473.79180908203125,356.6048889160156,530.6950073242188,406.7423095703125
60,51,474.0204162597656,357.0224609375,531.9230346679688,407.20257568359375
61,51,474.53790283203125,356.8541564941406,532.7612915039062,406.9360046386719
62,51,476.1387939453125,357.1276550292969,534.1324462890625,406.6621398925781
63,51,477.6559753417969,357.8931579589844,534.1859130859375,405.9328918457031
64,51,479.23419189453125,358.4515380859375,535.253173828125,406.7967834472656
65,51,479.2256774902344,358.5917053222656,535.962158203125,408.08746337890625
66,51,478.804931640625,358.7235107421875,537.98974609375,408.98248291015625
67,51,478.376708984375,358.51214599609375,539.3641357421875,409.30633544921875
68,51,478.5267333984375,358.29229736328125,540.4686889648438,409.6983642578125
69,51,479.0649108886719,358.59356689453125,542.0044555664062,409.7932434082031
70,51,479.40118408203125,357.7284240722656,543.8558959960938,409.9923400878906
71,51,481.4168701171875,357.24847412109375,545.670654296875,410.09228515625
72,51,482.2991943359375,357.73394775390625,546.2127075195312,410.5473937988281
73,51,482.9163818359375,358.068359375,547.9785766601562,411.0465087890625
74,51,482.8731689453125,357.5417175292969,550.5968627929688,411.740478515625
75,51,483.47247314453125,357.2822570800781,551.3703002929688,412.5254821777344
76,51,484.4192810058594,357.5176086425781,553.276611328125,413.5662536621094
77,51,485.1277770996094,357.78009033203125,554.787353515625,413.93450927734375
78,51,485.6718444824219,358.6551208496094,556.7775268554688,414.4053649902344
79,51,486.6634826660156,358.4356689453125,558.5850219726562,415.69573974609375
80,51,489.4765930175781,358.6170654296875,560.3577270507812,416.4473571777344
81,51,490.83648681640625,357.82952880859375,562.5580444335938,415.9750061035156
82,51,491.91021728515625,357.8251647949219,564.5562744140625,416.4986267089844
83,51,493.2408447265625,358.184814453125,567.135986328125,417.479736328125
84,51,493.9049072265625,357.1502685546875,569.3298950195312,417.9948425292969
85,51,494.2195129394531,356.1910705566406,570.0472412109375,418.39764404296875
86,51,495.03033447265625,355.9580993652344,571.4517211914062,418.6432800292969
87,51,495.83984375,355.2099304199219,574.954833984375,418.99444580078125
88,51,497.47259521484375,354.6352844238281,578.7609252929688,419.60595703125
89,51,500.31317138671875,353.9831237792969,580.6845703125,421.9415283203125
90,51,501.2158203125,353.5151672363281,584.5650634765625,421.75390625
91,51,502.52838134765625,355.0450744628906,586.6859741210938,421.58990478515625
92,51,504.739501953125,355.0132751464844,588.7719116210938,423.60516357421875
93,51,506.1993713378906,355.7280578613281,590.5310668945312,424.25787353515625
94,51,506.59979248046875,357.28204345703125,593.1639404296875,425.6324768066406
95,51,506.8222961425781,358.3147888183594,597.157470703125,427.0657653808594
96,51,508.213134765625,358.9136657714844,600.3846435546875,428.0445861816406
97,51,511.08465576171875,357.8641052246094,604.45947265625,429.4388122558594
98,51,512.6737670898438,356.8157653808594,608.029296875,431.2337951660156
99,51,514.9985961914062,355.6995849609375,611.33837890625,432.1976623535156
100,51,516.1072998046875,355.2985534667969,614.3856201171875,432.32464599609375
101,51,517.0770874023438,354.8116149902344,618.436279296875,433.3287048339844
102,51,518.32763671875,354.69677734375,621.6248168945312,434.7605285644531
103,51,521.6077270507812,353.4959716796875,626.4852294921875,435.42724609375
104,51,522.3807983398438,352.55810546875,630.6968383789062,435.8184814453125
105,51,522.8551635742188,352.2549743652344,635.6279296875,438.4049377441406
106,51,525.2646484375,352.0626525878906,640.3953857421875,439.9770202636719
107,51,526.771240234375,352.1377258300781,644.5708618164062,441.16998291015625
108,51,529.0994262695312,352.133056640625,647.3629760742188,441.7953186035156
109,51,531.2288208007812,352.0276184082031,654.3125,442.7527770996094
110,51,535.74658203125,351.2825012207031,660.585205078125,443.8742980957031
111,51,539.5664672851562,351.138427734375,667.7579956054688,447.15185546875
112,51,541.9551391601562,351.0356750488281,671.685546875,448.4227294921875
113,51,543.0164794921875,350.3226013183594,676.7716064453125,451.12969970703125
114,51,545.1767578125,349.3885803222656,682.5603637695312,453.34185791015625
115,51,547.1348266601562,349.7132568359375,690.7615966796875,454.7160339355469
116,51,550.3284912109375,348.1763610839844,696.4429321289062,456.0124206542969
117,51,552.1240234375,346.79608154296875,704.0066528320312,457.2655334472656
118,51,555.27734375,345.3805236816406,713.8146362304688,461.013671875
119,51,558.9148559570312,343.936767578125,721.5630493164062,464.15740966796875
120,51,563.36328125,342.2646789550781,729.2058715820312,465.9042053222656
121,51,565.9488525390625,342.646484375,739.6053466796875,468.3613586425781
122,51,569.1102905273438,340.49957275390625,748.577880859375,472.1631164550781
123,51,574.7612915039062,338.8716735839844,759.5023803710938,474.1711730957031
124,51,581.0513305664062,337.7687683105469,770.4578857421875,476.60479736328125
125,51,586.59521484375,337.2814025878906,783.38427734375,479.5384216308594
126,51,592.7789306640625,337.1374206542969,795.9776611328125,483.4136657714844
127,51,597.8929443359375,336.1700439453125,810.7390747070312,486.68426513671875
128,51,603.2840576171875,335.7813720703125,825.9009399414062,492.6997375488281
129,51,608.921875,334.5013427734375,842.5196533203125,497.69921875
130,51,615.2471923828125,334.4354553222656,860.5225830078125,503.1410217285156
131,51,622.5775146484375,332.5989074707031,880.8563842773438,509.775390625
132,51,633.4922485351562,330.73870849609375,902.687744140625,516.0118408203125
133,51,643.4849853515625,329.8247375488281,926.7749633789062,519.9503784179688
134,51,652.2890625,325.4534912109375,952.43310546875,528.3121337890625
135,51,662.6405029296875,322.9242248535156,980.9405517578125,536.3311767578125
136,51,670.855712890625,319.5585021972656,1012.93896484375,544.5523071289062
137,51,682.5511474609375,316.98828125,1048.782958984375,554.7352294921875
138,51,696.526123046875,313.4848327636719,1088.8707275390625,564.0375366210938
139,51,710.3660278320312,312.1173095703125,1134.045166015625,578.9998779296875
140,51,727.584228515625,310.1990661621094,1185.4051513671875,595.3986206054688
141,51,746.0187377929688,307.8087158203125,1244.109130859375,614.3155517578125
142,51,766.464599609375,302.74957275390625,1313.283935546875,635.6331787109375
143,51,790.3111572265625,298.327880859375,1395.096435546875,660.9332885742188
144,51,815.7315673828125,293.342041015625,1491.7005615234375,690.5195922851562
145,51,846.84375,286.8046569824219,1605.6949462890625,729.1380004882812
146,51,882.0289916992188,280.1374816894531,1742.3802490234375,772.9690551757812
147,51,922.3181762695312,270.4706115722656,1866.7288818359375,834.701171875
148,51,972.4171752929688,257.52435302734375,1918.0,912.8285522460938
149,51,1030.532958984375,241.86866760253906,1920.0,1010.419189453125
150,51,1106.8480224609375,223.1033172607422,1920.0,1030.2637939453125
151,51,1201.69873046875,203.84120178222656,1920.0,1026.34912109375
152,51,1329.14501953125,184.30850219726562,1920.0,1020.715576171875
153,51,1500.98193359375,189.43328857421875,1920.0,1050.1925048828125
