15,45,242.38339233398438,420.6305847167969,287.0661315917969,451.3301086425781
16,45,242.2737579345703,420.33050537109375,287.15936279296875,451.96185302734375
17,45,242.11524963378906,420.3748779296875,287.2770080566406,452.3684997558594
18,45,242.13572692871094,420.3125,288.0264892578125,452.9534606933594
19,45,242.44952392578125,419.94439697265625,289.0974426269531,453.0357360839844
20,45,242.37525939941406,419.34002685546875,290.1183776855469,453.0803527832031
21,45,242.36241149902344,419.5494689941406,290.5413513183594,452.6722717285156
22,45,242.4801483154297,419.76336669921875,291.23443603515625,452.5954284667969
23,45,242.52777099609375,419.7757873535156,290.7907409667969,452.6986083984375
24,45,242.6771240234375,420.0223388671875,291.1753234863281,452.90960693359375
25,45,242.7466278076172,420.4345397949219,291.9463806152344,452.9838562011719
26,45,242.5218505859375,420.6935119628906,292.37261962890625,453.5264892578125
27,45,243.84811401367188,422.0330505371094,292.8932189941406,453.3713073730469
28,45,243.71568298339844,421.66302490234375,292.5249328613281,453.8935241699219
29,45,246.0249481201172,423.2710266113281,293.0647277832031,453.14227294921875
30,45,246.14126586914062,422.95880126953125,293.7117919921875,453.0447998046875
31,45,246.0758819580078,422.728515625,294.54608154296875,452.7173767089844
32,45,246.5437469482422,421.85528564453125,294.8150939941406,452.85064697265625
33,45,245.74269104003906,419.2320251464844,295.4373474121094,453.5901794433594
34,45,245.47598266601562,418.766357421875,298.0511474609375,454.3861389160156
35,45,245.58200073242188,418.2744140625,299.878662109375,454.8404235839844
36,45,246.33950805664062,418.74578857421875,301.22320556640625,454.6789245605469
37,45,246.0875701904297,417.20916748046875,301.72021484375,455.4823913574219
38,45,246.7788543701172,417.00054931640625,303.0561828613281,455.6888427734375
39,45,247.87777709960938,416.77777099609375,304.6354064941406,455.66302490234375
40,45,248.5497589111328,415.9425354003906,305.3437194824219,456.19635009765625
41,45,248.89158630371094,414.7744445800781,305.19293212890625,456.7061767578125
42,45,249.05409240722656,415.20855712890625,305.1904296875,457.0705261230469
43,45,248.927490234375,415.5946350097656,305.8056335449219,457.18121337890625
44,45,249.61276245117188,415.0979309082031,306.1355285644531,457.0408935546875
45,45,250.4007568359375,415.0828857421875,306.5414123535156,456.91912841796875
46,45,251.20819091796875,416.7497253417969,306.867919921875,456.9852600097656
47,45,251.81973266601562,418.1399841308594,307.6214294433594,457.1829833984375
48,45,252.37428283691406,416.9075622558594,309.3856201171875,458.47589111328125
49,45,252.6197967529297,416.4529724121094,311.1656799316406,459.7011413574219
50,45,252.95396423339844,417.2174987792969,312.7896728515625,460.53582763671875
51,45,252.73318481445312,416.4862976074219,313.3851623535156,460.8327331542969
52,45,252.91629028320312,414.8882141113281,314.02191162109375,460.8199157714844
53,45,253.53028869628906,414.7154846191406,314.60150146484375,460.8826904296875
54,45,254.03457641601562,414.60504150390625,315.6007080078125,460.50244140625
55,45,255.3294219970703,413.65301513671875,315.40191650390625,459.9830627441406
56,45,256.3765563964844,412.94140625,316.0461120605469,460.45806884765625
57,45,256.5048522949219,413.3995056152344,316.83612060546875,461.3083801269531
58,45,256.6535339355469,412.76348876953125,317.88372802734375,461.06085205078125
59,45,256.7847595214844,412.33978271484375,319.017822265625,462.4444274902344
60,45,256.575439453125,413.0816955566406,320.93511962890625,463.79833984375
61,45,256.7541198730469,412.73150634765625,323.4661560058594,464.4352111816406
62,45,257.0913391113281,410.9320983886719,324.70538330078125,464.9142761230469
63,45,257.64190673828125,410.38299560546875,326.4942321777344,466.4795837402344
64,45,258.16522216796875,409.30352783203125,327.47332763671875,467.0228576660156
65,45,258.434814453125,409.5746154785156,328.3939514160156,467.3113098144531
66,45,258.671142578125,409.9606018066406,328.7441711425781,466.9742431640625
67,45,259.2890930175781,411.52880859375,329.24298095703125,466.79058837890625
68,45,259.2047424316406,413.3143310546875,331.0934753417969,466.55438232421875
69,45,260.89031982421875,413.0990905761719,332.9930419921875,467.316162109375
70,45,263.14453125,411.9476623535156,335.52655029296875,469.5977478027344
71,45,262.7405700683594,409.1790466308594,337.3423156738281,469.91302490234375
72,45,262.80548095703125,407.9828186035156,339.49639892578125,469.8540954589844
73,45,264.8783264160156,407.8885803222656,341.7855224609375,470.2138671875
74,45,265.47882080078125,405.6953125,342.674560546875,469.98602294921875
75,45,266.31689453125,405.60968017578125,344.80352783203125,471.8245849609375
76,45,265.97412109375,406.2617492675781,347.376953125,473.2159118652344
77,45,266.7373352050781,406.4826965332031,347.8089294433594,473.94830322265625
78,45,267.9546203613281,406.08837890625,349.5740661621094,473.91741943359375
79,45,268.2886657714844,405.8002014160156,351.5843811035156,474.32568359375
80,45,268.7274475097656,405.3963623046875,353.1079406738281,475.8883972167969
81,45,269.265625,406.607666015625,355.26190185546875,478.42364501953125
82,45,270.20159912109375,405.7046203613281,357.64703369140625,478.80706787109375
83,45,271.3785705566406,406.48736572265625,360.48223876953125,479.94012451171875
84,45,273.2268981933594,407.33782958984375,363.4519348144531,480.5721130371094
85,45,275.2915954589844,407.7445983886719,365.85784912109375,480.8311462402344
86,45,276.5357360839844,405.930908203125,367.709716796875,479.3697814941406
87,45,277.7861633300781,405.375244140625,370.3119201660156,479.8284912109375
88,45,277.89971923828125,405.3514099121094,373.0247497558594,481.5445556640625
89,45,278.0926208496094,406.1153869628906,374.9508972167969,483.6576843261719
90,45,278.6560974121094,406.64923095703125,377.0159912109375,485.6793212890625
91,45,280.5975036621094,406.4265441894531,380.029541015625,485.94793701171875
92,45,282.1808166503906,406.7779541015625,382.0537109375,486.7191162109375
93,45,283.3245849609375,407.14459228515625,385.4018859863281,488.24310302734375
94,45,284.1222229003906,406.7375793457031,389.867431640625,489.50946044921875
95,45,285.5890808105469,406.16387939453125,392.83843994140625,490.1937255859375
96,45,288.3544921875,404.8556823730469,395.326416015625,490.0653381347656
97,45,289.69061279296875,404.8131103515625,399.0133056640625,490.877197265625
98,45,289.15350341796875,405.6042785644531,402.62548828125,491.336181640625
99,45,291.1926574707031,404.9688720703125,405.2406921386719,493.16326904296875
100,45,293.7742004394531,404.5537414550781,409.7738342285156,493.6749267578125
101,45,297.5111083984375,404.6383361816406,414.1667175292969,496.5367126464844
102,45,299.69189453125,404.45758056640625,418.8401794433594,499.054931640625
103,45,300.87567138671875,403.7247619628906,422.5019226074219,500.3868103027344
104,45,301.42962646484375,404.0680236816406,426.02093505859375,502.2553405761719
105,45,301.7112731933594,404.21014404296875,429.9422912597656,502.4834899902344
106,45,303.0603942871094,403.5438232421875,434.8400573730469,503.27716064453125
107,45,304.2348327636719,403.202392578125,438.8434753417969,503.7487487792969
108,45,305.99237060546875,402.2920837402344,445.1340026855469,505.45233154296875
109,45,307.81915283203125,402.2611083984375,452.20697021484375,508.6194763183594
110,45,309.3435974121094,402.0510559082031,457.9430236816406,510.8906555175781
111,45,312.1333312988281,402.0636901855469,463.3625183105469,512.6063842773438
112,45,314.70208740234375,401.82861328125,471.14825439453125,514.2080078125
113,45,320.8688049316406,401.8163146972656,477.0393981933594,516.1434936523438
114,45,323.637939453125,401.6238098144531,483.9828186035156,518.9656982421875
115,45,325.6358337402344,400.4673156738281,489.8529052734375,519.970458984375
116,45,327.373046875,399.7042236328125,498.2317199707031,522.6885986328125
117,45,334.1546325683594,398.048583984375,505.7547302246094,524.5408325195312
118,45,335.83538818359375,398.0402526855469,514.0276489257812,525.6416625976562
119,45,337.1474609375,397.6417236328125,523.152587890625,527.444091796875
120,45,342.3180847167969,396.2435302734375,532.5900268554688,530.5372924804688
121,45,346.7833251953125,394.0947265625,543.3060302734375,533.9652099609375
122,45,350.48095703125,392.0847473144531,553.482177734375,536.8989868164062
123,45,356.0730285644531,390.5341796875,563.31640625,541.0084228515625
124,45,360.00341796875,389.7421875,575.8604125976562,545.7623901367188
125,45,364.177978515625,389.20391845703125,588.7440185546875,549.5252685546875
126,45,368.40869140625,388.15869140625,602.0997924804688,553.4435424804688
127,45,374.67706298828125,386.68621826171875,617.221435546875,557.649169921875
128,45,380.1520690917969,385.00762939453125,631.3470458984375,563.1433715820312
129,45,385.78521728515625,383.82537841796875,648.3905639648438,567.7536010742188
130,45,395.1236267089844,382.60211181640625,665.8165893554688,572.3333129882812
131,45,402.1500244140625,380.73785400390625,684.2284545898438,578.1463623046875
132,45,408.7449951171875,379.9736328125,703.6979370117188,585.2564086914062
133,45,416.9947509765625,378.9262390136719,727.135498046875,591.4227294921875
134,45,424.6861877441406,377.93804931640625,750.1840209960938,599.355224609375
135,45,434.32672119140625,377.1814880371094,778.6482543945312,609.6904296875
136,45,443.0535583496094,376.3230895996094,808.1133422851562,618.1610717773438
137,45,453.49310302734375,374.7259216308594,840.9321899414062,627.7755737304688
138,45,462.85845947265625,371.439208984375,876.6524047851562,638.9251708984375
139,45,475.5419006347656,368.16168212890625,917.0100708007812,653.7451782226562
140,45,488.1278381347656,363.8150329589844,961.006103515625,668.520751953125
141,45,502.84539794921875,359.57904052734375,1010.8410034179688,684.487548828125
142,45,520.1777954101562,357.0535888671875,1068.29296875,704.38671875
143,45,539.5337524414062,354.8599548339844,1131.8642578125,725.3883666992188
144,45,557.8180541992188,351.5401916503906,1206.8199462890625,751.3145751953125
145,45,580.8370971679688,347.1011962890625,1295.85302734375,782.0625
146,45,606.2890625,341.6232604980469,1397.808837890625,816.5797729492188
147,45,634.5238647460938,336.88824462890625,1517.4998779296875,860.1425170898438
148,45,667.314697265625,327.56982421875,1663.8575439453125,914.1959838867188
149,45,707.2138671875,320.9874572753906,1835.0361328125,982.1116333007812
150,45,751.3486328125,310.22137451171875,1908.6925048828125,1045.541015625
151,45,805.8453369140625,298.45330810546875,1920.0,1070.9615478515625
152,45,873.5196533203125,282.70941162109375,1920.0,1080.0
153,45,958.193115234375,267.2433166503906,1920.0,1076.840576171875
154,45,1061.1888427734375,246.34091186523438,1920.0,1074.623779296875
155,45,1196.4727783203125,228.3772735595703,1920.0,1078.4886474609375
156,45,1379.8779296875,238.61883544921875,1920.0,1080.0
157,45,1635.7708740234375,365.64569091796875,1920.0,1080.0
