11,49,393.6173095703125,391.35614013671875,436.2574768066406,417.3607177734375
12,49,394.369140625,391.8080749511719,436.8138122558594,417.1883850097656
13,49,395.46014404296875,391.82830810546875,436.9204406738281,417.8966369628906
14,49,395.8558654785156,391.02001953125,437.41107177734375,418.058349609375
15,49,396.3085632324219,390.9449768066406,437.5054626464844,418.2643737792969
16,49,396.72900390625,390.0364990234375,437.3508605957031,418.36846923828125
17,49,397.2507019042969,390.228271484375,437.56048583984375,418.4202880859375
18,49,397.821533203125,390.83721923828125,438.42864990234375,418.7881774902344
19,49,398.15447998046875,390.8875427246094,439.7574462890625,419.1353454589844
20,49,398.0667419433594,390.7336120605469,440.6427001953125,419.4884033203125
21,49,398.2401428222656,390.7447204589844,441.0959167480469,419.7453918457031
22,49,398.27874755859375,391.18438720703125,442.2928771972656,420.2435607910156
23,49,398.1752624511719,390.84613037109375,443.3946838378906,420.4433288574219
24,49,398.5766906738281,390.5212097167969,444.4311828613281,421.2300109863281
25,49,399.1388244628906,390.7101135253906,444.8670654296875,421.3187561035156
26,49,399.4258117675781,390.9628601074219,446.3356018066406,421.3385009765625
27,49,400.162109375,391.4832763671875,447.2532043457031,421.5220031738281
28,49,400.50689697265625,391.5936279296875,447.7453308105469,421.6662292480469
29,49,400.65948486328125,391.4327697753906,448.1712341308594,421.9107360839844
30,49,400.9111633300781,390.795654296875,449.4794616699219,421.9210510253906
31,49,401.9510192871094,390.3226013183594,449.2792053222656,422.38970947265625
32,49,402.7535705566406,389.9765319824219,449.974609375,422.79571533203125
33,49,403.9885559082031,389.787353515625,450.9467468261719,423.46307373046875
34,49,404.44927978515625,388.92926025390625,452.50897216796875,424.4508361816406
35,49,404.85247802734375,387.5962219238281,453.7505187988281,425.7369079589844
36,49,405.1199035644531,386.67962646484375,454.1197204589844,426.5422058105469
37,49,405.27850341796875,386.51068115234375,454.96856689453125,426.36212158203125
38,49,405.3163146972656,385.771240234375,456.10968017578125,426.4245300292969
39,49,405.2841796875,385.37847900390625,457.33502197265625,425.9546813964844
40,49,405.20733642578125,385.2975158691406,458.1084899902344,425.9142761230469
41,49,405.9684143066406,384.736328125,459.1752624511719,426.5792541503906
42,49,406.2987060546875,384.8932800292969,460.40234375,426.8083801269531
43,49,406.1293640136719,384.7951965332031,461.0829772949219,427.6702880859375
44,49,406.4786071777344,384.841064453125,461.39874267578125,428.2776184082031
45,49,406.55792236328125,384.5522155761719,462.5016784667969,428.3461608886719
46,49,406.4369201660156,384.3874816894531,463.2461242675781,428.68695068359375
47,49,406.92242431640625,384.327392578125,464.1495666503906,428.6465148925781
48,49,407.14208984375,383.9659118652344,465.1442565917969,428.5576171875
49,49,407.8104248046875,383.8179931640625,467.0272521972656,429.599365234375
50,49,408.6048889160156,384.0730895996094,468.58502197265625,430.3437805175781
51,49,409.1328430175781,383.72412109375,470.02801513671875,430.92315673828125
52,49,409.5232238769531,383.4637451171875,471.61676025390625,431.0199279785156
53,49,409.9527587890625,383.4306945800781,473.13494873046875,430.98065185546875
54,49,410.69464111328125,383.55230712890625,473.6169738769531,431.08203125
55,49,410.6282043457031,383.3617248535156,474.47662353515625,431.614990234375
56,49,411.2335510253906,383.5822448730469,475.9148864746094,432.49432373046875
57,49,411.83843994140625,384.3340148925781,478.30242919921875,434.05657958984375
58,49,412.6884765625,383.5635681152344,479.5970764160156,434.2048645019531
59,49,413.1043395996094,383.5733947753906,482.0527648925781,434.3569030761719
60,49,413.3664855957031,383.8855895996094,483.9379577636719,433.9899597167969
61,49,413.805419921875,384.7740783691406,485.5227355957031,434.08917236328125
62,49,415.7650451660156,384.9970397949219,486.58001708984375,435.8844299316406
63,49,417.8857727050781,384.21160888671875,487.9490051269531,436.61663818359375
64,49,419.2772521972656,382.8937072753906,490.3844909667969,436.8616943359375
65,49,419.7051086425781,381.1042785644531,492.0584411621094,437.239990234375
66,49,420.400146484375,380.8113098144531,494.2718811035156,437.0199890136719
67,49,421.0793151855469,380.7094421386719,495.0697937011719,437.36798095703125
68,49,421.7894592285156,380.0845031738281,496.11065673828125,439.18035888671875
69,49,421.7486572265625,379.57391357421875,497.275634765625,439.77313232421875
70,49,422.52691650390625,380.2069091796875,499.2613525390625,440.95989990234375
71,49,423.4001159667969,380.0707702636719,502.2402038574219,441.3881530761719
72,49,424.686767578125,379.5745544433594,504.5415954589844,442.0510559082031
73,49,426.60546875,379.5895080566406,508.0497741699219,442.7591247558594
74,49,427.3359680175781,379.8787536621094,510.2376708984375,443.063720703125
75,49,428.60699462890625,380.08038330078125,513.4983520507812,443.2596130371094
76,49,430.48779296875,379.7784118652344,516.5944213867188,443.4006042480469
77,49,431.5046691894531,378.0323791503906,517.9091186523438,444.20977783203125
78,49,432.94427490234375,377.482666015625,520.5198364257812,445.75103759765625
79,49,432.8327941894531,377.7223205566406,521.81298828125,447.01141357421875
80,49,433.81353759765625,377.6488342285156,523.2996215820312,448.72076416015625
81,49,433.61700439453125,377.69091796875,526.7274169921875,449.43011474609375
82,49,433.6219482421875,376.0444641113281,529.8565673828125,450.29486083984375
83,49,435.6140441894531,375.1192626953125,533.54248046875,451.5466613769531
84,49,437.20556640625,374.7810974121094,536.6847534179688,452.77886962890625
85,49,439.5124206542969,374.1863708496094,540.0031127929688,453.6368408203125
86,49,440.5188903808594,373.44354248046875,543.7416381835938,453.6645202636719
87,49,443.90350341796875,373.0696716308594,546.971435546875,454.0887451171875
88,49,445.6019592285156,373.3825988769531,549.6859741210938,454.929443359375
89,49,445.85980224609375,373.9850158691406,553.3366088867188,456.1726379394531
90,49,446.13592529296875,373.744384765625,557.1935424804688,457.5417175292969
91,49,447.9825744628906,373.39434814453125,562.0889892578125,458.2283020019531
92,49,449.72332763671875,372.7623291015625,566.833984375,461.4833068847656
93,49,451.4760437011719,371.91436767578125,572.0325927734375,462.6570129394531
94,49,453.4149169921875,371.03997802734375,575.2103881835938,465.3379821777344
95,49,455.47119140625,370.38262939453125,580.781494140625,466.1227722167969
96,49,456.1128845214844,369.6671142578125,586.4586181640625,467.10491943359375
97,49,457.3474426269531,368.73773193359375,591.3339233398438,470.6192626953125
98,49,458.67626953125,368.7647705078125,597.5549926757812,473.1795959472656
99,49,462.1881408691406,367.37249755859375,601.7725219726562,475.1952819824219
100,49,464.93408203125,366.2707824707031,606.97705078125,476.6785888671875
101,49,466.78326416015625,365.74859619140625,614.9546508789062,478.610107421875
102,49,468.72564697265625,365.3256530761719,621.8309326171875,480.10577392578125
103,49,472.19696044921875,365.061767578125,628.3948974609375,485.0447998046875
104,49,477.6842041015625,364.83270263671875,636.0698852539062,487.8791198730469
105,49,481.4879150390625,363.8808898925781,644.6465454101562,489.7140197753906
106,49,485.192626953125,363.37982177734375,653.1386108398438,492.2386474609375
107,49,486.6506652832031,362.5164794921875,663.5173950195312,494.141357421875
108,49,491.07220458984375,361.77008056640625,673.0885620117188,497.4360046386719
109,49,494.1029357910156,361.5478515625,681.6101684570312,500.47784423828125
110,49,497.5535888671875,360.88037109375,692.6004028320312,504.5577697753906
111,49,501.7887268066406,360.2369384765625,704.3001098632812,509.55657958984375
112,49,505.9441223144531,358.619140625,718.1907958984375,513.5482788085938
113,49,511.2937316894531,357.0151672363281,731.9080810546875,517.9344482421875
114,49,516.2303466796875,355.37103271484375,746.6783447265625,523.1846313476562
115,49,523.3709716796875,354.69976806640625,762.9759521484375,528.7022094726562
116,49,528.3224487304688,353.436767578125,781.4747924804688,534.883544921875
117,49,536.1806640625,352.87664794921875,801.3487548828125,540.1508178710938
118,49,543.6275024414062,351.0298156738281,822.3289794921875,546.9953002929688
119,49,550.5910034179688,350.34808349609375,845.3768310546875,555.3965454101562
120,49,560.069580078125,348.9649963378906,871.4075927734375,562.755615234375
121,49,569.1005249023438,346.806396484375,900.8389282226562,573.0054321289062
122,49,579.0342407226562,343.1680908203125,933.0267944335938,582.1544799804688
123,49,588.3244018554688,340.7521057128906,970.4544677734375,598.4625244140625
124,49,601.4209594726562,337.6632385253906,1011.7621459960938,611.2806396484375
125,49,614.2915649414062,335.27294921875,1058.3017578125,626.7611083984375
126,49,629.5424194335938,332.12298583984375,1109.8955078125,644.257568359375
127,49,645.8187255859375,328.89068603515625,1172.1678466796875,666.3453369140625
128,49,664.6073608398438,325.475341796875,1243.98828125,691.5143432617188
129,49,685.116455078125,318.4540100097656,1328.1893310546875,720.35595703125
130,49,709.3491821289062,313.0985107421875,1428.277099609375,755.7291870117188
131,49,736.43212890625,306.0684509277344,1550.92333984375,799.77685546875
132,49,769.2306518554688,299.7375183105469,1702.9581298828125,856.231689453125
133,49,808.4923706054688,290.94598388671875,1850.851318359375,933.9789428710938
134,49,856.39208984375,278.39813232421875,1911.4761962890625,1022.1304321289062
135,49,917.2567138671875,264.3627014160156,1920.0,1060.1217041015625
136,49,989.9072265625,244.92007446289062,1920.0,1072.7509765625
137,49,1085.518798828125,219.58389282226562,1920.0,1076.255126953125
138,49,1216.649658203125,196.4240264892578,1920.0,1077.621337890625
139,49,1400.8157958984375,199.08885192871094,1920.0,1080.0
