2,2.0,41.0,462.8885498046875,560.41845703125,536.6547241210938,618.7514038085938
3,2.0,41.0,463.88623046875,560.0256958007812,536.2744750976562,618.86962890625
4,2.0,41.0,463.0893859863281,559.5639038085938,537.7555541992188,619.5032958984375
5,2.0,41.0,463.19927978515625,559.2739868164062,538.5693969726562,620.0638427734375
6,2.0,41.0,464.4365539550781,558.5777587890625,537.7511596679688,620.3926391601562
7,2.0,41.0,464.74395751953125,558.1819458007812,538.4503784179688,620.7883911132812
8,2.0,41.0,464.87872314453125,558.2374877929688,539.3965454101562,621.1253051757812
9,2.0,41.0,465.47259521484375,558.2752075195312,540.3800659179688,621.308349609375
10,2.0,41.0,465.849365234375,558.6906127929688,542.279541015625,621.4892578125
11,2.0,41.0,465.90191650390625,558.6869506835938,543.7802124023438,621.7550048828125
12,2.0,41.0,466.0716247558594,558.6741943359375,545.017822265625,621.7154541015625
13,2.0,41.0,467.04669189453125,558.6608276367188,545.3912963867188,621.6316528320312
14,2.0,41.0,468.2850036621094,557.9086303710938,546.454833984375,621.6392822265625
15,2.0,41.0,468.6253662109375,557.6461791992188,546.9005126953125,621.6139526367188
16,2.0,41.0,468.44818115234375,558.1940307617188,547.5126342773438,621.47998046875
17,2.0,41.0,466.52215576171875,557.4546508789062,548.1028442382812,621.5137329101562
18,2.0,41.0,467.186279296875,557.7738647460938,548.9053955078125,621.93798828125
19,2.0,41.0,467.2933349609375,557.2402954101562,549.2801513671875,622.0282592773438
20,2.0,41.0,467.828125,557.1116943359375,549.9540405273438,622.58349609375
21,2.0,41.0,468.0546569824219,557.3798828125,550.5543823242188,623.19775390625
22,2.0,41.0,468.0977783203125,557.1388549804688,550.962890625,623.6676635742188
23,2.0,41.0,468.56634521484375,557.8524169921875,552.0391845703125,623.66650390625
24,2.0,41.0,468.8026123046875,557.9666748046875,552.7008056640625,623.6246948242188
25,2.0,41.0,469.5841369628906,558.3889770507812,555.2802124023438,623.631591796875
26,2.0,41.0,469.93072509765625,558.3916015625,556.4375,623.9159545898438
27,2.0,41.0,471.25933837890625,558.2061157226562,557.43408203125,623.6975708007812
28,2.0,41.0,472.2574768066406,557.048095703125,558.7451171875,623.8800048828125
29,2.0,41.0,472.5885009765625,556.289794921875,559.089111328125,624.0162353515625
30,2.0,41.0,473.53582763671875,556.3192749023438,559.4613647460938,624.0995483398438
31,2.0,41.0,473.8740234375,556.4486694335938,561.0111694335938,624.418212890625
32,2.0,41.0,473.98040771484375,555.4947509765625,561.9251098632812,625.0022583007812
33,2.0,41.0,473.91241455078125,556.208740234375,563.37060546875,625.4041748046875
34,2.0,41.0,474.2287292480469,556.415771484375,564.4793701171875,626.0772705078125
35,2.0,41.0,474.6744384765625,556.9786376953125,565.2850341796875,626.6641845703125
36,2.0,41.0,475.3363342285156,557.0062255859375,566.8095092773438,626.982421875
37,2.0,41.0,476.24591064453125,557.1310424804688,569.3377075195312,627.1212158203125
38,2.0,41.0,476.7792053222656,555.8807373046875,570.75732421875,627.576904296875
39,2.0,41.0,477.46124267578125,556.262939453125,571.0031127929688,627.8805541992188
40,2.0,41.0,477.8215026855469,556.3749389648438,571.308837890625,628.4241943359375
41,2.0,41.0,477.8728332519531,556.42724609375,572.04052734375,629.4412841796875
42,2.0,41.0,477.9119567871094,556.1273803710938,572.7160034179688,629.69775390625
43,2.0,41.0,477.9182434082031,555.9647827148438,573.3601684570312,629.7335205078125
44,2.0,41.0,478.30853271484375,556.4967651367188,574.7367553710938,630.2342529296875
45,2.0,41.0,479.1495361328125,555.5498657226562,575.55517578125,630.822998046875
46,2.0,41.0,479.500244140625,555.0166625976562,577.7428588867188,631.4826049804688
47,2.0,41.0,479.6363525390625,554.8446655273438,578.9356079101562,632.041259765625
48,2.0,41.0,479.7364196777344,555.3302001953125,580.1304321289062,632.4711303710938
49,2.0,41.0,480.0132141113281,555.34326171875,581.3817749023438,633.1925048828125
50,2.0,41.0,480.19732666015625,554.6767578125,582.4201049804688,633.36572265625
51,2.0,41.0,480.5459899902344,554.247314453125,584.393310546875,633.7589111328125
52,2.0,41.0,480.75433349609375,553.7695922851562,585.7576293945312,633.9083862304688
53,2.0,41.0,481.33154296875,553.7351684570312,586.7489013671875,634.008544921875
54,2.0,41.0,482.8311462402344,553.319580078125,588.9277954101562,634.3115234375
55,2.0,41.0,483.19586181640625,553.001708984375,590.1163940429688,635.5252075195312
56,2.0,41.0,483.318359375,552.3317260742188,592.7725219726562,636.519775390625
57,2.0,41.0,483.13067626953125,552.6769409179688,594.166015625,638.3511352539062
58,2.0,41.0,484.2633361816406,553.6791381835938,596.0352172851562,639.7135620117188
59,2.0,41.0,486.3477478027344,553.1669311523438,597.8352661132812,640.11279296875
60,2.0,41.0,487.4294128417969,552.3817138671875,599.0806884765625,640.2227172851562
61,2.0,41.0,486.4631652832031,551.552978515625,599.676025390625,640.0162353515625
62,2.0,41.0,485.8943176269531,551.2239990234375,601.2232055664062,640.8529052734375
63,2.0,41.0,486.67864990234375,550.9641723632812,602.2174072265625,641.0660400390625
64,2.0,41.0,488.32061767578125,551.0244140625,604.7616577148438,642.5704956054688
65,2.0,41.0,488.89410400390625,551.079345703125,607.1455688476562,642.8057861328125
66,2.0,41.0,490.0661315917969,550.4557495117188,608.4481201171875,642.8430786132812
67,2.0,41.0,491.4922790527344,550.4713745117188,610.5437622070312,643.0309448242188
68,2.0,41.0,491.9865417480469,550.4754028320312,612.3739624023438,644.2001953125
69,2.0,41.0,491.28887939453125,550.0213623046875,613.4351806640625,645.1130981445312
70,2.0,41.0,492.6795349121094,550.2622680664062,615.2499389648438,645.571044921875
71,2.0,41.0,491.44561767578125,550.5079956054688,616.3902587890625,645.9934692382812
72,2.0,41.0,493.0314025878906,550.5843505859375,619.8402709960938,646.189208984375
73,2.0,41.0,493.3682861328125,549.9974975585938,622.0552368164062,646.0380859375
74,2.0,41.0,494.4834899902344,549.3818969726562,623.1673583984375,646.3289184570312
75,2.0,41.0,496.3749694824219,548.866455078125,625.5136108398438,646.9088134765625
76,2.0,41.0,497.5296325683594,547.9588623046875,627.5199584960938,647.4375610351562
77,2.0,41.0,499.41119384765625,547.7923583984375,629.6212158203125,647.6414184570312
78,2.0,41.0,501.0420227050781,546.8914794921875,631.02978515625,647.8428344726562
79,2.0,41.0,501.3483581542969,546.8196411132812,633.0535278320312,648.1200561523438
80,2.0,41.0,502.1416931152344,546.7744140625,635.1320190429688,648.555908203125
81,2.0,41.0,503.40081787109375,546.7302856445312,636.8757934570312,649.088623046875
82,2.0,41.0,504.4970397949219,546.6937866210938,639.336181640625,649.6175537109375
83,2.0,41.0,504.8803405761719,544.68994140625,641.6751098632812,650.7422485351562
84,2.0,41.0,505.1042785644531,543.480712890625,644.162841796875,651.8863525390625
85,2.0,41.0,506.2679138183594,542.7245483398438,647.2671508789062,652.2083740234375
86,2.0,41.0,506.774169921875,542.5505981445312,650.1558227539062,653.6844482421875
87,2.0,41.0,507.5032653808594,543.2427978515625,652.5302734375,654.8489379882812
88,2.0,41.0,508.2354431152344,543.2608642578125,655.079345703125,655.9669799804688
89,2.0,41.0,508.14215087890625,543.0899658203125,657.336669921875,657.7559814453125
90,2.0,41.0,508.2944641113281,543.7825317382812,660.88525390625,658.177734375
91,2.0,41.0,510.22064208984375,544.1510620117188,664.9537963867188,658.9788818359375
92,2.0,41.0,511.0428771972656,543.816650390625,667.7919311523438,659.8383178710938
93,2.0,41.0,512.2687377929688,543.8033447265625,671.184326171875,660.3568725585938
94,2.0,41.0,514.173095703125,543.43212890625,673.9303588867188,662.2909545898438
95,2.0,41.0,515.04296875,541.6140747070312,676.2982177734375,664.322509765625
96,2.0,41.0,516.2536010742188,541.5077514648438,679.0021362304688,665.7769165039062
97,2.0,41.0,516.811767578125,541.136474609375,682.46142578125,667.01123046875
98,2.0,41.0,517.6002807617188,539.2526245117188,686.6597290039062,668.865966796875
99,2.0,41.0,518.740966796875,540.3935546875,690.0960083007812,670.8793334960938
100,2.0,41.0,520.4850463867188,540.6762084960938,693.3186645507812,672.2854614257812
101,2.0,41.0,524.3540649414062,539.2728271484375,695.7975463867188,673.0609130859375
102,2.0,41.0,525.17626953125,538.0101318359375,699.5419311523438,674.2640991210938
103,2.0,41.0,524.9423828125,538.4992065429688,703.72216796875,674.7313842773438
104,2.0,41.0,526.88525390625,538.4949951171875,708.2164306640625,675.5104370117188
105,2.0,41.0,527.0821533203125,538.6845092773438,712.626953125,677.122802734375
106,2.0,41.0,527.3155517578125,537.745361328125,716.8712768554688,678.9896240234375
107,2.0,41.0,527.0657958984375,537.8697509765625,722.0370483398438,680.98388671875
108,2.0,41.0,527.6338500976562,536.5408325195312,726.08984375,683.831787109375
109,2.0,41.0,529.376953125,535.4807739257812,730.7305297851562,685.3358154296875
110,2.0,41.0,531.7122192382812,534.4450073242188,736.606689453125,686.5211791992188
111,2.0,41.0,532.6859741210938,533.208740234375,740.7049560546875,687.7109985351562
112,2.0,41.0,535.4302978515625,533.264404296875,746.7219848632812,690.3051147460938
113,2.0,41.0,537.1346435546875,532.511962890625,752.0083618164062,691.5174560546875
114,2.0,41.0,538.385009765625,532.4549560546875,757.403564453125,693.9208374023438
115,2.0,41.0,540.3668212890625,531.52587890625,762.730712890625,698.0448608398438
116,2.0,41.0,542.3477172851562,529.8759765625,768.2329711914062,699.9491577148438
117,2.0,41.0,545.6342163085938,529.9932250976562,773.8903198242188,700.999755859375
118,2.0,41.0,548.538818359375,528.255615234375,781.9278564453125,702.9669189453125
119,2.0,41.0,550.1868286132812,528.399658203125,789.181640625,703.8330688476562
120,2.0,41.0,553.0880737304688,525.85009765625,795.1177978515625,706.4475708007812
121,2.0,41.0,554.8340454101562,524.9083862304688,803.60693359375,708.9345703125
122,2.0,41.0,557.0928344726562,523.8976440429688,810.2186889648438,711.656982421875
123,2.0,41.0,559.0950317382812,523.353759765625,817.6671142578125,713.9342041015625
124,2.0,41.0,562.4644775390625,522.9165649414062,824.8846435546875,717.6290283203125
125,2.0,41.0,564.8431396484375,522.3825073242188,834.5396118164062,720.504638671875
126,2.0,41.0,567.2788696289062,522.0682373046875,843.669189453125,722.7464599609375
127,2.0,41.0,570.3344116210938,521.12841796875,852.2094116210938,725.692138671875
128,2.0,41.0,573.5035400390625,520.2496337890625,860.89111328125,729.8401489257812
129,2.0,41.0,574.6420288085938,519.8583984375,871.0296630859375,731.587158203125
130,2.0,41.0,576.0789794921875,517.2002563476562,881.961669921875,734.4071044921875
131,2.0,41.0,578.615234375,515.7704467773438,892.265380859375,736.08349609375
132,2.0,41.0,583.7687377929688,514.2809448242188,904.4395751953125,740.083251953125
133,2.0,41.0,588.807861328125,512.6651611328125,916.5680541992188,743.840087890625
134,2.0,41.0,591.2694702148438,511.3062438964844,928.9371337890625,747.35107421875
135,2.0,41.0,595.6039428710938,508.9772033691406,941.5443115234375,752.6217041015625
136,2.0,41.0,599.5262451171875,507.02508544921875,956.5267944335938,757.1599731445312
137,2.0,41.0,603.1414794921875,504.61273193359375,972.7620849609375,761.35498046875
138,2.0,41.0,607.4786987304688,504.5438232421875,987.156982421875,768.7152709960938
139,2.0,41.0,612.0613403320312,501.156494140625,1003.6669921875,774.4881591796875
140,2.0,41.0,615.1633911132812,499.5517883300781,1021.264892578125,780.0471801757812
141,2.0,41.0,619.1925659179688,498.0350341796875,1039.6451416015625,783.3401489257812
142,2.0,41.0,623.0921630859375,495.637939453125,1060.5198974609375,788.323974609375
143,2.0,41.0,627.7801513671875,494.0700378417969,1081.751708984375,797.0955200195312
144,2.0,41.0,634.7813110351562,491.3353576660156,1102.93994140625,804.1075439453125
145,2.0,41.0,639.6675415039062,489.2818603515625,1127.12109375,812.3392333984375
146,2.0,41.0,647.0628051757812,486.6592102050781,1151.725341796875,820.9872436523438
147,2.0,41.0,652.6597900390625,483.33868408203125,1180.2225341796875,828.6336059570312
148,2.0,41.0,658.210693359375,481.14666748046875,1210.248291015625,839.5245361328125
149,2.0,41.0,666.3617553710938,477.4024353027344,1242.5111083984375,848.8875732421875
150,2.0,41.0,672.2492065429688,473.8481750488281,1277.019775390625,863.239501953125
151,2.0,41.0,680.3768310546875,471.8486328125,1312.894287109375,875.5331420898438
152,2.0,41.0,690.2745971679688,467.3491516113281,1354.3355712890625,889.055419921875
153,2.0,41.0,698.5239868164062,463.38885498046875,1397.502197265625,902.1455688476562
154,2.0,41.0,706.18505859375,459.4850769042969,1444.9705810546875,918.5690307617188
155,2.0,41.0,716.3555908203125,452.10235595703125,1498.9053955078125,936.9663696289062
156,2.0,41.0,728.0259399414062,446.9235534667969,1558.8038330078125,957.9434814453125
157,2.0,41.0,738.1795043945312,438.6429443359375,1620.3961181640625,978.6453857421875
158,2.0,41.0,749.4234008789062,431.8431396484375,1706.9525146484375,1004.4153442382812
159,2.0,41.0,762.0191040039062,426.9853515625,1775.700439453125,1032.153076171875
160,2.0,41.0,776.1078491210938,421.65850830078125,1860.4622802734375,1060.4822998046875
161,2.0,41.0,792.2276000976562,415.0335998535156,1912.802001953125,1072.970947265625
162,2.0,41.0,808.2357788085938,406.14971923828125,1920.0,1077.3197021484375
163,2.0,41.0,822.791015625,396.9166564941406,1920.0,1077.571533203125
164,2.0,41.0,844.305908203125,386.57806396484375,1920.0,1078.2626953125
165,2.0,41.0,865.6718139648438,375.4427795410156,1920.0,1080.0
166,2.0,41.0,894.2841796875,365.13916015625,1920.0,1080.0
167,2.0,41.0,922.0560302734375,352.56756591796875,1920.0,1077.3719482421875
168,2.0,41.0,953.0009765625,337.966796875,1920.0,1074.1153564453125
169,2.0,41.0,988.9967651367188,321.65325927734375,1920.0,1071.6488037109375
170,2.0,41.0,1026.67431640625,302.2787170410156,1920.0,1070.56591796875
171,2.0,41.0,1070.2950439453125,282.71820068359375,1920.0,1070.092529296875
172,2.0,41.0,1117.2794189453125,253.77516174316406,1920.0,1070.4046630859375
173,2.0,41.0,1174.9818115234375,223.060546875,1920.0,1071.285400390625
174,2.0,41.0,1240.1199951171875,206.53465270996094,1920.0,1071.058349609375
175,2.0,41.0,1316.0125732421875,210.54161071777344,1920.0,1071.97998046875
176,2.0,41.0,1408.708984375,219.5510711669922,1920.0,1072.5467529296875
178,2.0,41.0,1652.9136962890625,369.11566162109375,1920.0,1073.495849609375
