10,2.0,15.0,290.0420837402344,559.526611328125,338.7767333984375,596.046875
11,2.0,15.0,290.40386962890625,559.8331909179688,338.48486328125,596.0792236328125
12,2.0,15.0,291.12548828125,559.1170043945312,339.4674072265625,596.4564208984375
13,2.0,15.0,291.55865478515625,558.8692016601562,339.79583740234375,596.753662109375
14,2.0,15.0,292.1935119628906,558.75927734375,339.8141784667969,596.632080078125
15,2.0,15.0,293.6891174316406,559.97265625,341.5198669433594,596.6160888671875
16,2.0,15.0,294.3626403808594,562.544921875,343.871337890625,596.9523315429688
17,2.0,15.0,295.05914306640625,563.8859252929688,346.1731872558594,596.641845703125
18,2.0,15.0,294.8477478027344,559.8577880859375,345.8968811035156,597.1063232421875
19,2.0,15.0,295.3492431640625,557.255615234375,345.51019287109375,596.6746826171875
20,2.0,15.0,295.69158935546875,556.6921997070312,346.0487365722656,596.20458984375
21,2.0,15.0,296.77398681640625,560.21923828125,346.663818359375,596.1640014648438
22,2.0,15.0,297.0469055175781,561.0647583007812,346.6684265136719,596.2356567382812
23,2.0,15.0,297.38165283203125,561.782470703125,347.457275390625,596.3084716796875
24,2.0,15.0,297.6302185058594,563.1757202148438,347.374267578125,596.1114501953125
25,2.0,15.0,297.6039123535156,562.7459106445312,347.76904296875,595.884765625
26,2.0,15.0,297.79156494140625,562.7759399414062,348.6789855957031,595.98779296875
27,2.0,15.0,297.7437744140625,563.3563842773438,349.7514953613281,596.8707885742188
28,2.0,15.0,298.0218200683594,563.5602416992188,351.6405944824219,597.4054565429688
29,2.0,15.0,298.5736999511719,563.8377075195312,353.320556640625,597.9744262695312
30,2.0,15.0,298.2237548828125,561.9031372070312,354.45928955078125,598.2044067382812
31,2.0,15.0,298.34259033203125,559.1950073242188,355.4336853027344,598.0448608398438
32,2.0,15.0,298.0905456542969,558.7510375976562,357.4332275390625,598.565673828125
33,2.0,15.0,298.1091613769531,557.640380859375,358.7125244140625,599.0814208984375
34,2.0,15.0,298.39117431640625,556.3330688476562,359.1639709472656,599.34130859375
35,2.0,15.0,298.6151428222656,556.4567260742188,360.1591491699219,599.79638671875
36,2.0,15.0,298.71478271484375,556.5120239257812,360.85748291015625,600.31494140625
37,2.0,15.0,299.7270202636719,559.3347778320312,361.6116638183594,600.7958374023438
38,2.0,15.0,300.2791748046875,559.864501953125,362.4825744628906,601.228759765625
39,2.0,15.0,301.3360290527344,559.7109985351562,362.81884765625,601.3997192382812
40,2.0,15.0,301.10247802734375,557.6796875,363.0849914550781,601.503662109375
41,2.0,15.0,301.38043212890625,557.8404541015625,363.7770690917969,601.7017211914062
42,2.0,15.0,300.82562255859375,556.4269409179688,364.8243408203125,602.728515625
43,2.0,15.0,299.7518310546875,555.1134643554688,365.2039489746094,603.0917358398438
44,2.0,15.0,299.2489929199219,553.3987426757812,365.5300598144531,603.03076171875
45,2.0,15.0,299.01763916015625,552.2650146484375,365.838134765625,603.1417236328125
46,2.0,15.0,299.3062438964844,551.0775756835938,366.84759521484375,603.8908081054688
47,2.0,15.0,299.79669189453125,551.5272216796875,368.1298828125,604.2348022460938
48,2.0,15.0,300.2231750488281,550.5189819335938,369.6369934082031,604.830810546875
49,2.0,15.0,300.6423645019531,550.2332153320312,371.9419860839844,605.3494262695312
50,2.0,15.0,301.4958801269531,549.9273071289062,373.19580078125,605.7581787109375
51,2.0,15.0,302.643310546875,549.68359375,373.71929931640625,606.1721801757812
52,2.0,15.0,303.9833068847656,549.6162719726562,374.335693359375,605.7022094726562
53,2.0,15.0,303.880126953125,548.510009765625,375.4114685058594,607.6121826171875
54,2.0,15.0,303.8794250488281,547.7703247070312,375.9836730957031,608.701171875
55,2.0,15.0,304.6632995605469,547.9977416992188,376.90203857421875,608.2990112304688
56,2.0,15.0,305.3316345214844,547.7885131835938,377.40142822265625,608.7224731445312
59,2.0,15.0,307.25885009765625,543.9285278320312,383.6515197753906,609.2039794921875
60,2.0,15.0,308.80303955078125,543.89501953125,384.79083251953125,609.4158935546875
62,2.0,15.0,309.954345703125,543.8139038085938,387.14599609375,610.5969848632812
63,2.0,15.0,310.6982421875,543.3632202148438,389.1714172363281,611.7354736328125
64,2.0,15.0,312.2780456542969,543.1011962890625,391.15008544921875,613.5650024414062
65,2.0,15.0,312.9147033691406,542.3309326171875,394.12200927734375,614.8469848632812
66,2.0,15.0,313.1242370605469,542.0960083007812,395.79730224609375,615.8388671875
67,2.0,15.0,312.7857360839844,542.7304077148438,398.49468994140625,617.4808349609375
68,2.0,15.0,313.9376525878906,541.9627075195312,399.1849670410156,618.1135864257812
69,2.0,15.0,314.4984436035156,542.7056274414062,399.1410217285156,618.97021484375
70,2.0,15.0,315.63299560546875,542.76611328125,401.6559143066406,620.428955078125
71,2.0,15.0,315.8340148925781,543.2442016601562,404.8702087402344,621.0958862304688
72,2.0,15.0,314.6989440917969,541.5426025390625,407.79437255859375,621.568115234375
73,2.0,15.0,315.8780517578125,542.662109375,410.2157897949219,621.8900756835938
74,2.0,15.0,316.2408142089844,543.20947265625,412.48162841796875,622.57275390625
75,2.0,15.0,316.66607666015625,543.2205200195312,413.1060791015625,623.0093994140625
76,2.0,15.0,320.1999206542969,543.243896484375,414.5169982910156,623.178955078125
77,2.0,15.0,320.9095764160156,542.9992065429688,417.9957275390625,623.9585571289062
78,2.0,15.0,322.64947509765625,540.872314453125,422.2284851074219,624.6539306640625
79,2.0,15.0,324.469970703125,539.9541015625,425.14599609375,624.99853515625
80,2.0,15.0,325.10491943359375,540.2227172851562,425.3153381347656,625.306396484375
81,2.0,15.0,325.6786804199219,540.3609008789062,428.1304626464844,625.9271850585938
82,2.0,15.0,325.6103210449219,539.2581176757812,432.0118103027344,627.009765625
83,2.0,15.0,326.7726745605469,538.2835693359375,435.3145446777344,627.973388671875
84,2.0,15.0,326.93170166015625,534.9042358398438,437.6158447265625,628.59375
85,2.0,15.0,328.13458251953125,533.97900390625,440.550048828125,629.215087890625
86,2.0,15.0,330.08258056640625,533.9285888671875,444.7411193847656,631.0318603515625
87,2.0,15.0,331.8327331542969,534.0488891601562,448.3779296875,632.48681640625
88,2.0,15.0,334.0128173828125,532.7379150390625,451.9990234375,633.4588012695312
89,2.0,15.0,335.2854919433594,532.0488891601562,456.5984191894531,634.0588989257812
90,2.0,15.0,336.4305114746094,530.9769287109375,459.84649658203125,635.1640625
91,2.0,15.0,336.7176208496094,529.5254516601562,462.8594665527344,637.8319702148438
92,2.0,15.0,337.911376953125,528.862548828125,467.6097412109375,639.3389282226562
93,2.0,15.0,337.7765197753906,528.9271850585938,470.8943176269531,641.140380859375
94,2.0,15.0,339.6287841796875,528.888427734375,474.5702209472656,642.844482421875
95,2.0,15.0,341.9402160644531,527.6996459960938,479.53875732421875,643.8588256835938
96,2.0,15.0,342.5762023925781,527.2975463867188,483.428955078125,645.2847900390625
97,2.0,15.0,342.8309326171875,528.0221557617188,487.11602783203125,646.3292236328125
98,2.0,15.0,347.3780822753906,528.7302856445312,492.0536804199219,648.1890869140625
99,2.0,15.0,350.4736633300781,527.8928833007812,499.0028076171875,649.3818359375
100,2.0,15.0,351.5587158203125,527.4751586914062,503.59600830078125,651.2435913085938
101,2.0,15.0,351.78826904296875,527.01318359375,509.3298645019531,653.718017578125
102,2.0,15.0,352.819580078125,526.0639038085938,515.6544189453125,655.2531127929688
103,2.0,15.0,356.6177673339844,523.5547485351562,521.3040771484375,657.362060546875
104,2.0,15.0,358.8049011230469,523.291015625,527.982421875,658.9163208007812
105,2.0,15.0,360.13983154296875,522.1602783203125,535.3229370117188,662.3692626953125
106,2.0,15.0,361.9514465332031,520.7760620117188,541.5321044921875,664.6751098632812
107,2.0,15.0,364.0412292480469,517.3632202148438,549.6256713867188,666.8197631835938
108,2.0,15.0,367.5323486328125,517.187744140625,558.1161499023438,669.0005493164062
109,2.0,15.0,368.7910461425781,516.1854248046875,566.7822875976562,669.5374755859375
110,2.0,15.0,370.77166748046875,515.219482421875,575.7380981445312,671.0280151367188
111,2.0,15.0,375.494140625,512.1041259765625,585.900146484375,674.4156494140625
112,2.0,15.0,379.97503662109375,510.48040771484375,594.3161010742188,677.1433715820312
113,2.0,15.0,382.3597106933594,507.9697265625,605.0664672851562,679.7124633789062
114,2.0,15.0,385.0322265625,504.65289306640625,617.0740966796875,682.6016845703125
115,2.0,15.0,389.63958740234375,502.27252197265625,629.30126953125,687.5662231445312
116,2.0,15.0,394.7051086425781,500.73919677734375,641.9028930664062,690.38427734375
117,2.0,15.0,398.8409423828125,498.52691650390625,655.0720825195312,694.2802124023438
118,2.0,15.0,403.6199951171875,496.4378356933594,670.4241333007812,699.7647094726562
119,2.0,15.0,408.1348876953125,495.17584228515625,686.3975219726562,704.046875
120,2.0,15.0,413.9541320800781,493.0715026855469,703.8418579101562,710.1068115234375
121,2.0,15.0,419.540771484375,490.9595031738281,723.864990234375,714.8936767578125
122,2.0,15.0,426.259033203125,487.7392883300781,743.4458618164062,722.373046875
123,2.0,15.0,431.46533203125,482.91339111328125,764.971923828125,729.998046875
124,2.0,15.0,440.076171875,479.04193115234375,788.4583740234375,737.6468505859375
125,2.0,15.0,447.89013671875,476.27130126953125,814.6307983398438,747.8148803710938
126,2.0,15.0,455.7823181152344,473.8513488769531,842.8377685546875,756.5642700195312
127,2.0,15.0,464.6399841308594,470.7608947753906,874.6644897460938,767.2623901367188
128,2.0,15.0,472.3330383300781,467.3818054199219,909.5863647460938,780.8826904296875
129,2.0,15.0,481.1279296875,461.3247375488281,948.7636108398438,795.10107421875
130,2.0,15.0,490.2460632324219,456.70159912109375,993.0872802734375,809.4442749023438
131,2.0,15.0,504.1538391113281,452.4578857421875,1042.2791748046875,825.2568359375
132,2.0,15.0,516.8767700195312,447.1673278808594,1099.57666015625,843.4284057617188
133,2.0,15.0,530.9085693359375,441.04315185546875,1165.272705078125,866.4509887695312
134,2.0,15.0,545.63525390625,431.659423828125,1239.6968994140625,891.1529541015625
135,2.0,15.0,563.878662109375,419.5959777832031,1325.406982421875,918.8517456054688
136,2.0,15.0,584.1195678710938,406.4421081542969,1434.45947265625,955.2108764648438
137,2.0,15.0,607.4852294921875,397.5560302734375,1556.4718017578125,999.609130859375
138,2.0,15.0,632.2884521484375,381.9378967285156,1708.8182373046875,1045.0264892578125
139,2.0,15.0,660.9711303710938,368.7485656738281,1855.788818359375,1066.5797119140625
140,2.0,15.0,683.7891235351562,351.1776123046875,1916.1474609375,1075.5294189453125
141,2.0,15.0,740.7794799804688,325.4050598144531,1920.0,1078.40673828125
142,2.0,15.0,791.2579956054688,291.48199462890625,1920.0,1077.377197265625
143,2.0,15.0,852.03857421875,256.9767150878906,1920.0,1077.5738525390625
144,2.0,15.0,925.8967895507812,215.87921142578125,1920.0,1077.1126708984375
145,2.0,15.0,1024.2491455078125,159.7689208984375,1920.0,1076.51904296875
146,2.0,15.0,1153.5343017578125,117.39708709716797,1920.0,1077.4671630859375
147,2.0,15.0,1327.712158203125,103.83399963378906,1920.0,1077.2783203125
