118,2.0,29.0,276.8335266113281,559.0999145507812,327.4110107421875,596.9970703125
119,2.0,29.0,276.4690856933594,559.3360595703125,329.3478698730469,597.4974365234375
120,2.0,29.0,276.20965576171875,560.6691284179688,331.6188049316406,598.5765991210938
121,2.0,29.0,275.6618347167969,559.9055786132812,332.6355895996094,598.6326293945312
122,2.0,29.0,275.84002685546875,559.9976806640625,334.40521240234375,599.31201171875
123,2.0,29.0,276.6914978027344,558.1021118164062,336.244873046875,599.6541137695312
124,2.0,29.0,277.9626770019531,558.7857055664062,338.17950439453125,599.7024536132812
125,2.0,29.0,278.8963317871094,559.250244140625,339.21630859375,600.5118408203125
126,2.0,29.0,279.1134033203125,559.2666625976562,339.4847106933594,600.5
127,2.0,29.0,279.01605224609375,556.7736206054688,341.0544128417969,600.800537109375
128,2.0,29.0,279.5966491699219,555.26416015625,340.8052978515625,600.902099609375
129,2.0,29.0,279.706298828125,554.090576171875,341.8994445800781,601.6909790039062
130,2.0,29.0,280.1954650878906,554.4334716796875,342.70343017578125,602.0848999023438
131,2.0,29.0,280.6921081542969,552.8389892578125,346.008544921875,602.714111328125
132,2.0,29.0,281.50103759765625,551.990478515625,349.1539001464844,603.1079711914062
133,2.0,29.0,282.58612060546875,552.2172241210938,350.6666259765625,603.3228149414062
134,2.0,29.0,283.9033203125,552.5347900390625,351.30621337890625,603.7849731445312
135,2.0,29.0,285.583251953125,552.0167846679688,352.4450378417969,604.6837158203125
136,2.0,29.0,286.2854919433594,552.1652221679688,352.2832336425781,604.0309448242188
138,2.0,29.0,287.51824951171875,551.4081420898438,357.2828063964844,604.6577758789062
140,2.0,29.0,289.8188781738281,549.473876953125,360.8252258300781,608.330322265625
141,2.0,29.0,290.88592529296875,548.841552734375,363.20672607421875,609.073974609375
142,2.0,29.0,290.60284423828125,548.529052734375,366.2497863769531,609.8314819335938
143,2.0,29.0,290.9075012207031,547.8154907226562,366.2144470214844,609.7735595703125
144,2.0,29.0,291.7707824707031,547.8343505859375,369.52398681640625,609.7372436523438
145,2.0,29.0,292.4130554199219,548.3081665039062,372.6269226074219,610.9816284179688
146,2.0,29.0,292.8886413574219,548.5982666015625,374.5441589355469,611.961669921875
147,2.0,29.0,293.80548095703125,548.0043334960938,376.32611083984375,612.682373046875
148,2.0,29.0,295.6758728027344,547.6132202148438,378.14984130859375,614.0240478515625
149,2.0,29.0,298.7414855957031,546.9794921875,382.4351806640625,615.668701171875
150,2.0,29.0,299.87872314453125,546.8983154296875,386.1266784667969,617.3999633789062
151,2.0,29.0,301.4248352050781,545.8145751953125,388.02874755859375,618.9708862304688
152,2.0,29.0,302.855224609375,544.4527587890625,390.11846923828125,619.6004028320312
153,2.0,29.0,303.6842041015625,543.9938354492188,393.36138916015625,620.9200439453125
154,2.0,29.0,305.4683837890625,543.9144897460938,396.5611572265625,621.5055541992188
155,2.0,29.0,306.7331848144531,543.6633911132812,398.6655578613281,621.9283447265625
156,2.0,29.0,309.61627197265625,543.2763061523438,401.5256652832031,621.7301025390625
158,2.0,29.0,311.8671875,541.19140625,411.4549865722656,623.4530029296875
159,2.0,29.0,313.5007019042969,541.2726440429688,414.5277099609375,624.9308471679688
160,2.0,29.0,313.75958251953125,539.4989624023438,418.6042175292969,625.7243041992188
161,2.0,29.0,314.2033996582031,539.4105834960938,423.6964416503906,627.5371704101562
162,2.0,29.0,316.770263671875,538.2913208007812,427.3887939453125,629.6868896484375
163,2.0,29.0,319.2021789550781,537.0257568359375,433.43316650390625,631.590087890625
165,2.0,29.0,322.7360534667969,533.0061645507812,443.5069274902344,634.3632202148438
166,2.0,29.0,324.85955810546875,532.1005859375,448.32659912109375,635.7000122070312
167,2.0,29.0,327.1976623535156,532.0444946289062,455.5085754394531,638.3966674804688
168,2.0,29.0,331.39373779296875,531.6748046875,460.6532287597656,641.6143188476562
169,2.0,29.0,333.2123718261719,530.1868896484375,467.6200866699219,643.2711791992188
170,2.0,29.0,334.9299011230469,529.4037475585938,473.9654846191406,644.909423828125
171,2.0,29.0,336.5121154785156,529.7067260742188,482.4065856933594,646.827392578125
172,2.0,29.0,337.3363952636719,528.7734985351562,489.0758972167969,648.9971313476562
173,2.0,29.0,340.7469482421875,527.6445922851562,497.56573486328125,651.350830078125
174,2.0,29.0,346.2418212890625,527.1474609375,506.6128234863281,653.908935546875
175,2.0,29.0,348.86077880859375,526.2710571289062,515.385986328125,656.0445556640625
176,2.0,29.0,352.7718200683594,524.383544921875,525.2423706054688,658.6094970703125
177,2.0,29.0,355.7119140625,521.8936767578125,536.2222290039062,662.7554321289062
178,2.0,29.0,359.3504943847656,519.8670043945312,546.6459350585938,665.6596069335938
179,2.0,29.0,363.58038330078125,518.8224487304688,558.74853515625,669.5592041015625
180,2.0,29.0,367.5360107421875,515.5413208007812,572.34423828125,670.7643432617188
181,2.0,29.0,373.3908996582031,513.6547241210938,587.4373168945312,673.9356079101562
182,2.0,29.0,379.37701416015625,510.8275146484375,601.8649291992188,677.0379638671875
183,2.0,29.0,384.299072265625,507.50115966796875,619.2177734375,681.2752075195312
184,2.0,29.0,392.0812683105469,504.38433837890625,637.5200805664062,688.3994140625
185,2.0,29.0,398.9237976074219,501.05255126953125,657.706298828125,694.2085571289062
186,2.0,29.0,406.26806640625,498.02685546875,681.01171875,700.983642578125
187,2.0,29.0,414.3843994140625,492.25872802734375,706.33154296875,708.6842651367188
188,2.0,29.0,424.4948425292969,484.8080139160156,735.8124389648438,716.2351684570312
189,2.0,29.0,433.7322692871094,480.7569580078125,769.1942749023438,727.2161254882812
190,2.0,29.0,445.4347839355469,476.2579040527344,805.5669555664062,740.0468139648438
191,2.0,29.0,458.7978820800781,473.4149475097656,846.1659545898438,751.3538818359375
192,2.0,29.0,471.0536193847656,468.357421875,894.87841796875,767.3021850585938
193,2.0,29.0,484.0926513671875,460.972412109375,949.5161743164062,784.9725952148438
194,2.0,29.0,502.174072265625,454.3224182128906,1015.7486572265625,804.9972534179688
195,2.0,29.0,521.3458251953125,448.0035705566406,1093.0887451171875,828.3345336914062
196,2.0,29.0,542.712890625,437.93365478515625,1185.696044921875,859.98193359375
197,2.0,29.0,569.6465454101562,426.04486083984375,1302.5477294921875,894.7770385742188
198,2.0,29.0,602.201171875,407.6297912597656,1447.5791015625,940.2721557617188
199,2.0,29.0,640.0317993164062,393.1415100097656,1633.330322265625,1001.0557250976562
200,2.0,29.0,672.4188842773438,373.7274475097656,1822.1146240234375,1048.7852783203125
201,2.0,29.0,736.7889404296875,348.0274963378906,1902.143798828125,1068.38525390625
202,2.0,29.0,815.8729248046875,310.2292175292969,1920.0,1075.36669921875
203,2.0,29.0,914.4609375,263.9709777832031,1920.0,1076.7666015625
204,2.0,29.0,1051.050048828125,195.6920166015625,1920.0,1077.9554443359375
205,2.0,29.0,1245.3548583984375,155.50059509277344,1920.0,1078.4642333984375
