75,2.0,31.0,275.58685302734375,558.73779296875,320.7725524902344,594.7384643554688
76,2.0,31.0,276.6368713378906,558.4091796875,322.0248718261719,595.205078125
77,2.0,31.0,277.201171875,559.790283203125,322.78076171875,595.6419067382812
78,2.0,31.0,276.50018310546875,559.4240112304688,324.6754150390625,595.9950561523438
79,2.0,31.0,276.46905517578125,559.0792846679688,326.88531494140625,596.4602661132812
80,2.0,31.0,276.4881896972656,558.7046508789062,330.5838317871094,597.2056884765625
81,2.0,31.0,277.627685546875,558.57421875,332.26953125,597.5372924804688
82,2.0,31.0,278.06201171875,558.7708740234375,332.9606628417969,597.7383422851562
83,2.0,31.0,278.83935546875,559.0843505859375,333.3262939453125,597.36572265625
84,2.0,31.0,278.9457092285156,559.7879028320312,333.6405944824219,597.00341796875
85,2.0,31.0,279.75164794921875,560.0208740234375,335.1221008300781,597.2830200195312
86,2.0,31.0,280.6694030761719,560.9889526367188,335.62518310546875,597.4489135742188
87,2.0,31.0,282.1098937988281,559.9761352539062,336.97003173828125,597.2718505859375
88,2.0,31.0,281.8205261230469,558.0532836914062,338.1097717285156,598.102294921875
89,2.0,31.0,281.96673583984375,556.125,339.7940368652344,599.8035888671875
90,2.0,31.0,283.4660949707031,555.77294921875,340.9138488769531,600.1333618164062
91,2.0,31.0,284.85394287109375,555.7506103515625,342.4653625488281,599.9634399414062
92,2.0,31.0,285.5426025390625,556.30419921875,344.12506103515625,600.622802734375
93,2.0,31.0,285.8565979003906,556.7974853515625,346.334716796875,600.9898681640625
94,2.0,31.0,286.3831481933594,556.1159057617188,348.5132141113281,601.071044921875
95,2.0,31.0,286.73040771484375,556.5901489257812,349.1690673828125,601.044677734375
96,2.0,31.0,287.11322021484375,557.59765625,349.87225341796875,601.3795776367188
97,2.0,31.0,287.73248291015625,558.060791015625,351.9278869628906,602.3428344726562
98,2.0,31.0,288.44866943359375,555.8412475585938,352.7144775390625,602.5513305664062
99,2.0,31.0,288.7069091796875,553.5679931640625,355.99114990234375,602.728759765625
100,2.0,31.0,289.7812194824219,552.270751953125,358.56488037109375,603.7552490234375
101,2.0,31.0,291.33319091796875,549.8309326171875,360.5263671875,604.1126098632812
102,2.0,31.0,291.6120910644531,549.0046997070312,362.6741943359375,605.51611328125
103,2.0,31.0,292.91839599609375,549.3394775390625,364.2646789550781,606.2196655273438
104,2.0,31.0,293.7222595214844,549.4269409179688,365.0192565917969,607.0233154296875
105,2.0,31.0,295.1493835449219,548.4901733398438,365.4239807128906,606.1099853515625
106,2.0,31.0,297.5101013183594,549.7881469726562,368.4172668457031,603.943603515625
107,2.0,31.0,297.92596435546875,549.6350708007812,371.2247314453125,606.9403686523438
108,2.0,31.0,298.844482421875,548.3367919921875,373.39501953125,608.1681518554688
109,2.0,31.0,300.7585754394531,547.6559448242188,376.1136779785156,608.8970336914062
110,2.0,31.0,301.9159851074219,547.33251953125,377.67547607421875,609.8878784179688
111,2.0,31.0,302.6750183105469,546.3123168945312,381.6998596191406,610.3250122070312
112,2.0,31.0,303.7685241699219,545.9841918945312,385.0003662109375,610.79248046875
113,2.0,31.0,306.083740234375,546.4259033203125,387.7961120605469,612.0697631835938
114,2.0,31.0,306.64654541015625,545.6319580078125,389.204833984375,613.6538696289062
115,2.0,31.0,306.52874755859375,544.0504150390625,392.1613464355469,615.2041625976562
116,2.0,31.0,309.66827392578125,544.0770874023438,395.5320129394531,617.50341796875
117,2.0,31.0,311.93499755859375,543.6840209960938,399.22607421875,619.2044677734375
118,2.0,31.0,312.9331970214844,543.1406860351562,401.5386962890625,619.99365234375
119,2.0,31.0,314.11187744140625,543.2848510742188,405.7763671875,620.9902954101562
120,2.0,31.0,314.658935546875,542.7525024414062,409.85870361328125,622.18017578125
121,2.0,31.0,316.1302795410156,542.2010498046875,412.4634704589844,622.7391357421875
122,2.0,31.0,317.61181640625,541.134521484375,417.24932861328125,623.9725341796875
123,2.0,31.0,320.35498046875,541.4654541015625,421.6656799316406,624.7335205078125
124,2.0,31.0,322.88311767578125,540.6055297851562,425.2150573730469,625.6973266601562
125,2.0,31.0,324.7347106933594,539.3057861328125,430.116943359375,626.6592407226562
126,2.0,31.0,326.1991271972656,536.8934326171875,434.7339172363281,628.50830078125
127,2.0,31.0,327.0552673339844,534.9615478515625,439.9490661621094,630.6935424804688
128,2.0,31.0,331.0079040527344,535.2469482421875,446.6131591796875,632.8307495117188
129,2.0,31.0,333.51708984375,533.3623657226562,452.36895751953125,633.6344604492188
130,2.0,31.0,335.22271728515625,532.3319702148438,459.0968933105469,634.6978149414062
131,2.0,31.0,338.116455078125,532.4439697265625,464.0151672363281,636.66845703125
132,2.0,31.0,339.5274658203125,532.2333374023438,472.23443603515625,639.8175048828125
133,2.0,31.0,342.8004455566406,532.3665771484375,477.5071105957031,642.1590576171875
134,2.0,31.0,344.84228515625,531.0112915039062,484.2679443359375,644.283935546875
135,2.0,31.0,347.90380859375,528.8919677734375,491.49237060546875,646.3063354492188
136,2.0,31.0,350.1755676269531,527.2972412109375,500.13232421875,648.7435302734375
137,2.0,31.0,352.8315734863281,525.9931030273438,507.75579833984375,650.448486328125
138,2.0,31.0,354.62158203125,526.0416259765625,517.1939697265625,654.1845092773438
139,2.0,31.0,357.37890625,525.7863159179688,527.8489379882812,656.7275390625
140,2.0,31.0,361.39654541015625,522.1073608398438,538.5113525390625,659.1881103515625
141,2.0,31.0,365.0360107421875,520.9745483398438,550.0308837890625,662.8634033203125
142,2.0,31.0,369.29241943359375,519.1676025390625,563.861083984375,666.4503173828125
143,2.0,31.0,374.32965087890625,515.5538330078125,576.5269165039062,669.5457153320312
144,2.0,31.0,380.4820251464844,512.6306762695312,590.6492309570312,672.4981689453125
145,2.0,31.0,385.69842529296875,510.63330078125,607.9786376953125,675.6815795898438
146,2.0,31.0,392.9606018066406,507.4881896972656,623.896484375,679.5663452148438
147,2.0,31.0,399.8137512207031,504.53778076171875,644.1512451171875,684.973876953125
148,2.0,31.0,405.6917724609375,500.3668212890625,665.235107421875,692.4097290039062
149,2.0,31.0,413.8839111328125,496.8076171875,688.9076538085938,699.029296875
150,2.0,31.0,422.2933349609375,487.2613830566406,717.1334838867188,706.8623657226562
151,2.0,31.0,431.7586364746094,484.0977478027344,747.15185546875,716.9921264648438
152,2.0,31.0,443.3188781738281,478.3136901855469,781.2647094726562,728.0567626953125
153,2.0,31.0,454.6985168457031,473.0657653808594,818.7943115234375,739.4208984375
154,2.0,31.0,466.4107360839844,470.9879455566406,863.2835083007812,753.7847900390625
155,2.0,31.0,480.6146240234375,466.3712463378906,917.0938720703125,770.989501953125
156,2.0,31.0,498.6127014160156,458.193359375,977.5291137695312,790.5436401367188
157,2.0,31.0,517.6952514648438,450.5304870605469,1050.2264404296875,812.6054077148438
158,2.0,31.0,540.5364990234375,442.30694580078125,1137.9742431640625,839.5999145507812
159,2.0,31.0,564.1146240234375,431.6914367675781,1246.654541015625,872.654052734375
160,2.0,31.0,595.3040771484375,410.4706726074219,1381.40673828125,914.7972412109375
161,2.0,31.0,628.5167236328125,396.93548583984375,1555.501953125,972.246826171875
162,2.0,31.0,675.3157348632812,378.1820068359375,1786.8251953125,1037.0909423828125
163,2.0,31.0,734.08251953125,353.7939758300781,1885.765380859375,1064.0592041015625
164,2.0,31.0,802.8819580078125,320.8070373535156,1920.0,1074.357177734375
165,2.0,31.0,897.8704833984375,273.7224426269531,1920.0,1075.7176513671875
166,2.0,31.0,1029.95556640625,210.52957153320312,1920.0,1077.9793701171875
167,2.0,31.0,1224.82958984375,161.00511169433594,1920.0,1079.359130859375
