17,2.0,58.0,459.9560546875,566.63232421875,508.47515869140625,606.5333862304688
18,2.0,58.0,459.7379150390625,565.7568359375,508.96405029296875,607.2893676757812
19,2.0,58.0,459.4547119140625,565.3494873046875,510.1315002441406,608.3411254882812
20,2.0,58.0,459.90826416015625,565.5865478515625,511.8219909667969,608.897705078125
21,2.0,58.0,459.4442443847656,565.1474609375,512.808837890625,608.705078125
22,2.0,58.0,459.9164733886719,564.8893432617188,513.1332397460938,608.73388671875
23,2.0,58.0,460.6732482910156,565.7781372070312,514.7168579101562,609.3216552734375
24,2.0,58.0,461.38525390625,565.5000610351562,515.9605712890625,609.6005249023438
25,2.0,58.0,461.9046630859375,565.8213500976562,516.7904052734375,609.773193359375
26,2.0,58.0,462.6185607910156,565.9068603515625,517.10693359375,609.9554443359375
27,2.0,58.0,463.2291564941406,566.0230102539062,516.9720458984375,609.6229858398438
28,2.0,58.0,463.7340087890625,565.785400390625,518.1264038085938,610.5138549804688
29,2.0,58.0,463.9344787597656,565.34228515625,517.8385009765625,610.270263671875
30,2.0,58.0,464.2438049316406,564.7151489257812,520.3424682617188,610.6858520507812
31,2.0,58.0,464.7400817871094,563.717041015625,521.72998046875,610.5103149414062
32,2.0,58.0,465.07275390625,565.1402587890625,522.0795288085938,610.1895751953125
33,2.0,58.0,465.1826171875,564.987060546875,523.0739135742188,610.2073974609375
34,2.0,58.0,465.5822448730469,565.4403686523438,524.2977905273438,610.8984375
35,2.0,58.0,466.1391906738281,564.6038208007812,525.1621704101562,610.958740234375
36,2.0,58.0,466.69537353515625,563.5258178710938,525.4696655273438,611.5635986328125
37,2.0,58.0,466.7175598144531,563.2559814453125,526.8010864257812,612.1387329101562
38,2.0,58.0,466.79736328125,562.7803344726562,527.9930419921875,612.9924926757812
39,2.0,58.0,467.4704284667969,561.9491577148438,529.2673950195312,613.5635375976562
40,2.0,58.0,467.4763488769531,560.922607421875,530.4408569335938,614.8362426757812
41,2.0,58.0,467.73883056640625,561.677490234375,531.4660034179688,614.8082275390625
42,2.0,58.0,468.2122497558594,562.4038696289062,532.05859375,614.7033081054688
45,2.0,58.0,468.97796630859375,561.955810546875,533.8349609375,614.8826293945312
46,2.0,58.0,469.54779052734375,561.1771240234375,534.2918701171875,615.540283203125
47,2.0,58.0,469.80950927734375,561.9161987304688,535.8340454101562,615.8360595703125
48,2.0,58.0,469.9055480957031,562.4151611328125,538.4487915039062,616.7327270507812
49,2.0,58.0,470.702880859375,561.8369140625,539.362548828125,617.172119140625
50,2.0,58.0,470.3539123535156,561.9395141601562,541.5211181640625,618.0951538085938
51,2.0,58.0,471.42913818359375,562.8997192382812,543.1394653320312,618.8380126953125
52,2.0,58.0,472.2809753417969,562.7398071289062,545.00439453125,619.2555541992188
53,2.0,58.0,472.6355895996094,562.891357421875,545.3138427734375,619.59619140625
54,2.0,58.0,473.376708984375,563.1983032226562,545.3049926757812,619.7391967773438
55,2.0,58.0,474.8391418457031,563.6439208984375,546.277099609375,619.3258056640625
56,2.0,58.0,475.0317687988281,564.3670043945312,548.0274047851562,619.5926513671875
57,2.0,58.0,475.74456787109375,564.492431640625,549.9553833007812,620.1156005859375
58,2.0,58.0,476.4430236816406,563.942138671875,551.9298706054688,620.6959838867188
59,2.0,58.0,477.02825927734375,563.2779541015625,553.5243530273438,621.07177734375
60,2.0,58.0,477.373046875,562.8108520507812,554.7626953125,621.84033203125
61,2.0,58.0,478.8567810058594,562.117431640625,556.3009033203125,622.2171020507812
62,2.0,58.0,479.3852233886719,561.6289672851562,557.869384765625,622.6065673828125
63,2.0,58.0,479.9106750488281,561.2957763671875,559.5603637695312,622.5224609375
64,2.0,58.0,480.41680908203125,561.253662109375,561.8805541992188,622.9989624023438
65,2.0,58.0,481.2400817871094,561.0348510742188,563.6546630859375,623.1032104492188
66,2.0,58.0,482.4228210449219,560.072998046875,563.99365234375,623.5819091796875
67,2.0,58.0,482.7308654785156,558.7311401367188,566.1583251953125,624.6707153320312
68,2.0,58.0,482.81463623046875,559.2706298828125,568.3027954101562,625.1405639648438
69,2.0,58.0,482.3032531738281,559.7266845703125,569.7272338867188,625.7921142578125
70,2.0,58.0,483.5020751953125,559.4112548828125,571.9927368164062,626.3304443359375
71,2.0,58.0,484.2212219238281,558.889892578125,573.2448120117188,626.9671630859375
72,2.0,58.0,484.2322082519531,558.8184814453125,575.342041015625,628.0205078125
73,2.0,58.0,484.4783020019531,559.2316284179688,576.9269409179688,629.2197875976562
74,2.0,58.0,487.30230712890625,558.8362426757812,578.4933471679688,630.52978515625
75,2.0,58.0,489.0978698730469,558.1136474609375,580.174072265625,631.7033081054688
76,2.0,58.0,490.6695251464844,557.2733764648438,582.0718994140625,632.6119384765625
77,2.0,58.0,492.3100280761719,556.3677368164062,584.7919921875,633.3812866210938
78,2.0,58.0,493.1237487792969,556.473388671875,588.0513305664062,634.9216918945312
79,2.0,58.0,493.81915283203125,557.28515625,591.5924682617188,636.20556640625
80,2.0,58.0,494.61871337890625,557.1342163085938,593.830078125,636.1610717773438
81,2.0,58.0,495.10504150390625,556.7462158203125,596.2769775390625,637.4782104492188
82,2.0,58.0,495.16400146484375,555.4794311523438,597.4608764648438,637.4799194335938
83,2.0,58.0,495.5462951660156,554.8905029296875,600.3580322265625,638.0437622070312
84,2.0,58.0,496.7401428222656,554.4661254882812,603.2362670898438,639.322509765625
85,2.0,58.0,497.46380615234375,553.7137451171875,605.7084350585938,641.8516235351562
86,2.0,58.0,499.6416320800781,552.989990234375,609.4840698242188,642.7315063476562
87,2.0,58.0,502.1635437011719,553.104248046875,612.2100830078125,642.607666015625
88,2.0,58.0,504.4546813964844,552.8384399414062,615.4515991210938,644.0523681640625
89,2.0,58.0,504.8432312011719,552.5681762695312,617.9971923828125,645.5967407226562
90,2.0,58.0,505.1654968261719,552.0607299804688,620.0774536132812,646.0421142578125
91,2.0,58.0,505.5614318847656,551.6616821289062,623.7603759765625,646.3338623046875
92,2.0,58.0,506.0191650390625,551.5830688476562,627.9511108398438,646.9203491210938
93,2.0,58.0,507.1800537109375,550.66796875,631.163818359375,646.5713500976562
94,2.0,58.0,509.78668212890625,550.2014770507812,634.6195678710938,647.5089111328125
95,2.0,58.0,511.7586669921875,549.6838989257812,639.21240234375,648.8392944335938
96,2.0,58.0,513.9959106445312,549.3660888671875,642.901123046875,649.783203125
97,2.0,58.0,515.18603515625,549.2618408203125,647.8486328125,650.6669311523438
98,2.0,58.0,517.8699951171875,548.7962036132812,651.9928588867188,651.9219360351562
99,2.0,58.0,519.072998046875,548.197265625,655.7691040039062,654.0813598632812
100,2.0,58.0,520.4761962890625,547.4910888671875,661.0888061523438,655.6659545898438
101,2.0,58.0,521.1089477539062,546.665771484375,666.128173828125,657.6600952148438
102,2.0,58.0,524.9092407226562,545.6952514648438,671.4615478515625,658.8685913085938
103,2.0,58.0,525.8218994140625,544.0293579101562,676.35009765625,661.9237060546875
104,2.0,58.0,528.1727294921875,542.8444213867188,681.8643798828125,665.3446655273438
105,2.0,58.0,530.7540893554688,541.3137817382812,687.1505737304688,667.3748779296875
106,2.0,58.0,532.1763916015625,540.9730834960938,693.0631103515625,669.0284423828125
107,2.0,58.0,534.2727661132812,540.171630859375,699.7047729492188,671.1552734375
108,2.0,58.0,537.5712890625,540.8411865234375,706.7011108398438,672.971435546875
109,2.0,58.0,539.9800415039062,540.8580322265625,712.086181640625,676.0601806640625
110,2.0,58.0,540.3379516601562,539.8114624023438,719.699462890625,677.5746459960938
111,2.0,58.0,540.4100952148438,538.95068359375,727.9629516601562,680.7402954101562
112,2.0,58.0,542.1655883789062,536.8984985351562,736.3428344726562,684.9652709960938
113,2.0,58.0,545.48046875,535.1796264648438,745.5999145507812,688.2868041992188
114,2.0,58.0,548.37890625,535.1058349609375,754.9945678710938,690.834228515625
115,2.0,58.0,550.800048828125,533.443603515625,763.994873046875,694.35888671875
116,2.0,58.0,553.9302368164062,531.3885498046875,773.5714111328125,698.2705688476562
117,2.0,58.0,558.2586669921875,529.0769653320312,784.875244140625,702.1094360351562
118,2.0,58.0,563.2232666015625,527.1080932617188,795.8428344726562,706.4744873046875
119,2.0,58.0,566.1660766601562,526.5964965820312,806.8676147460938,710.28466796875
120,2.0,58.0,571.0679931640625,526.3787841796875,822.1010131835938,714.0759887695312
121,2.0,58.0,575.00537109375,524.9288330078125,836.8531494140625,717.4426879882812
122,2.0,58.0,579.052978515625,523.3325805664062,851.271240234375,722.9434204101562
123,2.0,58.0,584.6028442382812,522.6227416992188,866.9364013671875,727.1307373046875
124,2.0,58.0,590.2057495117188,521.5034790039062,885.1889038085938,731.173095703125
125,2.0,58.0,596.2601318359375,519.5604248046875,903.4228515625,738.8273315429688
126,2.0,58.0,602.125732421875,517.0791625976562,924.5256958007812,744.7802734375
127,2.0,58.0,607.8599853515625,513.7514038085938,946.5767822265625,752.0298461914062
128,2.0,58.0,614.88623046875,509.352783203125,971.4889526367188,758.2999267578125
129,2.0,58.0,623.484130859375,506.05670166015625,997.7489013671875,767.4677734375
130,2.0,58.0,630.3753051757812,502.0957946777344,1028.73974609375,779.4004516601562
131,2.0,58.0,638.2074584960938,498.6947937011719,1062.267333984375,789.2564697265625
132,2.0,58.0,646.57763671875,494.4171142578125,1098.284423828125,801.4922485351562
133,2.0,58.0,656.4006958007812,491.3299255371094,1137.7789306640625,815.0377807617188
134,2.0,58.0,667.3828735351562,485.77301025390625,1185.16552734375,829.658203125
135,2.0,58.0,678.7902221679688,478.9622802734375,1238.040283203125,843.9895629882812
136,2.0,58.0,693.1990966796875,473.0335388183594,1298.103759765625,864.1531372070312
137,2.0,58.0,707.0206298828125,467.0586853027344,1366.5526123046875,886.3740844726562
138,2.0,58.0,723.3128051757812,457.5923156738281,1446.8968505859375,912.769287109375
139,2.0,58.0,741.8565673828125,448.9006652832031,1541.2158203125,943.749755859375
140,2.0,58.0,761.0515747070312,438.660400390625,1651.7518310546875,983.753662109375
141,2.0,58.0,780.6414794921875,429.66436767578125,1782.7408447265625,1028.0421142578125
142,2.0,58.0,808.0191040039062,416.9182434082031,1883.0389404296875,1059.82421875
143,2.0,58.0,839.9515991210938,401.6614074707031,1920.0,1073.26318359375
144,2.0,58.0,879.0814819335938,385.63909912109375,1920.0,1079.808349609375
145,2.0,58.0,921.3112182617188,363.3702087402344,1920.0,1080.0
146,2.0,58.0,975.3986206054688,338.69537353515625,1920.0,1079.771240234375
147,2.0,58.0,1037.1275634765625,304.03436279296875,1920.0,1077.1090087890625
148,2.0,58.0,1115.40380859375,266.01593017578125,1920.0,1075.4117431640625
149,2.0,58.0,1215.45751953125,223.4646453857422,1920.0,1076.3717041015625
150,2.0,58.0,1350.123779296875,216.63966369628906,1920.0,1077.69482421875
