129,2.0,30.0,435.3510437011719,417.6007995605469,506.8089599609375,471.8248596191406
130,2.0,30.0,437.7449035644531,419.1104431152344,507.9693603515625,473.9143371582031
131,2.0,30.0,441.2444152832031,418.28662109375,509.67913818359375,474.83306884765625
132,2.0,30.0,442.0810852050781,419.14691162109375,511.224365234375,475.4194030761719
133,2.0,30.0,446.1758728027344,418.5223693847656,512.6242065429688,475.59259033203125
134,2.0,30.0,446.53350830078125,416.42095947265625,514.5966796875,475.7145690917969
135,2.0,30.0,447.84246826171875,416.20965576171875,516.7061157226562,476.0431823730469
136,2.0,30.0,448.5174255371094,416.0703125,518.509521484375,476.4659423828125
137,2.0,30.0,449.34063720703125,416.2867431640625,520.0897827148438,475.9732360839844
138,2.0,30.0,450.3317565917969,416.1551513671875,523.9136352539062,476.47479248046875
139,2.0,30.0,450.9404296875,416.22320556640625,527.1084594726562,476.6181945800781
140,2.0,30.0,453.5347595214844,416.2818603515625,530.18408203125,477.22479248046875
141,2.0,30.0,455.61834716796875,414.80462646484375,532.80224609375,477.9974670410156
142,2.0,30.0,456.7763977050781,413.89825439453125,535.9857177734375,477.9320373535156
143,2.0,30.0,458.23565673828125,413.90057373046875,539.4436645507812,477.6357116699219
144,2.0,30.0,459.0611267089844,413.87554931640625,541.7378540039062,479.359619140625
145,2.0,30.0,460.0171813964844,413.84368896484375,543.1150512695312,480.15484619140625
146,2.0,30.0,460.4228515625,413.8955993652344,545.8949584960938,482.2054443359375
147,2.0,30.0,463.2044677734375,413.6943359375,550.356201171875,483.74755859375
148,2.0,30.0,464.26361083984375,412.06866455078125,554.9854736328125,485.71441650390625
149,2.0,30.0,467.4515380859375,411.44500732421875,558.5856323242188,486.479248046875
150,2.0,30.0,469.1234130859375,410.60064697265625,563.021484375,488.29052734375
151,2.0,30.0,471.1194763183594,409.7215576171875,567.333740234375,489.0414123535156
152,2.0,30.0,472.7267761230469,409.3060607910156,571.118408203125,489.8140563964844
153,2.0,30.0,474.3984069824219,410.0421142578125,575.1807250976562,492.146728515625
154,2.0,30.0,476.6836853027344,410.1116638183594,580.2129516601562,493.60650634765625
155,2.0,30.0,479.2790222167969,409.438720703125,584.9976806640625,496.0771789550781
156,2.0,30.0,482.069580078125,408.57672119140625,591.2044067382812,497.0414733886719
157,2.0,30.0,483.2702941894531,407.530517578125,595.6898803710938,498.550048828125
158,2.0,30.0,484.3482666015625,406.0870666503906,601.2717895507812,499.4510192871094
159,2.0,30.0,485.9243469238281,406.1214294433594,606.8867797851562,501.4097900390625
160,2.0,30.0,490.8724365234375,405.9181823730469,613.2246704101562,503.06884765625
161,2.0,30.0,492.6106262207031,404.62890625,620.7576293945312,504.7754821777344
162,2.0,30.0,496.36114501953125,403.40283203125,625.4536743164062,506.9178771972656
163,2.0,30.0,501.796630859375,403.3538818359375,632.0835571289062,509.7088623046875
164,2.0,30.0,504.28289794921875,403.0659484863281,641.1417846679688,511.9396057128906
165,2.0,30.0,506.0473327636719,402.5174560546875,650.6123046875,513.7648315429688
166,2.0,30.0,509.1939697265625,401.3476257324219,659.0054931640625,516.2167358398438
167,2.0,30.0,513.5472412109375,400.4530944824219,668.2014770507812,518.9808959960938
168,2.0,30.0,516.4789428710938,399.0141906738281,676.7720947265625,521.8456420898438
169,2.0,30.0,520.8963012695312,399.2988586425781,686.0968627929688,525.55126953125
170,2.0,30.0,526.075927734375,398.3803405761719,697.6500244140625,527.150146484375
171,2.0,30.0,530.8394775390625,396.3965759277344,709.306396484375,529.422607421875
172,2.0,30.0,535.4860229492188,394.7557067871094,721.6009521484375,532.4552001953125
173,2.0,30.0,541.6407470703125,391.5200500488281,734.3447875976562,535.6619873046875
174,2.0,30.0,548.9969482421875,389.7680358886719,748.5684814453125,539.9282836914062
175,2.0,30.0,554.5689697265625,388.4532775878906,766.1212768554688,544.8685302734375
176,2.0,30.0,561.763916015625,384.9372253417969,782.5101318359375,549.7252807617188
177,2.0,30.0,569.5313110351562,382.943115234375,801.5110473632812,555.6124267578125
178,2.0,30.0,577.1114501953125,380.9654541015625,823.4093627929688,561.4318237304688
179,2.0,30.0,587.1309204101562,378.9137878417969,846.6942138671875,567.3484497070312
180,2.0,30.0,597.3467407226562,375.99169921875,871.7041625976562,573.0820922851562
181,2.0,30.0,608.305419921875,373.41595458984375,899.4828491210938,581.06201171875
182,2.0,30.0,619.1688842773438,371.5885925292969,931.2575073242188,589.2427978515625
183,2.0,30.0,629.9586181640625,369.1166076660156,966.6657104492188,597.5926513671875
184,2.0,30.0,645.240966796875,364.5491638183594,1006.401611328125,608.8759765625
185,2.0,30.0,660.4524536132812,361.5509338378906,1051.865478515625,622.6969604492188
186,2.0,30.0,677.6556396484375,358.7735900878906,1103.5140380859375,632.8660278320312
187,2.0,30.0,696.3767700195312,353.9438781738281,1164.96337890625,652.11572265625
188,2.0,30.0,717.8760375976562,349.48095703125,1234.4638671875,672.624267578125
189,2.0,30.0,743.5689086914062,343.02490234375,1318.308837890625,695.19921875
190,2.0,30.0,772.7943725585938,337.59112548828125,1419.400390625,724.572998046875
191,2.0,30.0,807.7195434570312,327.14215087890625,1541.81494140625,758.1627807617188
192,2.0,30.0,847.6309814453125,313.0726623535156,1693.9306640625,804.5480346679688
193,2.0,30.0,893.8583984375,299.73260498046875,1846.3800048828125,863.559814453125
194,2.0,30.0,953.2809448242188,284.6696472167969,1911.039794921875,943.6032104492188
195,2.0,30.0,1026.9130859375,267.2279357910156,1920.0,1024.9100341796875
196,2.0,30.0,1120.5587158203125,241.4675750732422,1920.0,1002.2499389648438
197,2.0,30.0,1242.40869140625,212.7689971923828,1920.0,998.223388671875
198,2.0,30.0,1409.7890625,192.34364318847656,1920.0,1026.8397216796875
199,2.0,30.0,1644.604248046875,226.40980529785156,1920.0,1057.2889404296875
