88,2.0,26.0,277.83453369140625,552.3829956054688,341.53826904296875,601.185791015625
89,2.0,26.0,279.3495178222656,552.2421875,343.900634765625,601.2010498046875
90,2.0,26.0,280.123779296875,553.9035034179688,346.003173828125,602.24169921875
91,2.0,26.0,280.5648498535156,551.8309936523438,347.5986022949219,602.578125
92,2.0,26.0,281.7752380371094,550.6048583984375,350.6748046875,602.8899536132812
93,2.0,26.0,281.74493408203125,549.5877685546875,351.764892578125,602.8724365234375
94,2.0,26.0,282.25732421875,549.9869384765625,353.7325744628906,603.6402587890625
95,2.0,26.0,283.76763916015625,548.4195556640625,354.9847106933594,604.5950317382812
96,2.0,26.0,284.8021240234375,548.8276977539062,356.4243469238281,604.8446655273438
98,2.0,26.0,286.6633605957031,544.9752197265625,361.6104736328125,605.8082275390625
99,2.0,26.0,287.8078308105469,544.2041015625,363.12310791015625,606.2306518554688
100,2.0,26.0,289.1258239746094,544.76416015625,364.0921325683594,607.1375122070312
101,2.0,26.0,290.4268493652344,544.77880859375,365.7493896484375,608.0756225585938
102,2.0,26.0,291.5536804199219,544.9940795898438,369.4811096191406,608.3449096679688
103,2.0,26.0,290.9873352050781,545.0726318359375,372.1690368652344,609.1451416015625
104,2.0,26.0,291.8187561035156,546.4165649414062,373.9734802246094,609.7772216796875
105,2.0,26.0,292.83746337890625,545.5911254882812,375.19598388671875,610.3197631835938
106,2.0,26.0,293.5653381347656,543.346435546875,377.807861328125,612.18896484375
107,2.0,26.0,294.9922180175781,542.2073364257812,380.482666015625,613.7142333984375
108,2.0,26.0,297.4146728515625,542.3820190429688,383.60906982421875,614.8614501953125
109,2.0,26.0,299.4254150390625,542.8370361328125,386.3795166015625,616.1527099609375
110,2.0,26.0,300.5890808105469,543.1202392578125,389.19354248046875,618.2821044921875
111,2.0,26.0,302.2992248535156,542.7682495117188,391.89581298828125,618.9993896484375
112,2.0,26.0,302.90509033203125,542.5578002929688,395.32293701171875,620.4010620117188
113,2.0,26.0,304.1375427246094,540.7401123046875,398.5306701660156,621.3963012695312
114,2.0,26.0,305.6322937011719,540.7161865234375,400.5442199707031,621.8485717773438
115,2.0,26.0,307.51422119140625,540.44580078125,403.2730407714844,622.119873046875
116,2.0,26.0,310.12579345703125,540.8936767578125,408.63720703125,622.4308471679688
117,2.0,26.0,312.87567138671875,539.5635986328125,411.72332763671875,623.6592407226562
118,2.0,26.0,313.8395080566406,538.7108154296875,415.0068359375,624.5769653320312
119,2.0,26.0,314.5662536621094,538.1934814453125,419.60516357421875,625.264892578125
120,2.0,26.0,316.04156494140625,536.834228515625,423.641357421875,626.3429565429688
121,2.0,26.0,315.35845947265625,535.0441284179688,427.51739501953125,628.0311279296875
122,2.0,26.0,315.2237854003906,533.0606079101562,431.5690612792969,629.7510375976562
123,2.0,26.0,318.401611328125,532.2871704101562,436.6835632324219,631.6375732421875
124,2.0,26.0,320.34716796875,531.3460693359375,442.1370849609375,632.8065795898438
125,2.0,26.0,322.5943908691406,530.731689453125,446.7781677246094,634.142578125
126,2.0,26.0,324.43865966796875,530.943603515625,451.9150085449219,635.7667236328125
127,2.0,26.0,326.25848388671875,529.163330078125,458.481201171875,638.228271484375
128,2.0,26.0,329.73193359375,528.3702392578125,463.6912536621094,641.1570434570312
129,2.0,26.0,332.8497314453125,528.8278198242188,471.61236572265625,643.1531982421875
130,2.0,26.0,336.3424072265625,528.7679443359375,476.7777099609375,644.5192260742188
131,2.0,26.0,337.3570251464844,528.1932373046875,483.2383728027344,646.4027099609375
132,2.0,26.0,340.08795166015625,526.9647827148438,491.0079650878906,648.69189453125
133,2.0,26.0,342.62652587890625,526.318115234375,499.7060241699219,650.1810913085938
134,2.0,26.0,346.7096862792969,525.6490478515625,507.4782409667969,653.8822021484375
135,2.0,26.0,348.8722839355469,525.0303955078125,516.1944580078125,656.0899658203125
136,2.0,26.0,350.8938293457031,523.4564208984375,526.1409301757812,658.2501831054688
137,2.0,26.0,356.11578369140625,520.1209106445312,535.8446044921875,662.1873168945312
138,2.0,26.0,359.26104736328125,517.0794677734375,546.1354370117188,665.02685546875
139,2.0,26.0,360.859130859375,515.695068359375,558.0523681640625,667.7241821289062
140,2.0,26.0,364.7682189941406,512.971923828125,569.4887084960938,669.341796875
141,2.0,26.0,370.36968994140625,511.0110778808594,583.8932495117188,672.4091796875
142,2.0,26.0,375.6087646484375,508.5572509765625,598.1218872070312,676.2348022460938
143,2.0,26.0,381.61358642578125,504.7834167480469,613.1369018554688,679.5484619140625
144,2.0,26.0,386.8222961425781,502.0261535644531,630.83544921875,684.9896850585938
145,2.0,26.0,392.3599548339844,499.3721008300781,649.8831787109375,691.1911010742188
146,2.0,26.0,400.0099792480469,496.343017578125,669.4100952148438,697.2913208007812
147,2.0,26.0,407.2123107910156,491.657958984375,692.998046875,704.0923461914062
148,2.0,26.0,414.86492919921875,486.989013671875,719.0897827148438,711.812744140625
149,2.0,26.0,424.8349304199219,481.87579345703125,747.1509399414062,720.5403442382812
150,2.0,26.0,434.5862121582031,476.5373840332031,777.4267578125,732.2213134765625
151,2.0,26.0,442.8092346191406,472.7546081542969,813.6792602539062,742.5235595703125
152,2.0,26.0,456.35498046875,470.5446472167969,853.6011352539062,755.00537109375
153,2.0,26.0,468.74420166015625,465.4502258300781,900.6625366210938,769.611328125
154,2.0,26.0,480.877685546875,458.718017578125,951.8239135742188,788.2734985351562
155,2.0,26.0,497.9593811035156,453.4198303222656,1014.603515625,807.13330078125
156,2.0,26.0,515.9076538085938,446.8421630859375,1087.014892578125,828.939697265625
157,2.0,26.0,537.3285522460938,437.1418151855469,1173.02099609375,858.648193359375
158,2.0,26.0,560.3233032226562,425.6507568359375,1277.9217529296875,892.0423583984375
159,2.0,26.0,587.4494018554688,407.6544189453125,1413.8546142578125,933.404296875
160,2.0,26.0,620.0813598632812,395.48583984375,1573.9212646484375,988.0354614257812
161,2.0,26.0,657.991455078125,377.3434143066406,1787.3258056640625,1043.98583984375
162,2.0,26.0,706.60693359375,354.3823547363281,1887.305908203125,1067.5953369140625
163,2.0,26.0,769.1029052734375,323.5533447265625,1920.0,1076.40966796875
164,2.0,26.0,849.3172607421875,280.8582763671875,1920.0,1077.50439453125
165,2.0,26.0,952.3524780273438,228.5504913330078,1920.0,1077.68603515625
166,2.0,26.0,1093.4998779296875,159.72134399414062,1920.0,1077.0316162109375
167,2.0,26.0,1299.138427734375,130.18775939941406,1920.0,1079.31982421875
