12,2.0,9.0,285.7358093261719,564.3392944335938,331.1770324707031,595.4501342773438
13,2.0,9.0,285.6396484375,563.9751586914062,330.1993408203125,594.9732055664062
14,2.0,9.0,286.316650390625,564.0560302734375,330.7362365722656,595.3611450195312
15,2.0,9.0,286.5546875,563.5748291015625,331.8327331542969,595.9423217773438
16,2.0,9.0,286.29364013671875,560.0296020507812,333.6247253417969,596.7481079101562
17,2.0,9.0,286.62823486328125,559.2239990234375,334.5524597167969,597.1036376953125
18,2.0,9.0,287.09344482421875,558.9317626953125,335.1424255371094,596.8385009765625
19,2.0,9.0,287.298828125,559.1605224609375,336.4035339355469,597.05224609375
20,2.0,9.0,287.6218566894531,559.4159545898438,336.9944763183594,597.1287841796875
21,2.0,9.0,288.10650634765625,560.1904907226562,337.5289306640625,596.9054565429688
22,2.0,9.0,288.283203125,561.1412963867188,337.62420654296875,596.6044921875
23,2.0,9.0,288.5411071777344,561.1705322265625,337.46917724609375,596.33154296875
24,2.0,9.0,288.6354675292969,563.6990356445312,337.4996032714844,595.7196044921875
25,2.0,9.0,288.6375427246094,564.6346435546875,338.28765869140625,595.60498046875
26,2.0,9.0,288.58837890625,566.01513671875,338.171142578125,596.1985473632812
27,2.0,9.0,288.2115173339844,564.0886840820312,338.3843994140625,596.1221313476562
28,2.0,9.0,288.18328857421875,562.06884765625,339.1483459472656,596.8886108398438
29,2.0,9.0,288.2704162597656,559.3095703125,339.6214599609375,597.2216796875
30,2.0,9.0,288.18603515625,558.3283081054688,339.9465026855469,597.1923828125
31,2.0,9.0,288.3377380371094,560.2673950195312,340.1805419921875,597.5044555664062
32,2.0,9.0,288.61712646484375,562.0285034179688,340.3140563964844,597.23046875
33,2.0,9.0,289.053955078125,560.6766357421875,341.06903076171875,597.1325073242188
34,2.0,9.0,289.6526794433594,563.066162109375,340.0489501953125,596.24072265625
35,2.0,9.0,290.0903015136719,563.7760009765625,341.13873291015625,596.948974609375
36,2.0,9.0,290.3765869140625,561.8722534179688,342.6786804199219,597.154296875
37,2.0,9.0,290.8953857421875,561.4285888671875,342.3035888671875,597.3567504882812
38,2.0,9.0,292.8244323730469,564.2371826171875,345.8828430175781,598.9002685546875
39,2.0,9.0,293.5796813964844,561.1294555664062,346.41229248046875,599.5142822265625
40,2.0,9.0,293.94842529296875,559.5995483398438,348.4440612792969,599.7750854492188
41,2.0,9.0,294.4762268066406,558.8167114257812,350.5436096191406,599.3839111328125
42,2.0,9.0,294.8354797363281,559.492431640625,352.6670837402344,599.7617797851562
43,2.0,9.0,294.0974426269531,560.0079956054688,351.1109619140625,599.9086303710938
44,2.0,9.0,294.76312255859375,558.9688720703125,354.0603332519531,599.8320922851562
45,2.0,9.0,294.87286376953125,559.6857299804688,356.02618408203125,600.2070922851562
46,2.0,9.0,295.2615051269531,557.7599487304688,355.9666442871094,600.3759765625
47,2.0,9.0,295.624267578125,556.5874633789062,355.6905822753906,600.2002563476562
48,2.0,9.0,295.98492431640625,556.8448486328125,357.1385803222656,600.1315307617188
49,2.0,9.0,295.7614440917969,555.2169799804688,357.3277893066406,600.5249633789062
50,2.0,9.0,295.5461730957031,555.6275024414062,356.8133850097656,601.064697265625
51,2.0,9.0,296.09185791015625,558.21630859375,357.9726867675781,601.1412353515625
52,2.0,9.0,296.3353271484375,561.3764038085938,359.66180419921875,601.6346435546875
53,2.0,9.0,295.9584045410156,559.5936279296875,360.718017578125,602.181396484375
54,2.0,9.0,296.4764404296875,558.9320068359375,362.12579345703125,602.606689453125
55,2.0,9.0,297.4297790527344,556.6364135742188,363.1670227050781,602.4918212890625
56,2.0,9.0,297.6974182128906,555.0925903320312,363.59710693359375,602.4152221679688
57,2.0,9.0,298.2417297363281,555.1557006835938,364.0457458496094,602.1742553710938
58,2.0,9.0,297.6665954589844,553.6803588867188,364.9527282714844,602.6415405273438
59,2.0,9.0,297.406005859375,552.2822875976562,365.1241455078125,602.980712890625
60,2.0,9.0,297.9169616699219,551.6927490234375,365.00079345703125,602.9241943359375
61,2.0,9.0,298.5860290527344,551.1290283203125,364.79931640625,603.1298828125
62,2.0,9.0,299.2557373046875,550.2833251953125,365.4342041015625,603.6305541992188
63,2.0,9.0,299.7221984863281,549.9470825195312,367.0932922363281,604.3126831054688
64,2.0,9.0,300.21929931640625,550.5953369140625,369.4822692871094,604.802734375
65,2.0,9.0,301.0790100097656,550.5411987304688,371.26776123046875,604.8814086914062
66,2.0,9.0,301.7537536621094,549.9095458984375,372.79998779296875,604.9581298828125
67,2.0,9.0,302.41546630859375,549.1298217773438,374.0845947265625,606.1868286132812
68,2.0,9.0,302.4131164550781,548.9686889648438,374.6297302246094,607.2837524414062
69,2.0,9.0,303.2717590332031,549.8790283203125,375.5746765136719,607.2083129882812
70,2.0,9.0,303.5804748535156,550.4552612304688,375.4223937988281,606.7847900390625
71,2.0,9.0,305.0905456542969,549.4252319335938,375.8157958984375,606.85205078125
72,2.0,9.0,306.8314208984375,548.6591796875,377.066650390625,606.9419555664062
75,2.0,9.0,309.3357849121094,543.8858032226562,382.41180419921875,608.2766723632812
76,2.0,9.0,309.9975280761719,543.3727416992188,384.97491455078125,608.2527465820312
77,2.0,9.0,310.6501770019531,544.2225341796875,385.7150573730469,608.5011596679688
78,2.0,9.0,311.01824951171875,545.19775390625,385.99676513671875,608.7504272460938
79,2.0,9.0,312.0248107910156,545.0448608398438,387.19573974609375,609.272216796875
81,2.0,9.0,314.048828125,544.89111328125,389.7239074707031,610.3543701171875
82,2.0,9.0,314.8865966796875,544.7398681640625,392.11639404296875,611.0692749023438
85,2.0,9.0,316.41436767578125,545.1492919921875,397.3045349121094,612.437744140625
86,2.0,9.0,316.9024658203125,545.0344848632812,398.85107421875,613.149658203125
88,2.0,9.0,317.75408935546875,543.6896362304688,402.0700988769531,616.3056640625
89,2.0,9.0,317.4521179199219,543.1262817382812,405.21612548828125,617.2947998046875
90,2.0,9.0,318.4062805175781,541.9489135742188,407.26727294921875,618.6182861328125
91,2.0,9.0,319.78900146484375,542.84912109375,409.555419921875,619.8070068359375
92,2.0,9.0,321.6026916503906,543.306884765625,411.7904357910156,620.6629028320312
93,2.0,9.0,323.17852783203125,543.3623657226562,412.4767150878906,621.2426147460938
94,2.0,9.0,323.9348449707031,543.3228149414062,413.97418212890625,621.5148315429688
95,2.0,9.0,324.6528015136719,543.1232299804688,415.0104064941406,621.80322265625
96,2.0,9.0,325.6189880371094,543.0579833984375,417.82159423828125,621.6895141601562
97,2.0,9.0,325.8797607421875,542.742431640625,420.3695068359375,622.3023071289062
98,2.0,9.0,326.34869384765625,542.6463012695312,422.14434814453125,622.8790283203125
99,2.0,9.0,326.9583435058594,542.225830078125,423.3628845214844,623.1966552734375
100,2.0,9.0,327.43109130859375,541.5579833984375,423.94451904296875,623.6868896484375
101,2.0,9.0,329.3379821777344,541.7371826171875,426.2962341308594,622.644775390625
102,2.0,9.0,330.8316345214844,540.425048828125,429.5788879394531,622.5908813476562
103,2.0,9.0,332.5852966308594,540.128173828125,433.9030456542969,622.9346313476562
104,2.0,9.0,335.0333557128906,539.3007202148438,436.18975830078125,623.857666015625
105,2.0,9.0,336.6203918457031,539.076904296875,437.64532470703125,624.9635620117188
106,2.0,9.0,337.1425476074219,537.9791870117188,440.51763916015625,625.4922485351562
107,2.0,9.0,337.896484375,537.006591796875,443.3367614746094,625.4934692382812
108,2.0,9.0,338.54254150390625,535.7842407226562,446.4770812988281,626.8306884765625
109,2.0,9.0,337.9865417480469,532.8648681640625,449.1312255859375,626.8134765625
110,2.0,9.0,339.1894226074219,533.7572631835938,451.2538757324219,629.2909545898438
111,2.0,9.0,337.9676818847656,533.9434814453125,454.84649658203125,629.7360229492188
112,2.0,9.0,339.22265625,533.7542724609375,459.0293884277344,630.5994262695312
113,2.0,9.0,341.31317138671875,533.5802001953125,461.63568115234375,631.3472290039062
114,2.0,9.0,343.3200378417969,533.7526245117188,464.5146789550781,633.2098388671875
115,2.0,9.0,344.3641357421875,532.3326416015625,468.1492614746094,633.8182373046875
116,2.0,9.0,345.0084228515625,532.1563110351562,471.0325927734375,634.3471069335938
117,2.0,9.0,347.2258605957031,531.3078002929688,474.1009826660156,634.9797973632812
118,2.0,9.0,348.8957214355469,531.6879272460938,477.07208251953125,635.664794921875
119,2.0,9.0,350.85321044921875,531.808837890625,480.5209655761719,636.7459716796875
120,2.0,9.0,353.0074768066406,531.467529296875,484.365478515625,638.0591430664062
121,2.0,9.0,356.5821228027344,530.90478515625,486.6507568359375,640.5079345703125
122,2.0,9.0,357.31475830078125,530.398681640625,490.13677978515625,642.1644897460938
123,2.0,9.0,358.4809875488281,530.6663818359375,494.9085693359375,643.4793090820312
124,2.0,9.0,359.3744201660156,530.0113525390625,497.0590515136719,644.9551391601562
125,2.0,9.0,360.6300354003906,530.3076782226562,503.2655334472656,645.8161010742188
126,2.0,9.0,360.3555603027344,529.9432373046875,508.2830810546875,646.9863891601562
127,2.0,9.0,361.7826843261719,529.5076904296875,511.5221252441406,647.9502563476562
128,2.0,9.0,361.9363708496094,528.609619140625,516.423583984375,648.4357299804688
129,2.0,9.0,363.6642761230469,527.607666015625,520.2009887695312,649.838134765625
130,2.0,9.0,365.82177734375,527.3848876953125,526.20947265625,650.3912963867188
131,2.0,9.0,369.668701171875,527.1701049804688,530.6412353515625,652.2655639648438
132,2.0,9.0,371.7474365234375,526.13330078125,535.6388549804688,653.5459594726562
133,2.0,9.0,372.5502624511719,526.8690795898438,541.7628173828125,656.2186279296875
134,2.0,9.0,372.7599182128906,525.5974731445312,547.5911865234375,656.8265380859375
135,2.0,9.0,375.2658386230469,523.9607543945312,553.2639770507812,659.4202880859375
136,2.0,9.0,378.4512023925781,522.0789184570312,559.2557373046875,661.0460205078125
137,2.0,9.0,381.6014099121094,520.0010375976562,566.2223510742188,663.2359619140625
138,2.0,9.0,383.4540100097656,519.976806640625,572.3114624023438,664.5375366210938
139,2.0,9.0,384.3130187988281,518.2862548828125,578.3834228515625,666.1801147460938
140,2.0,9.0,388.7080383300781,517.5233154296875,584.9530639648438,667.6015014648438
141,2.0,9.0,391.7950744628906,514.8328857421875,591.8841552734375,668.54833984375
142,2.0,9.0,394.2454833984375,513.3353881835938,601.4385986328125,669.8248291015625
143,2.0,9.0,398.4698486328125,510.9075622558594,609.9828491210938,671.6697998046875
144,2.0,9.0,403.000244140625,509.25067138671875,617.7249755859375,673.6478271484375
145,2.0,9.0,405.9679260253906,508.01318359375,626.2134399414062,675.1936645507812
146,2.0,9.0,408.1745910644531,506.0780334472656,635.4775390625,677.7162475585938
147,2.0,9.0,411.5773620605469,505.68505859375,646.122314453125,680.2659912109375
148,2.0,9.0,415.626953125,503.716552734375,655.3184814453125,682.9296875
149,2.0,9.0,418.37933349609375,502.9036865234375,665.9118041992188,686.605224609375
150,2.0,9.0,422.8318786621094,501.31927490234375,677.3859252929688,689.958251953125
151,2.0,9.0,428.3767395019531,499.6328125,689.353515625,693.9434204101562
152,2.0,9.0,431.7454833984375,498.4368591308594,702.204833984375,698.4873657226562
153,2.0,9.0,435.5352478027344,496.0002136230469,715.7775268554688,702.3468017578125
154,2.0,9.0,440.8523254394531,493.1761474609375,730.2431640625,704.9364013671875
155,2.0,9.0,447.42657470703125,490.87554931640625,745.3112182617188,708.7857055664062
156,2.0,9.0,452.76556396484375,487.91033935546875,761.200439453125,712.6503295898438
157,2.0,9.0,457.72833251953125,485.3857421875,778.1429443359375,718.00048828125
158,2.0,9.0,463.7752990722656,481.9411926269531,794.6676635742188,723.3143310546875
159,2.0,9.0,468.3005676269531,477.9611511230469,814.3809814453125,729.6554565429688
160,2.0,9.0,472.89276123046875,475.32293701171875,834.6715698242188,737.1320190429688
161,2.0,9.0,479.3551025390625,474.4291687011719,855.9775390625,744.6307983398438
162,2.0,9.0,485.5120544433594,474.7622985839844,880.3975219726562,752.2482299804688
163,2.0,9.0,494.2928466796875,471.80194091796875,906.3392333984375,760.2784423828125
164,2.0,9.0,503.8077087402344,469.13079833984375,935.2471923828125,770.004638671875
165,2.0,9.0,512.4216918945312,468.51812744140625,965.7943725585938,779.5137329101562
166,2.0,9.0,521.4189453125,462.2259216308594,997.9356689453125,791.039306640625
167,2.0,9.0,529.8859252929688,458.6016540527344,1034.51416015625,800.116943359375
168,2.0,9.0,540.2706298828125,453.08544921875,1073.811279296875,813.3924560546875
169,2.0,9.0,551.7045288085938,449.14617919921875,1116.992919921875,826.356689453125
170,2.0,9.0,563.1144409179688,444.7787780761719,1166.3995361328125,840.4491577148438
171,2.0,9.0,574.7357177734375,437.47857666015625,1220.9952392578125,859.2843017578125
172,2.0,9.0,589.3419189453125,430.3177185058594,1282.5556640625,879.2516479492188
173,2.0,9.0,605.5751953125,420.8512268066406,1351.9173583984375,900.02099609375
174,2.0,9.0,622.7052612304688,407.9255065917969,1429.4058837890625,924.2828979492188
175,2.0,9.0,639.3573608398438,397.8378601074219,1516.8709716796875,953.3385620117188
176,2.0,9.0,661.2860107421875,392.8124694824219,1620.7520751953125,989.899169921875
177,2.0,9.0,686.056884765625,382.43048095703125,1746.583984375,1026.7620849609375
178,2.0,9.0,710.6459350585938,371.0299987792969,1870.8509521484375,1059.514892578125
179,2.0,9.0,742.1913452148438,360.94110107421875,1920.0,1071.236083984375
180,2.0,9.0,765.5680541992188,344.875732421875,1920.0,1077.0213623046875
181,2.0,9.0,805.2503051757812,323.9045715332031,1920.0,1079.21044921875
182,2.0,9.0,851.2470092773438,301.0621337890625,1920.0,1080.0
183,2.0,9.0,900.5653076171875,272.5912780761719,1920.0,1077.6971435546875
184,2.0,9.0,961.814453125,244.06024169921875,1920.0,1074.6949462890625
185,2.0,9.0,1033.6771240234375,203.250244140625,1920.0,1074.59033203125
186,2.0,9.0,1119.896240234375,162.88104248046875,1920.0,1073.161865234375
187,2.0,9.0,1224.6832275390625,138.37811279296875,1920.0,1074.8944091796875
188,2.0,9.0,1358.125732421875,132.74998474121094,1920.0,1077.3763427734375
189,2.0,9.0,1527.9986572265625,155.9891815185547,1920.0,1075.9403076171875
