73,2.0,60.0,471.65948486328125,567.078857421875,548.044189453125,623.920166015625
74,2.0,60.0,472.4468078613281,567.1199951171875,548.8463134765625,624.1719360351562
75,2.0,60.0,473.31341552734375,566.8931884765625,550.486328125,625.099609375
76,2.0,60.0,474.7228698730469,566.4747314453125,552.7973022460938,625.9826049804688
77,2.0,60.0,475.374755859375,566.3406982421875,554.854248046875,626.823974609375
78,2.0,60.0,476.5677490234375,565.8544311523438,555.651611328125,626.9962768554688
79,2.0,60.0,476.91619873046875,565.3690185546875,556.6610717773438,627.4220581054688
80,2.0,60.0,478.181884765625,564.1614990234375,560.1974487304688,628.6815795898438
81,2.0,60.0,479.88946533203125,563.768310546875,562.7743530273438,628.7407836914062
82,2.0,60.0,480.56256103515625,564.1817626953125,565.1824340820312,629.1821899414062
83,2.0,60.0,480.800048828125,564.2490234375,566.9439697265625,631.364990234375
84,2.0,60.0,480.5348815917969,563.7753295898438,569.021728515625,632.1064453125
85,2.0,60.0,480.5476379394531,563.604248046875,569.8002319335938,632.867919921875
86,2.0,60.0,481.1373596191406,563.1988525390625,572.3038330078125,633.5758666992188
87,2.0,60.0,483.3312072753906,563.185302734375,576.1531982421875,634.1544799804688
88,2.0,60.0,484.3996887207031,562.8922119140625,578.8937377929688,635.3714599609375
89,2.0,60.0,486.2576599121094,562.3075561523438,581.1195678710938,635.2334594726562
90,2.0,60.0,489.7727966308594,562.0081787109375,585.2142333984375,635.97314453125
91,2.0,60.0,490.5562438964844,561.2760009765625,588.0245971679688,637.6698608398438
92,2.0,60.0,491.969970703125,560.6549072265625,590.48828125,639.38232421875
93,2.0,60.0,492.9015808105469,560.699951171875,593.0325317382812,641.3804321289062
94,2.0,60.0,494.1307373046875,559.7161865234375,595.7725830078125,641.4906005859375
95,2.0,60.0,495.080810546875,559.2042236328125,598.1427001953125,642.058837890625
96,2.0,60.0,494.4940185546875,558.6555786132812,602.6010131835938,643.38525390625
97,2.0,60.0,497.1802673339844,559.0687255859375,605.445068359375,644.6969604492188
98,2.0,60.0,500.76629638671875,559.3380737304688,608.289306640625,645.7177124023438
99,2.0,60.0,503.5965576171875,558.7894287109375,612.4022216796875,646.6541137695312
100,2.0,60.0,505.2704772949219,558.2459106445312,615.2791137695312,647.3155517578125
101,2.0,60.0,506.1771545410156,557.4072265625,619.4300537109375,647.6361083984375
102,2.0,60.0,506.6192626953125,557.1671752929688,622.9163208007812,648.6276245117188
103,2.0,60.0,507.3111877441406,556.495849609375,627.4024047851562,649.1548461914062
104,2.0,60.0,509.32110595703125,556.0567626953125,631.7032470703125,649.4697265625
105,2.0,60.0,509.7963562011719,556.0173950195312,636.52490234375,650.3314208984375
106,2.0,60.0,509.61737060546875,555.2083129882812,641.4718017578125,652.4373779296875
107,2.0,60.0,515.427001953125,554.6175537109375,646.9758911132812,653.5233764648438
108,2.0,60.0,519.6199340820312,553.90966796875,651.95556640625,655.7108154296875
109,2.0,60.0,521.453369140625,554.2699584960938,657.5066528320312,656.9180297851562
110,2.0,60.0,525.1300659179688,553.5755004882812,663.9689331054688,658.1409912109375
111,2.0,60.0,526.96875,552.8596801757812,668.9295043945312,659.1058349609375
112,2.0,60.0,529.6470947265625,551.73828125,675.281494140625,661.7862548828125
113,2.0,60.0,530.6467895507812,550.2854614257812,680.833984375,665.2293090820312
114,2.0,60.0,531.2205200195312,549.21484375,686.4122314453125,667.9175415039062
115,2.0,60.0,533.303955078125,548.3072509765625,693.3385009765625,669.7931518554688
116,2.0,60.0,537.264404296875,547.7681884765625,701.4963989257812,671.6017456054688
117,2.0,60.0,542.7261352539062,547.2785034179688,709.1981201171875,673.4368896484375
118,2.0,60.0,546.6978759765625,546.2263793945312,717.72412109375,678.5136108398438
119,2.0,60.0,549.495849609375,545.2831420898438,726.7072143554688,681.8814086914062
120,2.0,60.0,551.5751953125,543.4931640625,735.4177856445312,683.5199584960938
121,2.0,60.0,553.6990356445312,542.8702392578125,744.0525512695312,686.076171875
122,2.0,60.0,557.4952392578125,542.4122314453125,753.9134521484375,688.9891357421875
123,2.0,60.0,559.8722534179688,542.4299926757812,764.4630737304688,692.5802612304688
124,2.0,60.0,563.1773071289062,540.7487182617188,775.3493041992188,695.7779541015625
125,2.0,60.0,567.5947875976562,538.07763671875,788.21240234375,700.504638671875
126,2.0,60.0,573.6509399414062,536.98095703125,801.5492553710938,704.822998046875
127,2.0,60.0,578.407958984375,535.6119384765625,816.1109619140625,708.996337890625
128,2.0,60.0,584.677001953125,534.5469970703125,830.51611328125,712.9039306640625
129,2.0,60.0,589.8007202148438,531.820556640625,846.8392333984375,717.0989379882812
130,2.0,60.0,596.3881225585938,530.40380859375,864.0745239257812,721.3365478515625
131,2.0,60.0,601.8357543945312,528.2970581054688,883.152099609375,726.8692016601562
132,2.0,60.0,609.1817626953125,526.5856323242188,903.6127319335938,731.71337890625
133,2.0,60.0,618.15234375,525.009765625,925.4408569335938,737.4442138671875
134,2.0,60.0,625.4031372070312,523.68505859375,949.89990234375,743.6940307617188
135,2.0,60.0,632.1209716796875,520.4927978515625,978.7694702148438,752.52685546875
136,2.0,60.0,640.9708862304688,516.391357421875,1009.1351318359375,760.8801879882812
137,2.0,60.0,650.5554809570312,512.6306762695312,1040.251953125,771.4183959960938
138,2.0,60.0,659.8367919921875,509.212158203125,1078.6422119140625,781.954833984375
139,2.0,60.0,673.1907958984375,502.1120300292969,1119.4906005859375,792.883056640625
140,2.0,60.0,686.9304809570312,497.6951904296875,1165.895263671875,806.0526733398438
141,2.0,60.0,700.6644287109375,493.22100830078125,1219.0018310546875,823.0482788085938
142,2.0,60.0,716.9191284179688,487.9493408203125,1280.5758056640625,839.0634765625
143,2.0,60.0,734.9290771484375,480.0948791503906,1349.92333984375,861.0779418945312
144,2.0,60.0,753.8744506835938,472.2852783203125,1431.0634765625,885.6842041015625
145,2.0,60.0,775.7389526367188,463.76104736328125,1526.271728515625,911.360107421875
146,2.0,60.0,800.504150390625,451.7832946777344,1638.8367919921875,947.95947265625
147,2.0,60.0,830.4242553710938,443.19769287109375,1772.09375,993.6016235351562
148,2.0,60.0,862.4937133789062,432.1666564941406,1878.60888671875,1043.19091796875
149,2.0,60.0,900.9781494140625,418.28607177734375,1920.0,1066.1607666015625
150,2.0,60.0,946.4584350585938,399.46759033203125,1920.0,1078.547607421875
152,2.0,60.0,1068.6923828125,351.8757629394531,1920.0,1079.960693359375
153,2.0,60.0,1149.79638671875,316.49951171875,1920.0,1078.38623046875
154,2.0,60.0,1257.2667236328125,279.1339111328125,1920.0,1078.4522705078125
155,2.0,60.0,1397.1075439453125,254.9442138671875,1920.0,1079.0980224609375
