73,2.0,34.0,274.8026428222656,562.6766967773438,317.3623962402344,592.0931396484375
74,2.0,34.0,274.9389343261719,563.6585083007812,318.3225402832031,592.442626953125
75,2.0,34.0,275.3872985839844,563.5966186523438,318.7065124511719,592.41064453125
76,2.0,34.0,275.60809326171875,563.142578125,318.9528503417969,592.2701416015625
77,2.0,34.0,275.6936950683594,562.7483520507812,318.4325866699219,593.2174682617188
78,2.0,34.0,276.33447265625,560.1810302734375,318.9509582519531,593.874267578125
79,2.0,34.0,276.42730712890625,558.0772094726562,320.7151794433594,594.5889892578125
80,2.0,34.0,276.1727600097656,557.1438598632812,322.33868408203125,595.6049194335938
81,2.0,34.0,276.5728454589844,556.9531860351562,322.8392639160156,595.8938598632812
82,2.0,34.0,277.3488464355469,557.8092651367188,324.7359313964844,596.1685791015625
83,2.0,34.0,277.34930419921875,557.258056640625,328.48248291015625,596.925537109375
84,2.0,34.0,277.92724609375,557.6564331054688,330.91162109375,597.3114013671875
85,2.0,34.0,277.61279296875,557.7937622070312,332.82891845703125,597.7389526367188
86,2.0,34.0,278.3658142089844,558.4705200195312,333.6153869628906,597.7711791992188
87,2.0,34.0,279.55401611328125,558.2698974609375,334.7249755859375,598.2659301757812
88,2.0,34.0,280.2036437988281,558.6019287109375,335.64373779296875,597.4409790039062
89,2.0,34.0,281.5621032714844,559.9034423828125,337.555908203125,596.6180419921875
90,2.0,34.0,283.26739501953125,560.1604614257812,338.3192443847656,596.9300537109375
91,2.0,34.0,284.2340087890625,557.633056640625,339.2922668457031,598.05126953125
92,2.0,34.0,284.4306335449219,556.8703002929688,340.1678161621094,598.853515625
93,2.0,34.0,285.2309875488281,556.0487060546875,341.715576171875,599.8600463867188
94,2.0,34.0,285.5611877441406,555.7423095703125,343.2048034667969,599.958251953125
95,2.0,34.0,286.1827697753906,555.6349487304688,344.21759033203125,600.1217651367188
96,2.0,34.0,286.684326171875,555.0398559570312,347.243408203125,600.1026611328125
97,2.0,34.0,287.0046081542969,555.5315551757812,349.713134765625,600.252685546875
98,2.0,34.0,288.3970642089844,555.4182739257812,350.97344970703125,600.4777221679688
99,2.0,34.0,290.087890625,559.5869750976562,353.4241027832031,600.8178100585938
100,2.0,34.0,290.84521484375,559.9451904296875,352.2700500488281,601.1138916015625
101,2.0,34.0,290.8018493652344,560.3801879882812,356.6665954589844,601.3447265625
102,2.0,34.0,291.97442626953125,556.37109375,358.2699890136719,602.6361083984375
103,2.0,34.0,292.61822509765625,552.8443603515625,362.00830078125,603.34326171875
104,2.0,34.0,293.1385498046875,550.892333984375,362.6780090332031,603.6932983398438
105,2.0,34.0,293.4887390136719,550.5413818359375,364.385498046875,604.1266479492188
106,2.0,34.0,295.90753173828125,550.0325317382812,365.9671630859375,605.358154296875
107,2.0,34.0,297.18231201171875,549.6484375,366.9801940917969,605.3515625
108,2.0,34.0,298.7142028808594,549.6343383789062,370.405517578125,605.7992553710938
109,2.0,34.0,300.6495666503906,549.2591552734375,373.56866455078125,606.1353149414062
110,2.0,34.0,301.7773132324219,549.4193115234375,375.4984130859375,608.1376342773438
111,2.0,34.0,302.8641357421875,547.7940063476562,377.090087890625,609.4752807617188
112,2.0,34.0,304.4989013671875,547.4720458984375,380.869873046875,610.0153198242188
113,2.0,34.0,305.7899169921875,547.0856323242188,383.47662353515625,609.98974609375
114,2.0,34.0,306.97711181640625,545.6237182617188,386.5910339355469,610.7283935546875
115,2.0,34.0,308.9244079589844,544.8800048828125,388.65594482421875,612.336669921875
116,2.0,34.0,311.40277099609375,544.72705078125,392.9129943847656,612.9497680664062
117,2.0,34.0,313.1343078613281,544.3329467773438,395.4072265625,614.5806274414062
118,2.0,34.0,314.04266357421875,543.9925537109375,398.2058410644531,615.1192626953125
119,2.0,34.0,314.5791931152344,543.4806518554688,400.86810302734375,617.6852416992188
120,2.0,34.0,316.02215576171875,543.8948364257812,405.2320251464844,619.6410522460938
121,2.0,34.0,317.69696044921875,543.3173828125,409.6319580078125,620.8983154296875
122,2.0,34.0,319.9349670410156,542.8817138671875,412.7237243652344,622.0556030273438
123,2.0,34.0,322.495849609375,542.064453125,417.50323486328125,622.548583984375
124,2.0,34.0,324.58856201171875,542.3847045898438,421.96160888671875,623.5538940429688
125,2.0,34.0,326.1556701660156,540.9664916992188,424.8807067871094,624.259765625
127,2.0,34.0,330.3687438964844,537.9241333007812,436.0772399902344,626.0718383789062
128,2.0,34.0,333.0126953125,537.0980224609375,441.21417236328125,626.42041015625
129,2.0,34.0,334.374755859375,535.4273071289062,447.2106018066406,627.53466796875
130,2.0,34.0,336.2726135253906,535.7015380859375,452.4803161621094,629.3931274414062
131,2.0,34.0,338.34234619140625,535.3303833007812,458.8701171875,632.478759765625
132,2.0,34.0,340.56878662109375,534.07275390625,465.21392822265625,634.1307983398438
133,2.0,34.0,343.78460693359375,533.4577026367188,474.7843933105469,636.8826293945312
134,2.0,34.0,347.5259094238281,532.6455078125,481.6553039550781,639.2779541015625
135,2.0,34.0,350.1130676269531,531.0734252929688,487.1139221191406,642.2732543945312
136,2.0,34.0,353.0231018066406,528.8580932617188,495.3597717285156,644.7591552734375
137,2.0,34.0,357.3567810058594,527.3943481445312,504.4753723144531,646.7772216796875
138,2.0,34.0,359.5990905761719,526.8716430664062,513.2470092773438,648.48828125
139,2.0,34.0,361.6067810058594,526.1260986328125,523.8927001953125,650.8067626953125
140,2.0,34.0,367.2775573730469,525.2655639648438,533.7171630859375,653.9771118164062
141,2.0,34.0,372.0157165527344,524.127685546875,544.9507446289062,657.3788452148438
142,2.0,34.0,375.72625732421875,521.7294311523438,557.6211547851562,660.9491577148438
143,2.0,34.0,380.5079040527344,518.7219848632812,571.1298828125,664.638916015625
144,2.0,34.0,385.3492736816406,516.0009155273438,586.0664672851562,667.4669189453125
145,2.0,34.0,391.5772705078125,513.6504516601562,601.6473999023438,669.6630249023438
146,2.0,34.0,399.0289306640625,511.23919677734375,618.8603515625,674.3012084960938
147,2.0,34.0,405.76416015625,507.3828125,637.1157836914062,678.1549682617188
148,2.0,34.0,413.5292663574219,503.5591125488281,657.150146484375,684.2109375
149,2.0,34.0,422.42413330078125,499.5422058105469,680.7210083007812,691.4805297851562
150,2.0,34.0,430.5849304199219,494.1984558105469,706.847900390625,698.84130859375
151,2.0,34.0,442.25640869140625,487.80902099609375,736.916748046875,707.0728759765625
152,2.0,34.0,452.5058288574219,484.54119873046875,770.7089233398438,712.3988647460938
153,2.0,34.0,464.6407165527344,477.8995666503906,808.7385864257812,724.8303833007812
154,2.0,34.0,477.28228759765625,475.75946044921875,852.408935546875,740.5774536132812
155,2.0,34.0,493.9076232910156,472.2528381347656,903.5,755.2627563476562
156,2.0,34.0,510.9827880859375,463.4855651855469,963.6605224609375,772.864501953125
157,2.0,34.0,530.9574584960938,453.7364807128906,1031.6439208984375,793.0884399414062
158,2.0,34.0,553.3082885742188,446.6886291503906,1116.625244140625,817.609619140625
159,2.0,34.0,579.7467041015625,437.0455322265625,1222.60498046875,850.2677001953125
160,2.0,34.0,611.1988525390625,423.1248779296875,1353.378662109375,889.5760498046875
161,2.0,34.0,649.8052978515625,404.143310546875,1520.7042236328125,941.481201171875
162,2.0,34.0,695.1973876953125,384.306396484375,1742.743408203125,1007.3275146484375
163,2.0,34.0,755.2010498046875,361.2069091796875,1867.8428955078125,1051.0758056640625
164,2.0,34.0,827.7633666992188,330.14495849609375,1920.0,1069.55908203125
165,2.0,34.0,929.6701049804688,284.3774108886719,1920.0,1073.2056884765625
166,2.0,34.0,1072.9691162109375,224.54579162597656,1920.0,1075.515869140625
167,2.0,34.0,1281.78173828125,182.45086669921875,1920.0,1079.7708740234375
