15,2.0,70.0,422.393798828125,584.4212646484375,463.9837341308594,615.44921875
16,2.0,70.0,422.6333923339844,582.7941284179688,465.1168518066406,616.6011962890625
17,2.0,70.0,422.22296142578125,583.678955078125,465.6169128417969,617.096923828125
18,2.0,70.0,423.1124572753906,583.3011474609375,467.1153869628906,617.25537109375
19,2.0,70.0,423.5506286621094,583.115478515625,469.0499267578125,617.3467407226562
20,2.0,70.0,424.46417236328125,582.5054321289062,471.2598876953125,617.1677856445312
21,2.0,70.0,425.6235046386719,582.2576293945312,471.38720703125,616.6430053710938
22,2.0,70.0,426.2178955078125,582.73388671875,471.5743713378906,616.6130981445312
23,2.0,70.0,426.941650390625,582.0640869140625,472.4151611328125,616.9390869140625
24,2.0,70.0,427.2523193359375,581.9317626953125,472.96875,617.0870971679688
25,2.0,70.0,427.7597961425781,583.920654296875,473.12689208984375,617.126708984375
26,2.0,70.0,428.4246520996094,583.1395874023438,473.5570068359375,617.5084838867188
27,2.0,70.0,428.6147766113281,580.195068359375,474.5989685058594,618.3092041015625
28,2.0,70.0,428.6590576171875,576.844482421875,475.9590759277344,618.6296997070312
29,2.0,70.0,429.08599853515625,576.095458984375,476.5772705078125,619.2910766601562
30,2.0,70.0,429.04986572265625,576.111572265625,477.3934020996094,619.5150756835938
31,2.0,70.0,429.62677001953125,578.6495361328125,478.8123474121094,620.1563720703125
32,2.0,70.0,430.3157043457031,579.0078125,480.60980224609375,620.377197265625
33,2.0,70.0,431.35955810546875,579.7977905273438,481.3667907714844,620.0794067382812
34,2.0,70.0,431.90618896484375,579.161376953125,482.1413879394531,620.1136474609375
35,2.0,70.0,431.88494873046875,577.6612548828125,482.0047607421875,619.76708984375
36,2.0,70.0,432.09423828125,575.8438720703125,482.8252258300781,619.9503784179688
37,2.0,70.0,431.8820495605469,575.9634399414062,483.5228271484375,620.5169067382812
38,2.0,70.0,431.7315368652344,575.8681030273438,483.47705078125,621.1751098632812
39,2.0,70.0,431.79931640625,575.5426025390625,483.5597839355469,620.9013061523438
40,2.0,70.0,432.39862060546875,576.4408569335938,483.7228698730469,620.50927734375
41,2.0,70.0,432.7633056640625,575.9195556640625,484.54327392578125,621.113525390625
42,2.0,70.0,432.59893798828125,575.8223876953125,485.1618347167969,621.7870483398438
43,2.0,70.0,432.0597229003906,575.3014526367188,486.25909423828125,623.0762329101562
44,2.0,70.0,432.272705078125,575.6395874023438,487.66827392578125,624.1239013671875
45,2.0,70.0,432.6111755371094,575.3912963867188,489.45526123046875,624.7902221679688
46,2.0,70.0,432.6212158203125,575.2274780273438,491.3376159667969,625.9442749023438
47,2.0,70.0,432.5484924316406,575.1664428710938,492.18231201171875,626.5443725585938
48,2.0,70.0,432.4009704589844,574.6400756835938,493.4189147949219,626.2236938476562
49,2.0,70.0,432.72442626953125,574.1478881835938,494.15673828125,626.303466796875
50,2.0,70.0,433.35260009765625,573.6176147460938,495.4989929199219,626.8805541992188
51,2.0,70.0,434.3100891113281,573.195556640625,496.69195556640625,627.8067016601562
53,2.0,70.0,435.1962890625,572.5798950195312,500.385498046875,630.2955932617188
54,2.0,70.0,435.8191223144531,572.4807739257812,501.7843322753906,630.718017578125
55,2.0,70.0,436.2958984375,573.4691162109375,504.64874267578125,631.1459350585938
56,2.0,70.0,436.7850341796875,574.0464477539062,505.50494384765625,630.8648071289062
57,2.0,70.0,437.2929992675781,574.8089599609375,506.92205810546875,631.0447387695312
58,2.0,70.0,437.217529296875,575.7474975585938,508.5462951660156,631.2417602539062
59,2.0,70.0,438.1670837402344,576.5171508789062,510.1600341796875,632.280029296875
60,2.0,70.0,438.9864196777344,576.3749389648438,510.85479736328125,632.8399658203125
63,2.0,70.0,441.9535827636719,575.60546875,515.5157470703125,633.7703247070312
64,2.0,70.0,442.55853271484375,574.537109375,517.2538452148438,633.831787109375
65,2.0,70.0,443.2879333496094,574.494384765625,519.2595825195312,634.4262084960938
66,2.0,70.0,443.59161376953125,574.1760864257812,521.2749633789062,635.2363891601562
67,2.0,70.0,444.30078125,574.857421875,522.3212280273438,636.4283447265625
70,2.0,70.0,445.44732666015625,572.5313720703125,528.214111328125,638.544677734375
71,2.0,70.0,446.59161376953125,572.0601806640625,530.4688720703125,640.4492797851562
72,2.0,70.0,446.2463684082031,572.1542358398438,533.0345458984375,642.8078002929688
73,2.0,70.0,446.8903503417969,571.800537109375,534.9254760742188,643.665283203125
74,2.0,70.0,448.2115173339844,571.3823852539062,537.4452514648438,644.5086669921875
75,2.0,70.0,448.95556640625,570.4427490234375,539.4957885742188,645.3572387695312
76,2.0,70.0,450.02862548828125,569.7154541015625,543.1937866210938,646.3967895507812
77,2.0,70.0,450.9996032714844,569.6854858398438,545.4315795898438,647.0499877929688
78,2.0,71.0,454.1775207519531,569.674072265625,548.11865234375,647.495849609375
79,2.0,71.0,455.776611328125,569.4697265625,551.4744873046875,648.637939453125
80,2.0,70.0,455.605224609375,569.5135498046875,555.185302734375,649.9385986328125
81,2.0,70.0,455.9743347167969,569.1708984375,558.137939453125,651.1599731445312
82,2.0,70.0,456.0978088378906,569.478759765625,561.810302734375,652.8941650390625
83,2.0,70.0,456.4712829589844,568.93701171875,565.1602783203125,653.7088623046875
84,2.0,70.0,458.23797607421875,568.9763793945312,568.48388671875,656.0870361328125
85,2.0,70.0,459.7852783203125,567.6460571289062,572.235595703125,657.3990478515625
86,2.0,70.0,461.37640380859375,567.5162353515625,576.6425170898438,658.3117065429688
87,2.0,70.0,462.4125061035156,567.561279296875,580.173583984375,659.4780883789062
88,2.0,70.0,463.73858642578125,566.8678588867188,584.3440551757812,661.38818359375
89,2.0,70.0,465.2337341308594,566.4791870117188,588.8079223632812,662.351806640625
90,2.0,70.0,467.540283203125,566.5359497070312,592.8895263671875,663.4371337890625
91,2.0,70.0,469.01873779296875,565.7853393554688,598.2986450195312,665.5713500976562
92,2.0,70.0,472.40625,564.7818603515625,603.7744140625,667.13525390625
93,2.0,70.0,472.9844970703125,562.8753662109375,609.5223999023438,669.1258544921875
94,2.0,70.0,475.1973571777344,561.8104858398438,616.1278686523438,670.9559326171875
95,2.0,70.0,477.2098388671875,560.8577880859375,623.236083984375,673.4043579101562
96,2.0,70.0,478.7627258300781,559.5131225585938,629.3426513671875,677.0242919921875
97,2.0,70.0,480.59808349609375,557.5950317382812,636.676025390625,680.441650390625
98,2.0,70.0,482.9212951660156,556.6265869140625,644.7276000976562,683.0609130859375
99,2.0,70.0,489.1996154785156,555.25830078125,652.2607421875,685.5429077148438
100,2.0,70.0,492.6465759277344,554.4421997070312,661.6077880859375,689.427490234375
101,2.0,70.0,493.3312072753906,552.5907592773438,670.1339111328125,691.411865234375
102,2.0,70.0,494.66632080078125,550.5770263671875,681.3301391601562,695.4058837890625
103,2.0,70.0,497.5366516113281,550.0797119140625,691.1572265625,700.3746948242188
104,2.0,70.0,502.4240417480469,550.1201171875,703.74853515625,704.3753662109375
105,2.0,70.0,504.6075439453125,548.856689453125,715.6914672851562,709.7876586914062
106,2.0,70.0,507.02862548828125,546.865478515625,730.0982666015625,714.8511962890625
107,2.0,70.0,512.2166137695312,545.9196166992188,744.3319702148438,718.437255859375
108,2.0,70.0,518.432861328125,544.0726928710938,760.9859008789062,724.4298095703125
109,2.0,70.0,524.2916870117188,542.2677001953125,779.2825317382812,730.0759887695312
110,2.0,70.0,530.075439453125,540.8321533203125,798.53466796875,739.0654907226562
111,2.0,70.0,537.5413818359375,538.9165649414062,820.1762084960938,744.345458984375
112,2.0,70.0,544.1911010742188,536.8294067382812,843.5390625,750.0777587890625
113,2.0,70.0,551.2142944335938,533.2664794921875,871.2924194335938,757.916259765625
114,2.0,70.0,559.8692626953125,527.4794921875,900.6901245117188,768.1650390625
115,2.0,70.0,568.9959716796875,523.9866943359375,935.4358520507812,780.822021484375
116,2.0,70.0,578.74169921875,518.2989501953125,975.06884765625,795.2299194335938
117,2.0,70.0,589.8070678710938,514.9690551757812,1020.1556396484375,807.3567504882812
118,2.0,70.0,600.7051391601562,507.77008056640625,1072.9111328125,824.0291137695312
119,2.0,70.0,615.521728515625,501.1762390136719,1134.960693359375,844.9450073242188
120,2.0,70.0,630.8862915039062,496.1136474609375,1206.853759765625,873.2530517578125
121,2.0,70.0,649.14892578125,487.14056396484375,1293.8712158203125,901.9384155273438
122,2.0,70.0,671.7510375976562,474.64154052734375,1400.5821533203125,936.7600708007812
123,2.0,70.0,694.5953369140625,460.20648193359375,1534.0997314453125,983.4810180664062
124,2.0,70.0,724.2178955078125,447.53289794921875,1704.3031005859375,1038.2568359375
125,2.0,70.0,759.4549560546875,430.0332946777344,1850.375244140625,1064.6485595703125
126,2.0,70.0,800.115478515625,408.8630065917969,1911.7965087890625,1077.8599853515625
127,2.0,70.0,860.2290649414062,382.2970275878906,1920.0,1080.0
128,2.0,70.0,934.5111694335938,346.0520935058594,1920.0,1079.860595703125
129,2.0,70.0,1031.5174560546875,295.0595703125,1920.0,1077.7325439453125
130,2.0,70.0,1164.9207763671875,239.4849395751953,1920.0,1078.638671875
131,2.0,70.0,1366.843505859375,214.00611877441406,1920.0,1079.728759765625
