19,2.0,4.0,310.7354431152344,547.25634765625,386.3934020996094,609.6058959960938
20,2.0,4.0,311.475830078125,547.1561889648438,386.8155517578125,609.26318359375
21,2.0,4.0,311.6971130371094,547.6622314453125,387.69317626953125,609.649169921875
22,2.0,4.0,312.4418029785156,547.529296875,388.4772644042969,609.73974609375
23,2.0,4.0,312.54736328125,547.204833984375,389.0957336425781,610.6747436523438
24,2.0,4.0,313.2302551269531,546.3058471679688,388.0640869140625,610.97607421875
25,2.0,4.0,313.6368103027344,545.6139526367188,389.17498779296875,611.3093872070312
26,2.0,4.0,314.8432312011719,545.3280029296875,391.6531066894531,611.4956665039062
27,2.0,4.0,315.5325012207031,544.7843017578125,393.9139404296875,611.6746215820312
28,2.0,4.0,315.1374206542969,544.7457275390625,396.7089538574219,612.0035400390625
29,2.0,4.0,315.4848327636719,544.6611328125,397.4747009277344,612.6019287109375
30,2.0,4.0,315.8317565917969,543.8200073242188,398.6614990234375,613.9325561523438
36,2.0,4.0,320.5262756347656,546.1161499023438,408.3575744628906,619.8438110351562
37,2.0,4.0,321.0522155761719,547.0742797851562,409.30987548828125,619.98486328125
38,2.0,4.0,322.4913024902344,546.1903686523438,411.1228332519531,621.1879272460938
39,2.0,4.0,324.1676330566406,545.8521728515625,412.7023620605469,621.6279907226562
40,2.0,4.0,324.9190673828125,545.5226440429688,414.12744140625,621.66162109375
41,2.0,4.0,325.48516845703125,545.5186767578125,415.6141357421875,621.9389038085938
42,2.0,4.0,325.4975280761719,544.77734375,416.39422607421875,621.7156982421875
43,2.0,4.0,325.6976013183594,544.765625,417.5564270019531,622.44873046875
44,2.0,4.0,325.9267883300781,544.4950561523438,418.51953125,623.1402587890625
45,2.0,4.0,326.09765625,544.4218139648438,420.51519775390625,623.4738159179688
46,2.0,4.0,326.6709289550781,544.1770629882812,422.262451171875,623.617431640625
47,2.0,4.0,327.0846252441406,544.0339965820312,423.9134216308594,623.7257080078125
48,2.0,4.0,327.9287414550781,543.9873046875,424.4898376464844,623.4585571289062
49,2.0,4.0,329.3038635253906,543.8194580078125,426.33001708984375,623.6490478515625
50,2.0,4.0,330.0093078613281,543.301025390625,429.28948974609375,624.3120727539062
51,2.0,4.0,331.0651550292969,542.6357421875,431.5896911621094,624.4097900390625
52,2.0,4.0,332.4278259277344,541.59716796875,434.083740234375,624.7752685546875
53,2.0,4.0,333.4665222167969,540.8364868164062,436.76605224609375,625.0430297851562
54,2.0,4.0,334.126220703125,539.5316162109375,438.2935485839844,626.0693969726562
55,2.0,4.0,334.9291076660156,538.922607421875,439.81982421875,627.2597045898438
56,2.0,4.0,335.4007568359375,538.6220092773438,443.262451171875,627.568115234375
57,2.0,4.0,335.88909912109375,538.1526489257812,444.686767578125,628.9559936523438
58,2.0,4.0,335.7982177734375,537.8944091796875,447.56829833984375,630.1171264648438
59,2.0,4.0,335.95758056640625,537.174560546875,450.2063293457031,630.683837890625
60,2.0,4.0,337.8294982910156,536.4764404296875,452.1071472167969,632.3628540039062
62,2.0,4.0,336.8436584472656,534.392822265625,456.9267272949219,633.5928344726562
65,2.0,4.0,341.9951171875,533.8248291015625,464.85968017578125,635.5154418945312
66,2.0,4.0,342.50823974609375,533.5814819335938,467.87518310546875,637.4046020507812
67,2.0,4.0,343.9230041503906,533.6571655273438,470.29315185546875,638.50390625
68,2.0,4.0,345.469482421875,532.6674194335938,472.99310302734375,639.7296752929688
69,2.0,4.0,346.97576904296875,532.7311401367188,475.47271728515625,641.5741577148438
70,2.0,4.0,348.0841369628906,532.4904174804688,479.2224426269531,642.3316650390625
71,2.0,4.0,350.3638916015625,532.24365234375,482.3508605957031,643.4965209960938
72,2.0,4.0,353.0895690917969,532.299072265625,484.86529541015625,644.008544921875
73,2.0,4.0,354.6604309082031,532.460693359375,487.0047302246094,644.802001953125
74,2.0,4.0,356.1022033691406,531.83984375,490.8284606933594,645.3397216796875
75,2.0,4.0,357.377685546875,530.8637084960938,493.7674255371094,646.9180297851562
76,2.0,4.0,357.8402099609375,529.8927001953125,496.7262268066406,647.922119140625
77,2.0,4.0,358.6642761230469,530.072998046875,501.2793884277344,648.5045166015625
78,2.0,4.0,359.0440368652344,530.3983764648438,506.1967468261719,649.5427856445312
79,2.0,4.0,359.9902648925781,529.9393310546875,509.9300537109375,650.659423828125
80,2.0,4.0,360.6488037109375,528.9295654296875,512.7994384765625,652.2246704101562
81,2.0,4.0,360.8841552734375,528.6408081054688,517.7028198242188,653.9371948242188
82,2.0,4.0,361.16473388671875,527.5491333007812,522.5695190429688,655.5846557617188
83,2.0,4.0,362.490234375,527.3968505859375,526.513671875,656.5558471679688
84,2.0,4.0,364.3213195800781,526.8671875,530.8804931640625,658.0947265625
85,2.0,4.0,365.89556884765625,525.3134155273438,534.6798706054688,659.084228515625
86,2.0,4.0,369.583984375,524.2064208984375,539.47216796875,661.9369506835938
87,2.0,4.0,370.5948181152344,523.3655395507812,543.4798583984375,664.5512084960938
88,2.0,4.0,371.06805419921875,523.0460815429688,549.4773559570312,666.194580078125
89,2.0,4.0,372.2501525878906,522.314697265625,555.145263671875,667.3035888671875
90,2.0,4.0,373.9681701660156,520.6234741210938,561.6153564453125,668.5657958984375
91,2.0,4.0,375.52618408203125,519.2532348632812,567.1266479492188,669.719970703125
92,2.0,4.0,377.3993225097656,518.5658569335938,572.9826049804688,669.9208984375
93,2.0,4.0,380.0651550292969,517.5784912109375,578.820068359375,670.9671630859375
94,2.0,4.0,381.9246520996094,516.2570190429688,586.518310546875,673.056884765625
95,2.0,4.0,383.1925048828125,513.5936889648438,591.8140869140625,674.9180297851562
96,2.0,4.0,384.4907531738281,512.495361328125,600.0972900390625,675.4318237304688
97,2.0,4.0,386.6221618652344,510.8379821777344,607.982421875,677.4578857421875
98,2.0,4.0,389.9333190917969,509.0580749511719,615.0169677734375,679.7254638671875
99,2.0,4.0,393.2899169921875,507.2216491699219,623.3042602539062,683.0501098632812
100,2.0,4.0,396.6304626464844,506.12554931640625,631.9102783203125,686.7217407226562
101,2.0,4.0,400.6302490234375,504.3511657714844,640.3762817382812,688.4288940429688
102,2.0,4.0,403.69989013671875,503.01708984375,650.9447021484375,691.6268310546875
103,2.0,4.0,406.3205261230469,501.8674011230469,660.9003295898438,694.961181640625
104,2.0,4.0,409.0952453613281,499.818115234375,670.4508056640625,698.4247436523438
105,2.0,4.0,412.41864013671875,499.2032470703125,681.8790283203125,701.753173828125
106,2.0,4.0,415.5585021972656,498.336181640625,692.6759643554688,705.572021484375
107,2.0,4.0,419.1961364746094,495.3441467285156,704.7883911132812,710.171875
108,2.0,4.0,423.8623046875,493.5440368652344,717.6566772460938,714.3971557617188
109,2.0,4.0,428.1728210449219,489.9374084472656,731.862060546875,718.8388061523438
110,2.0,4.0,431.0942077636719,488.01239013671875,745.2297973632812,723.3208618164062
111,2.0,4.0,434.7568664550781,484.418212890625,760.6953735351562,728.92431640625
112,2.0,4.0,442.11773681640625,480.2662658691406,776.1157836914062,735.9159545898438
113,2.0,4.0,447.9317932128906,478.33184814453125,793.6534423828125,741.84033203125
114,2.0,4.0,454.6577453613281,477.0511474609375,812.7310791015625,748.273193359375
115,2.0,4.0,459.6543273925781,476.0720520019531,831.669921875,753.54296875
116,2.0,4.0,464.9617919921875,473.75372314453125,852.2817993164062,761.2130126953125
117,2.0,4.0,471.3941345214844,472.0843200683594,875.0032958984375,768.1587524414062
118,2.0,4.0,477.07061767578125,470.49908447265625,900.3605346679688,775.8482055664062
119,2.0,4.0,481.03955078125,466.7806091308594,927.8854370117188,786.990966796875
120,2.0,4.0,487.006103515625,462.7703552246094,955.17578125,797.8786010742188
121,2.0,4.0,495.675048828125,459.6585693359375,988.413330078125,807.9308471679688
122,2.0,4.0,503.3417053222656,456.6921081542969,1021.2709350585938,820.6653442382812
123,2.0,4.0,512.160888671875,452.3917541503906,1058.446044921875,831.7372436523438
124,2.0,4.0,521.2403564453125,447.87200927734375,1098.83251953125,844.4994506835938
125,2.0,4.0,530.4650268554688,443.8453674316406,1144.4908447265625,861.4244995117188
126,2.0,4.0,541.315673828125,434.678466796875,1196.39453125,878.431640625
127,2.0,4.0,552.2677612304688,429.2107238769531,1251.0013427734375,897.2402954101562
128,2.0,4.0,564.9088134765625,420.47900390625,1317.4879150390625,919.2452392578125
129,2.0,4.0,578.2406616210938,408.7518005371094,1390.8876953125,943.1612548828125
130,2.0,4.0,592.0345458984375,401.5125732421875,1471.0804443359375,971.7000732421875
131,2.0,4.0,610.3070678710938,395.4599609375,1562.5052490234375,1006.278564453125
132,2.0,4.0,627.6917724609375,387.4565124511719,1673.201171875,1040.572998046875
133,2.0,4.0,652.4087524414062,373.9772644042969,1790.930419921875,1064.1488037109375
134,2.0,4.0,667.2911376953125,365.3525085449219,1889.2083740234375,1072.832275390625
135,2.0,4.0,676.647705078125,350.9462585449219,1920.0,1078.480224609375
136,2.0,4.0,710.869873046875,333.4759521484375,1920.0,1078.7060546875
137,2.0,4.0,745.7175903320312,310.9016418457031,1920.0,1080.0
138,2.0,4.0,789.4402465820312,283.6130065917969,1920.0,1076.066650390625
139,2.0,4.0,834.587890625,257.602294921875,1920.0,1073.732421875
140,2.0,4.0,885.4006958007812,233.44720458984375,1920.0,1073.3060302734375
141,2.0,4.0,946.45751953125,187.4813995361328,1920.0,1073.509765625
142,2.0,4.0,1020.8012084960938,133.72698974609375,1920.0,1073.2935791015625
143,2.0,4.0,1108.1614990234375,101.88187408447266,1920.0,1073.0697021484375
144,2.0,4.0,1217.9931640625,89.73870849609375,1920.0,1074.15966796875
145,2.0,4.0,1353.3951416015625,100.30387115478516,1920.0,1073.713623046875
146,2.0,4.0,1531.706787109375,125.08941650390625,1920.0,1071.2994384765625
