75,2.0,23.0,276.3027038574219,562.0394287109375,328.173828125,597.652099609375
76,2.0,23.0,275.764892578125,562.4982299804688,330.6208801269531,597.8057861328125
77,2.0,23.0,276.015869140625,562.4908447265625,332.0505065917969,598.3112182617188
78,2.0,23.0,276.6041259765625,561.5687255859375,333.3177490234375,598.9217529296875
79,2.0,23.0,276.3952941894531,558.5023803710938,335.01910400390625,599.4833984375
80,2.0,23.0,276.69732666015625,556.62060546875,336.07208251953125,599.8947143554688
81,2.0,23.0,277.6025695800781,556.2105102539062,337.6863708496094,600.2232666015625
82,2.0,23.0,278.24420166015625,557.366455078125,338.4173889160156,600.413330078125
83,2.0,23.0,278.7008972167969,557.6873168945312,339.2951354980469,601.029541015625
84,2.0,23.0,278.2738342285156,557.0638427734375,340.7220764160156,601.2423706054688
85,2.0,23.0,279.6910400390625,556.1846313476562,341.2611389160156,601.3868408203125
86,2.0,23.0,281.2770080566406,556.6190185546875,341.6072082519531,601.168701171875
87,2.0,23.0,281.7222595214844,556.9085083007812,342.2653503417969,601.9930419921875
88,2.0,23.0,282.194580078125,556.5299682617188,343.0300598144531,602.5753173828125
89,2.0,23.0,282.3619079589844,554.09912109375,346.9031677246094,602.9667358398438
90,2.0,23.0,282.62664794921875,551.9326782226562,349.52215576171875,602.8331909179688
91,2.0,23.0,283.3819885253906,552.6874389648438,351.6163330078125,603.1724853515625
92,2.0,23.0,284.5861511230469,552.3624267578125,351.8946228027344,603.1626586914062
93,2.0,23.0,285.5761413574219,551.817138671875,353.3500671386719,604.2139892578125
94,2.0,23.0,286.0075988769531,552.1094970703125,353.7330627441406,604.0283813476562
95,2.0,23.0,287.0791015625,551.504150390625,355.0618896484375,604.7274780273438
96,2.0,23.0,288.05633544921875,549.984375,358.4435119628906,605.66943359375
97,2.0,23.0,289.5107727050781,549.1761474609375,360.289306640625,606.1298217773438
98,2.0,23.0,290.13616943359375,549.025146484375,361.08526611328125,606.6078491210938
99,2.0,23.0,291.5343933105469,548.6380004882812,363.1946105957031,607.6927490234375
100,2.0,23.0,291.72735595703125,547.8642578125,365.4173583984375,608.812255859375
101,2.0,23.0,292.19342041015625,547.3135986328125,367.3478698730469,609.1686401367188
102,2.0,23.0,293.1190185546875,547.3579711914062,370.28485107421875,609.4918212890625
103,2.0,23.0,293.99603271484375,547.76171875,371.94232177734375,609.837646484375
104,2.0,23.0,294.9248352050781,547.1922607421875,373.2198181152344,609.886474609375
105,2.0,23.0,297.021240234375,547.5785522460938,375.2154846191406,610.427490234375
106,2.0,23.0,299.24920654296875,547.6295776367188,377.60107421875,611.8258056640625
107,2.0,23.0,299.9464416503906,547.2010498046875,381.46417236328125,612.72412109375
108,2.0,23.0,301.3157653808594,547.4257202148438,384.03497314453125,614.03271484375
109,2.0,23.0,302.8884582519531,547.0528564453125,386.5056457519531,615.3604125976562
110,2.0,23.0,303.7784118652344,546.54248046875,388.3746337890625,616.1963500976562
111,2.0,23.0,304.7293395996094,544.7701416015625,391.05462646484375,617.5951538085938
112,2.0,23.0,306.4608154296875,543.5003051757812,394.1944885253906,618.871337890625
113,2.0,23.0,308.2220153808594,543.879150390625,397.40216064453125,619.1931762695312
114,2.0,23.0,310.49285888671875,544.4678344726562,400.17071533203125,620.2206420898438
115,2.0,23.0,312.5002136230469,543.085205078125,401.5754699707031,620.64599609375
116,2.0,23.0,313.0054626464844,543.6720581054688,405.6260986328125,621.7119750976562
117,2.0,23.0,313.57965087890625,542.6158447265625,410.2884216308594,622.6702880859375
118,2.0,23.0,314.1424865722656,542.2974853515625,413.14373779296875,623.2573852539062
119,2.0,23.0,315.6213684082031,540.4293823242188,415.8936767578125,624.05517578125
121,2.0,23.0,319.047119140625,538.9686889648438,424.4140930175781,625.2969360351562
122,2.0,23.0,322.6360168457031,538.6239624023438,427.07110595703125,625.8883666992188
123,2.0,23.0,324.05712890625,536.506103515625,431.38427734375,627.2526245117188
124,2.0,23.0,325.83343505859375,534.9713745117188,436.8641662597656,628.8121337890625
125,2.0,23.0,326.0367126464844,534.767822265625,440.6735534667969,631.2489624023438
126,2.0,23.0,328.36834716796875,534.2778930664062,446.7780456542969,630.9183349609375
127,2.0,23.0,330.6219482421875,533.8945922851562,451.1002197265625,632.7090454101562
128,2.0,23.0,333.9232177734375,532.7997436523438,457.4530029296875,633.9130249023438
129,2.0,23.0,335.62615966796875,532.605224609375,461.22760009765625,635.0838012695312
130,2.0,23.0,336.6788330078125,532.1693115234375,468.35235595703125,638.0219116210938
131,2.0,23.0,338.1527099609375,532.124267578125,475.2303466796875,639.9828491210938
132,2.0,23.0,339.5804138183594,531.7062377929688,480.2841796875,641.5153198242188
133,2.0,23.0,342.1878967285156,531.1292114257812,484.9281921386719,643.6649169921875
134,2.0,23.0,346.1960754394531,530.434326171875,491.4187316894531,645.43798828125
135,2.0,23.0,349.75714111328125,528.2911376953125,498.78802490234375,647.2221069335938
136,2.0,23.0,350.7178955078125,527.32666015625,506.7306823730469,648.6828002929688
137,2.0,23.0,353.65673828125,527.0250854492188,513.1060180664062,649.8408813476562
138,2.0,23.0,357.3627014160156,526.5159301757812,520.8292236328125,653.1722412109375
139,2.0,23.0,360.2954406738281,525.8995361328125,529.6559448242188,655.3756103515625
140,2.0,23.0,362.4167175292969,523.526611328125,538.2647705078125,658.1265869140625
141,2.0,23.0,367.0505065917969,521.8602294921875,548.123291015625,660.618896484375
142,2.0,23.0,370.6693420410156,520.5886840820312,558.6436157226562,663.4876708984375
143,2.0,23.0,374.8483581542969,518.00390625,568.9064331054688,665.55517578125
144,2.0,23.0,379.63140869140625,515.6487426757812,580.5230102539062,668.43212890625
145,2.0,23.0,383.5318908691406,513.5887451171875,592.4452514648438,670.1520385742188
146,2.0,23.0,388.48486328125,511.8000183105469,607.0062866210938,672.3304443359375
147,2.0,23.0,394.6925354003906,509.3693542480469,621.085693359375,676.23291015625
148,2.0,23.0,400.5987854003906,506.9220275878906,635.572998046875,679.9153442382812
149,2.0,23.0,406.55517578125,503.7088623046875,653.329833984375,684.213623046875
150,2.0,23.0,413.18170166015625,501.04400634765625,671.2919311523438,689.7915649414062
151,2.0,23.0,419.9482727050781,498.1552429199219,690.6378784179688,694.2582397460938
152,2.0,23.0,428.1728515625,493.58123779296875,712.4307861328125,701.3438720703125
153,2.0,23.0,436.2799072265625,488.75091552734375,735.7181396484375,707.9301147460938
154,2.0,23.0,445.91302490234375,484.4759826660156,762.4911499023438,713.40283203125
155,2.0,23.0,454.6913146972656,480.1161804199219,791.6519775390625,721.5822143554688
156,2.0,23.0,464.37469482421875,475.54876708984375,824.1453247070312,730.2646484375
157,2.0,23.0,474.996826171875,473.86798095703125,860.556396484375,744.1339111328125
158,2.0,23.0,486.7439880371094,470.45440673828125,901.7923583984375,757.54296875
159,2.0,23.0,501.53448486328125,466.5863037109375,946.4216918945312,770.9659423828125
160,2.0,23.0,516.9475708007812,458.614013671875,998.3325805664062,786.4428100585938
161,2.0,23.0,532.9299926757812,452.17022705078125,1059.0582275390625,803.4569091796875
162,2.0,23.0,551.50244140625,447.0664367675781,1128.032470703125,821.9443359375
163,2.0,23.0,571.8060913085938,438.73187255859375,1210.1370849609375,847.4341430664062
164,2.0,23.0,595.2772827148438,427.93994140625,1308.5062255859375,876.0313720703125
165,2.0,23.0,625.20703125,411.1118469238281,1429.190185546875,911.09228515625
166,2.0,23.0,655.9178466796875,399.4898986816406,1569.4422607421875,955.2821044921875
167,2.0,23.0,693.9739990234375,383.6211242675781,1749.4986572265625,1009.6153564453125
168,2.0,23.0,743.0189819335938,367.4173889160156,1871.3770751953125,1052.296142578125
169,2.0,23.0,793.5621337890625,344.0845642089844,1920.0,1072.2315673828125
170,2.0,23.0,861.6471557617188,310.60272216796875,1920.0,1080.0
171,2.0,23.0,947.3464965820312,271.6471252441406,1920.0,1077.5743408203125
172,2.0,23.0,1060.8319091796875,220.4474639892578,1920.0,1078.0966796875
173,2.0,23.0,1209.65283203125,178.57089233398438,1920.0,1076.787109375
174,2.0,23.0,1417.904541015625,169.74046325683594,1920.0,1078.39013671875
