39,2.0,64.0,450.66448974609375,571.0125122070312,506.22784423828125,612.8890991210938
40,2.0,64.0,452.0991516113281,570.9838256835938,507.1056213378906,612.9526977539062
41,2.0,64.0,452.8192443847656,571.0465087890625,508.5650939941406,613.05224609375
45,2.0,64.0,454.54248046875,570.602294921875,513.6685791015625,614.048095703125
46,2.0,64.0,454.85443115234375,570.0868530273438,514.9380493164062,614.8854370117188
47,2.0,64.0,455.58746337890625,571.7747802734375,516.5747680664062,615.727294921875
48,2.0,64.0,456.05010986328125,572.7382202148438,518.1616821289062,616.9989624023438
49,2.0,64.0,456.0691833496094,572.76513671875,520.123046875,617.6529541015625
50,2.0,64.0,456.906494140625,572.2152709960938,521.7369384765625,617.7738647460938
51,2.0,64.0,457.9647521972656,572.0253295898438,522.649169921875,617.539306640625
52,2.0,64.0,458.8164978027344,573.2220458984375,522.4660034179688,617.5589599609375
54,2.0,64.0,460.3648376464844,572.562255859375,523.0302734375,620.0328369140625
55,2.0,64.0,460.5921630859375,569.7046508789062,525.2887573242188,621.2317504882812
56,2.0,64.0,460.7781066894531,567.6000366210938,527.1309204101562,621.5368041992188
57,2.0,64.0,461.2707214355469,566.6639404296875,528.7808837890625,622.1675415039062
58,2.0,64.0,462.1170654296875,565.9794311523438,530.3463745117188,622.4277954101562
59,2.0,64.0,462.5167541503906,565.6494140625,530.7431640625,622.6339721679688
61,2.0,64.0,464.6940612792969,566.04638671875,532.9916381835938,623.164306640625
62,2.0,64.0,465.8685607910156,566.0114135742188,534.9125366210938,623.30322265625
63,2.0,64.0,466.5977478027344,566.4368286132812,536.51904296875,623.2619018554688
65,2.0,64.0,467.3984375,566.3317260742188,540.5686645507812,624.220703125
69,2.0,64.0,469.8461608886719,566.14208984375,546.8013305664062,625.0534057617188
74,2.0,64.0,473.06658935546875,563.024169921875,557.58203125,630.0563354492188
76,2.0,64.0,475.9268798828125,563.2747192382812,562.8096923828125,632.9463500976562
77,2.0,64.0,477.2527160644531,563.5050659179688,564.8336791992188,633.4149169921875
78,2.0,64.0,478.19659423828125,563.2767944335938,567.8145751953125,633.9605102539062
79,2.0,64.0,479.618896484375,562.5225830078125,570.0413208007812,633.9581909179688
80,2.0,64.0,480.57257080078125,562.0506591796875,571.362548828125,634.7776489257812
81,2.0,64.0,480.391357421875,561.39111328125,574.654541015625,635.73095703125
82,2.0,64.0,480.7290954589844,560.5513305664062,578.0349731445312,636.6148681640625
83,2.0,64.0,481.2202453613281,560.4046630859375,580.259765625,637.9435424804688
84,2.0,64.0,482.3198547363281,560.278076171875,582.4080810546875,639.363037109375
85,2.0,64.0,484.9141540527344,559.9754638671875,586.1622924804688,641.5028686523438
86,2.0,64.0,485.8662109375,559.9028930664062,588.78857421875,643.1052856445312
87,2.0,64.0,487.8748779296875,559.6539916992188,591.7188720703125,643.8027954101562
88,2.0,64.0,489.01959228515625,559.1104125976562,594.2417602539062,644.7435913085938
89,2.0,64.0,490.5853576660156,558.6131591796875,597.5728759765625,645.3682250976562
90,2.0,64.0,491.9935302734375,558.123291015625,601.5140991210938,646.2936401367188
91,2.0,64.0,493.2215576171875,558.523193359375,604.8597412109375,646.8016967773438
92,2.0,64.0,495.78057861328125,558.2814331054688,608.7640380859375,647.528076171875
93,2.0,64.0,495.6869201660156,557.7012939453125,613.1193237304688,648.411865234375
94,2.0,64.0,497.9909973144531,557.3330078125,616.210205078125,649.642333984375
95,2.0,64.0,501.29766845703125,557.0244140625,620.8616333007812,650.2914428710938
96,2.0,64.0,502.9517822265625,555.418212890625,625.4378051757812,651.8187255859375
97,2.0,64.0,505.1269836425781,554.6804809570312,629.0563354492188,653.490234375
98,2.0,64.0,506.3973083496094,554.08447265625,633.2210083007812,655.7461547851562
99,2.0,64.0,507.52386474609375,553.1229248046875,639.0287475585938,657.075927734375
100,2.0,64.0,507.72900390625,552.7960205078125,644.8456420898438,658.5521240234375
101,2.0,64.0,507.0206604003906,552.0831909179688,650.1849975585938,660.1600341796875
102,2.0,64.0,508.5250549316406,551.1778564453125,655.6287231445312,663.0996704101562
103,2.0,64.0,510.1678466796875,550.6973876953125,661.7528686523438,666.2320556640625
104,2.0,64.0,512.9026489257812,549.9392700195312,668.9248046875,668.7091674804688
105,2.0,64.0,515.7491455078125,548.9867553710938,674.0424194335938,670.7174072265625
106,2.0,64.0,517.7648315429688,548.4135131835938,680.5192260742188,672.3654174804688
107,2.0,64.0,521.5651245117188,546.487060546875,688.8643798828125,675.1155395507812
108,2.0,64.0,525.038330078125,545.0443115234375,694.4213256835938,678.5242919921875
109,2.0,64.0,528.8026733398438,543.6520385742188,704.5238037109375,682.0028686523438
110,2.0,64.0,529.1221313476562,543.198486328125,712.646728515625,685.8700561523438
111,2.0,64.0,530.8966064453125,542.8062744140625,722.2369995117188,689.7245483398438
112,2.0,64.0,534.8773803710938,542.243408203125,732.2178344726562,693.1796264648438
113,2.0,64.0,537.7041625976562,541.2195434570312,742.8038940429688,695.919921875
114,2.0,64.0,543.3255615234375,539.3756713867188,754.2841796875,701.5242919921875
115,2.0,64.0,545.5621948242188,537.6678466796875,766.5982666015625,706.150146484375
116,2.0,64.0,548.9730834960938,535.8826904296875,780.6253662109375,710.0234985351562
117,2.0,64.0,553.09423828125,533.8919067382812,794.6251220703125,715.229248046875
118,2.0,64.0,558.0223388671875,532.495361328125,809.7739868164062,719.3372802734375
119,2.0,64.0,562.5763549804688,531.08984375,827.4528198242188,724.0341796875
120,2.0,64.0,569.9005126953125,528.8538208007812,845.9420166015625,729.7314453125
121,2.0,64.0,575.5045166015625,527.1917724609375,866.8662719726562,736.9853515625
122,2.0,64.0,583.22119140625,525.2760009765625,889.74462890625,741.981201171875
123,2.0,64.0,590.4863891601562,523.649658203125,914.6407470703125,750.7622680664062
124,2.0,64.0,598.0409545898438,519.834228515625,941.8695068359375,760.5302734375
125,2.0,64.0,606.3146362304688,514.75048828125,972.5359497070312,769.7251586914062
126,2.0,64.0,614.9749755859375,509.89837646484375,1007.7838134765625,782.2005615234375
127,2.0,64.0,623.5426025390625,505.4895935058594,1047.43994140625,792.5138549804688
128,2.0,64.0,634.0375366210938,500.4292297363281,1091.2562255859375,806.2968139648438
129,2.0,64.0,646.1541137695312,495.5645446777344,1141.03173828125,823.4349365234375
130,2.0,64.0,660.1924438476562,489.42523193359375,1200.3468017578125,839.0266723632812
131,2.0,64.0,675.3057861328125,482.3716125488281,1269.6085205078125,862.0226440429688
132,2.0,64.0,693.0415649414062,473.8961486816406,1351.1083984375,889.5569458007812
133,2.0,64.0,713.06982421875,462.2014465332031,1447.8511962890625,924.1392822265625
134,2.0,64.0,735.330078125,450.49786376953125,1567.43798828125,963.9888916015625
135,2.0,64.0,761.8319702148438,440.041015625,1710.3919677734375,1014.5145874023438
136,2.0,64.0,792.4274291992188,428.2801208496094,1853.184326171875,1054.4366455078125
137,2.0,64.0,828.8123779296875,411.0575866699219,1912.671142578125,1071.3052978515625
138,2.0,64.0,877.5269775390625,393.0118713378906,1920.0,1079.788818359375
139,2.0,64.0,933.5899047851562,365.63775634765625,1920.0,1080.0
140,2.0,64.0,1003.3688354492188,337.3077392578125,1920.0,1078.037353515625
141,2.0,64.0,1092.7413330078125,289.150390625,1920.0,1077.763671875
142,2.0,64.0,1214.7562255859375,243.20680236816406,1920.0,1077.423583984375
143,2.0,64.0,1386.99267578125,221.4523468017578,1920.0,1079.85888671875
