80,2.0,16.0,451.4359130859375,414.8439636230469,518.3673095703125,473.78826904296875
81,2.0,16.0,451.73419189453125,415.2987060546875,519.7527465820312,474.00616455078125
82,2.0,16.0,452.5201110839844,415.6243896484375,520.913818359375,474.6246032714844
83,2.0,16.0,452.5735168457031,416.6926574707031,522.169921875,475.27734375
84,2.0,16.0,453.8900451660156,417.53448486328125,523.3387451171875,475.1246032714844
85,2.0,16.0,454.1803283691406,418.7560119628906,524.8876953125,475.78082275390625
86,2.0,16.0,453.89642333984375,417.9942321777344,527.1962280273438,476.8419494628906
87,2.0,16.0,453.9366760253906,416.3573303222656,529.0097045898438,476.85198974609375
88,2.0,16.0,454.6380615234375,414.4380187988281,530.47802734375,476.725830078125
89,2.0,16.0,455.3330383300781,413.8113098144531,531.715087890625,476.59344482421875
90,2.0,16.0,456.1884765625,413.2723693847656,532.7852172851562,477.0806579589844
91,2.0,16.0,457.1266784667969,413.746337890625,533.0018920898438,477.6120300292969
92,2.0,16.0,458.1692810058594,415.0758056640625,535.16259765625,478.44415283203125
93,2.0,16.0,458.45611572265625,415.66485595703125,538.0592041015625,479.2321472167969
94,2.0,16.0,459.2704772949219,415.1669006347656,539.8895263671875,479.2398681640625
95,2.0,16.0,460.2716979980469,413.7762145996094,541.8121337890625,479.7021484375
96,2.0,16.0,460.9390869140625,412.8562316894531,542.6716918945312,479.58160400390625
97,2.0,16.0,460.563720703125,413.25927734375,543.4285888671875,480.20013427734375
98,2.0,16.0,461.26739501953125,413.7251892089844,543.5760498046875,481.2576904296875
99,2.0,16.0,462.35296630859375,413.8978576660156,545.0681762695312,481.6590270996094
100,2.0,16.0,464.5477294921875,414.1998596191406,547.348876953125,482.62884521484375
101,2.0,16.0,465.7377014160156,414.316650390625,549.888916015625,484.2995910644531
102,2.0,16.0,468.41668701171875,414.4501647949219,552.9528198242188,484.4149475097656
103,2.0,16.0,468.4941101074219,412.7454528808594,556.3878173828125,484.640380859375
104,2.0,16.0,469.0129089355469,412.7132263183594,559.3986206054688,484.64959716796875
105,2.0,16.0,470.14617919921875,412.2833557128906,561.8279418945312,486.0009460449219
106,2.0,16.0,470.7524108886719,410.8511962890625,563.98828125,487.8724670410156
107,2.0,16.0,471.1758728027344,410.61053466796875,566.1004028320312,488.95391845703125
108,2.0,16.0,472.9361572265625,410.4638977050781,569.0027465820312,489.2645568847656
109,2.0,16.0,474.6358337402344,409.873779296875,570.974609375,489.6222229003906
110,2.0,16.0,474.6999206542969,409.91925048828125,572.8470458984375,491.115234375
111,2.0,16.0,475.68304443359375,410.1211242675781,576.3502807617188,493.46160888671875
112,2.0,16.0,477.78778076171875,410.3318176269531,578.872802734375,494.5152893066406
113,2.0,16.0,480.0087890625,409.985595703125,582.3920288085938,495.0422668457031
114,2.0,16.0,480.50274658203125,409.046142578125,587.2207641601562,497.0534973144531
115,2.0,16.0,481.9698791503906,408.51446533203125,591.114990234375,498.4750061035156
116,2.0,16.0,482.9273681640625,407.4305114746094,594.0303955078125,498.985595703125
117,2.0,16.0,483.7049255371094,406.54437255859375,596.6768188476562,499.5557556152344
118,2.0,16.0,484.4991149902344,406.05413818359375,598.9058837890625,500.320556640625
119,2.0,16.0,485.8432312011719,406.0425720214844,602.7672119140625,501.2459716796875
120,2.0,16.0,488.33203125,406.054931640625,606.5384521484375,501.9818115234375
121,2.0,16.0,491.29168701171875,405.0442810058594,611.4227294921875,503.4987487792969
122,2.0,16.0,493.3404846191406,404.7432861328125,616.2998657226562,504.6718444824219
123,2.0,16.0,493.4075012207031,403.7845764160156,621.30615234375,506.1187438964844
124,2.0,16.0,496.7587890625,402.8066101074219,626.33544921875,507.2456359863281
125,2.0,16.0,498.79547119140625,402.5722961425781,630.1304321289062,509.7842102050781
126,2.0,16.0,501.8168640136719,402.42657470703125,635.1300659179688,511.0150146484375
127,2.0,16.0,504.2815856933594,402.2461853027344,641.095947265625,512.5823974609375
128,2.0,16.0,505.8315734863281,401.7233581542969,645.94970703125,514.480224609375
129,2.0,16.0,505.9538269042969,401.3193664550781,651.898193359375,516.290283203125
130,2.0,16.0,506.22021484375,400.9457092285156,657.7529907226562,518.7200317382812
131,2.0,16.0,507.38006591796875,400.61163330078125,662.9223022460938,520.8587036132812
132,2.0,16.0,512.395751953125,399.55517578125,668.5673828125,522.5778198242188
133,2.0,16.0,514.6376953125,398.0702819824219,676.4475708007812,524.4382934570312
134,2.0,16.0,517.0510864257812,397.3260498046875,682.8319702148438,525.7551879882812
135,2.0,16.0,520.8516235351562,396.9510803222656,688.3247680664062,527.2616577148438
136,2.0,16.0,524.029052734375,396.4606628417969,697.1246948242188,529.4539794921875
137,2.0,16.0,526.0938110351562,395.5836486816406,704.1909790039062,531.5294799804688
138,2.0,16.0,528.8414916992188,394.5356140136719,713.2667846679688,534.1571655273438
139,2.0,16.0,532.7999267578125,392.17462158203125,722.383544921875,536.99462890625
140,2.0,16.0,536.6426391601562,389.5344543457031,730.8861694335938,540.58056640625
141,2.0,16.0,540.6943969726562,387.69781494140625,741.7180786132812,543.5901489257812
142,2.0,16.0,545.5200805664062,388.3580322265625,751.9527587890625,545.4688110351562
143,2.0,16.0,549.52587890625,386.28216552734375,762.6021118164062,547.6044311523438
144,2.0,16.0,553.18408203125,385.0596618652344,774.4949951171875,549.5560913085938
145,2.0,16.0,557.3037719726562,383.03350830078125,788.2015991210938,555.22998046875
146,2.0,16.0,562.2654418945312,381.11328125,801.2781982421875,560.8671264648438
147,2.0,16.0,568.35888671875,378.7685852050781,816.086669921875,564.04345703125
148,2.0,16.0,574.4533081054688,377.35430908203125,830.49560546875,570.4794311523438
149,2.0,16.0,579.4791870117188,376.0926208496094,847.9531860351562,574.0523071289062
150,2.0,16.0,587.4090576171875,375.4395446777344,865.6402587890625,578.89111328125
151,2.0,16.0,594.272216796875,373.8774108886719,884.3947143554688,584.0498046875
152,2.0,16.0,601.0907592773438,371.3762512207031,905.1808471679688,589.9591674804688
153,2.0,16.0,608.01904296875,368.7703552246094,927.1267700195312,596.1104125976562
154,2.0,16.0,615.4755859375,366.340087890625,950.6842041015625,606.1873168945312
155,2.0,16.0,623.7108764648438,362.177001953125,978.0234985351562,613.0950317382812
156,2.0,16.0,633.6414184570312,360.953125,1007.0941772460938,621.2246704101562
157,2.0,16.0,643.888916015625,360.5043029785156,1040.4739990234375,631.1021728515625
158,2.0,16.0,653.668212890625,357.33062744140625,1076.490966796875,642.3489379882812
159,2.0,16.0,664.84521484375,355.5053405761719,1116.1904296875,656.2994995117188
160,2.0,16.0,678.085693359375,352.6419982910156,1159.9964599609375,666.0557861328125
161,2.0,16.0,691.3690185546875,348.091552734375,1210.50146484375,681.6050415039062
162,2.0,16.0,706.532470703125,343.1459655761719,1267.8062744140625,698.3817749023438
163,2.0,16.0,724.9857177734375,339.530517578125,1331.380859375,717.7191772460938
164,2.0,16.0,744.1043090820312,331.565185546875,1405.663330078125,739.1056518554688
165,2.0,16.0,765.1297607421875,321.8135681152344,1492.438720703125,766.8793334960938
166,2.0,16.0,788.1055908203125,314.2875061035156,1592.479736328125,799.823974609375
167,2.0,16.0,814.3224487304688,303.4709777832031,1712.0081787109375,835.6651000976562
168,2.0,16.0,848.244140625,293.675048828125,1849.2154541015625,882.3645629882812
169,2.0,16.0,882.6796264648438,280.40057373046875,1911.0806884765625,937.5847778320312
170,2.0,16.0,923.9362182617188,269.01055908203125,1920.0,1007.7756958007812
171,2.0,16.0,975.6743774414062,253.04811096191406,1920.0,1059.9166259765625
172,2.0,16.0,1032.8502197265625,233.81698608398438,1920.0,1076.955810546875
173,2.0,16.0,1104.2320556640625,208.79884338378906,1920.0,1068.0765380859375
174,2.0,16.0,1191.08984375,177.82928466796875,1920.0,1068.0863037109375
175,2.0,16.0,1298.6048583984375,155.8957061767578,1920.0,1063.2261962890625
176,2.0,16.0,1440.50244140625,156.67550659179688,1920.0,1075.9808349609375
177,2.0,16.0,1624.0421142578125,190.3063201904297,1920.0,1079.004150390625
