25,2.0,72.0,419.8332824707031,584.9644165039062,459.9856872558594,614.5703735351562
26,2.0,72.0,419.84613037109375,584.90283203125,460.7005615234375,614.647705078125
27,2.0,72.0,420.0894775390625,584.5196533203125,461.0229797363281,615.23779296875
28,2.0,72.0,420.7873229980469,583.206787109375,461.62127685546875,615.22314453125
29,2.0,72.0,420.9513244628906,582.3193359375,462.18218994140625,615.1693725585938
30,2.0,72.0,420.82818603515625,582.11865234375,462.700439453125,614.7055053710938
31,2.0,72.0,421.1936340332031,581.6787109375,463.3030090332031,614.8246459960938
32,2.0,72.0,421.01123046875,581.960693359375,463.91741943359375,614.8131713867188
33,2.0,72.0,421.2686767578125,582.5386352539062,465.3979797363281,615.0349731445312
34,2.0,72.0,421.56561279296875,582.8377685546875,466.267822265625,615.3457641601562
35,2.0,72.0,421.9601745605469,582.4085083007812,466.24725341796875,615.8006591796875
36,2.0,72.0,422.5636291503906,581.7125244140625,466.3603210449219,616.5850219726562
37,2.0,72.0,422.5938415527344,581.597900390625,467.3835144042969,617.3142700195312
38,2.0,72.0,422.18212890625,581.5634155273438,468.8641052246094,617.608154296875
39,2.0,72.0,422.9730529785156,581.4288940429688,470.1358642578125,618.0208740234375
40,2.0,72.0,423.333251953125,580.9303588867188,471.62481689453125,618.5504760742188
41,2.0,72.0,423.09661865234375,580.5509643554688,473.4224853515625,619.3778076171875
42,2.0,72.0,424.67236328125,579.2543334960938,474.3354187011719,620.2211303710938
43,2.0,72.0,427.00006103515625,577.7218017578125,475.2416076660156,620.658447265625
44,2.0,72.0,427.70684814453125,577.0616455078125,475.4141540527344,620.4361572265625
45,2.0,72.0,427.98077392578125,577.1348266601562,476.20599365234375,620.2300415039062
46,2.0,72.0,428.6891784667969,576.1439819335938,476.5069885253906,619.9951171875
47,2.0,72.0,429.07818603515625,575.13427734375,478.303466796875,620.6505737304688
48,2.0,72.0,429.0205993652344,574.595703125,479.8203125,621.3731079101562
49,2.0,72.0,429.2461853027344,574.3610229492188,481.1985778808594,621.4600830078125
50,2.0,72.0,429.7271423339844,574.32275390625,481.7623291015625,621.2282104492188
51,2.0,72.0,429.70330810546875,575.4647216796875,482.5635070800781,621.8878173828125
52,2.0,72.0,429.9168701171875,575.6494750976562,483.201416015625,622.4175415039062
53,2.0,72.0,429.9509582519531,575.8629760742188,484.20709228515625,622.8883056640625
54,2.0,72.0,429.8388366699219,576.4701538085938,484.7645568847656,623.787841796875
55,2.0,72.0,429.76226806640625,577.490966796875,485.3915100097656,624.712158203125
56,2.0,72.0,429.7523193359375,577.3907470703125,485.88665771484375,625.1218872070312
57,2.0,72.0,430.4774169921875,576.0061645507812,486.1911315917969,624.9556274414062
58,2.0,72.0,431.51214599609375,575.6666870117188,486.8556823730469,624.90380859375
59,2.0,72.0,432.0634765625,575.4138793945312,488.8194580078125,625.2168579101562
60,2.0,72.0,432.5653381347656,574.6209106445312,490.7641906738281,625.7233276367188
61,2.0,72.0,432.63714599609375,574.2313232421875,492.28857421875,626.171142578125
62,2.0,72.0,433.2135009765625,574.853515625,493.4476318359375,627.5009155273438
63,2.0,72.0,433.2320556640625,574.5037841796875,493.9453430175781,628.3784790039062
64,2.0,72.0,434.06976318359375,574.5244140625,496.4569091796875,629.387451171875
65,2.0,72.0,434.39501953125,571.9273681640625,497.93450927734375,629.6736450195312
66,2.0,72.0,434.416015625,571.3126220703125,499.4676513671875,629.6881713867188
67,2.0,72.0,434.6602478027344,572.3734741210938,501.8594055175781,631.0955200195312
68,2.0,72.0,435.7047424316406,573.0811767578125,504.0721740722656,631.090087890625
69,2.0,72.0,436.3578796386719,573.3921508789062,506.82421875,631.8939819335938
70,2.0,72.0,436.8687744140625,573.1433715820312,508.11846923828125,632.9191284179688
71,2.0,72.0,437.7936096191406,574.8411254882812,509.46002197265625,633.68115234375
72,2.0,72.0,438.2707824707031,574.9275512695312,510.7579040527344,633.7255249023438
73,2.0,72.0,438.5693359375,575.3447875976562,511.90716552734375,633.9952392578125
74,2.0,72.0,439.60101318359375,574.8297729492188,514.855712890625,634.0797729492188
75,2.0,72.0,440.88702392578125,574.7567138671875,516.6861572265625,634.064208984375
76,2.0,72.0,441.77569580078125,574.7999267578125,518.8307495117188,634.892822265625
77,2.0,72.0,443.6590270996094,574.9703979492188,520.6678466796875,635.4987182617188
78,2.0,72.0,444.87762451171875,574.7039184570312,522.3552856445312,636.4217529296875
79,2.0,72.0,445.54132080078125,574.6248779296875,525.234375,637.2919311523438
80,2.0,72.0,446.3379821777344,573.5985717773438,527.5075073242188,637.2145385742188
81,2.0,72.0,446.1192321777344,572.3866577148438,529.8438720703125,638.718994140625
82,2.0,72.0,446.59527587890625,572.2720947265625,532.3543701171875,640.9476318359375
83,2.0,72.0,447.5618591308594,571.5133666992188,534.77734375,642.8406982421875
84,2.0,72.0,449.5176086425781,571.00390625,537.1546020507812,643.5801391601562
85,2.0,72.0,451.0723571777344,570.9789428710938,539.5834350585938,644.68115234375
86,2.0,72.0,452.68548583984375,571.3101196289062,542.744140625,645.4939575195312
87,2.0,73.0,455.130126953125,572.1210327148438,546.203857421875,646.46533203125
88,2.0,73.0,456.9349060058594,571.6834106445312,548.4306640625,647.285400390625
89,2.0,73.0,457.03875732421875,571.211669921875,552.209228515625,647.9542846679688
90,2.0,72.0,457.177734375,571.121826171875,554.3303833007812,648.6093139648438
91,2.0,72.0,457.42169189453125,571.0701904296875,558.4796142578125,650.1106567382812
92,2.0,72.0,458.4419860839844,570.1599731445312,563.5269165039062,651.5022583007812
93,2.0,72.0,460.0431213378906,568.7960815429688,569.0452880859375,653.7764282226562
94,2.0,72.0,462.0394592285156,569.0176391601562,572.3140869140625,654.7775268554688
95,2.0,72.0,464.37255859375,568.66455078125,576.0322265625,656.9578247070312
96,2.0,72.0,466.399169921875,569.1964721679688,578.7693481445312,657.425048828125
97,2.0,72.0,468.4707946777344,569.1469116210938,582.2189331054688,658.4067993164062
98,2.0,72.0,469.928955078125,567.5842895507812,587.8817749023438,659.4096069335938
99,2.0,72.0,472.9916076660156,567.8939208984375,593.3623657226562,660.6270751953125
100,2.0,72.0,475.511962890625,568.0798950195312,598.5852661132812,661.5852661132812
101,2.0,72.0,478.3706970214844,567.9151611328125,603.0338134765625,662.6456909179688
102,2.0,72.0,479.80450439453125,566.53076171875,609.1558837890625,665.2357788085938
103,2.0,72.0,481.18597412109375,565.2191772460938,614.6356811523438,667.1797485351562
104,2.0,72.0,482.0115966796875,563.7680053710938,620.70947265625,668.9957275390625
105,2.0,72.0,483.8134765625,561.4217529296875,626.9614868164062,671.1599731445312
106,2.0,72.0,487.0079345703125,559.8782348632812,633.8319091796875,673.598876953125
107,2.0,72.0,489.69879150390625,558.3217163085938,642.7449951171875,677.6312255859375
108,2.0,72.0,493.849609375,557.7417602539062,650.542236328125,680.4974975585938
109,2.0,72.0,496.6738586425781,557.046875,658.638427734375,682.6224365234375
110,2.0,72.0,498.8788146972656,555.3838500976562,668.8758544921875,685.0827026367188
111,2.0,72.0,502.68267822265625,554.0747680664062,677.5972900390625,688.8063354492188
112,2.0,72.0,504.044189453125,552.9215698242188,686.6161499023438,691.77587890625
113,2.0,72.0,506.83056640625,551.835693359375,697.3900756835938,697.158935546875
114,2.0,72.0,511.7757873535156,551.1453247070312,709.48583984375,701.4139404296875
115,2.0,72.0,517.2369384765625,550.3600463867188,723.5857543945312,705.648193359375
116,2.0,72.0,521.827392578125,548.9189453125,736.15673828125,711.847900390625
117,2.0,72.0,526.9464111328125,547.854736328125,751.1443481445312,717.01513671875
118,2.0,72.0,530.1986694335938,545.9559326171875,767.3599853515625,721.5599365234375
119,2.0,72.0,538.1483154296875,545.2803955078125,786.0469360351562,727.5940551757812
120,2.0,72.0,545.1082763671875,542.7647094726562,805.7269287109375,733.5235595703125
121,2.0,72.0,550.7813720703125,540.6978149414062,827.8768310546875,739.1607055664062
122,2.0,72.0,557.1966552734375,537.9189453125,850.72900390625,746.0366821289062
123,2.0,72.0,565.3442993164062,534.3147583007812,877.477783203125,752.5579223632812
124,2.0,72.0,573.5634155273438,530.9611206054688,908.1500244140625,760.6217651367188
125,2.0,72.0,584.2676391601562,526.1167602539062,941.42529296875,774.0756225585938
126,2.0,72.0,595.4434814453125,522.3370361328125,980.4414672851562,786.5682373046875
127,2.0,72.0,606.7308349609375,519.1229248046875,1025.989013671875,801.9638671875
128,2.0,72.0,620.2274169921875,513.9249877929688,1077.4300537109375,815.4805908203125
129,2.0,72.0,634.44677734375,504.4629821777344,1137.35888671875,835.2418823242188
130,2.0,72.0,650.768310546875,498.90240478515625,1209.21533203125,859.1146850585938
131,2.0,72.0,668.921142578125,490.53350830078125,1295.351318359375,885.5353393554688
132,2.0,72.0,691.2499389648438,478.69964599609375,1399.216064453125,921.2273559570312
133,2.0,72.0,718.832763671875,461.6711730957031,1529.0067138671875,965.0834350585938
134,2.0,72.0,749.463623046875,449.59832763671875,1693.2938232421875,1020.457763671875
135,2.0,72.0,786.2494506835938,434.330078125,1845.707763671875,1057.34228515625
136,2.0,72.0,834.655517578125,415.48187255859375,1910.1263427734375,1073.1827392578125
137,2.0,72.0,891.3206787109375,390.07080078125,1920.0,1080.0
138,2.0,72.0,965.7096557617188,357.1803283691406,1920.0,1078.8822021484375
139,2.0,72.0,1065.1458740234375,308.0875549316406,1920.0,1078.8564453125
140,2.0,72.0,1204.45458984375,250.7940673828125,1920.0,1079.3333740234375
