9,42,213.04888916015625,491.4736022949219,264.5468444824219,530.3352661132812
10,42,213.7001190185547,491.12921142578125,264.9797668457031,530.121826171875
11,42,213.59591674804688,490.2649230957031,265.27392578125,530.1345825195312
12,42,214.8208770751953,490.8934020996094,265.7103271484375,530.0935668945312
13,42,215.29931640625,491.2303771972656,266.2885437011719,529.936279296875
14,42,215.7022705078125,491.0889892578125,266.4201965332031,529.843994140625
15,42,216.13743591308594,492.2822265625,267.2474365234375,530.0405883789062
16,42,216.6865692138672,493.0605163574219,268.93719482421875,530.3240966796875
17,42,217.13262939453125,493.3079528808594,270.0317687988281,530.61083984375
18,42,217.31358337402344,493.56866455078125,270.1660461425781,530.9321899414062
19,42,218.014892578125,494.2230224609375,270.0818176269531,531.9496459960938
20,42,217.5198211669922,492.6666564941406,271.56396484375,531.8870239257812
21,42,217.7957305908203,491.2883605957031,272.9564514160156,532.5537719726562
22,42,217.6870880126953,489.9624938964844,273.3197021484375,533.0503540039062
23,42,217.50120544433594,489.8946228027344,273.71173095703125,533.5665283203125
24,42,217.6890106201172,489.73065185546875,274.8895263671875,533.6431884765625
25,42,217.94259643554688,489.67608642578125,276.03668212890625,533.9207153320312
26,42,218.21310424804688,489.4205322265625,276.3936462402344,534.2546997070312
27,42,218.5023651123047,489.3166809082031,277.17816162109375,533.9082641601562
28,42,219.27731323242188,488.5946960449219,278.00567626953125,533.7054443359375
29,42,219.378173828125,488.4404602050781,279.33038330078125,533.7418823242188
30,42,220.1966552734375,488.7340393066406,279.9653015136719,535.2900390625
31,42,220.50759887695312,488.5784912109375,281.3385925292969,536.3844604492188
32,42,221.0105438232422,488.82080078125,281.79132080078125,536.9142456054688
33,42,221.57058715820312,489.81011962890625,282.091552734375,537.7763671875
34,42,221.93893432617188,490.2380676269531,282.62933349609375,538.0408325195312
35,42,222.0500030517578,490.25030517578125,282.7594909667969,538.0144653320312
36,42,222.50503540039062,489.6549377441406,283.3441162109375,537.6019287109375
37,42,222.1442413330078,490.34185791015625,285.4256591796875,537.7392578125
38,42,222.67117309570312,489.958251953125,286.28173828125,537.7922973632812
39,42,223.16812133789062,489.8815612792969,286.89630126953125,537.958251953125
40,42,224.10630798339844,488.1803894042969,288.6575012207031,538.3264770507812
41,42,225.62425231933594,488.0389709472656,289.688232421875,538.7057495117188
42,42,226.39305114746094,488.6064758300781,290.07281494140625,538.90087890625
43,42,227.13528442382812,488.16162109375,291.17095947265625,538.767333984375
44,42,227.91827392578125,487.5787048339844,292.15618896484375,538.5126342773438
45,42,228.564453125,487.45587158203125,293.8564147949219,538.696044921875
46,42,229.27598571777344,487.8820495605469,294.35223388671875,539.987548828125
47,42,229.87538146972656,487.986083984375,295.0231628417969,541.450439453125
48,42,230.04473876953125,487.368408203125,296.1008605957031,542.62255859375
49,42,230.13922119140625,487.49981689453125,296.97467041015625,543.2066040039062
50,42,230.2568359375,487.681396484375,297.7765197753906,543.5489501953125
51,42,231.45059204101562,488.9266357421875,299.170166015625,543.3103637695312
52,42,230.7608184814453,487.9714660644531,300.99957275390625,543.6017456054688
53,42,230.7653350830078,487.1641540527344,301.8643798828125,544.1123046875
54,42,231.83050537109375,488.694091796875,304.4322509765625,545.6002807617188
55,42,231.90478515625,487.8553161621094,306.4817199707031,546.8961181640625
56,42,232.31431579589844,488.0704040527344,307.88836669921875,547.0748291015625
57,42,231.9316864013672,488.3427429199219,309.6043395996094,546.7964477539062
58,42,233.10345458984375,488.93463134765625,311.04034423828125,547.3538208007812
59,42,234.0893096923828,489.9549560546875,311.82000732421875,548.1253051757812
60,42,235.31021118164062,490.1988525390625,312.7986755371094,548.9578857421875
61,42,235.8748779296875,490.6484375,314.2834167480469,549.5955200195312
62,42,235.809814453125,489.64776611328125,316.1550598144531,549.2140502929688
63,42,237.0552520751953,488.4373779296875,317.40753173828125,548.7591552734375
64,42,238.8056640625,488.37420654296875,318.2146301269531,548.8560180664062
65,42,239.50103759765625,487.78680419921875,320.1654357910156,549.4850463867188
66,42,239.8140869140625,487.6524353027344,321.8377685546875,550.4199829101562
67,42,239.6519317626953,485.895263671875,323.51397705078125,551.5923461914062
68,42,239.7277069091797,484.4455261230469,325.20196533203125,551.8389892578125
69,42,240.82907104492188,483.9244079589844,327.4254150390625,551.1781005859375
70,42,242.35971069335938,484.2359924316406,328.4255065917969,552.5039672851562
71,42,244.42115783691406,484.8710021972656,330.1974792480469,553.2581176757812
72,42,245.09005737304688,485.4186096191406,332.8022766113281,553.3909912109375
73,42,245.16656494140625,484.57366943359375,335.2881774902344,554.7117309570312
74,42,245.97779846191406,485.9791564941406,336.49542236328125,555.6421508789062
75,42,246.86077880859375,485.82366943359375,338.952392578125,556.9465942382812
76,42,247.439453125,485.66094970703125,342.4847717285156,557.7915649414062
77,42,248.08282470703125,486.4178466796875,345.4569396972656,558.5421752929688
78,42,250.3896026611328,487.2414245605469,347.7281188964844,558.8402099609375
79,42,251.42686462402344,487.3314514160156,349.8553161621094,560.2572021484375
80,42,252.46844482421875,487.1739501953125,352.0255126953125,561.11181640625
81,42,253.2289276123047,486.3160705566406,355.3450012207031,561.5811157226562
82,42,253.58084106445312,484.6885681152344,356.9036865234375,562.9291381835938
83,42,254.26165771484375,484.4354248046875,357.0651550292969,563.152587890625
84,42,254.50389099121094,483.70672607421875,360.52288818359375,564.827392578125
85,42,256.1818542480469,483.0973205566406,363.77069091796875,566.2872924804688
86,42,256.7487487792969,482.6568603515625,367.2276916503906,567.1082153320312
87,42,258.826416015625,481.6650390625,371.2837219238281,569.2176513671875
88,42,261.21466064453125,482.2322692871094,374.7105712890625,571.323486328125
89,42,262.53375244140625,482.0306396484375,377.2453918457031,572.8328247070312
90,42,265.4465637207031,482.0465087890625,380.86370849609375,574.2781982421875
91,42,266.158447265625,481.8670349121094,382.8873596191406,575.4201049804688
92,42,265.8146667480469,481.77850341796875,388.1298828125,575.4874877929688
93,42,266.6802978515625,481.3450927734375,391.8666687011719,575.86279296875
94,42,267.9789733886719,481.1663513183594,395.19281005859375,575.9602661132812
95,42,269.5524597167969,481.3494873046875,399.4566345214844,576.8468017578125
96,42,271.30780029296875,481.2421569824219,404.7093200683594,577.9351806640625
97,42,272.5786437988281,480.7655334472656,407.7377624511719,581.3839721679688
98,42,275.4779357910156,480.5732116699219,412.003173828125,583.4116821289062
99,42,276.5856018066406,480.4733581542969,415.6803894042969,584.756591796875
100,42,279.23443603515625,480.199462890625,419.2814636230469,585.2890014648438
101,42,279.99310302734375,479.94268798828125,424.3079833984375,586.7008666992188
102,42,282.2952880859375,479.82220458984375,430.03717041015625,587.8523559570312
103,42,285.963623046875,478.5608825683594,435.1467590332031,589.5403442382812
104,42,288.8540954589844,478.0514221191406,439.8072509765625,592.4310913085938
105,42,290.5462951660156,477.7041320800781,445.1433410644531,594.9495239257812
106,42,292.8551025390625,477.2971496582031,451.5400390625,596.0519409179688
107,42,295.5099792480469,476.38079833984375,458.83209228515625,596.974365234375
108,42,299.6090393066406,475.6951904296875,463.06939697265625,597.5250244140625
109,42,302.28662109375,475.538330078125,471.28643798828125,599.7945556640625
110,42,305.11883544921875,476.42413330078125,478.3036804199219,604.866455078125
111,42,305.5206298828125,475.0459899902344,485.6771545410156,606.3817749023438
112,42,308.865234375,474.1778259277344,493.6506652832031,607.8367919921875
113,42,311.55694580078125,474.4387512207031,499.668212890625,610.5576171875
114,42,314.5936279296875,474.5009765625,508.113037109375,614.7159423828125
115,42,318.3338623046875,474.4653015136719,517.0662841796875,617.3029174804688
116,42,321.4073486328125,473.8389892578125,527.5045776367188,619.5220947265625
117,42,324.9504699707031,473.9476013183594,536.4525756835938,621.5332641601562
118,42,332.0120544433594,472.4361572265625,546.44580078125,626.2661743164062
119,42,336.38458251953125,470.6760559082031,557.48681640625,631.6482543945312
120,42,340.29302978515625,470.8851623535156,568.3787231445312,633.9902954101562
121,42,345.9338684082031,469.4514465332031,580.9970092773438,637.0731811523438
122,42,350.5264587402344,469.4931945800781,594.1550903320312,640.39599609375
123,42,356.4241943359375,468.25323486328125,608.4993896484375,644.0491943359375
124,42,360.93511962890625,466.8556213378906,623.63232421875,649.537109375
125,42,365.4480285644531,466.021728515625,641.0482788085938,655.78662109375
126,42,371.01556396484375,465.7391357421875,656.5211181640625,660.9393920898438
127,42,378.417724609375,465.9685974121094,673.9893188476562,664.1057739257812
128,42,385.3499450683594,464.9232482910156,693.4517822265625,671.0997924804688
129,42,392.29913330078125,464.702392578125,714.1576538085938,677.8621826171875
130,42,400.1250915527344,463.1743469238281,737.8955078125,685.8475952148438
131,42,409.6393127441406,462.907470703125,761.37890625,692.1370849609375
132,42,417.9761657714844,461.7012634277344,787.5504150390625,701.0932006835938
133,42,427.44384765625,459.5837097167969,815.7355346679688,708.6038818359375
134,42,435.77423095703125,456.551513671875,845.7498168945312,716.9305419921875
135,42,448.51568603515625,455.5140686035156,880.8681030273438,726.7393188476562
136,42,458.8998107910156,452.9510498046875,918.3450317382812,738.4872436523438
137,42,471.3338623046875,452.0382995605469,960.8693237304688,752.22705078125
138,42,484.3373718261719,450.74603271484375,1006.0584106445312,765.3425903320312
139,42,500.254150390625,447.21630859375,1056.952392578125,782.9872436523438
140,42,517.5612182617188,446.02685546875,1114.0257568359375,803.5569458007812
141,42,536.4825439453125,441.4190979003906,1176.9285888671875,825.5172119140625
142,42,556.6260986328125,439.38409423828125,1250.04052734375,849.3770141601562
143,42,576.9793090820312,435.4305114746094,1334.5106201171875,878.54248046875
144,42,603.06201171875,430.4999694824219,1427.1878662109375,914.5465087890625
145,42,629.1925659179688,426.6941223144531,1538.77734375,955.5641479492188
146,42,661.5346069335938,422.9814147949219,1667.0755615234375,1001.6903076171875
147,42,697.267822265625,417.8794860839844,1813.1357421875,1048.58447265625
148,42,740.4096069335938,411.71807861328125,1899.374267578125,1069.7733154296875
149,42,788.0934448242188,405.35107421875,1920.0,1078.6800537109375
150,42,841.7991943359375,392.8535461425781,1920.0,1080.0
151,42,908.140625,382.2333984375,1920.0,1079.5679931640625
152,42,986.7029418945312,370.1169128417969,1920.0,1077.7896728515625
153,42,1080.6524658203125,356.0355224609375,1920.0,1079.2872314453125
154,42,1201.4931640625,341.6815490722656,1920.0,1079.443603515625
155,42,1350.8363037109375,344.96221923828125,1920.0,1079.13818359375
156,42,1548.90087890625,372.9062194824219,1920.0,1080.0
