63,2.0,86.0,453.560791015625,582.4508056640625,504.1691589355469,619.7806396484375
64,2.0,86.0,454.7654724121094,582.3240356445312,506.2118835449219,620.08740234375
65,2.0,86.0,455.19757080078125,582.6533203125,508.1137390136719,620.0489501953125
66,2.0,86.0,455.31341552734375,581.046630859375,508.2711181640625,621.001953125
67,2.0,86.0,456.3932800292969,580.4085083007812,509.1678161621094,622.4658203125
68,2.0,86.0,457.3860778808594,580.5250854492188,509.49859619140625,623.0473022460938
69,2.0,86.0,458.1861572265625,579.4357299804688,510.69140625,622.826904296875
70,2.0,86.0,458.85498046875,578.8387451171875,513.1923828125,622.323486328125
71,2.0,86.0,460.7122802734375,579.173583984375,515.1699829101562,621.9458618164062
72,2.0,86.0,461.7746276855469,580.4089965820312,516.660400390625,623.225341796875
73,2.0,86.0,462.645751953125,580.4603271484375,518.9003295898438,624.2763061523438
74,2.0,86.0,462.8912048339844,580.854248046875,521.0333251953125,625.081298828125
75,2.0,86.0,464.5537414550781,579.7208251953125,524.1090087890625,625.3848266601562
76,2.0,86.0,466.68450927734375,578.8998413085938,526.3388671875,625.9929809570312
77,2.0,86.0,468.25433349609375,579.0252075195312,528.856201171875,626.2711181640625
78,2.0,86.0,469.11663818359375,578.6561889648438,531.1634521484375,626.2266845703125
79,2.0,86.0,470.1410827636719,578.7647094726562,532.7927856445312,626.8220825195312
80,2.0,86.0,470.17755126953125,579.0418701171875,534.5745239257812,627.942138671875
81,2.0,86.0,470.1075439453125,578.7171630859375,536.2776489257812,629.392578125
82,2.0,86.0,471.8161926269531,577.9581909179688,539.5781860351562,629.5365600585938
83,2.0,86.0,473.7994384765625,577.9783935546875,542.8763427734375,630.2611083984375
84,2.0,86.0,475.3666076660156,577.16552734375,545.5072021484375,631.6746826171875
85,2.0,86.0,477.9947814941406,576.0147705078125,548.7560424804688,632.815673828125
87,2.0,86.0,480.9525451660156,574.6951904296875,555.85595703125,633.83837890625
88,2.0,86.0,481.4141845703125,574.90283203125,558.9521484375,634.3814086914062
89,2.0,86.0,483.08197021484375,574.5672607421875,561.1851196289062,634.8181762695312
90,2.0,86.0,484.817626953125,574.1256713867188,564.1511840820312,634.8175048828125
92,2.0,86.0,491.86932373046875,571.6543579101562,572.2830200195312,634.9701538085938
93,2.0,86.0,493.56390380859375,571.4021606445312,576.7604370117188,636.741943359375
94,2.0,86.0,494.54925537109375,570.5762939453125,580.6121215820312,637.5097045898438
95,2.0,86.0,497.2538757324219,571.3599853515625,584.47998046875,638.96484375
96,2.0,86.0,499.5682067871094,571.2742919921875,588.7755737304688,639.183349609375
97,2.0,86.0,501.237548828125,570.6723022460938,592.4129638671875,641.4668579101562
98,2.0,86.0,503.9405517578125,571.0487670898438,597.0997924804688,642.7503662109375
99,2.0,86.0,506.296142578125,571.4069213867188,601.6350708007812,643.5768432617188
100,2.0,86.0,508.64447021484375,569.6936645507812,605.908447265625,645.572998046875
101,2.0,86.0,511.158447265625,568.177734375,612.2716674804688,647.1756591796875
102,2.0,86.0,514.6107788085938,567.6435546875,618.6531982421875,648.0519409179688
103,2.0,86.0,516.7850341796875,567.7958374023438,624.5240478515625,648.4852905273438
104,2.0,86.0,521.5584716796875,567.2037963867188,630.5430908203125,649.3114624023438
105,2.0,86.0,525.3681030273438,568.6194458007812,636.6488647460938,650.1618041992188
106,2.0,86.0,529.9308471679688,567.2633666992188,643.5905151367188,652.9099731445312
107,2.0,86.0,532.8883666992188,568.4512329101562,650.8541259765625,654.1792602539062
108,2.0,86.0,535.177001953125,566.4909057617188,658.8508911132812,656.6441650390625
109,2.0,86.0,540.6365356445312,565.8416748046875,667.1942138671875,658.3663940429688
110,2.0,86.0,544.7684936523438,565.4110107421875,674.9378051757812,659.1337890625
111,2.0,86.0,550.0411987304688,564.3716430664062,683.7355346679688,660.9131469726562
112,2.0,86.0,553.4982299804688,563.2360229492188,692.7744140625,663.93505859375
113,2.0,86.0,555.8560791015625,561.9337768554688,702.0474853515625,666.9291381835938
114,2.0,86.0,562.4022827148438,560.8237915039062,714.1515502929688,669.3704223632812
115,2.0,86.0,569.245849609375,559.3860473632812,724.3572387695312,671.673095703125
116,2.0,86.0,577.0745849609375,556.9826049804688,737.071044921875,674.1868286132812
117,2.0,86.0,580.3228759765625,555.1707763671875,750.7714233398438,677.1837158203125
118,2.0,86.0,588.1464233398438,554.0896606445312,765.0048217773438,681.1126098632812
119,2.0,86.0,596.5128784179688,551.98193359375,780.3790283203125,684.7554931640625
120,2.0,86.0,603.353759765625,550.9067993164062,796.29443359375,688.259765625
121,2.0,86.0,610.7198486328125,549.5797119140625,815.2860107421875,692.5054321289062
122,2.0,86.0,620.7440185546875,547.5023803710938,836.5416259765625,698.593994140625
123,2.0,86.0,631.0210571289062,546.7667236328125,858.748779296875,703.8477783203125
124,2.0,86.0,640.7476196289062,545.08251953125,883.2760620117188,708.883056640625
125,2.0,86.0,652.05224609375,541.3005981445312,911.3114013671875,715.677490234375
126,2.0,86.0,666.4088134765625,537.9848022460938,940.6192626953125,722.156005859375
127,2.0,86.0,679.402587890625,535.3703002929688,974.8564453125,728.054931640625
128,2.0,86.0,693.8533325195312,532.4559326171875,1013.1845703125,734.7078857421875
129,2.0,86.0,711.0156860351562,527.9437866210938,1057.43798828125,745.1849975585938
130,2.0,86.0,730.2752075195312,523.9735717773438,1107.4234619140625,755.0460205078125
131,2.0,86.0,751.3052978515625,520.2286987304688,1165.5069580078125,768.9453125
132,2.0,86.0,778.11962890625,514.4033203125,1233.583251953125,783.80419921875
133,2.0,86.0,806.4169921875,504.1842346191406,1313.4774169921875,801.3018188476562
134,2.0,86.0,840.106689453125,496.71136474609375,1412.55419921875,822.006103515625
135,2.0,86.0,879.3441162109375,488.1680603027344,1528.0391845703125,848.6203002929688
136,2.0,86.0,922.8984375,476.3923034667969,1672.900634765625,881.914794921875
137,2.0,86.0,977.8794555664062,463.1796569824219,1837.5489501953125,922.0214233398438
138,2.0,86.0,1042.34130859375,447.18743896484375,1906.2705078125,977.5601806640625
139,2.0,86.0,1126.9453125,427.3764953613281,1920.0,1037.758056640625
140,2.0,86.0,1235.9525146484375,402.9134826660156,1920.0,1025.400390625
141,2.0,86.0,1376.376708984375,369.5458984375,1920.0,1016.3978881835938
142,2.0,86.0,1571.03662109375,361.3712463378906,1920.0,1052.28173828125
