64,2.0,10.0,434.8036804199219,415.4167175292969,502.6639709472656,473.7707214355469
65,2.0,10.0,434.4957580566406,410.69146728515625,505.1358947753906,473.6860656738281
67,2.0,10.0,435.5436096191406,414.8684387207031,507.5632019042969,475.1747131347656
68,2.0,10.0,436.1513671875,416.6016540527344,509.0177307128906,475.4442443847656
69,2.0,10.0,436.77288818359375,415.984619140625,509.9246520996094,476.1540222167969
70,2.0,10.0,436.7795104980469,415.08843994140625,511.0971374511719,476.7958068847656
71,2.0,10.0,437.5234680175781,414.2139892578125,512.882568359375,477.5115661621094
72,2.0,10.0,438.0420837402344,414.590576171875,514.8561401367188,477.97705078125
73,2.0,10.0,439.5249938964844,415.0778503417969,515.232177734375,478.1837158203125
74,2.0,10.0,439.9241638183594,415.48455810546875,516.7560424804688,478.6332702636719
75,2.0,10.0,441.1585998535156,415.1429138183594,517.4506225585938,478.5152587890625
76,2.0,10.0,442.3806457519531,414.37774658203125,517.8257446289062,478.5757141113281
77,2.0,10.0,442.7184143066406,414.411865234375,518.7579345703125,478.4544677734375
78,2.0,10.0,444.1759948730469,414.44073486328125,519.2528686523438,478.2744445800781
79,2.0,10.0,445.2662353515625,414.18695068359375,520.16650390625,478.15631103515625
80,2.0,10.0,445.9363098144531,414.3357238769531,522.4202270507812,478.363037109375
81,2.0,10.0,446.6461181640625,415.0700378417969,525.0175170898438,479.5591735839844
82,2.0,10.0,447.4161682128906,414.2842712402344,527.8912353515625,481.07373046875
83,2.0,10.0,447.7608337402344,413.298095703125,528.6713256835938,480.80108642578125
84,2.0,10.0,448.8094482421875,412.9752502441406,531.110595703125,480.41705322265625
85,2.0,10.0,449.61181640625,413.1085510253906,533.1874389648438,481.3050842285156
86,2.0,10.0,449.3666076660156,411.6911926269531,534.8925170898438,482.6275939941406
87,2.0,10.0,450.39727783203125,410.387451171875,537.7495727539062,483.93218994140625
88,2.0,10.0,451.7529602050781,410.9249267578125,538.6714477539062,483.8288269042969
89,2.0,10.0,452.4747009277344,409.5924072265625,540.4442138671875,484.2016906738281
90,2.0,10.0,452.8738098144531,409.0428466796875,542.0629272460938,483.97833251953125
91,2.0,10.0,454.8122253417969,409.4589538574219,543.9597778320312,485.5675354003906
92,2.0,10.0,454.701416015625,409.44390869140625,545.5367431640625,485.9670104980469
93,2.0,10.0,454.88018798828125,409.7643737792969,547.53076171875,487.6228942871094
94,2.0,10.0,455.8965148925781,410.859375,549.511474609375,488.6441955566406
95,2.0,10.0,457.15301513671875,411.0997314453125,553.8726806640625,489.92486572265625
96,2.0,10.0,458.1291809082031,412.4826354980469,555.2528076171875,490.1336669921875
97,2.0,10.0,458.93524169921875,413.31829833984375,557.4892578125,490.29248046875
98,2.0,10.0,459.6528625488281,411.03485107421875,561.3993530273438,491.4165344238281
99,2.0,10.0,461.2697448730469,409.6802062988281,564.0339965820312,491.99737548828125
100,2.0,10.0,463.50311279296875,409.8245849609375,566.2472534179688,493.1679992675781
101,2.0,10.0,465.1529235839844,410.60772705078125,568.9478759765625,494.0283508300781
102,2.0,10.0,467.3604736328125,411.272705078125,570.3787841796875,495.7432861328125
103,2.0,10.0,467.7596435546875,410.7229919433594,572.2405395507812,497.5287780761719
104,2.0,10.0,469.0758056640625,410.4221496582031,575.0186157226562,498.2811279296875
105,2.0,10.0,469.1987609863281,409.97613525390625,578.3212890625,498.8277282714844
106,2.0,10.0,469.7174072265625,409.4186706542969,580.9077758789062,499.3619689941406
107,2.0,10.0,471.1894226074219,409.2452087402344,583.2666015625,499.98394775390625
108,2.0,10.0,472.1124267578125,408.83477783203125,586.2520751953125,500.5341796875
109,2.0,10.0,474.7336120605469,407.3494873046875,589.5962524414062,501.1694641113281
110,2.0,10.0,475.5605773925781,406.14532470703125,592.9409790039062,501.4814147949219
111,2.0,10.0,479.0037536621094,406.17919921875,596.9218139648438,502.2313537597656
112,2.0,10.0,481.37432861328125,405.6332092285156,599.8583374023438,503.3908386230469
113,2.0,10.0,480.7533264160156,404.831787109375,603.6820068359375,504.2013854980469
114,2.0,10.0,482.5682678222656,405.8343505859375,606.5411376953125,505.0281677246094
115,2.0,10.0,483.1755065917969,405.0185241699219,610.9459838867188,507.3225402832031
116,2.0,10.0,484.3409118652344,404.8805236816406,615.4639282226562,509.17169189453125
117,2.0,10.0,486.5957946777344,404.22601318359375,619.1098022460938,511.1802978515625
118,2.0,10.0,490.1012268066406,404.0023193359375,625.2520751953125,512.8042602539062
119,2.0,10.0,491.48193359375,403.68865966796875,628.5875244140625,514.1004638671875
120,2.0,10.0,491.9485168457031,402.8965759277344,632.8617553710938,514.1111450195312
121,2.0,10.0,494.2869567871094,402.7987060546875,637.5336303710938,515.301025390625
122,2.0,10.0,498.22314453125,402.9109802246094,642.160400390625,516.2901000976562
123,2.0,10.0,499.5488586425781,401.60400390625,646.8446044921875,520.2933959960938
124,2.0,10.0,500.9179992675781,402.0046691894531,651.6893310546875,522.16552734375
125,2.0,10.0,502.42987060546875,401.66796875,656.3369750976562,524.7330322265625
126,2.0,10.0,503.5794982910156,400.7524108886719,661.5448608398438,525.7749633789062
127,2.0,10.0,505.7691345214844,399.7232666015625,667.0556030273438,525.7013549804688
128,2.0,10.0,508.2216796875,398.5480041503906,673.580810546875,525.901611328125
129,2.0,10.0,511.4041748046875,398.66119384765625,678.8004760742188,526.694091796875
130,2.0,10.0,514.4130859375,396.794677734375,684.267578125,528.1339111328125
131,2.0,10.0,515.8855590820312,397.0597839355469,689.9322509765625,530.67529296875
132,2.0,10.0,517.3535766601562,395.0749816894531,697.0231323242188,531.8316650390625
133,2.0,10.0,521.0570678710938,394.7225646972656,702.9068603515625,534.3181762695312
134,2.0,10.0,524.0494384765625,394.4302062988281,710.950927734375,537.2810668945312
135,2.0,10.0,526.4458618164062,391.7299499511719,719.3844604492188,540.0742797851562
136,2.0,10.0,529.0853881835938,388.84539794921875,726.7547607421875,543.1171875
137,2.0,10.0,531.5758666992188,386.7591247558594,733.8021240234375,545.4785766601562
138,2.0,10.0,535.8567504882812,386.0153503417969,743.06884765625,547.3637084960938
139,2.0,10.0,539.5853881835938,386.0003967285156,752.2517700195312,550.4028930664062
140,2.0,10.0,543.4461669921875,385.90386962890625,761.7490234375,550.56640625
141,2.0,10.0,547.2617797851562,384.9430847167969,770.978515625,554.2213134765625
142,2.0,10.0,551.5669555664062,384.01507568359375,782.2962036132812,558.3977661132812
143,2.0,10.0,555.0471801757812,382.2429504394531,793.9160766601562,561.926025390625
144,2.0,10.0,559.8720703125,380.3639221191406,806.0348510742188,565.3731689453125
145,2.0,10.0,563.84716796875,378.4610290527344,817.9130859375,568.4719848632812
146,2.0,10.0,569.713134765625,377.29095458984375,829.59033203125,572.451416015625
147,2.0,10.0,574.7545776367188,376.8195495605469,843.258544921875,576.77783203125
148,2.0,10.0,578.9376831054688,375.43646240234375,857.5983276367188,582.5670166015625
149,2.0,10.0,584.6490478515625,374.5334777832031,873.637451171875,584.9337158203125
150,2.0,10.0,589.7908935546875,372.4049377441406,890.6494750976562,590.76513671875
151,2.0,10.0,595.6299438476562,368.6348876953125,908.46484375,595.7174072265625
152,2.0,10.0,602.3156127929688,366.42218017578125,926.7027587890625,602.4799194335938
153,2.0,10.0,608.1967163085938,365.1804504394531,946.1893310546875,609.3507080078125
154,2.0,10.0,615.425048828125,364.1227722167969,969.0809326171875,615.6981201171875
155,2.0,10.0,622.4075317382812,361.9520568847656,992.379150390625,622.0950927734375
156,2.0,10.0,629.9522705078125,361.0061950683594,1018.2843017578125,629.49462890625
157,2.0,10.0,638.4828491210938,359.61505126953125,1045.9854736328125,639.0643920898438
158,2.0,10.0,647.5316162109375,357.3349609375,1076.3939208984375,645.9256591796875
159,2.0,10.0,655.6703491210938,355.64501953125,1109.90966796875,659.66015625
160,2.0,10.0,665.7310180664062,352.6520080566406,1146.05859375,671.6796264648438
161,2.0,10.0,676.5263061523438,350.0351257324219,1185.1802978515625,684.5621948242188
162,2.0,10.0,688.0746459960938,344.5856628417969,1229.5572509765625,697.7059326171875
163,2.0,10.0,701.424072265625,341.1083679199219,1279.79296875,712.2717895507812
164,2.0,10.0,715.9003295898438,337.3517761230469,1335.7344970703125,730.2114868164062
165,2.0,10.0,732.015869140625,330.9365234375,1398.3287353515625,746.39453125
166,2.0,10.0,749.3235473632812,324.9029846191406,1468.456787109375,770.396484375
167,2.0,10.0,766.9790649414062,315.12750244140625,1549.4591064453125,794.7415161132812
168,2.0,10.0,785.7147827148438,306.9344482421875,1641.9134521484375,825.4465942382812
169,2.0,10.0,808.2140502929688,299.6778259277344,1745.3427734375,859.134033203125
170,2.0,10.0,833.723876953125,292.67919921875,1866.2447509765625,902.2041625976562
171,2.0,10.0,863.3260498046875,280.2018127441406,1916.3193359375,953.0932006835938
172,2.0,10.0,893.6485595703125,270.90057373046875,1920.0,1010.2409057617188
173,2.0,10.0,932.0604858398438,258.1416931152344,1920.0,1053.78125
174,2.0,10.0,977.7846069335938,240.13380432128906,1920.0,1078.4696044921875
175,2.0,10.0,1027.1531982421875,221.728759765625,1920.0,1080.0
176,2.0,10.0,1086.55859375,199.47149658203125,1920.0,1072.5355224609375
177,2.0,10.0,1156.1456298828125,168.30331420898438,1920.0,1070.8162841796875
178,2.0,10.0,1238.5689697265625,146.63375854492188,1920.0,1070.3033447265625
179,2.0,10.0,1343.6370849609375,134.58343505859375,1920.0,1074.6285400390625
180,2.0,10.0,1471.3048095703125,141.1623077392578,1920.0,1077.5528564453125
181,2.0,10.0,1635.5023193359375,188.2439727783203,1920.0,1078.30224609375
