2,2.0,42.0,453.0115051269531,562.0009765625,518.59521484375,613.3856201171875
3,2.0,42.0,452.9512023925781,561.8068237304688,519.700439453125,613.7103271484375
4,2.0,42.0,453.4107971191406,562.0481567382812,520.7932739257812,614.0223388671875
5,2.0,42.0,453.3953857421875,561.5255126953125,521.5578002929688,613.5606689453125
6,2.0,42.0,453.96624755859375,561.8782348632812,522.3240966796875,614.24560546875
7,2.0,42.0,454.5792236328125,561.4393920898438,522.7949829101562,614.8619384765625
8,2.0,42.0,454.62451171875,560.7359619140625,522.954345703125,614.8860473632812
9,2.0,42.0,454.5495300292969,560.0270385742188,522.7559204101562,615.66650390625
10,2.0,42.0,454.2857360839844,559.9654541015625,522.01318359375,615.8056030273438
11,2.0,42.0,453.9835205078125,560.2732543945312,523.6170043945312,616.7059326171875
12,2.0,42.0,454.32135009765625,560.36279296875,524.0780029296875,617.1177978515625
13,2.0,42.0,454.4197998046875,560.8392944335938,525.3429565429688,617.5560913085938
14,2.0,42.0,454.7469177246094,560.3884887695312,526.329833984375,618.5587768554688
15,2.0,42.0,455.543701171875,559.7614135742188,527.1500854492188,618.9761352539062
16,2.0,42.0,455.9986267089844,559.4263305664062,527.7471923828125,619.5540771484375
17,2.0,42.0,455.9377746582031,559.8634033203125,528.4286499023438,620.0874633789062
18,2.0,42.0,455.7922058105469,560.232666015625,529.4752807617188,620.8125610351562
19,2.0,42.0,456.1086730957031,560.04833984375,530.3272094726562,621.0767822265625
20,2.0,42.0,456.7107849121094,559.7173461914062,531.1875610351562,621.1124267578125
21,2.0,42.0,457.4571838378906,559.5516357421875,532.2877807617188,621.10400390625
22,2.0,42.0,457.9273681640625,559.3744506835938,533.0076904296875,621.2435913085938
23,2.0,42.0,458.7298889160156,558.8349609375,533.7760009765625,621.5965576171875
24,2.0,42.0,458.63555908203125,558.3656005859375,534.5989990234375,621.715576171875
25,2.0,42.0,458.641357421875,558.7799072265625,535.377685546875,621.6749877929688
26,2.0,42.0,458.9146423339844,558.9398193359375,536.3592529296875,621.8683471679688
27,2.0,42.0,458.9411926269531,558.2843627929688,536.8541259765625,621.8408203125
28,2.0,42.0,459.1728820800781,558.28369140625,537.6929321289062,622.0291137695312
29,2.0,42.0,459.7908935546875,558.581298828125,538.6659545898438,622.4827880859375
30,2.0,42.0,460.2336730957031,557.6830444335938,539.2908325195312,622.8338623046875
31,2.0,42.0,460.5039978027344,557.6514282226562,539.9664306640625,622.8839721679688
32,2.0,42.0,460.6910705566406,557.2269287109375,540.2501220703125,623.0949096679688
33,2.0,42.0,461.122314453125,556.7421875,540.9685668945312,623.2991943359375
34,2.0,42.0,461.5613098144531,556.6790161132812,540.6324462890625,622.7794189453125
35,2.0,42.0,461.9417724609375,557.1585693359375,542.2490234375,623.5071411132812
36,2.0,42.0,462.0711669921875,558.02978515625,543.3516235351562,623.9382934570312
37,2.0,42.0,462.29913330078125,557.9856567382812,544.7855224609375,623.9982299804688
38,2.0,42.0,462.6462707519531,557.6495361328125,546.168701171875,624.0077514648438
39,2.0,42.0,461.76214599609375,556.9817504882812,546.4348754882812,623.7550048828125
40,2.0,42.0,461.6094055175781,556.6093139648438,546.9051513671875,623.6158447265625
41,2.0,42.0,461.6477355957031,557.2001342773438,547.9232788085938,624.0283203125
42,2.0,42.0,462.0650939941406,556.0565795898438,549.256103515625,624.649169921875
43,2.0,42.0,462.2819519042969,556.8839111328125,550.255126953125,624.9761352539062
44,2.0,42.0,462.7839660644531,557.26171875,551.410400390625,625.226318359375
45,2.0,42.0,464.591552734375,557.0288696289062,551.87060546875,625.886962890625
46,2.0,42.0,464.3737487792969,557.4763793945312,552.7056274414062,625.971923828125
47,2.0,42.0,465.64630126953125,558.0748291015625,554.7054443359375,626.71240234375
48,2.0,42.0,466.5524597167969,558.1525268554688,555.9148559570312,626.8648681640625
49,2.0,42.0,466.9931640625,557.6599731445312,556.8506469726562,626.9165649414062
50,2.0,42.0,467.72015380859375,556.732421875,557.7382202148438,627.2266845703125
51,2.0,42.0,468.56207275390625,555.5477294921875,558.3588256835938,627.2028198242188
52,2.0,42.0,468.7890319824219,555.7034301757812,561.0850219726562,627.9937133789062
53,2.0,42.0,468.8934020996094,554.7002563476562,561.7136840820312,628.5286254882812
54,2.0,42.0,469.7462463378906,554.734375,563.9921875,629.388427734375
55,2.0,42.0,469.9424743652344,554.9232177734375,564.8589477539062,629.8320922851562
56,2.0,42.0,470.6372375488281,553.7708129882812,567.43896484375,630.6812744140625
57,2.0,42.0,471.2972106933594,554.0718994140625,569.0449829101562,631.1420288085938
58,2.0,42.0,471.3753662109375,553.9390869140625,571.4678955078125,631.6409912109375
59,2.0,42.0,471.7469482421875,554.2627563476562,572.4630126953125,631.8758544921875
60,2.0,42.0,472.0645446777344,554.2540893554688,574.04833984375,632.9437255859375
61,2.0,42.0,472.9461669921875,553.7027587890625,574.6255493164062,633.8533935546875
62,2.0,42.0,472.5220031738281,554.1864624023438,576.5323486328125,634.42333984375
63,2.0,42.0,472.380859375,554.2534790039062,577.1395874023438,634.4758911132812
64,2.0,42.0,472.58502197265625,554.9368286132812,578.6988525390625,635.0477294921875
65,2.0,42.0,474.91552734375,554.9738159179688,579.4487915039062,635.2750854492188
66,2.0,42.0,476.201416015625,553.8875122070312,581.2821044921875,635.2789916992188
67,2.0,42.0,476.734130859375,553.812744140625,583.296142578125,636.1705322265625
69,2.0,43.0,479.4000549316406,553.637451171875,587.3772583007812,637.5562744140625
70,2.0,42.0,479.90106201171875,552.5881958007812,590.1221313476562,639.1726684570312
71,2.0,42.0,479.1305847167969,552.0872192382812,591.1043090820312,639.87109375
72,2.0,42.0,479.0213317871094,551.6880493164062,591.833984375,640.7319946289062
73,2.0,42.0,478.9924621582031,551.0162353515625,593.411376953125,641.9711303710938
74,2.0,42.0,479.78564453125,550.7322998046875,595.8597412109375,642.5635986328125
75,2.0,42.0,480.49542236328125,550.3470458984375,598.9136352539062,642.8754272460938
76,2.0,42.0,480.86358642578125,549.7227783203125,601.6754760742188,642.6151123046875
77,2.0,42.0,481.9076232910156,549.4408569335938,604.5855102539062,642.682861328125
78,2.0,42.0,482.8316650390625,549.0724487304688,606.6942749023438,643.7039794921875
79,2.0,42.0,484.0810852050781,548.945068359375,608.3726196289062,644.7813720703125
80,2.0,42.0,485.081787109375,548.8787841796875,610.2745971679688,644.9220581054688
81,2.0,42.0,486.4161376953125,549.333984375,613.1749267578125,645.5379638671875
82,2.0,42.0,486.99078369140625,549.5765991210938,615.7513427734375,646.0647583007812
83,2.0,42.0,487.68963623046875,549.498046875,618.0711059570312,646.7379760742188
84,2.0,42.0,489.7924499511719,548.8734741210938,620.5083618164062,647.0633544921875
85,2.0,42.0,491.5608825683594,548.6012573242188,622.99609375,647.4912109375
86,2.0,42.0,492.23272705078125,548.021484375,625.0731201171875,647.6497802734375
87,2.0,42.0,492.6204833984375,547.1277465820312,628.0013427734375,647.9142456054688
88,2.0,42.0,494.1449279785156,546.52880859375,630.5289916992188,648.7045288085938
89,2.0,42.0,495.63348388671875,545.7470703125,633.1070556640625,649.110107421875
90,2.0,42.0,496.1849670410156,545.5252685546875,635.9810791015625,649.5472412109375
91,2.0,42.0,498.53302001953125,546.0828857421875,638.8901977539062,650.2424926757812
92,2.0,42.0,501.6732482910156,544.4098510742188,641.7930297851562,651.39794921875
93,2.0,42.0,502.46636962890625,543.0584106445312,644.7494506835938,652.1098022460938
94,2.0,42.0,503.4394836425781,542.6343383789062,648.505126953125,653.525634765625
95,2.0,42.0,503.7922668457031,542.4382934570312,651.782470703125,654.8742065429688
96,2.0,42.0,505.0635070800781,543.01416015625,654.5718383789062,655.6251220703125
97,2.0,42.0,505.6067810058594,542.6285400390625,658.8583984375,657.4702758789062
98,2.0,42.0,506.3187561035156,543.2208862304688,663.4056396484375,658.4209594726562
100,2.0,42.0,510.0276184082031,541.4786376953125,670.7020263671875,662.2613525390625
104,2.0,42.0,515.680419921875,541.4772338867188,685.9244384765625,667.4179077148438
105,2.0,42.0,516.6697998046875,541.6128540039062,690.3646240234375,669.090087890625
106,2.0,42.0,518.5316162109375,538.6763305664062,693.95654296875,670.0001220703125
107,2.0,42.0,521.9268798828125,539.5980224609375,697.5225830078125,671.1747436523438
108,2.0,42.0,522.8807373046875,539.0609130859375,702.383544921875,671.7844848632812
109,2.0,42.0,525.7175903320312,538.56689453125,708.4618530273438,672.7131958007812
110,2.0,42.0,527.2371826171875,538.5116577148438,713.510009765625,673.8360595703125
111,2.0,42.0,527.9301147460938,537.5820922851562,718.96142578125,674.983154296875
112,2.0,42.0,529.3495483398438,536.3897094726562,725.017822265625,677.3837280273438
113,2.0,42.0,530.1810913085938,535.5076904296875,729.9891967773438,678.6800537109375
114,2.0,42.0,531.533935546875,534.6785278320312,736.7372436523438,681.7318725585938
115,2.0,42.0,535.1431274414062,534.3861694335938,743.2445678710938,684.3338623046875
116,2.0,42.0,538.4317626953125,534.4542236328125,749.9801025390625,685.8351440429688
117,2.0,42.0,541.9976806640625,534.4236450195312,756.6947021484375,686.83740234375
118,2.0,42.0,545.5712890625,533.0673828125,762.6364135742188,689.2249755859375
119,2.0,42.0,548.7182006835938,532.9343872070312,769.3181762695312,691.1116333007812
120,2.0,42.0,551.4288940429688,532.267822265625,777.5142822265625,694.4922485351562
121,2.0,42.0,552.9198608398438,530.109375,784.8909912109375,697.2376098632812
122,2.0,42.0,555.2117309570312,528.1087036132812,791.7438354492188,699.3154907226562
123,2.0,42.0,559.0866088867188,527.4718017578125,800.3932495117188,700.578125
124,2.0,42.0,562.301025390625,526.493896484375,808.5086059570312,703.0130615234375
125,2.0,42.0,565.5724487304688,525.4905395507812,817.6840209960938,705.2252197265625
126,2.0,42.0,569.2620239257812,524.7822265625,826.5704956054688,708.5469970703125
127,2.0,42.0,573.1768798828125,524.3079223632812,836.8560791015625,711.7060546875
128,2.0,42.0,576.63671875,523.33642578125,846.1505737304688,713.6934204101562
129,2.0,42.0,578.7225341796875,522.4390869140625,857.0250854492188,718.1771240234375
130,2.0,42.0,584.4865112304688,521.9723510742188,868.1836547851562,720.7283935546875
131,2.0,42.0,589.838623046875,521.294189453125,881.3768920898438,723.1184692382812
132,2.0,42.0,592.7786865234375,520.7846069335938,893.1700439453125,724.8298950195312
133,2.0,42.0,597.7678833007812,519.3782958984375,905.6912841796875,727.0731201171875
134,2.0,42.0,600.8067626953125,517.973388671875,918.6376342773438,730.9600830078125
135,2.0,42.0,604.8958740234375,516.6488037109375,933.561279296875,734.2245483398438
136,2.0,42.0,610.5390625,514.2518920898438,947.4896850585938,735.3677978515625
137,2.0,42.0,614.3846435546875,511.7340087890625,963.412353515625,739.9596557617188
138,2.0,42.0,621.1378784179688,509.8404846191406,979.7421264648438,746.3182983398438
139,2.0,42.0,625.98046875,506.92144775390625,995.5899047851562,752.1353759765625
140,2.0,42.0,631.9484252929688,504.6176452636719,1014.9749755859375,756.0935668945312
141,2.0,42.0,637.9090576171875,502.90545654296875,1034.6129150390625,760.3651733398438
142,2.0,42.0,644.3704223632812,501.60601806640625,1055.7442626953125,768.5625610351562
143,2.0,42.0,649.9468994140625,499.8295593261719,1077.5775146484375,776.1259155273438
144,2.0,42.0,656.739501953125,497.9784851074219,1101.617919921875,780.7944946289062
145,2.0,42.0,664.1654663085938,494.8309326171875,1126.41650390625,788.746826171875
146,2.0,42.0,671.1123046875,491.9493408203125,1151.9471435546875,795.6524658203125
147,2.0,42.0,678.598388671875,488.7737731933594,1180.754638671875,803.42919921875
148,2.0,42.0,688.2720336914062,484.8726806640625,1211.974853515625,812.5128784179688
149,2.0,42.0,698.525634765625,482.7074890136719,1244.977783203125,822.8840942382812
150,2.0,42.0,707.0574951171875,480.1706237792969,1280.55859375,831.689208984375
151,2.0,42.0,717.6185913085938,476.4810485839844,1318.057373046875,841.2020874023438
152,2.0,42.0,728.1696166992188,472.5515441894531,1361.9642333984375,854.8214111328125
153,2.0,42.0,739.4295043945312,469.1309814453125,1408.25537109375,867.6654663085938
154,2.0,42.0,750.4935302734375,464.29998779296875,1458.3636474609375,884.510498046875
155,2.0,42.0,763.0548706054688,458.6705017089844,1514.8433837890625,898.2167358398438
156,2.0,42.0,778.0948486328125,450.7114562988281,1570.408935546875,915.6734619140625
157,2.0,42.0,792.4275512695312,443.89813232421875,1638.6461181640625,935.566162109375
158,2.0,42.0,808.165771484375,438.8595886230469,1708.6783447265625,956.7446899414062
159,2.0,42.0,826.2528076171875,433.2781677246094,1809.9615478515625,981.5656127929688
160,2.0,42.0,843.8944702148438,427.1820983886719,1880.5357666015625,1011.231201171875
161,2.0,42.0,864.3235473632812,422.3075866699219,1920.0,1040.663818359375
162,2.0,42.0,888.3426513671875,413.81475830078125,1920.0,1064.0015869140625
163,2.0,42.0,911.498046875,401.5169677734375,1920.0,1074.254150390625
164,2.0,42.0,939.05126953125,393.445556640625,1920.0,1079.0191650390625
165,2.0,42.0,966.3390502929688,385.3875732421875,1920.0,1080.0
166,2.0,42.0,1000.4047241210938,373.1059265136719,1920.0,1080.0
167,2.0,42.0,1035.7088623046875,357.6827087402344,1920.0,1079.62890625
168,2.0,42.0,1076.121826171875,343.2477111816406,1920.0,1077.168212890625
169,2.0,42.0,1120.2716064453125,323.89923095703125,1920.0,1074.7470703125
170,2.0,42.0,1171.6202392578125,305.2966613769531,1920.0,1071.92919921875
171,2.0,42.0,1228.6094970703125,281.3319396972656,1920.0,1072.7305908203125
172,2.0,42.0,1296.616943359375,263.9115905761719,1920.0,1073.32666015625
173,2.0,42.0,1374.82861328125,258.9806213378906,1920.0,1073.2640380859375
174,2.0,42.0,1465.690185546875,240.47601318359375,1920.0,1073.8668212890625
176,2.0,42.0,1698.90234375,382.206298828125,1920.0,1074.308837890625
