1,31,473.8506164550781,465.125732421875,571.454833984375,537.8245849609375
2,31,473.9337158203125,465.2978820800781,572.5858154296875,537.7843627929688
3,31,475.0120849609375,464.8914794921875,573.5367431640625,537.7335815429688
4,31,475.8345031738281,464.5472717285156,573.7496337890625,537.9182739257812
5,31,476.1107482910156,464.47314453125,573.8108520507812,537.9619750976562
6,31,477.6785888671875,464.20556640625,574.82470703125,538.0853881835938
7,31,479.1068420410156,464.07147216796875,577.506103515625,538.2476196289062
8,31,479.3520202636719,464.930419921875,579.5779418945312,538.721923828125
9,31,479.7419128417969,464.61944580078125,581.1484985351562,538.8744506835938
10,31,480.32373046875,464.2107849121094,582.5989990234375,539.3795166015625
11,31,480.8305969238281,462.48016357421875,584.7887573242188,540.2000122070312
12,31,480.88677978515625,463.1384582519531,585.6180419921875,541.5477905273438
13,31,482.16802978515625,462.57232666015625,587.3289184570312,542.5916137695312
14,31,481.9235534667969,462.9665832519531,588.0143432617188,542.587646484375
15,31,481.9776611328125,462.8316955566406,588.9608154296875,542.824951171875
16,31,483.73992919921875,461.78192138671875,590.9006958007812,544.1494750976562
17,31,484.2187805175781,462.2812805175781,593.4537353515625,545.903564453125
18,31,484.6112365722656,462.4276428222656,594.4932250976562,547.1975708007812
19,31,486.1381530761719,462.0929260253906,596.5862426757812,547.5740356445312
20,31,487.0693359375,461.71929931640625,597.61865234375,547.6415405273438
21,31,487.59503173828125,461.38287353515625,598.4957885742188,547.1780395507812
22,31,488.4169921875,461.1388854980469,599.4400024414062,546.8732299804688
23,31,489.4128723144531,461.0101013183594,601.0166625976562,548.5118408203125
24,31,489.5116271972656,461.0126953125,605.810791015625,549.6979370117188
25,31,490.906982421875,460.8802185058594,607.8458251953125,549.5966186523438
26,31,491.8136901855469,460.963134765625,609.9309692382812,550.147705078125
27,31,492.16009521484375,460.0997314453125,611.7066650390625,550.5725708007812
28,31,493.539306640625,460.244384765625,612.7264404296875,550.7554321289062
29,31,493.6590270996094,460.4986572265625,615.1525268554688,551.5336303710938
30,31,493.3194885253906,459.88909912109375,618.6949462890625,551.6958618164062
31,31,495.24249267578125,460.2217712402344,621.1895141601562,552.4640502929688
32,31,496.1355285644531,459.4137878417969,622.9673461914062,552.189697265625
33,31,496.04248046875,459.4149169921875,624.3267211914062,552.9174194335938
34,31,496.9154357910156,459.20916748046875,625.3009643554688,554.8943481445312
35,31,499.1297302246094,458.4989929199219,627.9827270507812,555.66748046875
36,31,499.68505859375,457.5683898925781,630.1444091796875,555.5360107421875
37,31,501.3500061035156,456.9355163574219,632.1636962890625,555.8895263671875
38,31,501.9609069824219,456.5669860839844,633.4774780273438,557.1422119140625
39,31,501.5172424316406,456.4653625488281,635.963623046875,558.7852172851562
40,31,501.2295837402344,456.0576171875,638.780029296875,559.8858642578125
41,31,502.6947326660156,455.9668273925781,641.1360473632812,559.9813842773438
42,31,502.9194641113281,455.8677978515625,643.009521484375,560.6309204101562
43,31,504.05914306640625,456.27337646484375,645.2609252929688,561.4286499023438
44,31,505.7915954589844,456.5155029296875,648.3081665039062,562.0394287109375
45,31,506.8457336425781,457.29473876953125,651.1314086914062,562.7396240234375
46,31,509.3877258300781,457.3912658691406,653.46337890625,562.9791870117188
47,31,509.57763671875,457.3588562011719,656.166748046875,563.3489379882812
48,31,512.8408813476562,457.2606506347656,659.285888671875,563.77392578125
49,31,514.2894897460938,457.4165344238281,662.29443359375,566.0515747070312
50,31,515.6640625,456.8521423339844,666.2734375,568.7537841796875
51,31,515.8291015625,457.2045593261719,668.5375366210938,568.7553100585938
52,31,517.4630126953125,456.15362548828125,671.44384765625,570.652099609375
53,31,517.93994140625,456.25787353515625,675.7840576171875,570.9075317382812
54,31,518.6338500976562,455.9858703613281,677.1688842773438,571.5556030273438
55,31,519.33056640625,454.12200927734375,680.7681274414062,573.2105712890625
56,31,521.0121459960938,454.0939636230469,682.9141845703125,574.4847412109375
57,31,522.6920166015625,453.9216613769531,686.1616821289062,575.0397338867188
58,31,525.154296875,454.17047119140625,690.3018798828125,576.260009765625
59,31,526.0848999023438,454.08660888671875,693.721435546875,577.1170654296875
60,31,527.7463989257812,453.5376892089844,696.9241943359375,579.6820068359375
61,31,527.5538330078125,453.4161071777344,701.9664306640625,582.5617065429688
62,31,527.2009887695312,453.22650146484375,704.6139526367188,582.5193481445312
63,31,527.8524169921875,452.9809265136719,709.0476684570312,582.8466186523438
64,31,532.4865112304688,453.47271728515625,714.943603515625,584.627197265625
65,31,535.6653442382812,452.6251220703125,718.0814208984375,584.9092407226562
66,31,537.6871337890625,452.6598205566406,722.5416870117188,585.3794555664062
67,31,539.694580078125,451.9341735839844,725.97119140625,586.9097290039062
68,31,540.5113525390625,451.591064453125,729.34765625,587.98388671875
69,31,542.3720703125,451.9091796875,735.1727294921875,589.6328735351562
70,31,543.6826171875,452.060302734375,739.5977172851562,591.43896484375
71,31,546.77978515625,452.09515380859375,743.9220581054688,593.5730590820312
72,31,549.9476318359375,451.5809326171875,748.5645751953125,595.4740600585938
73,31,551.4117431640625,451.1414489746094,753.8731079101562,596.2977294921875
74,31,552.4994506835938,450.5330810546875,759.4994506835938,597.753173828125
75,31,552.0222778320312,449.7398681640625,763.1099853515625,598.5409545898438
76,31,554.1451416015625,449.5423278808594,769.1576538085938,600.7772216796875
77,31,555.933837890625,448.8038330078125,775.103271484375,602.7515869140625
78,31,559.5414428710938,448.8480529785156,781.0582885742188,604.7677001953125
79,31,562.1366577148438,447.8094787597656,786.46240234375,607.14990234375
80,31,564.7946166992188,447.03607177734375,793.9154663085938,609.8348999023438
81,31,567.2692260742188,446.6480712890625,800.4871215820312,611.3784790039062
81,32,511.3307189941406,400.189697265625,698.2498168945312,499.93829345703125
82,31,569.8634643554688,445.9581604003906,807.359130859375,613.2139282226562
82,32,509.2076416015625,400.1172180175781,701.5181884765625,497.1573181152344
83,31,572.9003295898438,446.0469970703125,812.3672485351562,615.7020263671875
83,32,504.4747314453125,400.51953125,705.6131591796875,496.8481750488281
84,31,574.4244995117188,445.97003173828125,821.3781127929688,616.815673828125
84,32,500.8148193359375,400.9222412109375,706.9354248046875,496.5444030761719
85,31,577.7505493164062,445.8528137207031,829.2510986328125,620.2210083007812
85,32,502.4037780761719,400.7117004394531,708.63720703125,496.965087890625
86,31,581.408447265625,444.4128112792969,837.2155151367188,622.307861328125
86,32,507.8955078125,398.050048828125,705.1973876953125,496.0517272949219
87,31,586.8888549804688,443.0721740722656,845.5238037109375,623.27001953125
87,32,509.09930419921875,397.1291198730469,703.552001953125,494.64019775390625
88,31,589.8545532226562,442.30096435546875,854.0161743164062,624.33154296875
88,32,512.8768920898438,397.2066345214844,702.8355102539062,494.961669921875
89,31,593.267333984375,442.0148010253906,862.2470703125,627.1583862304688
89,32,512.1786499023438,397.71478271484375,702.402587890625,495.1875915527344
90,31,595.796875,440.97662353515625,870.6924438476562,630.0
90,32,511.2759094238281,397.8157043457031,701.8040161132812,493.7848815917969
91,31,598.121826171875,440.12628173828125,879.9478759765625,633.7255249023438
91,32,510.6263122558594,397.7588806152344,701.7172241210938,492.9468688964844
92,31,602.3936767578125,440.0494079589844,889.3800659179688,636.200927734375
92,32,513.5751342773438,397.7795104980469,702.7791748046875,493.4099426269531
93,31,605.1107788085938,439.87738037109375,899.2158203125,638.1228637695312
93,32,515.7603759765625,397.938720703125,703.2239990234375,494.59552001953125
94,31,609.5235595703125,438.4577941894531,909.6782836914062,641.5191040039062
94,32,516.177001953125,398.3491516113281,703.1398315429688,494.4864807128906
95,31,611.6045532226562,438.1531677246094,921.4337158203125,644.3482666015625
95,32,515.8267822265625,398.51019287109375,702.570556640625,493.671875
96,31,614.4608764648438,437.4391784667969,933.2139892578125,647.79541015625
96,32,516.1898803710938,398.8197021484375,702.7910766601562,494.50372314453125
97,31,619.0536499023438,436.5595397949219,944.931396484375,651.0482177734375
97,32,514.226806640625,398.9864501953125,702.697265625,493.8028869628906
98,31,622.1767578125,435.1113586425781,957.18115234375,656.1503295898438
98,32,512.4520874023438,399.0990295410156,702.3574829101562,493.4028625488281
99,31,626.6671142578125,433.9424743652344,970.4989013671875,659.1436157226562
99,32,512.92333984375,399.110107421875,701.634765625,492.8983154296875
100,31,631.5875244140625,433.7576904296875,983.4470825195312,661.53857421875
100,32,514.1246337890625,399.388671875,702.0474243164062,492.6974182128906
101,31,635.2613525390625,432.2212829589844,997.7361450195312,665.09619140625
101,32,515.6218872070312,399.4930419921875,702.4681396484375,492.28045654296875
102,31,641.3870849609375,430.51837158203125,1011.9324340820312,670.5447998046875
102,32,512.6810913085938,399.81414794921875,702.902099609375,491.5144958496094
103,31,646.4345703125,429.3265380859375,1027.423828125,674.7813720703125
103,32,512.7833862304688,399.86651611328125,703.2998657226562,491.5721130371094
104,31,652.2550659179688,428.4620056152344,1042.1832275390625,681.4424438476562
104,32,514.8291015625,399.95831298828125,703.2518920898438,492.60406494140625
105,31,657.126220703125,428.8006286621094,1058.7635498046875,685.8834838867188
105,32,515.64111328125,400.0805358886719,703.377197265625,492.36102294921875
106,31,661.4843139648438,429.0252380371094,1076.857177734375,691.6104736328125
106,32,516.3887939453125,399.78350830078125,703.826416015625,491.391845703125
107,31,667.2864379882812,427.770263671875,1094.87939453125,697.9954223632812
107,32,514.4053955078125,398.98883056640625,705.0620727539062,491.1045837402344
108,31,673.4718017578125,426.5434875488281,1114.6070556640625,703.4349975585938
108,32,511.1595153808594,399.0415954589844,706.8201904296875,490.1676330566406
109,31,679.9489135742188,425.58477783203125,1134.90380859375,708.3264770507812
109,32,512.0137329101562,399.1452941894531,708.2943725585938,490.49481201171875
110,31,685.58740234375,424.4019775390625,1156.4259033203125,717.0955810546875
110,32,511.19403076171875,399.0838928222656,710.6304931640625,490.32305908203125
111,31,693.712646484375,424.2288513183594,1180.0087890625,725.6658325195312
112,31,701.5113525390625,424.6398010253906,1204.1378173828125,731.2237548828125
113,31,708.50146484375,423.24786376953125,1230.285400390625,738.3140258789062
114,31,716.5136108398438,421.473388671875,1257.001953125,744.98095703125
115,31,725.2033081054688,420.0287780761719,1285.3619384765625,756.554443359375
116,31,734.0093383789062,415.84246826171875,1315.9339599609375,768.2952270507812
117,31,744.1182250976562,414.0177917480469,1349.4775390625,779.1011352539062
118,31,752.8201293945312,412.65032958984375,1384.7183837890625,790.2673950195312
119,31,763.0960083007812,410.42864990234375,1423.11474609375,802.6705322265625
120,31,773.7809448242188,407.7524108886719,1463.682373046875,816.22900390625
121,31,785.7215576171875,405.13201904296875,1505.31201171875,831.1433715820312
122,31,795.902099609375,404.19622802734375,1551.1553955078125,846.7657470703125
123,31,809.7618408203125,399.37860107421875,1601.3587646484375,864.5762939453125
124,31,823.8953857421875,399.0146179199219,1655.7294921875,881.017578125
125,31,837.7415771484375,397.288818359375,1714.6180419921875,902.120849609375
126,31,853.259521484375,391.1048583984375,1775.970947265625,927.4554443359375
127,31,869.3008422851562,388.48828125,1845.3603515625,950.5485229492188
128,31,888.9679565429688,386.581298828125,1905.82177734375,977.37060546875
129,31,906.794189453125,383.3710632324219,1920.0,1007.26025390625
130,31,926.5441284179688,376.24700927734375,1920.0,1038.1474609375
131,31,948.8882446289062,369.33612060546875,1920.0,1064.2613525390625
132,31,972.0430297851562,366.51300048828125,1920.0,1077.9776611328125
133,31,998.8933715820312,362.4071350097656,1920.0,1080.0
134,31,1027.346435546875,356.67474365234375,1920.0,1080.0
135,31,1059.0087890625,347.6465759277344,1920.0,1080.0
136,31,1094.444580078125,340.3199462890625,1920.0,1077.2862548828125
137,31,1132.3634033203125,330.99725341796875,1920.0,1076.0093994140625
138,31,1174.7642822265625,320.10113525390625,1920.0,1072.6644287109375
139,31,1216.3570556640625,312.475341796875,1920.0,1071.5650634765625
140,31,1266.42529296875,300.99847412109375,1920.0,1072.7039794921875
141,31,1323.47314453125,295.7626647949219,1920.0,1072.3179931640625
142,31,1387.5325927734375,293.9326171875,1920.0,1073.459716796875
143,31,1460.874267578125,296.0307312011719,1920.0,1075.355712890625
144,31,1540.239013671875,312.5152587890625,1920.0,1075.8804931640625
145,31,1636.4884033203125,359.2309265136719,1920.0,1077.9014892578125
146,31,1743.2979736328125,462.0315856933594,1920.0,1075.7208251953125
