56,2.0,84.0,431.28631591796875,579.9530639648438,476.9209289550781,616.4197998046875
57,2.0,84.0,431.1953125,580.14453125,477.4420166015625,616.6705932617188
58,2.0,84.0,430.78485107421875,580.1185913085938,479.0038146972656,617.9283447265625
59,2.0,84.0,430.8927001953125,579.1468505859375,479.6631774902344,618.9308471679688
60,2.0,84.0,430.898193359375,578.2510986328125,481.3875427246094,619.9284057617188
61,2.0,84.0,431.79833984375,577.8157348632812,482.97393798828125,620.4569702148438
62,2.0,84.0,432.43426513671875,577.6800537109375,484.2713317871094,620.197265625
63,2.0,84.0,433.8529357910156,579.3521728515625,485.34857177734375,620.154541015625
65,2.0,84.0,434.4019775390625,578.7537231445312,485.9963684082031,621.114013671875
66,2.0,84.0,434.7376403808594,578.1817016601562,485.9366760253906,621.3175659179688
67,2.0,84.0,435.5625305175781,576.4081420898438,487.53253173828125,621.00439453125
68,2.0,84.0,436.5675964355469,574.8653564453125,489.65032958984375,621.0209350585938
69,2.0,84.0,437.5010070800781,574.7512817382812,490.78472900390625,621.4620971679688
70,2.0,84.0,438.3553161621094,575.78759765625,492.4590148925781,623.557861328125
71,2.0,84.0,438.9146423339844,576.2084350585938,494.4396667480469,624.455810546875
72,2.0,84.0,439.4764404296875,575.5059204101562,495.693603515625,625.5007934570312
73,2.0,84.0,440.1632995605469,576.1799926757812,496.73126220703125,626.2193603515625
74,2.0,84.0,440.9401550292969,577.1903076171875,498.650634765625,626.1851196289062
75,2.0,84.0,441.531494140625,577.4232177734375,500.4932861328125,625.7346801757812
76,2.0,84.0,442.7173767089844,578.13525390625,501.92645263671875,625.3853759765625
77,2.0,84.0,443.408935546875,577.6217651367188,503.9049377441406,626.2996215820312
78,2.0,84.0,443.3660888671875,577.2559814453125,506.5166931152344,628.2335815429688
79,2.0,84.0,443.31219482421875,576.3944091796875,508.2875671386719,629.1910400390625
80,2.0,84.0,443.867919921875,576.4580688476562,510.03765869140625,629.9189453125
81,2.0,84.0,444.2824401855469,577.4926147460938,511.0705261230469,631.3551635742188
82,2.0,84.0,445.0218200683594,577.2883911132812,513.3353271484375,631.8270263671875
83,2.0,84.0,445.1196594238281,577.8057250976562,516.1069946289062,632.9058227539062
84,2.0,84.0,445.7529296875,577.2922973632812,518.5298461914062,633.6639404296875
85,2.0,84.0,446.6360168457031,576.5103149414062,521.5393676757812,634.588134765625
86,2.0,84.0,448.24273681640625,576.4382934570312,522.887939453125,634.6572265625
87,2.0,84.0,450.09912109375,575.8037109375,525.1925659179688,634.801513671875
89,2.0,84.0,453.3758544921875,574.7141723632812,530.3137817382812,634.5739135742188
91,2.0,85.0,455.9817810058594,575.4744873046875,534.8595581054688,637.3961181640625
92,2.0,84.0,457.6707458496094,574.4030151367188,538.4268188476562,637.59814453125
93,2.0,84.0,458.2071838378906,573.478759765625,542.2523803710938,637.5942993164062
94,2.0,84.0,457.8992919921875,573.0404663085938,545.106201171875,640.0368041992188
95,2.0,84.0,459.1867370605469,572.7363891601562,547.4443359375,642.0864868164062
96,2.0,84.0,461.0947570800781,572.653076171875,551.8268432617188,643.8028564453125
97,2.0,84.0,463.47515869140625,571.8076171875,554.6040649414062,645.2459106445312
98,2.0,84.0,465.1598205566406,571.1832885742188,558.2034301757812,646.608154296875
99,2.0,84.0,467.3424377441406,570.4036865234375,563.1210327148438,647.5823974609375
100,2.0,84.0,469.2626647949219,569.517822265625,566.6677856445312,648.3255615234375
101,2.0,84.0,472.60821533203125,568.5147094726562,571.81787109375,649.815673828125
102,2.0,84.0,473.3563537597656,569.0138549804688,576.5647583007812,650.3438110351562
103,2.0,84.0,475.71978759765625,569.2819213867188,580.5303955078125,652.0979614257812
104,2.0,84.0,477.5523986816406,567.4091186523438,585.8168334960938,653.5698852539062
105,2.0,84.0,479.7135314941406,567.5929565429688,590.8713989257812,656.542724609375
106,2.0,84.0,482.0991516113281,567.9630126953125,595.9324340820312,657.8624877929688
107,2.0,84.0,483.34613037109375,567.6173095703125,602.8681030273438,658.7973022460938
108,2.0,84.0,486.4700012207031,567.0580444335938,607.8342895507812,660.3428955078125
109,2.0,84.0,489.7381286621094,567.0667114257812,613.9273071289062,662.48046875
110,2.0,84.0,492.66094970703125,565.4359130859375,621.34375,664.5611572265625
111,2.0,84.0,496.60064697265625,563.415283203125,628.7636108398438,666.3870239257812
112,2.0,84.0,499.5394592285156,562.3123779296875,635.9329223632812,669.2152709960938
113,2.0,84.0,502.0430908203125,561.2097778320312,645.1856689453125,671.3134155273438
114,2.0,84.0,504.2753601074219,559.7018432617188,654.4066772460938,673.5945434570312
115,2.0,84.0,505.28875732421875,558.0287475585938,665.7957763671875,679.0340576171875
116,2.0,84.0,509.14666748046875,556.5664672851562,675.0205688476562,682.3453979492188
117,2.0,84.0,514.1492309570312,554.472412109375,686.3502807617188,684.9951782226562
118,2.0,84.0,521.4902954101562,552.59228515625,699.8095092773438,690.364013671875
119,2.0,84.0,526.2763671875,550.5805053710938,712.3190307617188,694.3339233398438
120,2.0,84.0,529.3553466796875,549.185546875,726.9038696289062,699.5442504882812
121,2.0,84.0,536.3132934570312,548.5806274414062,743.8740234375,704.3463745117188
122,2.0,84.0,543.0589599609375,547.4804077148438,761.5056762695312,710.8482055664062
123,2.0,84.0,549.364990234375,546.1468505859375,781.4051513671875,716.9025268554688
124,2.0,84.0,555.8095092773438,544.0761108398438,803.3258666992188,721.4312744140625
125,2.0,84.0,566.2132568359375,541.4251708984375,828.4893188476562,728.8634643554688
126,2.0,84.0,575.0844116210938,538.166015625,855.8117065429688,737.4715576171875
127,2.0,84.0,585.2306518554688,534.6849365234375,886.6471557617188,744.7393188476562
128,2.0,84.0,595.4276123046875,531.3995361328125,922.918701171875,754.52001953125
129,2.0,84.0,607.39697265625,526.3006591796875,965.1550903320312,766.3475341796875
130,2.0,84.0,622.667236328125,521.830810546875,1011.9041137695312,781.8076171875
131,2.0,84.0,639.07080078125,516.9619750976562,1068.54736328125,797.1259765625
132,2.0,84.0,658.8403930664062,509.79168701171875,1137.0159912109375,815.4848022460938
133,2.0,84.0,679.4302978515625,502.5823669433594,1218.6070556640625,835.7119140625
134,2.0,84.0,706.8991088867188,493.7717590332031,1318.274169921875,867.9129638671875
135,2.0,84.0,737.4506225585938,480.442626953125,1443.30029296875,904.7090454101562
136,2.0,84.0,771.2098388671875,461.5521240234375,1603.46923828125,955.5421142578125
137,2.0,84.0,817.054443359375,448.0198974609375,1806.89306640625,1020.1353149414062
138,2.0,84.0,875.2529296875,429.138916015625,1893.4539794921875,1057.72802734375
139,2.0,84.0,948.26171875,402.5024108886719,1920.0,1075.792236328125
140,2.0,84.0,1046.55615234375,362.3163146972656,1920.0,1077.0723876953125
141,2.0,84.0,1181.573486328125,312.99114990234375,1920.0,1079.00830078125
142,2.0,84.0,1388.932861328125,289.8436279296875,1920.0,1080.0
