69,61,217.193603515625,389.6485290527344,265.37457275390625,420.0666198730469
70,61,217.41885375976562,389.8328552246094,266.789794921875,420.63134765625
71,61,218.51678466796875,389.862060546875,267.69354248046875,421.5606384277344
72,61,218.36013793945312,389.3477783203125,268.0246276855469,422.8150939941406
73,61,217.7869415283203,387.6025085449219,268.70587158203125,423.5789489746094
74,61,219.11911010742188,387.5448913574219,269.5736083984375,424.4874267578125
75,61,219.342529296875,387.8822326660156,271.1895751953125,425.73907470703125
76,61,219.7658233642578,385.4886169433594,272.5491027832031,426.09185791015625
77,61,220.50555419921875,385.0096740722656,274.1933288574219,425.7756652832031
78,61,220.92633056640625,384.437255859375,275.59332275390625,425.8267822265625
79,61,221.62258911132812,384.58184814453125,277.4718017578125,426.2021484375
80,61,221.99713134765625,384.16094970703125,279.0235595703125,426.8690185546875
81,61,222.51722717285156,384.4242248535156,280.9808044433594,427.5650329589844
82,61,223.4405059814453,384.8915710449219,282.3680419921875,427.9848937988281
83,61,224.70663452148438,385.49041748046875,283.4796447753906,428.1458740234375
84,61,226.19654846191406,386.276611328125,285.03143310546875,428.4487609863281
85,61,227.19261169433594,386.3434143066406,286.7468566894531,428.6512756347656
86,61,228.16152954101562,387.4361877441406,289.28094482421875,428.96246337890625
87,61,229.2388916015625,389.4401550292969,290.82171630859375,428.7494201660156
88,61,229.92649841308594,386.3439025878906,292.4876403808594,428.1557312011719
89,61,230.35064697265625,383.4935607910156,293.4612731933594,429.1600341796875
90,61,229.83145141601562,382.2768249511719,295.1838684082031,430.0944519042969
91,61,229.6083526611328,381.82275390625,297.02813720703125,430.4281311035156
92,61,229.9647674560547,381.2554931640625,299.85418701171875,430.9991760253906
93,61,230.6580810546875,381.1273498535156,301.8230285644531,430.9230651855469
94,61,233.21815490722656,380.6405029296875,302.6540222167969,432.2467041015625
95,61,233.93321228027344,381.49957275390625,304.1134948730469,433.5130615234375
96,61,236.20126342773438,381.8340148925781,305.67913818359375,433.93572998046875
97,61,237.75485229492188,381.6968994140625,308.0577087402344,434.26861572265625
98,61,239.6456756591797,381.6553955078125,312.0818176269531,435.9817199707031
99,61,240.6724395751953,381.5995788574219,315.5504150390625,438.3497009277344
100,61,241.09046936035156,381.05303955078125,319.3153991699219,439.8935546875
101,61,242.4534454345703,380.77264404296875,321.6004333496094,439.3443298339844
102,61,242.98292541503906,380.7655334472656,324.28204345703125,438.70452880859375
103,61,244.28964233398438,380.926513671875,325.34307861328125,439.5258483886719
104,61,246.05828857421875,380.8275451660156,327.2498779296875,441.0956115722656
105,61,247.0837860107422,380.4979553222656,329.1424865722656,441.60498046875
106,61,250.80043029785156,379.30999755859375,333.0733947753906,442.018310546875
107,61,252.75674438476562,378.492431640625,337.4947204589844,442.9028625488281
108,61,253.6505584716797,377.9160461425781,340.374755859375,443.4964599609375
109,61,254.5581817626953,377.74481201171875,344.1966552734375,444.72283935546875
110,61,256.031005859375,377.10595703125,347.98309326171875,446.6701354980469
111,61,257.6492004394531,376.2040100097656,350.73486328125,448.1296691894531
112,61,260.7195129394531,376.07012939453125,353.38287353515625,449.8615417480469
113,61,263.3033447265625,376.9295654296875,357.85394287109375,451.26123046875
114,61,264.5846862792969,376.2791442871094,363.4559631347656,452.9006042480469
115,61,265.1776123046875,375.9637451171875,368.0945129394531,454.1817932128906
116,61,266.6354064941406,374.8225402832031,372.78167724609375,454.7224426269531
117,61,269.6438293457031,373.43505859375,378.1505432128906,455.2475280761719
118,61,273.33392333984375,372.437744140625,383.3756103515625,458.019775390625
119,61,275.75299072265625,373.1424255371094,389.58551025390625,460.5703125
120,61,278.29290771484375,372.6773681640625,395.67059326171875,462.46990966796875
121,61,280.3146057128906,372.57989501953125,400.576416015625,464.2938537597656
122,61,282.06719970703125,372.2369384765625,406.4821472167969,465.3169860839844
123,61,284.8864440917969,372.94732666015625,412.93603515625,466.5216064453125
124,61,287.10174560546875,371.9803466796875,420.5201721191406,469.1753234863281
125,61,290.83392333984375,371.5019226074219,428.99481201171875,471.76068115234375
126,61,298.9495849609375,370.71002197265625,435.299560546875,475.046630859375
127,61,301.970458984375,369.9386291503906,443.2807312011719,477.0018310546875
128,61,304.7217712402344,369.0757141113281,452.49432373046875,478.37158203125
129,61,309.30401611328125,368.61053466796875,460.598876953125,480.4874267578125
130,61,311.4754943847656,367.6319274902344,473.1089782714844,485.8409118652344
131,61,315.90869140625,366.58575439453125,482.6544494628906,488.1319580078125
132,61,320.77838134765625,365.7267761230469,493.0723571777344,491.131591796875
133,61,326.6412658691406,364.71636962890625,505.6044006347656,494.9320373535156
134,61,332.6730041503906,363.9027099609375,520.0928344726562,497.9791259765625
135,61,339.0307312011719,362.9611511230469,533.4886474609375,504.11181640625
136,61,344.91302490234375,361.9759216308594,548.6077880859375,508.7566833496094
137,61,352.3080749511719,360.16107177734375,565.3411865234375,514.607421875
138,61,359.400146484375,358.8326416015625,583.8272705078125,520.1654663085938
139,61,367.818603515625,358.7359924316406,603.4036865234375,525.4754028320312
140,61,377.3424072265625,358.2226257324219,626.37353515625,532.3525390625
141,61,386.5824279785156,358.64251708984375,650.14404296875,539.31787109375
142,61,398.1441345214844,357.7379150390625,677.7233276367188,545.6215209960938
143,61,410.6409606933594,355.9064025878906,708.9768676757812,557.4714965820312
144,61,423.9370422363281,354.4951477050781,744.0977783203125,566.3040161132812
145,61,437.557373046875,352.6314392089844,782.1123046875,577.0518188476562
146,61,453.1289978027344,350.0584411621094,826.5184326171875,589.7446899414062
147,61,470.5842590332031,348.1651611328125,877.01123046875,604.2664184570312
148,61,489.0895080566406,343.0469970703125,935.3282470703125,622.9073486328125
149,61,512.4574584960938,339.34393310546875,1005.2094116210938,643.6543579101562
150,61,538.5143432617188,336.5485534667969,1087.3231201171875,669.5186157226562
151,61,567.8242797851562,330.2138671875,1185.5025634765625,701.1397094726562
152,61,602.8313598632812,325.42901611328125,1302.940673828125,739.533203125
153,61,646.0504150390625,316.4922180175781,1453.7650146484375,788.2505493164062
154,61,694.6380615234375,309.6424560546875,1642.2164306640625,850.78466796875
155,61,754.2860107421875,301.57843017578125,1826.91015625,939.6553955078125
156,61,830.5777587890625,290.4837951660156,1904.2437744140625,1026.9825439453125
157,61,933.1533203125,274.8779602050781,1920.0,1060.65771484375
158,61,1067.1932373046875,258.9573974609375,1920.0,1067.9959716796875
159,61,1255.6500244140625,245.99014282226562,1920.0,1074.147705078125
160,61,1535.984130859375,284.343505859375,1920.0,1080.0
