5,39,300.0650939941406,485.253662109375,364.3569030761719,531.923828125
6,39,301.00665283203125,484.7874755859375,364.17486572265625,532.3507080078125
7,39,301.63189697265625,483.8213195800781,364.7507629394531,532.7400512695312
8,39,301.9864196777344,483.9468994140625,365.1936340332031,533.1444702148438
9,39,302.4408264160156,483.3773193359375,365.7526550292969,533.3848876953125
10,39,302.5495910644531,483.4265441894531,365.9310302734375,533.8826293945312
11,39,302.597412109375,482.6169738769531,366.73175048828125,534.1841430664062
12,39,302.61956787109375,481.0054626464844,368.047607421875,534.93798828125
13,39,303.8040466308594,480.8721923828125,368.6671142578125,534.7540893554688
14,39,305.1051330566406,480.5374755859375,370.1631774902344,536.1156616210938
15,39,305.7375793457031,479.92401123046875,371.5596618652344,536.7875366210938
16,39,305.5614013671875,478.591796875,372.5666809082031,536.7230224609375
17,39,305.13043212890625,478.4747314453125,373.0691833496094,537.0033569335938
18,39,305.09295654296875,478.552001953125,374.3932189941406,537.8973388671875
19,39,305.1158752441406,478.46209716796875,374.91363525390625,537.8474731445312
20,39,306.3392333984375,478.07415771484375,376.0345458984375,538.4763793945312
21,39,308.56451416015625,478.65020751953125,377.1869812011719,537.962890625
22,39,307.8011169433594,478.58447265625,377.58251953125,538.5282592773438
23,39,308.8350830078125,478.51239013671875,379.57049560546875,538.6113891601562
24,39,310.1284484863281,478.3950500488281,381.33074951171875,538.6275024414062
25,39,310.94976806640625,478.57073974609375,381.72998046875,540.142333984375
26,39,310.3589172363281,478.4114685058594,384.0814514160156,539.795654296875
27,39,310.4392395019531,478.49969482421875,385.3972473144531,540.017822265625
28,39,309.99517822265625,479.09405517578125,386.4289245605469,540.643798828125
29,39,310.55731201171875,479.6318054199219,388.173095703125,541.5504760742188
30,39,311.3970031738281,479.9000244140625,389.68487548828125,542.20947265625
31,39,311.9786071777344,480.6085510253906,389.9587707519531,542.7606201171875
32,39,312.3841552734375,478.86444091796875,393.3859558105469,545.2054443359375
33,39,312.8111267089844,478.1935729980469,395.81695556640625,546.1246337890625
34,39,313.1894836425781,478.0137939453125,396.7704772949219,546.1002807617188
35,39,313.96124267578125,477.48773193359375,397.97247314453125,546.1484985351562
36,39,314.6320495605469,477.60406494140625,399.2923583984375,546.33642578125
37,39,315.472412109375,477.193359375,400.2833557128906,546.8749389648438
38,39,315.90576171875,477.0213928222656,401.71575927734375,547.114990234375
39,39,317.2627258300781,476.7262878417969,402.951904296875,547.8972778320312
40,39,317.1541442871094,478.9564514160156,405.4858093261719,549.4181518554688
41,39,317.15643310546875,480.2623291015625,407.0209045410156,550.9509887695312
42,39,318.832275390625,480.3092041015625,409.2009582519531,551.2529296875
43,39,320.0317077636719,480.044677734375,411.01593017578125,551.8017578125
44,39,321.13671875,479.8044128417969,413.21331787109375,552.3082885742188
45,39,323.2900085449219,477.5694580078125,414.07318115234375,551.6426391601562
46,39,324.33734130859375,477.3613586425781,416.4005126953125,551.5689086914062
47,39,325.2306823730469,477.61529541015625,417.727783203125,552.1614379882812
48,39,326.0586242675781,477.0358581542969,420.4940490722656,553.5491333007812
49,39,326.23455810546875,476.8262634277344,422.34649658203125,554.27783203125
50,39,326.3129577636719,476.535888671875,424.6571350097656,555.0059814453125
51,39,327.0950927734375,476.37872314453125,427.0520935058594,555.7423095703125
52,39,326.9745178222656,476.95989990234375,428.8240966796875,556.7529907226562
53,39,326.85736083984375,478.41033935546875,430.4355163574219,558.399169921875
54,39,327.88409423828125,479.0123596191406,432.48577880859375,560.9554443359375
55,39,328.5002136230469,479.0325012207031,434.81768798828125,561.5880737304688
56,39,330.2151184082031,478.6701354980469,437.9178161621094,561.9297485351562
57,39,332.4724426269531,478.3153381347656,440.0142822265625,562.1118774414062
58,39,334.19891357421875,477.92236328125,443.1844177246094,562.3477783203125
59,39,336.0699768066406,477.2248840332031,445.0451354980469,562.5675048828125
60,39,337.3568420410156,477.537353515625,447.83892822265625,563.9591064453125
61,39,337.2718505859375,477.8660888671875,451.0174560546875,564.8616943359375
62,39,338.8025207519531,477.8897705078125,452.1373291015625,565.4215087890625
63,39,339.92919921875,477.9211730957031,454.2763366699219,567.8191528320312
64,39,342.1252136230469,477.7101745605469,457.7757263183594,569.4609985351562
65,39,344.63812255859375,477.8385314941406,460.84393310546875,569.9096069335938
66,39,346.7822570800781,477.9867858886719,464.6459045410156,572.07177734375
67,39,347.62774658203125,477.5403747558594,468.57275390625,572.9154052734375
68,39,349.1064453125,477.2064208984375,471.8966369628906,573.937255859375
69,39,349.63641357421875,477.3130798339844,474.9720458984375,575.1846923828125
70,39,350.7391052246094,476.8869323730469,478.31951904296875,576.2166748046875
71,39,350.9396667480469,476.4756774902344,482.30609130859375,577.2564086914062
72,39,352.6389465332031,476.2001647949219,485.56390380859375,578.1830444335938
73,39,354.1676940917969,476.1368408203125,489.67474365234375,579.3184204101562
74,39,354.9662170410156,476.57196044921875,495.56341552734375,582.2404174804688
75,39,357.974853515625,476.6357421875,500.57427978515625,584.1354370117188
76,39,359.11102294921875,477.22039794921875,502.9546813964844,585.930419921875
77,39,360.5812683105469,477.13726806640625,507.3659362792969,587.23828125
78,39,360.58587646484375,476.0885314941406,512.1078491210938,589.4454345703125
79,39,362.5643310546875,476.3300476074219,516.9540405273438,591.6934814453125
80,39,364.7453918457031,476.10284423828125,521.4732055664062,594.0802001953125
81,39,367.8990783691406,476.2339782714844,526.8990478515625,593.7527465820312
82,39,370.2540283203125,476.0670471191406,532.654052734375,594.455078125
83,39,371.63922119140625,475.426025390625,537.1537475585938,594.5552978515625
84,39,373.4811096191406,474.84661865234375,542.8733520507812,596.8890991210938
85,39,375.3638000488281,474.6841125488281,548.8679809570312,597.6941528320312
86,39,378.0823974609375,474.3627624511719,554.5447998046875,601.0877075195312
87,39,380.4452209472656,473.39697265625,560.2124633789062,604.570556640625
88,39,382.4908142089844,473.2083435058594,568.5049438476562,607.396484375
89,39,385.6004638671875,472.654541015625,574.4951782226562,609.768310546875
90,39,389.9419860839844,471.42974853515625,582.0440673828125,611.8204345703125
91,39,392.88995361328125,470.5264587402344,589.5281372070312,614.58544921875
92,39,396.30987548828125,470.53533935546875,597.42333984375,617.5668334960938
93,39,400.0796203613281,469.88525390625,605.31689453125,619.7171020507812
94,39,403.0596008300781,469.3650207519531,614.5343627929688,621.1146850585938
95,39,407.0305480957031,468.0348205566406,624.2195434570312,623.7228393554688
96,39,409.7347106933594,467.8291931152344,632.7931518554688,627.8839721679688
97,39,413.19366455078125,466.56622314453125,643.1780395507812,631.3179321289062
98,39,417.4234924316406,466.0329895019531,654.6768798828125,634.5009155273438
99,39,422.3807678222656,465.22015380859375,666.02978515625,638.2183837890625
100,39,427.3207092285156,464.2420959472656,677.9398803710938,642.4144287109375
101,39,431.1220397949219,463.4902648925781,691.9463500976562,645.6387939453125
102,39,435.0970153808594,461.7112731933594,704.6812744140625,650.310791015625
103,39,441.8147888183594,460.4850158691406,718.9736938476562,656.3997192382812
104,39,446.8648681640625,459.7847595214844,733.9859619140625,660.9229125976562
105,39,452.235107421875,458.3016662597656,750.2428588867188,667.054931640625
106,39,458.3920593261719,456.2704772949219,768.31689453125,673.1932373046875
107,39,465.05499267578125,455.32891845703125,787.0458984375,680.6663818359375
108,39,470.57696533203125,455.7466735839844,806.52490234375,684.7899169921875
109,39,477.41876220703125,454.8220520019531,827.431396484375,693.5499267578125
110,39,484.3939208984375,453.79278564453125,850.2410888671875,701.1599731445312
111,39,491.99609375,452.55902099609375,875.6011962890625,708.638916015625
112,39,501.2596740722656,451.53778076171875,901.418701171875,716.9261474609375
113,39,509.49530029296875,451.027099609375,930.3711547851562,725.9617919921875
114,39,517.4508056640625,449.7502136230469,961.8612060546875,736.384521484375
115,39,529.6373901367188,447.1069030761719,995.5147705078125,747.9161987304688
116,39,539.0599365234375,446.7718200683594,1033.4739990234375,760.7333374023438
117,39,550.1571655273438,445.6583557128906,1075.376708984375,775.1983642578125
118,39,564.1171875,443.49786376953125,1121.659912109375,793.1680908203125
119,39,578.0801391601562,442.6948547363281,1172.5010986328125,812.35595703125
120,39,593.09521484375,441.263427734375,1228.2574462890625,830.7504272460938
121,39,609.9321899414062,439.0611572265625,1291.4832763671875,854.2003784179688
122,39,629.0975341796875,437.6341247558594,1364.0697021484375,880.5958251953125
123,39,648.4169311523438,434.78369140625,1444.5255126953125,911.1183471679688
124,39,670.7291870117188,429.29327392578125,1538.0205078125,945.1900024414062
125,39,696.7703857421875,425.4363098144531,1641.9639892578125,986.065185546875
126,39,723.6123046875,422.1758117675781,1762.7147216796875,1032.0650634765625
127,39,754.4656982421875,418.6489562988281,1877.8558349609375,1064.0714111328125
128,39,789.9368286132812,413.0898742675781,1920.0,1077.1041259765625
129,39,833.0455322265625,405.7597351074219,1920.0,1080.0
130,39,881.9048461914062,396.68548583984375,1920.0,1080.0
131,39,931.5034790039062,388.8174743652344,1920.0,1080.0
132,39,996.7675170898438,377.4838562011719,1920.0,1076.9227294921875
133,39,1073.430908203125,363.2589416503906,1920.0,1076.202392578125
134,39,1166.5462646484375,350.3719177246094,1920.0,1077.2281494140625
135,39,1282.3367919921875,349.7808532714844,1920.0,1077.282470703125
136,39,1427.704345703125,361.8350524902344,1920.0,1078.9560546875
137,39,1611.9222412109375,461.3826904296875,1920.0,1080.0
