53,2.0,17.0,300.734130859375,557.6590576171875,358.3222351074219,596.494873046875
54,2.0,17.0,299.96356201171875,556.2029418945312,359.2974853515625,598.1504516601562
55,2.0,17.0,299.7016296386719,555.07861328125,360.2954406738281,599.46142578125
56,2.0,17.0,300.90966796875,555.2384643554688,362.1773681640625,600.4117431640625
57,2.0,17.0,302.12554931640625,557.0443115234375,363.5565185546875,600.061279296875
58,2.0,17.0,302.36126708984375,558.3781127929688,363.8546142578125,600.0708618164062
59,2.0,17.0,302.2637023925781,557.5655517578125,364.8715515136719,600.5653686523438
60,2.0,17.0,302.8351135253906,555.2859497070312,365.3815002441406,600.8367919921875
61,2.0,17.0,303.6936950683594,553.3323364257812,366.3798522949219,600.8760375976562
62,2.0,17.0,304.6308898925781,553.56298828125,367.63812255859375,600.4806518554688
63,2.0,17.0,304.9356994628906,552.9260864257812,369.7351379394531,601.2014770507812
64,2.0,17.0,305.2335510253906,551.6612548828125,371.3218078613281,601.696533203125
65,2.0,17.0,306.4782409667969,551.0364379882812,372.51409912109375,601.7600708007812
66,2.0,17.0,306.7058410644531,550.184814453125,374.54791259765625,602.146240234375
67,2.0,17.0,307.5066223144531,550.2811279296875,375.50732421875,602.668212890625
68,2.0,17.0,308.4246520996094,549.21484375,376.8564147949219,603.0169677734375
69,2.0,17.0,309.2142639160156,549.8236694335938,377.4915771484375,603.4534301757812
70,2.0,17.0,309.96331787109375,548.3464965820312,377.6268005371094,604.02294921875
71,2.0,17.0,309.9964599609375,548.48779296875,379.55218505859375,604.439453125
72,2.0,17.0,310.4355773925781,548.6590576171875,382.6247253417969,604.8587646484375
73,2.0,17.0,311.0166320800781,548.0485229492188,384.3823547363281,605.2216796875
74,2.0,17.0,311.8029479980469,546.347900390625,386.1684875488281,605.7967529296875
75,2.0,17.0,312.663818359375,545.4330444335938,386.8061828613281,606.862548828125
76,2.0,17.0,314.159912109375,545.89453125,387.5185852050781,606.9861450195312
77,2.0,17.0,315.4834899902344,545.6139526367188,388.23211669921875,607.4300537109375
78,2.0,17.0,315.84112548828125,545.2517700195312,389.09271240234375,608.4515991210938
79,2.0,17.0,316.034423828125,544.68212890625,392.1640930175781,608.9788208007812
80,2.0,17.0,316.2801513671875,544.5105590820312,394.58642578125,608.9862670898438
81,2.0,17.0,318.2043151855469,545.1604614257812,397.20947265625,609.1950073242188
82,2.0,17.0,318.77899169921875,545.29833984375,399.2042541503906,610.1340942382812
83,2.0,17.0,319.4113464355469,545.1008911132812,400.46282958984375,610.8880615234375
84,2.0,17.0,320.556884765625,544.3610229492188,401.5333251953125,611.2825317382812
85,2.0,17.0,322.8143005371094,543.730712890625,403.7597961425781,612.2084350585938
88,2.0,17.0,325.9016418457031,543.4498901367188,410.8529968261719,615.6762084960938
89,2.0,17.0,326.2972717285156,543.9769897460938,412.7713623046875,617.2268676757812
90,2.0,17.0,327.2781066894531,543.8414916992188,416.09783935546875,618.2374877929688
91,2.0,17.0,328.2640075683594,543.82958984375,417.8608093261719,618.8883056640625
92,2.0,17.0,329.2032775878906,543.44287109375,420.39398193359375,619.8060913085938
93,2.0,17.0,329.57904052734375,541.8370971679688,422.84991455078125,620.4249267578125
94,2.0,17.0,330.9289245605469,541.6045532226562,424.30560302734375,620.5496826171875
95,2.0,17.0,333.7266540527344,541.6848754882812,426.76629638671875,620.6976928710938
96,2.0,17.0,335.8712158203125,541.2047119140625,430.55657958984375,621.3966674804688
97,2.0,17.0,336.8330993652344,540.5798950195312,434.593994140625,622.407470703125
98,2.0,17.0,337.68865966796875,539.761474609375,436.8927001953125,623.4186401367188
99,2.0,17.0,338.5736999511719,539.5302734375,438.80010986328125,623.8734130859375
100,2.0,17.0,340.3017272949219,538.94091796875,442.7102355957031,624.2735595703125
101,2.0,17.0,340.8439025878906,536.6649169921875,446.97857666015625,625.065185546875
102,2.0,17.0,342.47900390625,535.0022583007812,449.46173095703125,625.8381958007812
103,2.0,17.0,343.59228515625,534.1146240234375,451.0204772949219,626.4061889648438
104,2.0,17.0,346.1067199707031,533.8870849609375,455.10400390625,627.2711181640625
105,2.0,17.0,347.64794921875,533.1506958007812,459.4033508300781,628.6063232421875
106,2.0,17.0,348.344482421875,532.7473754882812,463.0421142578125,629.5750732421875
107,2.0,17.0,349.45953369140625,531.56103515625,468.2807312011719,630.7770385742188
108,2.0,17.0,350.7539978027344,531.3682250976562,471.58551025390625,632.5285034179688
109,2.0,17.0,352.273681640625,532.0052490234375,475.8923645019531,633.793701171875
110,2.0,17.0,355.181640625,532.1182250976562,481.2947998046875,634.2805786132812
111,2.0,17.0,358.5215148925781,531.5535888671875,483.9408264160156,635.8250732421875
112,2.0,17.0,359.6184997558594,531.846435546875,489.1683044433594,638.149658203125
113,2.0,17.0,362.1899719238281,531.8179931640625,493.7878723144531,640.8812866210938
114,2.0,17.0,363.31207275390625,531.1611938476562,499.0118408203125,643.1433715820312
115,2.0,17.0,363.5928649902344,530.3681640625,504.2334289550781,644.8050537109375
116,2.0,17.0,364.5141906738281,529.2422485351562,509.3200378417969,645.9158325195312
117,2.0,17.0,365.9757080078125,528.5291137695312,515.1904907226562,647.4005737304688
118,2.0,17.0,369.4922790527344,527.7416381835938,520.744384765625,648.4365234375
119,2.0,17.0,371.2059326171875,527.2155151367188,526.685546875,649.90234375
120,2.0,17.0,373.8268127441406,526.6605834960938,531.4617309570312,651.95458984375
121,2.0,17.0,375.3309020996094,525.3641967773438,537.7823486328125,653.7056884765625
122,2.0,17.0,376.6254577636719,524.230224609375,544.34033203125,656.270751953125
123,2.0,17.0,379.7330627441406,523.6637573242188,552.9996948242188,659.0165405273438
124,2.0,17.0,381.90692138671875,521.1170043945312,560.9207763671875,660.3674926757812
125,2.0,17.0,384.1015625,520.2894287109375,569.1484985351562,663.3895263671875
126,2.0,17.0,386.01165771484375,518.9693603515625,576.7667846679688,665.5
127,2.0,17.0,390.69024658203125,516.6761474609375,585.101318359375,667.5324096679688
128,2.0,17.0,394.2825622558594,514.9031982421875,593.8157958984375,669.2514038085938
129,2.0,17.0,397.4327392578125,512.418701171875,604.3856201171875,670.9032592773438
130,2.0,17.0,402.40081787109375,509.6593322753906,614.8352661132812,673.3129272460938
131,2.0,17.0,406.2017517089844,508.8092956542969,626.1783447265625,675.8684692382812
132,2.0,17.0,409.27508544921875,506.2210693359375,637.5967407226562,679.0458374023438
133,2.0,17.0,413.6307373046875,503.7583923339844,650.119873046875,682.6756591796875
134,2.0,17.0,418.5149841308594,502.080078125,663.734619140625,686.7720336914062
135,2.0,17.0,423.3974914550781,500.6196594238281,679.183349609375,692.232421875
136,2.0,17.0,428.1059265136719,498.2289123535156,695.9921875,697.3287353515625
137,2.0,17.0,432.27740478515625,495.39349365234375,711.2777709960938,702.589599609375
138,2.0,17.0,439.44482421875,491.407958984375,730.1295776367188,708.2081909179688
139,2.0,17.0,447.49761962890625,485.3241882324219,750.370849609375,712.4346313476562
140,2.0,17.0,453.9245300292969,482.8083190917969,773.2011108398438,717.623779296875
141,2.0,17.0,460.6311340332031,478.8448791503906,796.06103515625,725.636962890625
142,2.0,17.0,466.67279052734375,474.7010192871094,821.2387084960938,735.3491821289062
143,2.0,17.0,475.4960021972656,472.5848083496094,849.3383178710938,745.6746826171875
144,2.0,17.0,486.10894775390625,470.2105712890625,881.19775390625,756.5521850585938
145,2.0,17.0,494.3716735839844,467.08001708984375,917.2329711914062,769.3052368164062
146,2.0,17.0,505.02569580078125,464.82958984375,954.8199462890625,781.1632080078125
147,2.0,17.0,515.286376953125,459.5536804199219,998.3585205078125,796.4102172851562
148,2.0,17.0,528.273681640625,454.2345886230469,1047.6734619140625,812.9698486328125
149,2.0,17.0,542.3403930664062,449.9198303222656,1104.3631591796875,830.117919921875
150,2.0,17.0,557.3888549804688,442.4001159667969,1169.9024658203125,851.6181030273438
151,2.0,17.0,572.3566284179688,434.43701171875,1245.5902099609375,876.3279418945312
152,2.0,17.0,589.4603881835938,421.441650390625,1335.0872802734375,905.8505859375
153,2.0,17.0,612.6696166992188,406.84344482421875,1442.2506103515625,940.3170776367188
154,2.0,17.0,634.87548828125,397.27801513671875,1570.8514404296875,983.3334350585938
155,2.0,17.0,664.2284545898438,384.62548828125,1728.0335693359375,1031.834716796875
156,2.0,17.0,683.1549072265625,370.5218200683594,1862.63427734375,1061.442138671875
157,2.0,17.0,734.34033203125,349.568603515625,1918.115234375,1073.6517333984375
158,2.0,17.0,782.63818359375,325.6902160644531,1920.0,1078.317138671875
159,2.0,17.0,839.46875,291.0435791015625,1920.0,1077.896484375
160,2.0,17.0,911.4819946289062,254.1213836669922,1920.0,1077.3460693359375
161,2.0,17.0,1000.0320434570312,202.40509033203125,1920.0,1075.5115966796875
162,2.0,17.0,1114.796142578125,144.60995483398438,1920.0,1074.5443115234375
163,2.0,17.0,1269.1868896484375,123.14820098876953,1920.0,1076.134521484375
164,2.0,17.0,1486.7515869140625,139.72645568847656,1920.0,1076.025146484375
