51,2.0,80.0,445.93804931640625,582.803466796875,486.9960021972656,614.8515625
52,2.0,80.0,446.6650085449219,582.9992065429688,488.51275634765625,615.236328125
53,2.0,80.0,447.1728515625,582.9619750976562,489.3172912597656,615.5299682617188
54,2.0,80.0,448.3674621582031,582.2680053710938,490.8985595703125,616.0477905273438
55,2.0,80.0,449.5293273925781,582.0237426757812,493.5489196777344,616.340576171875
56,2.0,80.0,450.0928039550781,582.1163330078125,495.8193664550781,616.490478515625
57,2.0,80.0,450.9349365234375,582.1726684570312,497.3518981933594,616.0699462890625
58,2.0,80.0,452.1507873535156,582.4331665039062,500.11627197265625,617.0821533203125
59,2.0,80.0,452.72021484375,582.9525146484375,499.8412780761719,617.0809936523438
60,2.0,80.0,453.24755859375,584.1220092773438,500.2368469238281,616.5313720703125
61,2.0,80.0,454.267578125,583.6715087890625,502.89044189453125,616.401123046875
62,2.0,80.0,455.27410888671875,583.3771362304688,504.7536315917969,617.3580932617188
63,2.0,80.0,456.09197998046875,582.42626953125,505.0271911621094,616.905517578125
64,2.0,80.0,457.60223388671875,581.5470581054688,506.3237609863281,617.4086303710938
65,2.0,80.0,457.8019714355469,580.2623291015625,507.4954528808594,618.7702026367188
66,2.0,80.0,458.1670837402344,579.78466796875,508.14996337890625,619.105712890625
67,2.0,80.0,458.9438171386719,579.2943115234375,509.1106872558594,619.43505859375
68,2.0,80.0,459.6795654296875,578.072998046875,510.54986572265625,619.54443359375
69,2.0,80.0,460.4310302734375,578.0435791015625,511.9979248046875,619.596435546875
70,2.0,80.0,461.7040710449219,578.9059448242188,514.0211181640625,620.00537109375
71,2.0,80.0,462.48565673828125,579.5669555664062,515.9779663085938,620.6134033203125
72,2.0,80.0,463.32012939453125,580.041259765625,517.33203125,620.97509765625
73,2.0,80.0,463.4790954589844,580.3571166992188,518.4144287109375,621.121337890625
74,2.0,80.0,465.0042724609375,579.7305908203125,519.21337890625,621.2815551757812
75,2.0,80.0,466.89263916015625,579.35205078125,521.9613647460938,621.7251586914062
76,2.0,80.0,467.6999206542969,579.181396484375,524.2939453125,622.0940551757812
77,2.0,80.0,468.66949462890625,578.6653442382812,526.0328979492188,622.5513916015625
78,2.0,80.0,468.9524230957031,578.9672241210938,528.4381713867188,622.5958862304688
79,2.0,80.0,469.2503356933594,579.3056030273438,529.20654296875,623.5333251953125
80,2.0,80.0,469.7270202636719,578.9596557617188,531.1773681640625,624.4479370117188
81,2.0,80.0,469.5711975097656,578.8948364257812,532.5752563476562,625.37060546875
82,2.0,80.0,470.1016845703125,578.97802734375,533.2354736328125,626.23974609375
83,2.0,80.0,471.2547302246094,579.4515380859375,535.0258178710938,626.2015380859375
84,2.0,80.0,471.7484436035156,578.8220825195312,537.9916381835938,626.8195190429688
85,2.0,80.0,473.4576110839844,577.7372436523438,540.2678833007812,627.2853393554688
86,2.0,80.0,474.9817810058594,576.76171875,542.176025390625,628.063720703125
87,2.0,80.0,476.6866760253906,575.4163818359375,543.8536987304688,629.3017578125
88,2.0,80.0,478.8826599121094,575.5184936523438,546.3721313476562,629.748046875
89,2.0,80.0,480.56243896484375,575.6619873046875,549.643798828125,630.2532348632812
90,2.0,80.0,480.8168029785156,575.5592041015625,552.496337890625,631.2385864257812
91,2.0,80.0,481.30242919921875,574.880615234375,555.2246704101562,631.5377807617188
92,2.0,80.0,482.2200012207031,575.5036010742188,556.661865234375,632.606201171875
93,2.0,80.0,484.26727294921875,575.4039916992188,559.0588989257812,633.0787353515625
94,2.0,80.0,485.57244873046875,574.1666259765625,562.37109375,633.5487670898438
95,2.0,80.0,488.0625,574.0563354492188,565.46630859375,633.6866455078125
96,2.0,80.0,490.60028076171875,573.0590209960938,568.8102416992188,634.0872192382812
97,2.0,80.0,492.4249267578125,572.0878295898438,572.552734375,634.7797241210938
98,2.0,80.0,493.2767028808594,571.1820068359375,576.4260864257812,635.0751342773438
99,2.0,80.0,494.1205749511719,571.4602661132812,578.97900390625,635.220703125
100,2.0,80.0,494.8482360839844,570.9232788085938,580.5245361328125,635.9697875976562
101,2.0,80.0,496.30133056640625,570.4389038085938,583.4099731445312,638.1437377929688
102,2.0,80.0,499.84771728515625,571.0803833007812,587.7962036132812,639.7103271484375
103,2.0,80.0,501.9195861816406,571.4581909179688,592.6326904296875,638.51513671875
104,2.0,80.0,503.97344970703125,571.1638793945312,595.6190795898438,639.8897705078125
105,2.0,80.0,505.84722900390625,570.8963012695312,599.084716796875,642.2265014648438
106,2.0,80.0,507.0086364746094,570.7680053710938,602.91259765625,643.506103515625
107,2.0,80.0,508.58642578125,570.2052001953125,605.7346801757812,644.9732055664062
108,2.0,80.0,511.4914245605469,569.3277587890625,610.9345703125,646.2577514648438
109,2.0,80.0,514.0615844726562,569.0390014648438,616.3189086914062,647.440185546875
110,2.0,80.0,516.0114135742188,567.8104858398438,621.5604858398438,648.3200073242188
111,2.0,80.0,518.5953369140625,567.50732421875,626.2103881835938,648.8084106445312
112,2.0,80.0,523.22900390625,566.446044921875,630.8834838867188,649.5445556640625
113,2.0,80.0,525.9197387695312,565.8336791992188,636.3366088867188,650.2131958007812
114,2.0,80.0,528.9031372070312,565.5615844726562,642.3514404296875,652.585205078125
115,2.0,80.0,530.9202270507812,565.7939453125,649.4404296875,654.5136108398438
116,2.0,80.0,532.27490234375,565.65478515625,654.791015625,656.357177734375
117,2.0,80.0,536.8157348632812,565.0975341796875,662.0348510742188,657.55078125
118,2.0,80.0,539.949462890625,564.3418579101562,668.2239990234375,658.7877807617188
119,2.0,80.0,542.3806762695312,564.371826171875,674.821044921875,660.310302734375
120,2.0,80.0,547.2034301757812,563.0772094726562,682.3635864257812,661.7882080078125
121,2.0,80.0,550.2378540039062,561.8626098632812,690.764404296875,665.4520263671875
122,2.0,80.0,552.6199951171875,560.5440063476562,697.336181640625,667.3078002929688
123,2.0,80.0,555.2916259765625,558.38232421875,706.9895629882812,669.1376953125
124,2.0,80.0,561.7068481445312,557.294921875,716.9188232421875,671.7185668945312
125,2.0,80.0,570.5474853515625,556.3001708984375,726.473876953125,674.2582397460938
126,2.0,80.0,575.2931518554688,554.4931640625,739.1697387695312,678.6000366210938
127,2.0,80.0,577.6777954101562,552.7416381835938,751.3822631835938,681.8521118164062
128,2.0,80.0,581.7881469726562,551.1298828125,763.7335205078125,684.9182739257812
129,2.0,80.0,586.9300537109375,550.0488891601562,776.7678833007812,688.2193603515625
130,2.0,80.0,594.3410034179688,549.4816284179688,792.46826171875,691.1541137695312
131,2.0,80.0,600.4984741210938,547.9074096679688,808.611083984375,697.0424194335938
132,2.0,80.0,607.4218139648438,547.5426025390625,826.1519165039062,702.1333618164062
133,2.0,80.0,616.4823608398438,545.620361328125,845.2003784179688,704.9920654296875
134,2.0,80.0,624.4993896484375,543.1539306640625,866.596435546875,714.5946044921875
135,2.0,80.0,633.484619140625,541.01025390625,890.2432861328125,719.2421875
136,2.0,80.0,643.7644653320312,538.0426025390625,915.9220581054688,725.1222534179688
137,2.0,80.0,653.9326782226562,534.8859252929688,945.2769165039062,731.0907592773438
138,2.0,80.0,666.2108764648438,532.1077270507812,978.08984375,737.076416015625
139,2.0,80.0,679.3659057617188,528.5399780273438,1014.2970581054688,746.1917724609375
140,2.0,80.0,692.327392578125,524.705810546875,1055.849365234375,754.9263916015625
141,2.0,80.0,709.3904418945312,521.2586669921875,1104.1578369140625,768.5864868164062
142,2.0,80.0,728.9666137695312,515.6510009765625,1157.0950927734375,782.4458618164062
143,2.0,80.0,747.8890380859375,508.0896301269531,1217.2381591796875,796.0885620117188
144,2.0,80.0,771.50732421875,499.6348876953125,1293.301025390625,814.23876953125
145,2.0,80.0,798.8579711914062,493.72528076171875,1382.3935546875,835.5830078125
146,2.0,80.0,830.4508666992188,486.03228759765625,1487.2479248046875,862.6819458007812
147,2.0,80.0,867.176513671875,474.8692626953125,1616.919189453125,896.42822265625
148,2.0,80.0,908.6026611328125,462.91485595703125,1776.6312255859375,938.7733154296875
149,2.0,80.0,959.2753295898438,447.21026611328125,1880.4586181640625,995.6404418945312
150,2.0,80.0,1022.83984375,428.4754943847656,1920.0,1046.730224609375
151,2.0,80.0,1102.58447265625,403.54547119140625,1920.0,1070.5064697265625
152,2.0,80.0,1202.3935546875,370.4572448730469,1920.0,1070.2060546875
153,2.0,80.0,1337.4403076171875,335.4537353515625,1920.0,1071.5543212890625
154,2.0,80.0,1526.5367431640625,332.5759582519531,1920.0,1078.637939453125
