38,2.0,88.0,445.7881164550781,587.2479858398438,486.9653015136719,617.9470825195312
39,2.0,88.0,445.9781494140625,587.3009643554688,488.4761657714844,618.615966796875
40,2.0,88.0,446.13165283203125,585.8629760742188,489.6073913574219,618.7818603515625
41,2.0,88.0,447.00408935546875,586.0478515625,491.8847961425781,619.1763916015625
42,2.0,88.0,448.7334289550781,587.1905517578125,494.0806579589844,619.3697509765625
43,2.0,88.0,450.4457092285156,586.5726318359375,495.11016845703125,619.392578125
44,2.0,88.0,451.5559387207031,586.933349609375,497.8895263671875,619.5265502929688
45,2.0,88.0,452.7115783691406,586.40771484375,498.60540771484375,619.1143188476562
46,2.0,88.0,453.2882080078125,586.009521484375,500.2935791015625,620.2045288085938
47,2.0,88.0,453.77520751953125,585.092041015625,501.250244140625,620.5985107421875
48,2.0,88.0,454.31585693359375,584.2411499023438,504.22113037109375,621.109375
49,2.0,88.0,455.14190673828125,583.5587768554688,505.27008056640625,621.624267578125
50,2.0,88.0,455.3030090332031,582.7534790039062,506.6258850097656,622.253173828125
51,2.0,88.0,455.6293029785156,581.7307739257812,507.54925537109375,622.0966186523438
52,2.0,88.0,456.2010498046875,581.2086181640625,508.43194580078125,621.9696044921875
53,2.0,88.0,457.1731262207031,581.2047729492188,509.327880859375,622.1500854492188
54,2.0,88.0,457.4873046875,581.2388305664062,510.4928283691406,623.4951782226562
55,2.0,88.0,458.34503173828125,581.2221069335938,511.70733642578125,624.298095703125
56,2.0,88.0,459.5756530761719,581.5565795898438,514.12890625,625.4118041992188
57,2.0,88.0,460.3952331542969,581.9111328125,515.6449584960938,626.1112670898438
58,2.0,88.0,460.9024963378906,581.3760375976562,518.2896118164062,626.8490600585938
59,2.0,88.0,461.8058166503906,581.4329833984375,520.5464477539062,626.8010864257812
60,2.0,88.0,463.30096435546875,580.5881958007812,522.3231201171875,626.8538208007812
61,2.0,88.0,464.5041809082031,580.1109619140625,525.4849243164062,627.4441528320312
62,2.0,88.0,465.7403259277344,579.492919921875,528.6437377929688,629.05419921875
63,2.0,88.0,466.8366394042969,579.3867797851562,530.6144409179688,629.4205932617188
64,2.0,88.0,467.982421875,580.1080932617188,532.0746459960938,629.5147094726562
66,2.0,88.0,469.9788818359375,578.6173706054688,534.683837890625,631.1688232421875
67,2.0,88.0,470.56854248046875,577.8110961914062,537.6766967773438,632.4304809570312
68,2.0,88.0,471.52032470703125,576.8880004882812,540.5795288085938,633.0698852539062
71,2.0,88.0,477.1666259765625,574.2406616210938,549.803955078125,634.3742065429688
72,2.0,88.0,478.44940185546875,574.4907836914062,552.8760986328125,634.7427368164062
73,2.0,88.0,482.03985595703125,576.0133056640625,555.9772338867188,634.461181640625
74,2.0,88.0,482.4354553222656,574.990966796875,559.85986328125,635.081787109375
75,2.0,88.0,483.39923095703125,574.3528442382812,563.097412109375,636.1506958007812
76,2.0,88.0,484.63201904296875,573.9884033203125,567.2102661132812,636.8799438476562
77,2.0,88.0,486.82025146484375,572.820068359375,571.0032958984375,638.1725463867188
78,2.0,88.0,489.19329833984375,572.1162109375,573.9778442382812,638.9559936523438
79,2.0,88.0,491.5564270019531,571.6146240234375,577.16259765625,641.6704711914062
80,2.0,88.0,493.5195007324219,571.4015502929688,582.6276245117188,642.9910278320312
81,2.0,88.0,494.9881591796875,571.0160522460938,586.2881469726562,644.1697998046875
82,2.0,88.0,497.2994079589844,571.2582397460938,590.99365234375,645.344970703125
83,2.0,88.0,499.97369384765625,571.0923461914062,595.5277099609375,645.7515869140625
84,2.0,88.0,502.29345703125,571.2637939453125,599.8452758789062,646.8073120117188
85,2.0,88.0,504.9686584472656,570.7373657226562,604.645751953125,647.809326171875
86,2.0,88.0,507.8931884765625,570.7886962890625,609.9302978515625,649.1270751953125
87,2.0,88.0,509.3461608886719,570.359619140625,616.81005859375,650.3184204101562
88,2.0,88.0,511.5862121582031,569.3223876953125,622.3336791992188,652.5661010742188
89,2.0,88.0,514.5230712890625,569.63916015625,628.3954467773438,653.4238891601562
90,2.0,88.0,517.9100341796875,568.4950561523438,634.8971557617188,656.3018188476562
91,2.0,88.0,523.1441650390625,568.6123657226562,641.8815307617188,657.707275390625
92,2.0,88.0,526.9946899414062,569.2617797851562,649.5476684570312,658.5532836914062
93,2.0,88.0,530.4713745117188,567.4634399414062,658.1544799804688,660.4899291992188
94,2.0,88.0,535.6436767578125,567.2562866210938,665.3650512695312,661.8150634765625
95,2.0,88.0,541.815673828125,566.4783935546875,672.9180297851562,665.1570434570312
96,2.0,88.0,544.2894897460938,564.6627197265625,682.992919921875,668.1885986328125
97,2.0,88.0,547.67236328125,563.7581787109375,693.12060546875,670.9367065429688
98,2.0,88.0,551.3209228515625,561.4691162109375,704.76806640625,673.3446044921875
99,2.0,88.0,554.4625854492188,559.5643310546875,716.5447387695312,678.2348022460938
100,2.0,88.0,560.8915405273438,558.0145874023438,729.403564453125,681.2020263671875
101,2.0,88.0,568.7620849609375,556.5196533203125,743.3121337890625,683.8624267578125
102,2.0,88.0,574.8888549804688,554.0809326171875,759.1781616210938,687.4359741210938
103,2.0,88.0,581.4695434570312,551.6981811523438,775.4478149414062,692.15869140625
104,2.0,88.0,590.6589965820312,550.4387817382812,793.3580322265625,697.6415405273438
105,2.0,88.0,597.2557373046875,549.9119262695312,814.3656616210938,702.1665649414062
106,2.0,88.0,607.5394897460938,547.4039916992188,837.159912109375,708.31689453125
107,2.0,88.0,619.182373046875,544.8546752929688,860.987060546875,714.9046630859375
108,2.0,88.0,630.3139038085938,542.8247680664062,887.9966430664062,720.8526611328125
109,2.0,88.0,641.944580078125,539.4666137695312,919.8978881835938,726.5775146484375
110,2.0,88.0,655.7770385742188,535.5655517578125,955.0120849609375,735.2796630859375
111,2.0,88.0,670.1821899414062,532.7741088867188,994.874267578125,745.1594848632812
112,2.0,88.0,686.5906982421875,528.63818359375,1041.4908447265625,755.9183959960938
113,2.0,88.0,707.0078735351562,525.3211059570312,1095.9677734375,769.1300048828125
114,2.0,88.0,729.234375,519.9981689453125,1159.7625732421875,783.052978515625
115,2.0,88.0,754.9204711914062,512.9529418945312,1233.76611328125,801.0054931640625
116,2.0,88.0,783.9747924804688,502.321044921875,1325.6029052734375,821.919189453125
117,2.0,88.0,818.0026245117188,493.64215087890625,1437.0667724609375,848.4937744140625
118,2.0,88.0,859.1958618164062,482.6322937011719,1573.98388671875,882.6625366210938
119,2.0,88.0,907.5145263671875,470.8660888671875,1748.9786376953125,927.901611328125
120,2.0,88.0,969.3038940429688,451.95343017578125,1868.9918212890625,987.479736328125
121,2.0,88.0,1046.6385498046875,431.144287109375,1919.8292236328125,1043.212646484375
122,2.0,88.0,1147.3258056640625,403.0165100097656,1920.0,1056.789306640625
123,2.0,88.0,1281.99853515625,366.0916442871094,1920.0,1052.8525390625
124,2.0,88.0,1474.54345703125,349.27532958984375,1920.0,1069.253662109375
