88,2.0,1.0,275.6768493652344,560.9733276367188,320.5589904785156,592.6251831054688
89,2.0,1.0,275.9818115234375,561.26318359375,322.708740234375,592.15185546875
90,2.0,1.0,276.1024475097656,563.8185424804688,326.1842346191406,593.076416015625
91,2.0,1.0,277.15411376953125,565.4498901367188,327.4571838378906,594.3276977539062
92,2.0,1.0,278.4590759277344,564.7969970703125,326.5487060546875,593.9276123046875
93,2.0,1.0,278.986328125,564.4146728515625,327.4875183105469,594.861083984375
94,2.0,1.0,278.98602294921875,565.4345092773438,328.685302734375,595.3323364257812
95,2.0,1.0,279.091064453125,564.2362670898438,331.2272644042969,595.8858032226562
96,2.0,1.0,280.2107849121094,564.2088012695312,332.55841064453125,596.3915405273438
97,2.0,1.0,281.319091796875,561.1235961914062,333.96197509765625,596.7900390625
98,2.0,1.0,283.185546875,561.6741333007812,336.6656799316406,596.945556640625
99,2.0,1.0,284.1792297363281,560.022216796875,338.4365234375,597.3507690429688
100,2.0,1.0,285.280517578125,559.7123413085938,340.02874755859375,598.5816650390625
101,2.0,1.0,286.02947998046875,558.5029296875,340.58837890625,598.5945434570312
102,2.0,1.0,286.1909484863281,558.4108276367188,340.8140563964844,598.84814453125
103,2.0,1.0,286.5835876464844,557.8512573242188,341.7367858886719,598.949462890625
104,2.0,1.0,287.1537780761719,556.1767578125,343.33990478515625,597.8443603515625
105,2.0,1.0,287.6285400390625,556.4354248046875,345.5093994140625,597.6801147460938
106,2.0,1.0,288.48443603515625,556.44140625,346.9854736328125,598.9872436523438
107,2.0,1.0,288.7055358886719,555.4465942382812,348.7247314453125,599.40966796875
108,2.0,1.0,289.82342529296875,559.326171875,352.0291748046875,599.1162109375
109,2.0,1.0,290.03057861328125,558.5115356445312,354.1378479003906,600.5419921875
110,2.0,1.0,290.7701721191406,553.9896850585938,357.47760009765625,600.9067993164062
111,2.0,1.0,291.42962646484375,552.3941040039062,359.503173828125,601.7570190429688
112,2.0,1.0,291.80584716796875,551.0020751953125,361.4436340332031,602.7106323242188
113,2.0,1.0,293.08331298828125,550.6148071289062,363.75091552734375,602.9730224609375
114,2.0,1.0,294.93646240234375,550.86865234375,365.4581298828125,603.4718017578125
115,2.0,1.0,296.4621276855469,550.1973876953125,366.79949951171875,603.1729125976562
116,2.0,1.0,297.289306640625,549.1414184570312,368.3792724609375,604.4376831054688
117,2.0,1.0,299.16925048828125,548.7787475585938,371.3674621582031,606.501708984375
118,2.0,1.0,301.05511474609375,548.6922607421875,374.47833251953125,607.1204833984375
119,2.0,1.0,302.4145202636719,547.8920288085938,377.2077941894531,608.0440063476562
120,2.0,1.0,303.596923828125,546.449951171875,379.24456787109375,609.5103149414062
121,2.0,1.0,304.7954406738281,546.262451171875,383.38409423828125,610.0490112304688
122,2.0,1.0,306.221923828125,545.2086791992188,387.3038024902344,609.9158325195312
123,2.0,1.0,308.4661560058594,543.8643798828125,388.92889404296875,610.0283203125
124,2.0,1.0,310.14471435546875,542.9141845703125,391.3121337890625,611.6694946289062
125,2.0,1.0,311.2908935546875,542.2700805664062,394.95416259765625,614.0362548828125
126,2.0,1.0,313.3873291015625,542.4630126953125,398.9348449707031,615.6632080078125
127,2.0,1.0,314.71844482421875,543.2633056640625,401.97918701171875,617.1012573242188
128,2.0,1.0,315.7662658691406,543.0130615234375,407.4505615234375,618.2672119140625
129,2.0,1.0,317.1080322265625,541.5198364257812,411.2146911621094,619.9498291015625
130,2.0,1.0,320.3895568847656,539.9486694335938,415.78082275390625,621.64892578125
131,2.0,1.0,322.9859924316406,539.0213012695312,420.2111511230469,622.5982666015625
132,2.0,1.0,325.259765625,538.7417602539062,424.1893615722656,623.7369995117188
133,2.0,1.0,326.2181701660156,536.318359375,428.85504150390625,624.6598510742188
134,2.0,1.0,329.1397705078125,534.814697265625,434.79205322265625,625.7186279296875
135,2.0,1.0,332.243408203125,534.4635620117188,441.19036865234375,625.919677734375
136,2.0,1.0,334.822998046875,534.2034912109375,447.45330810546875,627.5425415039062
137,2.0,1.0,335.73223876953125,533.1476440429688,454.1116027832031,629.338623046875
138,2.0,1.0,338.3963317871094,531.9830932617188,460.780517578125,631.7056274414062
139,2.0,1.0,341.923583984375,532.0121459960938,468.9019470214844,634.0757446289062
140,2.0,1.0,343.56475830078125,531.8199462890625,475.6297607421875,636.3396606445312
141,2.0,1.0,347.7256774902344,530.8970947265625,483.5815734863281,639.4210205078125
142,2.0,1.0,352.0078430175781,528.3946533203125,492.94879150390625,642.7649536132812
143,2.0,1.0,356.472412109375,527.2146606445312,502.8772277832031,645.326416015625
144,2.0,1.0,359.429931640625,526.0994262695312,511.5547790527344,647.3713989257812
145,2.0,1.0,360.8310546875,525.6554565429688,522.8578491210938,649.8401489257812
146,2.0,1.0,366.58209228515625,523.3934326171875,534.53857421875,652.6325073242188
147,2.0,1.0,370.98773193359375,523.0490112304688,546.9573974609375,656.034912109375
148,2.0,1.0,376.578857421875,520.9022216796875,561.6573486328125,660.3670043945312
149,2.0,1.0,382.4779052734375,516.9844970703125,575.5753173828125,664.4893188476562
150,2.0,1.0,387.1854248046875,514.5352783203125,591.9736938476562,666.9830322265625
151,2.0,1.0,394.1678161621094,510.9526062011719,611.2034912109375,670.9351806640625
152,2.0,1.0,403.117431640625,508.6454162597656,630.7308349609375,674.8987426757812
153,2.0,1.0,411.02484130859375,504.38555908203125,652.1539916992188,679.2105712890625
154,2.0,1.0,420.8082580566406,500.387451171875,676.734130859375,686.965576171875
155,2.0,1.0,429.8125305175781,494.0125732421875,703.6034545898438,695.8701782226562
156,2.0,1.0,441.5478210449219,486.9534606933594,736.3881225585938,703.7371826171875
157,2.0,1.0,453.775390625,483.6724853515625,773.0780029296875,712.9705200195312
158,2.0,1.0,466.3062744140625,476.3507080078125,815.6497802734375,727.0415649414062
159,2.0,1.0,483.7577819824219,475.221435546875,864.14306640625,741.4781494140625
160,2.0,1.0,500.73590087890625,470.200927734375,922.576904296875,758.0341186523438
161,2.0,1.0,519.4368896484375,458.1274108886719,990.1079711914062,778.8011474609375
162,2.0,1.0,543.5313110351562,450.79571533203125,1075.2474365234375,802.277099609375
163,2.0,1.0,571.02685546875,440.4466857910156,1177.777099609375,830.560302734375
164,2.0,1.0,604.6504516601562,426.1191711425781,1309.6845703125,869.2702026367188
165,2.0,1.0,644.1314086914062,406.8307189941406,1480.6168212890625,919.9593505859375
166,2.0,1.0,693.5107421875,385.5953369140625,1704.5447998046875,989.0863647460938
167,2.0,1.0,748.1846923828125,362.43231201171875,1851.307373046875,1042.9295654296875
168,2.0,1.0,836.6647338867188,330.8688659667969,1913.47607421875,1068.2720947265625
169,2.0,1.0,953.966552734375,280.5205078125,1920.0,1071.6363525390625
170,2.0,1.0,1123.747802734375,213.1186981201172,1920.0,1075.5313720703125
