18,2.0,14.0,276.77227783203125,561.940673828125,321.1326599121094,594.9657592773438
19,2.0,14.0,276.4593811035156,561.0686645507812,321.93695068359375,595.19775390625
20,2.0,14.0,276.4324951171875,562.2400512695312,322.3001403808594,595.1356811523438
21,2.0,14.0,276.8623962402344,561.2920532226562,323.0304260253906,595.5172119140625
22,2.0,14.0,276.4190368652344,559.2548828125,323.99908447265625,595.6199340820312
23,2.0,14.0,277.1217346191406,557.782470703125,324.6799621582031,595.773681640625
24,2.0,14.0,277.3655700683594,557.9282836914062,326.22381591796875,595.9130859375
25,2.0,14.0,277.5448913574219,559.560791015625,327.36083984375,596.025634765625
26,2.0,14.0,277.83843994140625,558.8678588867188,329.4879455566406,596.9483642578125
27,2.0,14.0,277.8943176269531,558.0316162109375,330.15936279296875,597.3975830078125
28,2.0,14.0,278.4169921875,558.4117431640625,330.1298522949219,597.4627685546875
29,2.0,14.0,278.19427490234375,559.4144287109375,330.25567626953125,597.1134033203125
30,2.0,14.0,277.93902587890625,559.3886108398438,330.3965148925781,596.60791015625
31,2.0,14.0,278.2087097167969,559.1159057617188,331.65997314453125,596.8089599609375
32,2.0,14.0,278.6007385253906,560.1046752929688,332.52264404296875,596.4774169921875
33,2.0,14.0,278.39990234375,561.0270385742188,333.6070861816406,596.095703125
34,2.0,14.0,278.7306823730469,560.0145263671875,334.66400146484375,596.3236083984375
35,2.0,14.0,279.0091857910156,559.195068359375,335.5565185546875,597.1776123046875
36,2.0,14.0,280.27984619140625,558.4518432617188,336.5068054199219,597.8143310546875
37,2.0,14.0,281.08746337890625,558.773681640625,337.7959899902344,598.5087890625
38,2.0,14.0,281.5823669433594,560.0655517578125,337.95867919921875,598.2645263671875
39,2.0,14.0,282.80609130859375,560.9525756835938,339.3456115722656,598.3320922851562
40,2.0,14.0,283.53448486328125,561.3738403320312,339.5234069824219,599.0285034179688
41,2.0,14.0,284.2102966308594,560.4451293945312,340.277099609375,599.4300537109375
42,2.0,14.0,284.9516296386719,559.0040893554688,340.9708557128906,599.1608276367188
43,2.0,14.0,284.9073791503906,557.6019897460938,341.9789733886719,599.5333862304688
44,2.0,14.0,284.9523620605469,557.0050048828125,342.520263671875,600.2052612304688
45,2.0,14.0,285.1890869140625,556.23046875,342.99981689453125,600.4561767578125
46,2.0,14.0,285.55828857421875,554.9896240234375,343.97479248046875,600.8646850585938
47,2.0,14.0,286.0777282714844,555.0398559570312,344.71038818359375,600.91796875
48,2.0,14.0,286.10882568359375,555.1419677734375,347.1582336425781,601.2337646484375
49,2.0,14.0,286.547607421875,554.962890625,348.7929992675781,601.4544067382812
50,2.0,14.0,287.3505859375,553.3860473632812,349.4639892578125,601.40380859375
51,2.0,14.0,286.6785583496094,552.64794921875,350.675537109375,601.9251708984375
52,2.0,14.0,286.486328125,551.7556762695312,350.95953369140625,602.43603515625
53,2.0,14.0,287.61834716796875,552.032470703125,352.0491638183594,602.8515625
54,2.0,14.0,288.51141357421875,552.0342407226562,353.99774169921875,603.2159423828125
55,2.0,14.0,288.8553161621094,551.6060180664062,354.046630859375,603.3504028320312
56,2.0,14.0,289.8678894042969,550.626953125,355.7616271972656,603.3565673828125
57,2.0,14.0,290.4716796875,550.0269775390625,357.2471923828125,603.7228393554688
58,2.0,14.0,290.9705505371094,550.2125244140625,358.01251220703125,603.3825073242188
59,2.0,14.0,290.88519287109375,550.0335693359375,359.55902099609375,603.4570922851562
60,2.0,14.0,290.9790344238281,548.9313354492188,360.5201110839844,604.1647338867188
61,2.0,14.0,292.0783386230469,548.9855346679688,362.6548767089844,604.9393310546875
62,2.0,14.0,292.43316650390625,546.9996337890625,364.0603332519531,605.4003295898438
63,2.0,14.0,293.25372314453125,547.2567749023438,364.3311767578125,605.916748046875
64,2.0,14.0,293.82421875,547.3068237304688,364.4386901855469,606.3466796875
65,2.0,14.0,294.13995361328125,547.05078125,363.896240234375,606.2869262695312
66,2.0,14.0,293.9647216796875,546.8648681640625,364.28533935546875,604.9882202148438
67,2.0,14.0,295.13140869140625,548.3760986328125,366.2137451171875,604.5948486328125
68,2.0,14.0,296.2660827636719,549.2371826171875,368.1100158691406,605.5365600585938
69,2.0,14.0,297.4555358886719,549.5433349609375,369.6652526855469,607.8084716796875
70,2.0,14.0,298.94390869140625,548.9667358398438,372.6730041503906,609.3657836914062
71,2.0,14.0,300.44757080078125,548.675537109375,373.4082336425781,609.961669921875
72,2.0,14.0,301.2514343261719,547.9832763671875,374.68408203125,610.1454467773438
73,2.0,14.0,301.9929504394531,547.4412231445312,375.6505432128906,610.3433837890625
74,2.0,14.0,302.35205078125,547.3294067382812,376.3941345214844,610.2222900390625
75,2.0,14.0,302.5583190917969,546.6704711914062,377.6885070800781,610.5376586914062
76,2.0,14.0,302.8972473144531,546.5083618164062,381.370361328125,612.4088134765625
79,2.0,14.0,306.4061584472656,546.12744140625,388.3486022949219,613.046142578125
80,2.0,14.0,307.72149658203125,545.8872680664062,389.78228759765625,613.9567260742188
81,2.0,14.0,308.0095520019531,545.4682006835938,391.0721130371094,614.0130004882812
82,2.0,14.0,309.3898620605469,544.49560546875,393.1934814453125,615.5484619140625
83,2.0,14.0,311.1237487792969,544.0280151367188,394.6759338378906,617.0813598632812
84,2.0,14.0,312.47802734375,543.5750122070312,396.5457763671875,618.288330078125
85,2.0,14.0,312.9708251953125,543.09814453125,398.3133239746094,618.7026977539062
86,2.0,14.0,313.3246765136719,542.4769287109375,399.0321044921875,619.3141479492188
87,2.0,14.0,314.3110046386719,542.8331298828125,400.7479248046875,619.4003295898438
88,2.0,14.0,314.70758056640625,543.4745483398438,403.5013732910156,620.6455078125
89,2.0,14.0,314.9007873535156,544.3717041015625,406.7179870605469,621.8152465820312
90,2.0,14.0,315.91461181640625,543.3247680664062,409.700439453125,621.812744140625
91,2.0,14.0,316.5695495605469,542.5234985351562,411.97705078125,622.408447265625
92,2.0,14.0,317.67822265625,542.0576171875,413.3057556152344,623.0776977539062
93,2.0,14.0,319.1285705566406,541.7181396484375,416.40093994140625,623.3040771484375
94,2.0,14.0,321.78997802734375,541.3189697265625,419.4018249511719,623.8453369140625
95,2.0,14.0,323.841552734375,540.9703979492188,422.3854675292969,624.13037109375
96,2.0,14.0,325.1057434082031,540.9785766601562,424.5351867675781,624.9378662109375
97,2.0,14.0,325.641357421875,539.8547973632812,426.42926025390625,625.634033203125
98,2.0,14.0,326.2103271484375,538.3163452148438,430.0169372558594,626.170654296875
99,2.0,14.0,326.739990234375,536.8145751953125,433.7055969238281,627.138916015625
100,2.0,14.0,327.2679443359375,536.6436157226562,436.9992980957031,628.1039428710938
101,2.0,14.0,328.7777404785156,535.8875732421875,439.8914794921875,628.8938598632812
102,2.0,14.0,330.80206298828125,535.2725830078125,443.5966796875,629.5657958984375
103,2.0,14.0,332.93927001953125,534.7935791015625,447.287109375,629.8604736328125
104,2.0,14.0,333.4910583496094,534.2295532226562,449.80670166015625,631.5625610351562
105,2.0,14.0,334.7225646972656,533.7031860351562,453.812255859375,632.4708862304688
106,2.0,14.0,335.04327392578125,533.2286987304688,458.9599914550781,633.65234375
107,2.0,14.0,337.1130676269531,533.06201171875,461.5021667480469,634.62890625
108,2.0,14.0,338.32574462890625,533.5060424804688,465.974853515625,636.13427734375
109,2.0,14.0,339.8710021972656,532.8356323242188,471.3119812011719,638.6398315429688
110,2.0,14.0,340.28802490234375,532.4447021484375,473.9100341796875,640.3834838867188
111,2.0,14.0,342.1828308105469,532.1539916992188,478.6095275878906,641.9620361328125
112,2.0,14.0,343.5421447753906,531.95166015625,483.3349304199219,643.0729370117188
113,2.0,14.0,347.5374755859375,531.3306274414062,486.24676513671875,644.28369140625
114,2.0,14.0,350.0853576660156,530.67431640625,491.16290283203125,645.7139892578125
115,2.0,14.0,351.8782653808594,529.5482177734375,495.29852294921875,647.2277221679688
116,2.0,14.0,352.76483154296875,528.6715087890625,502.6215515136719,648.2125854492188
117,2.0,14.0,354.716064453125,528.0267944335938,508.0906982421875,649.8477783203125
118,2.0,14.0,356.3658447265625,527.3276977539062,513.267578125,651.2501831054688
119,2.0,14.0,358.566650390625,526.9166870117188,519.0139770507812,653.8433227539062
120,2.0,14.0,359.9830627441406,526.5637817382812,525.7864990234375,656.11083984375
121,2.0,14.0,361.2458190917969,526.3956298828125,532.2151489257812,656.65234375
122,2.0,14.0,363.90484619140625,525.0783081054688,538.5383911132812,658.8070678710938
123,2.0,14.0,366.19140625,523.3817138671875,545.3746337890625,661.3392944335938
124,2.0,14.0,369.7178955078125,522.5134887695312,553.59814453125,663.169921875
125,2.0,14.0,371.7353820800781,520.8873291015625,561.3795776367188,665.8541259765625
126,2.0,14.0,373.06756591796875,519.009033203125,569.2840576171875,667.2642211914062
127,2.0,14.0,378.4808044433594,516.0711059570312,578.201904296875,668.8502807617188
128,2.0,14.0,381.7552490234375,514.4716186523438,586.0048217773438,670.6575927734375
129,2.0,14.0,384.3228759765625,512.7007446289062,595.436279296875,672.1708374023438
130,2.0,14.0,387.83319091796875,511.07470703125,606.2042846679688,674.3377685546875
131,2.0,14.0,392.4820861816406,509.9222106933594,617.79296875,676.7266845703125
132,2.0,14.0,396.7203674316406,508.6127624511719,628.5711669921875,679.64990234375
133,2.0,14.0,401.56427001953125,505.4289855957031,639.7349853515625,683.2124633789062
134,2.0,14.0,406.01312255859375,503.4561462402344,653.1595458984375,686.8550415039062
135,2.0,14.0,409.9751892089844,500.540283203125,666.644287109375,691.9061279296875
136,2.0,14.0,414.9483337402344,498.4324951171875,681.6296997070312,697.0340576171875
137,2.0,14.0,420.4546813964844,495.6032409667969,697.2193603515625,701.0353393554688
138,2.0,14.0,425.6994323730469,490.0587463378906,713.5707397460938,706.2383422851562
139,2.0,14.0,430.67083740234375,486.1991271972656,731.6224365234375,710.9448852539062
140,2.0,14.0,437.55828857421875,483.1859130859375,752.1390991210938,714.5853881835938
141,2.0,14.0,443.690673828125,481.180908203125,773.6619262695312,720.3344116210938
142,2.0,14.0,451.5709533691406,477.1064453125,796.64892578125,731.8224487304688
143,2.0,14.0,460.1053466796875,474.9561462402344,821.8071899414062,739.862548828125
144,2.0,14.0,467.0677795410156,473.9459533691406,847.0072631835938,746.8784790039062
145,2.0,14.0,474.8470153808594,471.94122314453125,877.7518310546875,756.7023315429688
146,2.0,14.0,483.2847900390625,468.5348205566406,910.9571533203125,768.2015380859375
147,2.0,14.0,494.119873046875,464.78143310546875,945.5748901367188,779.5733032226562
148,2.0,14.0,505.1614990234375,458.9306640625,987.8615112304688,793.8696899414062
149,2.0,14.0,516.1278076171875,454.25531005859375,1033.6956787109375,807.0006103515625
150,2.0,14.0,528.2678833007812,448.9564514160156,1083.282958984375,822.414306640625
151,2.0,14.0,544.3814086914062,445.0484924316406,1141.956298828125,839.063720703125
152,2.0,14.0,558.9905395507812,437.4447937011719,1205.963623046875,861.6118774414062
153,2.0,14.0,574.9727172851562,429.5241394042969,1282.2791748046875,885.2734375
154,2.0,14.0,592.0316162109375,418.2759704589844,1368.1632080078125,912.2183227539062
155,2.0,14.0,614.4907836914062,404.12939453125,1471.4490966796875,944.4198608398438
156,2.0,14.0,637.6199951171875,394.4306945800781,1592.6383056640625,984.9366455078125
157,2.0,14.0,669.0394287109375,381.61968994140625,1736.276611328125,1029.4725341796875
158,2.0,14.0,691.2256469726562,367.97723388671875,1866.574462890625,1061.3553466796875
159,2.0,14.0,736.65869140625,349.6091613769531,1919.8739013671875,1074.1510009765625
160,2.0,14.0,767.8074340820312,327.1705017089844,1920.0,1077.9053955078125
161,2.0,14.0,827.337890625,299.00958251953125,1920.0,1078.690673828125
162,2.0,14.0,889.5125732421875,265.1956787109375,1920.0,1078.1983642578125
163,2.0,14.0,965.8082885742188,229.3264617919922,1920.0,1077.77490234375
164,2.0,14.0,1061.3258056640625,180.18658447265625,1920.0,1076.9483642578125
165,2.0,14.0,1181.49609375,137.0208740234375,1920.0,1075.92431640625
166,2.0,14.0,1339.5120849609375,128.17039489746094,1920.0,1077.7724609375
167,2.0,14.0,1552.3651123046875,151.33865356445312,1920.0,1074.3265380859375
