2,2.0,51.0,457.9793395996094,560.0074462890625,509.00811767578125,603.9530639648438
3,2.0,51.0,457.18939208984375,560.7456665039062,510.04925537109375,604.2462768554688
4,2.0,51.0,456.93646240234375,560.0718994140625,511.0614318847656,604.6275024414062
5,2.0,51.0,457.546875,560.0726928710938,511.3608703613281,605.2422485351562
6,2.0,51.0,457.91064453125,560.29345703125,511.6895446777344,605.372314453125
7,2.0,51.0,458.0318603515625,560.5491943359375,512.0155029296875,605.3128051757812
8,2.0,51.0,458.23583984375,560.785400390625,513.2891235351562,605.4530029296875
9,2.0,51.0,458.5806884765625,561.6658935546875,514.6993408203125,605.62109375
10,2.0,51.0,458.98004150390625,561.8057861328125,515.3472900390625,605.8334350585938
11,2.0,51.0,459.5443420410156,561.2573852539062,516.0708618164062,605.82177734375
12,2.0,51.0,459.7324523925781,561.5609130859375,516.5222778320312,605.9031982421875
13,2.0,51.0,460.1836853027344,561.201904296875,516.9989624023438,606.0505981445312
14,2.0,51.0,460.97735595703125,562.0121459960938,517.7831420898438,606.4652709960938
15,2.0,51.0,461.79229736328125,561.911865234375,518.44873046875,606.6392211914062
16,2.0,51.0,463.0653381347656,561.2274780273438,520.1593017578125,607.6216430664062
17,2.0,51.0,462.686279296875,560.7291870117188,521.9794311523438,607.6414794921875
18,2.0,51.0,463.29583740234375,560.1951904296875,522.91162109375,608.6521606445312
19,2.0,51.0,462.86126708984375,560.3418579101562,523.69091796875,608.827392578125
20,2.0,51.0,462.8993225097656,559.7284545898438,523.662841796875,608.74462890625
21,2.0,51.0,463.8184509277344,559.0267944335938,523.8162231445312,609.5074462890625
22,2.0,51.0,464.0122375488281,558.3230590820312,524.1919555664062,609.7184448242188
23,2.0,51.0,464.3092041015625,557.93310546875,525.325439453125,609.8944091796875
24,2.0,51.0,464.6477355957031,557.9413452148438,526.6624145507812,609.8452758789062
25,2.0,51.0,464.8131408691406,558.3544311523438,527.0144653320312,609.4161987304688
26,2.0,51.0,465.0365295410156,558.4044189453125,527.4510498046875,609.2576293945312
27,2.0,51.0,465.0499572753906,559.0714721679688,528.46435546875,609.5389404296875
28,2.0,51.0,465.23406982421875,558.7056274414062,528.759765625,609.4518432617188
29,2.0,51.0,466.0782775878906,558.1942138671875,529.1345825195312,609.3699951171875
30,2.0,51.0,466.62786865234375,558.01171875,530.02294921875,609.899169921875
31,2.0,51.0,467.3017883300781,557.9075927734375,530.8781127929688,610.533935546875
32,2.0,51.0,467.74029541015625,557.92333984375,531.1117553710938,610.7555541992188
33,2.0,51.0,468.2579040527344,557.9935302734375,531.645263671875,610.9312133789062
34,2.0,51.0,468.48590087890625,558.3578491210938,533.1441040039062,611.0732421875
35,2.0,51.0,468.68328857421875,558.511474609375,534.042236328125,611.4347534179688
36,2.0,51.0,469.19793701171875,558.5822143554688,534.4334106445312,611.6842651367188
37,2.0,51.0,469.2084045410156,558.5577392578125,535.7385864257812,611.9714965820312
38,2.0,51.0,469.25152587890625,558.9827880859375,536.3602294921875,611.880615234375
39,2.0,51.0,469.6646728515625,559.4541625976562,537.10595703125,611.91552734375
40,2.0,51.0,470.173583984375,559.6650390625,539.7315063476562,612.5379028320312
41,2.0,51.0,470.7149658203125,559.4718627929688,540.7174072265625,613.2964477539062
42,2.0,51.0,470.97540283203125,559.5990600585938,541.439208984375,613.533203125
43,2.0,51.0,471.1644592285156,560.0277709960938,543.3206787109375,613.7664794921875
44,2.0,51.0,471.5588684082031,559.6717529296875,545.00537109375,614.1831665039062
45,2.0,51.0,471.52410888671875,559.9284057617188,545.7950439453125,615.0889282226562
46,2.0,51.0,471.6539611816406,559.8309326171875,546.628662109375,616.197021484375
47,2.0,51.0,472.1112060546875,559.4332885742188,547.0361938476562,616.5377807617188
48,2.0,51.0,472.9224548339844,559.1691284179688,547.2616577148438,616.6278686523438
49,2.0,51.0,473.9222106933594,559.2627563476562,547.481201171875,616.3285522460938
50,2.0,51.0,474.2873229980469,559.1358032226562,549.978515625,617.075927734375
51,2.0,51.0,474.2071533203125,559.0276489257812,551.1812744140625,618.1378784179688
52,2.0,51.0,474.4588623046875,558.82861328125,553.2153930664062,618.6826782226562
53,2.0,51.0,475.3086853027344,558.849365234375,554.842529296875,619.60302734375
54,2.0,51.0,475.85400390625,558.180419921875,555.7974853515625,620.0484619140625
55,2.0,51.0,476.18280029296875,557.6287841796875,557.1461181640625,620.6871948242188
56,2.0,51.0,476.82659912109375,556.85302734375,557.45556640625,621.2304077148438
57,2.0,51.0,477.34161376953125,556.8212890625,558.4053344726562,621.4733276367188
58,2.0,51.0,477.7940368652344,556.6718139648438,559.8799438476562,621.6294555664062
59,2.0,51.0,477.8925476074219,555.6707763671875,562.2339477539062,621.6099853515625
60,2.0,51.0,478.17669677734375,553.9002685546875,563.55859375,622.0858154296875
61,2.0,51.0,479.0871276855469,554.2113037109375,565.1067504882812,622.7220458984375
62,2.0,51.0,479.652099609375,555.0277709960938,567.5648803710938,623.0267944335938
63,2.0,51.0,480.3284606933594,554.6392822265625,569.2642822265625,623.449462890625
64,2.0,51.0,481.0415344238281,555.0859985351562,571.2649536132812,623.580322265625
65,2.0,51.0,481.22882080078125,554.711181640625,570.8507080078125,623.8153686523438
66,2.0,51.0,481.07110595703125,554.214111328125,572.4169921875,623.924560546875
67,2.0,51.0,482.741455078125,554.5055541992188,573.6572265625,624.1869506835938
68,2.0,51.0,484.1253662109375,553.8091430664062,575.8724975585938,624.6160278320312
69,2.0,51.0,484.01214599609375,553.58251953125,578.4296875,626.4568481445312
70,2.0,51.0,483.73382568359375,553.6434936523438,580.129638671875,627.265625
71,2.0,51.0,485.2087097167969,552.720703125,581.7152099609375,627.4549560546875
72,2.0,51.0,486.93646240234375,551.7007446289062,583.0090942382812,627.7157592773438
73,2.0,51.0,488.1125183105469,551.31640625,585.4522094726562,627.9740600585938
74,2.0,51.0,489.86322021484375,551.2357177734375,588.3219604492188,628.1630859375
75,2.0,51.0,491.6288757324219,551.3010864257812,590.2217407226562,629.409423828125
76,2.0,51.0,492.51776123046875,550.3845825195312,593.7111206054688,630.9833984375
77,2.0,51.0,493.2108459472656,549.8336791992188,596.6043090820312,632.06005859375
78,2.0,51.0,494.80145263671875,549.2560424804688,598.296142578125,632.4121704101562
79,2.0,51.0,495.5664367675781,549.466552734375,600.0426635742188,633.1205444335938
80,2.0,51.0,495.8766174316406,549.6986083984375,601.7066650390625,633.6726684570312
81,2.0,51.0,496.5155029296875,549.8473510742188,603.892333984375,634.6635131835938
82,2.0,51.0,497.3657531738281,549.5711059570312,605.977294921875,635.6787109375
83,2.0,51.0,499.1471862792969,549.0960083007812,608.7929077148438,635.27587890625
84,2.0,51.0,500.7312316894531,548.869140625,611.2955932617188,635.6763916015625
86,2.0,51.0,504.15936279296875,549.165771484375,616.4019165039062,637.8284912109375
87,2.0,51.0,506.03692626953125,549.0341796875,619.4951171875,638.241455078125
88,2.0,51.0,506.8815612792969,547.9586181640625,622.8128051757812,638.7947387695312
89,2.0,51.0,505.44268798828125,547.3843994140625,624.7296752929688,641.1262817382812
90,2.0,51.0,504.7040710449219,546.8914794921875,628.0748291015625,643.1516723632812
91,2.0,51.0,506.0062255859375,546.6353149414062,631.8004150390625,642.8917236328125
92,2.0,51.0,507.7857971191406,544.9563598632812,635.3797607421875,644.1160888671875
93,2.0,51.0,509.068603515625,545.9957275390625,637.87841796875,645.071533203125
94,2.0,51.0,509.806396484375,546.5350341796875,640.8831176757812,645.333251953125
95,2.0,51.0,514.0899047851562,545.8370971679688,645.02001953125,645.640625
96,2.0,51.0,516.0116577148438,545.2476196289062,649.37744140625,646.2122802734375
97,2.0,51.0,517.5443115234375,545.800048828125,652.1689453125,646.4517822265625
98,2.0,51.0,518.9884643554688,545.98583984375,656.1655883789062,647.0323486328125
99,2.0,51.0,519.7656860351562,545.9188842773438,660.46484375,648.6792602539062
100,2.0,51.0,521.6708374023438,545.7607421875,665.8767700195312,649.3119506835938
101,2.0,51.0,525.130126953125,545.07421875,670.4949951171875,651.0296020507812
102,2.0,51.0,526.18701171875,544.2156372070312,673.1466674804688,653.7584228515625
103,2.0,51.0,528.6056518554688,543.40771484375,677.7024536132812,656.6031494140625
104,2.0,51.0,529.0883178710938,541.4893798828125,683.1432495117188,657.3212890625
105,2.0,51.0,529.475830078125,541.5752563476562,688.5580444335938,659.0247802734375
106,2.0,51.0,530.9844970703125,541.038330078125,694.0761108398438,660.348388671875
107,2.0,51.0,532.3692016601562,540.5361938476562,697.5643310546875,661.2713012695312
108,2.0,51.0,535.7952270507812,538.9013061523438,702.7764892578125,663.0903930664062
109,2.0,51.0,538.642822265625,538.38037109375,710.1570434570312,664.8971557617188
110,2.0,51.0,540.2681274414062,537.742431640625,716.1846313476562,666.6480102539062
111,2.0,51.0,541.8723754882812,537.1383056640625,722.4463500976562,668.4343872070312
112,2.0,51.0,545.1904907226562,535.7887573242188,729.4420166015625,671.0875244140625
113,2.0,51.0,549.3694458007812,535.1007080078125,736.2288818359375,673.270263671875
114,2.0,51.0,552.7778930664062,534.7706909179688,743.1699829101562,675.5889282226562
115,2.0,51.0,554.2029418945312,533.671875,749.5275268554688,676.8621215820312
116,2.0,51.0,557.0664672851562,532.8690795898438,758.0759887695312,679.4761352539062
117,2.0,51.0,560.0841674804688,532.4613037109375,765.9445190429688,682.6510620117188
118,2.0,51.0,562.5906982421875,531.47412109375,774.3390502929688,686.3217163085938
119,2.0,51.0,565.8450317382812,529.4888916015625,783.893310546875,688.066162109375
120,2.0,51.0,569.3046875,528.4384765625,793.4603881835938,690.3773193359375
121,2.0,51.0,574.5956420898438,526.98291015625,803.3118286132812,693.8743896484375
122,2.0,51.0,577.82373046875,525.7862548828125,813.2061157226562,698.5712890625
123,2.0,51.0,581.1455688476562,525.137939453125,823.8884887695312,702.1954345703125
124,2.0,51.0,586.0631713867188,524.374267578125,834.68212890625,704.7135009765625
125,2.0,51.0,591.8711547851562,522.9019775390625,847.2474365234375,707.7408447265625
126,2.0,51.0,595.867431640625,522.1871948242188,860.7199096679688,710.6669921875
127,2.0,51.0,599.8956909179688,521.4501953125,874.7669067382812,714.0621337890625
128,2.0,51.0,604.4365844726562,520.9163208007812,889.9127197265625,717.593017578125
129,2.0,51.0,609.317626953125,519.4191284179688,904.7611083984375,722.0079956054688
130,2.0,51.0,613.4221801757812,518.0360107421875,922.0135498046875,725.291015625
131,2.0,51.0,620.5855102539062,515.053466796875,939.257080078125,728.7134399414062
132,2.0,51.0,626.1517333984375,512.2958984375,958.0963745117188,734.747314453125
133,2.0,51.0,634.28564453125,510.328857421875,978.1829833984375,737.9185791015625
134,2.0,51.0,639.9474487304688,506.40533447265625,998.7772827148438,745.31396484375
135,2.0,51.0,647.105712890625,504.11517333984375,1022.7579345703125,751.6069946289062
136,2.0,51.0,654.6242065429688,501.8696594238281,1047.4813232421875,758.28955078125
137,2.0,51.0,663.3751220703125,499.7463684082031,1075.490234375,768.479736328125
138,2.0,51.0,672.8038940429688,496.4324035644531,1106.1795654296875,777.8599243164062
139,2.0,51.0,680.9541625976562,493.2622375488281,1137.686767578125,787.7756958007812
140,2.0,51.0,692.054931640625,490.16131591796875,1173.8760986328125,796.31640625
141,2.0,51.0,703.30615234375,486.5346374511719,1214.27392578125,805.8690795898438
142,2.0,51.0,714.2137451171875,481.6373291015625,1256.61572265625,818.0286865234375
143,2.0,51.0,726.8877563476562,476.882568359375,1305.56494140625,833.2924194335938
144,2.0,51.0,740.5647583007812,470.831298828125,1359.9930419921875,848.6444091796875
145,2.0,51.0,754.3924560546875,466.0207214355469,1419.8521728515625,865.5751342773438
146,2.0,51.0,771.14404296875,459.14117431640625,1487.3782958984375,886.4124755859375
147,2.0,51.0,788.5301513671875,453.3166198730469,1563.438720703125,908.1128540039062
148,2.0,51.0,808.3883056640625,445.7748107910156,1651.2978515625,934.8549194335938
149,2.0,51.0,829.5997924804688,437.3160400390625,1750.06298828125,964.90869140625
150,2.0,51.0,853.5496826171875,428.9967346191406,1862.82666015625,1004.1810302734375
151,2.0,51.0,879.8291625976562,420.6304931640625,1915.495849609375,1044.6441650390625
152,2.0,51.0,911.6939086914062,406.5733337402344,1920.0,1068.282958984375
153,2.0,51.0,947.3367919921875,392.2420349121094,1920.0,1076.948486328125
154,2.0,51.0,987.1863403320312,377.884765625,1920.0,1080.0
155,2.0,51.0,1032.0380859375,361.02520751953125,1920.0,1080.0
156,2.0,51.0,1085.5751953125,340.8133850097656,1920.0,1078.9759521484375
157,2.0,51.0,1147.9910888671875,318.0204162597656,1920.0,1076.7156982421875
158,2.0,51.0,1221.1461181640625,287.23504638671875,1920.0,1076.6676025390625
159,2.0,51.0,1311.3189697265625,268.1711120605469,1920.0,1076.2808837890625
160,2.0,51.0,1421.8167724609375,265.84368896484375,1920.0,1077.1182861328125
161,2.0,51.0,1561.7755126953125,280.2255554199219,1920.0,1079.1307373046875
162,2.0,51.0,1740.0631103515625,417.8588562011719,1920.0,1078.42919921875
