97,2.0,11.0,277.5253601074219,554.18115234375,340.281982421875,602.1561279296875
98,2.0,11.0,278.0057067871094,553.142822265625,340.3267517089844,602.1497802734375
99,2.0,11.0,277.96466064453125,553.404541015625,341.1596984863281,602.6395874023438
100,2.0,11.0,278.4235534667969,553.700927734375,342.8479309082031,603.1885986328125
101,2.0,11.0,279.13671875,554.6065063476562,343.7750549316406,603.424072265625
102,2.0,11.0,279.875244140625,552.6485595703125,346.4753112792969,603.0309448242188
103,2.0,11.0,279.78741455078125,551.3157348632812,348.00823974609375,603.5978393554688
104,2.0,11.0,280.5659484863281,550.3172607421875,348.9356384277344,604.09912109375
105,2.0,11.0,280.8974609375,550.8104248046875,349.8160095214844,604.653076171875
106,2.0,11.0,282.0675048828125,550.6470947265625,350.6708984375,605.5504760742188
107,2.0,11.0,282.65032958984375,550.3219604492188,351.1706848144531,605.4523315429688
108,2.0,11.0,282.8273010253906,550.8189697265625,352.7623291015625,606.3309936523438
109,2.0,11.0,283.538330078125,550.5173950195312,353.03619384765625,605.7905883789062
110,2.0,11.0,283.4111328125,549.1828002929688,354.1258239746094,605.9351196289062
111,2.0,11.0,284.5664978027344,547.7318115234375,355.86181640625,605.622314453125
112,2.0,11.0,285.5595397949219,549.3515014648438,357.8916320800781,605.9083862304688
113,2.0,11.0,285.9930114746094,547.0936889648438,359.0057678222656,606.984619140625
114,2.0,11.0,286.36669921875,545.4720458984375,361.58404541015625,607.8545532226562
115,2.0,11.0,286.7353515625,545.7390747070312,362.89825439453125,608.59375
116,2.0,11.0,287.39105224609375,545.6409301757812,363.178466796875,608.8302612304688
117,2.0,11.0,288.200439453125,544.8521728515625,364.7339782714844,609.22607421875
118,2.0,11.0,288.9056396484375,544.5906982421875,365.535888671875,609.5869750976562
119,2.0,11.0,289.794677734375,544.3765869140625,365.4029846191406,609.2803955078125
120,2.0,11.0,290.323974609375,545.2669677734375,368.3047790527344,609.7539672851562
121,2.0,11.0,291.0783996582031,544.3695678710938,370.6797790527344,610.5757446289062
122,2.0,11.0,291.08038330078125,544.8458862304688,372.614990234375,611.76416015625
123,2.0,11.0,290.87689208984375,544.8397216796875,374.3185119628906,612.87255859375
124,2.0,11.0,291.093505859375,544.1784057617188,375.4076232910156,613.92724609375
125,2.0,11.0,292.5650634765625,543.4067993164062,376.5006103515625,614.9293823242188
126,2.0,11.0,293.4327697753906,543.1896362304688,377.181884765625,615.769287109375
127,2.0,11.0,293.6960754394531,543.40234375,379.8416748046875,616.9505004882812
128,2.0,11.0,293.6655578613281,542.8220825195312,382.8193664550781,618.8623046875
129,2.0,11.0,294.59808349609375,543.2874755859375,384.93572998046875,619.9388427734375
130,2.0,11.0,296.5243225097656,544.3084106445312,388.28228759765625,619.2486572265625
131,2.0,11.0,297.580322265625,543.6961669921875,389.11346435546875,619.46875
132,2.0,11.0,298.7438659667969,543.0135498046875,389.97479248046875,620.8570556640625
133,2.0,11.0,300.1371765136719,543.02783203125,390.8106994628906,621.4368286132812
134,2.0,11.0,301.3957214355469,542.6814575195312,393.3580627441406,621.6031494140625
135,2.0,11.0,302.02142333984375,542.446044921875,395.4273681640625,622.06298828125
136,2.0,11.0,302.7898864746094,541.44580078125,397.8993225097656,622.3800659179688
137,2.0,11.0,303.6199645996094,541.1043090820312,400.3126525878906,622.8260498046875
138,2.0,11.0,304.3029479980469,540.3916015625,400.6305236816406,622.9974975585938
139,2.0,11.0,305.28961181640625,539.8742065429688,402.4035339355469,623.139404296875
140,2.0,11.0,306.7839050292969,540.984130859375,408.03778076171875,624.2667236328125
141,2.0,11.0,308.4320068359375,539.8125,411.4139709472656,624.7615966796875
142,2.0,11.0,309.8689270019531,538.4453735351562,413.2983093261719,624.892822265625
143,2.0,11.0,312.0690002441406,537.4417114257812,415.409912109375,625.5960083007812
144,2.0,11.0,313.7394104003906,537.1192626953125,419.56414794921875,625.8973999023438
145,2.0,11.0,313.2178039550781,534.858154296875,423.1378479003906,626.9893188476562
146,2.0,11.0,313.8406982421875,535.149169921875,425.4447021484375,628.315673828125
147,2.0,11.0,314.3834228515625,535.7197265625,427.15740966796875,630.2178955078125
148,2.0,11.0,313.9111328125,534.8657836914062,431.4684753417969,631.4609985351562
149,2.0,11.0,314.0556335449219,532.9674072265625,434.9098205566406,632.3921508789062
150,2.0,11.0,314.9212646484375,531.8040161132812,437.9315490722656,633.1698608398438
151,2.0,11.0,317.3547668457031,531.7562866210938,441.2740783691406,634.23583984375
152,2.0,11.0,318.6957702636719,531.2858276367188,444.9347839355469,635.7177734375
153,2.0,11.0,320.63671875,530.9547119140625,447.31787109375,636.3301391601562
154,2.0,11.0,322.4356689453125,531.0653686523438,451.07415771484375,638.353271484375
155,2.0,11.0,324.60076904296875,530.6329345703125,456.5537414550781,639.9718017578125
156,2.0,11.0,325.799560546875,530.4910278320312,460.01678466796875,641.5966796875
157,2.0,11.0,326.36419677734375,529.370849609375,462.68133544921875,643.0292358398438
158,2.0,11.0,329.3579406738281,529.0481567382812,469.01177978515625,643.7752075195312
159,2.0,11.0,329.6211853027344,529.310791015625,473.0133972167969,645.3867797851562
160,2.0,11.0,330.9779357910156,529.0562133789062,476.5838317871094,646.3037109375
161,2.0,11.0,333.51300048828125,528.967041015625,482.08538818359375,647.3584594726562
162,2.0,11.0,335.7334289550781,528.332275390625,486.092529296875,647.8164672851562
163,2.0,11.0,336.3381652832031,527.0301513671875,491.55999755859375,649.4186401367188
164,2.0,11.0,337.5484619140625,526.0529174804688,496.951904296875,651.4800415039062
165,2.0,11.0,338.81793212890625,525.4697265625,502.5484619140625,654.2479248046875
166,2.0,11.0,344.04986572265625,525.1442260742188,508.8114929199219,656.3912353515625
167,2.0,11.0,347.1269836425781,524.115966796875,515.2495727539062,657.669677734375
168,2.0,11.0,346.7633361816406,522.9606323242188,521.6220703125,658.639892578125
169,2.0,11.0,348.4091796875,521.6931762695312,528.1258544921875,659.4830322265625
170,2.0,11.0,350.92034912109375,519.0045166015625,533.4581909179688,662.1273193359375
171,2.0,11.0,355.00640869140625,518.2669677734375,541.9449462890625,664.3587036132812
172,2.0,11.0,358.6629333496094,515.9949340820312,548.7778930664062,665.824951171875
173,2.0,11.0,360.67535400390625,515.2507934570312,556.1348266601562,668.395751953125
174,2.0,11.0,362.50567626953125,513.6382446289062,565.7662963867188,670.5086669921875
175,2.0,11.0,364.92633056640625,512.7753295898438,573.6768188476562,670.7291259765625
176,2.0,11.0,368.5638732910156,510.13299560546875,582.3770751953125,672.0360107421875
177,2.0,11.0,371.8110046386719,508.80267333984375,591.655517578125,674.2115478515625
178,2.0,11.0,375.385009765625,507.0522155761719,602.2446899414062,676.6964111328125
179,2.0,11.0,379.5019836425781,504.69293212890625,613.0654907226562,679.701171875
180,2.0,11.0,383.1257629394531,502.65423583984375,624.06591796875,682.8480834960938
181,2.0,11.0,387.3189697265625,501.46685791015625,635.5468139648438,686.2964477539062
182,2.0,11.0,391.5418395996094,499.92138671875,648.1741333007812,690.8035888671875
183,2.0,11.0,395.971923828125,497.58819580078125,660.8107299804688,695.1580810546875
184,2.0,11.0,401.62689208984375,495.7159423828125,674.9376831054688,698.2610473632812
185,2.0,11.0,406.471923828125,494.5276794433594,690.9671630859375,702.4736328125
186,2.0,11.0,411.87139892578125,491.24310302734375,708.1947021484375,707.64990234375
187,2.0,11.0,418.1076965332031,488.6284484863281,726.3221435546875,710.6438598632812
188,2.0,11.0,424.22796630859375,483.7809753417969,744.4808349609375,717.9544677734375
189,2.0,11.0,431.1783752441406,478.5819396972656,765.1400756835938,726.1912841796875
190,2.0,11.0,436.56256103515625,476.2719421386719,785.5256958007812,734.3652954101562
191,2.0,11.0,441.9198913574219,473.7160949707031,809.5399169921875,740.6046752929688
192,2.0,11.0,450.0559997558594,472.4313659667969,835.5280151367188,749.5032958984375
193,2.0,11.0,460.05718994140625,470.4656066894531,863.6812133789062,757.1258544921875
194,2.0,11.0,467.7878723144531,467.91033935546875,894.603515625,765.55078125
195,2.0,11.0,476.1737365722656,464.5162353515625,928.6843872070312,778.4468994140625
196,2.0,11.0,484.051513671875,459.1866149902344,964.7693481445312,790.4226684570312
197,2.0,11.0,497.3124084472656,455.1779479980469,1005.8719482421875,801.3110961914062
198,2.0,11.0,509.44097900390625,449.775146484375,1051.7745361328125,816.4714965820312
199,2.0,11.0,521.8259887695312,445.8620910644531,1102.1888427734375,829.876953125
200,2.0,11.0,535.66943359375,440.30731201171875,1159.0244140625,847.9378051757812
201,2.0,11.0,549.833740234375,432.30218505859375,1223.256103515625,869.3427734375
202,2.0,11.0,566.566162109375,424.6843566894531,1295.65771484375,892.2406005859375
203,2.0,11.0,583.9259643554688,409.551025390625,1380.2523193359375,917.984619140625
204,2.0,11.0,605.1217651367188,398.6529846191406,1479.3223876953125,948.67041015625
205,2.0,11.0,629.94580078125,390.3728942871094,1591.2144775390625,986.2832641601562
206,2.0,11.0,660.7589111328125,378.6889953613281,1725.44775390625,1027.1749267578125
207,2.0,11.0,688.6651000976562,367.0810546875,1863.3365478515625,1058.9224853515625
208,2.0,11.0,717.5439453125,351.3634948730469,1919.0057373046875,1072.3485107421875
209,2.0,11.0,755.5445556640625,330.3489685058594,1920.0,1076.5511474609375
210,2.0,11.0,803.161865234375,305.1299743652344,1920.0,1078.15673828125
211,2.0,11.0,857.4829711914062,276.9527893066406,1920.0,1078.2813720703125
212,2.0,11.0,923.270263671875,245.88401794433594,1920.0,1075.4676513671875
213,2.0,11.0,1001.51806640625,202.41270446777344,1920.0,1074.9267578125
214,2.0,11.0,1099.95458984375,160.01669311523438,1920.0,1073.1297607421875
215,2.0,11.0,1222.4161376953125,131.07623291015625,1920.0,1074.697509765625
217,2.0,11.0,1588.990234375,160.20315551757812,1920.0,1074.0377197265625
