96,2.0,63.0,456.55181884765625,568.2507934570312,516.3997192382812,616.6417846679688
97,2.0,63.0,457.1624755859375,568.7409057617188,517.5721435546875,617.2426147460938
98,2.0,63.0,458.02099609375,569.769775390625,519.8046875,617.5228271484375
99,2.0,63.0,459.0478820800781,568.5767211914062,521.5425415039062,617.9160766601562
100,2.0,63.0,459.7090148925781,567.7581176757812,521.8775634765625,617.3221435546875
101,2.0,63.0,461.0002136230469,566.3231201171875,521.6346435546875,616.9654541015625
102,2.0,63.0,461.18560791015625,567.1720581054688,521.2577514648438,618.018798828125
103,2.0,63.0,461.3251037597656,566.7503051757812,524.1444702148438,620.138427734375
104,2.0,63.0,461.5770263671875,564.9369506835938,527.5957641601562,621.2601928710938
105,2.0,63.0,462.5938720703125,565.4916381835938,527.6482543945312,621.2734985351562
106,2.0,63.0,463.8934020996094,565.6317749023438,529.7857055664062,620.4647827148438
107,2.0,63.0,465.16693115234375,564.3341674804688,531.6534423828125,620.6982421875
108,2.0,63.0,466.0769348144531,564.3137817382812,532.62548828125,621.418701171875
109,2.0,63.0,466.0519714355469,565.23291015625,533.2764892578125,621.8026733398438
110,2.0,63.0,466.7611083984375,565.060546875,535.0074462890625,622.3551635742188
111,2.0,63.0,466.77056884765625,565.3352661132812,536.546142578125,622.968017578125
112,2.0,63.0,467.1820983886719,565.4013671875,539.0256958007812,622.9308471679688
113,2.0,63.0,467.9949645996094,564.9293212890625,540.8095703125,622.6177978515625
114,2.0,63.0,468.8498229980469,564.5909423828125,543.659912109375,623.24951171875
115,2.0,63.0,469.1221618652344,565.0460205078125,545.5109252929688,624.2548217773438
116,2.0,63.0,469.2818298339844,566.4849243164062,546.8804321289062,624.7247924804688
117,2.0,63.0,470.2427673339844,566.9573364257812,549.2974853515625,625.2225341796875
118,2.0,63.0,471.3663024902344,566.4396362304688,550.4498901367188,625.335205078125
119,2.0,63.0,472.17987060546875,564.6976928710938,552.62158203125,626.4341430664062
120,2.0,63.0,472.9671630859375,564.6548461914062,554.4580078125,627.2355346679688
121,2.0,63.0,473.5242614746094,564.7049560546875,556.0650634765625,628.5967407226562
123,2.0,63.0,476.0875244140625,562.8767700195312,560.5292358398438,630.053955078125
124,2.0,63.0,478.1111145019531,563.3575439453125,563.6349487304688,629.8207397460938
125,2.0,63.0,479.5716247558594,563.2578735351562,566.7029418945312,631.4036254882812
126,2.0,63.0,479.7790222167969,563.5303955078125,567.8075561523438,631.7940673828125
127,2.0,63.0,479.3318176269531,562.8607788085938,569.432373046875,632.81787109375
128,2.0,63.0,479.8925476074219,561.9661254882812,571.5252075195312,633.593017578125
129,2.0,63.0,480.5699462890625,562.55810546875,574.968017578125,634.5010986328125
130,2.0,63.0,481.9565734863281,561.9757080078125,578.537353515625,635.3140869140625
131,2.0,63.0,483.19091796875,561.9614868164062,580.6376953125,636.4998168945312
132,2.0,63.0,484.99273681640625,561.2647094726562,583.766357421875,637.4890747070312
133,2.0,63.0,487.1612243652344,560.4473876953125,587.720947265625,638.2071533203125
134,2.0,63.0,488.8736572265625,559.9006958007812,590.951171875,639.3359375
135,2.0,63.0,490.518798828125,560.0425415039062,593.4558715820312,641.2908325195312
136,2.0,63.0,492.2476501464844,559.1751098632812,597.2511596679688,641.3521728515625
137,2.0,63.0,493.6328125,558.6348876953125,601.3226318359375,642.1368408203125
138,2.0,63.0,494.4840393066406,558.2168579101562,603.8720092773438,643.2811889648438
139,2.0,63.0,498.4088134765625,557.6972045898438,606.8092041015625,644.4866333007812
140,2.0,63.0,500.3204345703125,557.0869750976562,610.8665161132812,645.553466796875
141,2.0,63.0,502.6678771972656,556.7810668945312,615.1494140625,646.8408813476562
142,2.0,63.0,504.16351318359375,556.4381713867188,618.5653686523438,647.6285400390625
143,2.0,63.0,505.9709167480469,556.1387329101562,623.0520629882812,648.5265502929688
144,2.0,63.0,506.6335754394531,555.9575805664062,627.7556762695312,649.4684448242188
145,2.0,63.0,508.32940673828125,555.5347900390625,630.56787109375,649.74072265625
146,2.0,63.0,508.8387756347656,554.9284057617188,635.3150634765625,650.37841796875
147,2.0,63.0,508.8714904785156,554.2182006835938,640.5361938476562,651.3704223632812
148,2.0,63.0,509.6519775390625,554.5072631835938,645.5036010742188,652.4375
149,2.0,63.0,514.700927734375,553.9033813476562,651.4804077148438,654.9850463867188
150,2.0,63.0,518.7435913085938,553.4307861328125,656.6839599609375,656.8944702148438
151,2.0,63.0,520.3700561523438,553.3092651367188,663.2396240234375,658.6478271484375
152,2.0,63.0,523.3702392578125,552.3046875,668.10302734375,660.3733520507812
153,2.0,63.0,527.4417724609375,551.2013549804688,674.7691650390625,662.2910766601562
154,2.0,63.0,528.9554443359375,550.37451171875,680.8485717773438,665.8648071289062
155,2.0,63.0,530.7235107421875,549.53515625,686.75634765625,668.8799438476562
156,2.0,63.0,531.8582153320312,547.750244140625,693.5985717773438,671.5639038085938
157,2.0,63.0,533.159912109375,545.298095703125,702.35400390625,673.408447265625
158,2.0,63.0,539.1233520507812,545.4189453125,709.7511596679688,675.0853881835938
159,2.0,63.0,541.7200317382812,544.2747192382812,718.1730346679688,679.5808715820312
160,2.0,63.0,545.5467529296875,542.9681396484375,727.9971923828125,682.6598510742188
161,2.0,63.0,547.426025390625,542.1942138671875,736.8063354492188,685.6251220703125
162,2.0,63.0,550.49267578125,541.7398071289062,746.1981811523438,687.9930419921875
163,2.0,63.0,552.9611206054688,541.8438720703125,756.911376953125,690.7490234375
164,2.0,63.0,556.2802124023438,539.8436889648438,767.6659545898438,694.644775390625
165,2.0,63.0,560.4317626953125,537.38720703125,779.1785888671875,699.3649291992188
166,2.0,63.0,565.216552734375,534.2255249023438,793.1529541015625,704.181884765625
167,2.0,63.0,571.288818359375,533.956298828125,806.858642578125,707.9493408203125
168,2.0,63.0,575.2064208984375,532.4291381835938,821.6034545898438,714.55859375
169,2.0,63.0,581.2863159179688,529.8340454101562,837.7353515625,718.2188110351562
170,2.0,63.0,586.251708984375,528.1909790039062,854.8914184570312,722.4136962890625
171,2.0,63.0,593.099365234375,527.2910766601562,873.6134033203125,727.7276000976562
172,2.0,63.0,600.0347900390625,525.306640625,893.7587890625,732.6453247070312
173,2.0,63.0,608.6751708984375,523.023193359375,916.6336059570312,739.0880126953125
174,2.0,63.0,617.4786987304688,521.3573608398438,940.7252807617188,744.3064575195312
175,2.0,63.0,623.8577270507812,519.2128295898438,968.4666748046875,753.7827758789062
176,2.0,63.0,631.9181518554688,515.6182250976562,997.64453125,760.6480712890625
177,2.0,63.0,642.756591796875,510.3105163574219,1031.02978515625,770.2932739257812
178,2.0,63.0,653.6729125976562,506.79852294921875,1069.1527099609375,782.626953125
179,2.0,63.0,664.5494384765625,500.71173095703125,1110.371826171875,793.8878784179688
180,2.0,63.0,677.3599853515625,496.1604309082031,1156.5494384765625,809.4963989257812
181,2.0,63.0,692.2536010742188,491.27899169921875,1211.549072265625,826.0582275390625
182,2.0,63.0,706.31787109375,485.09259033203125,1274.6778564453125,841.784423828125
183,2.0,63.0,724.9945678710938,476.7198181152344,1347.424560546875,863.5487060546875
184,2.0,63.0,743.9849243164062,469.0997009277344,1430.997802734375,892.24560546875
185,2.0,63.0,765.62939453125,460.081298828125,1531.1669921875,922.7388916015625
186,2.0,63.0,791.0946655273438,448.7088928222656,1651.3133544921875,961.0087890625
187,2.0,63.0,820.8560791015625,439.5617370605469,1795.6531982421875,1009.0081787109375
188,2.0,63.0,852.832275390625,427.4777526855469,1888.0848388671875,1051.8133544921875
189,2.0,63.0,893.8538818359375,411.63037109375,1920.0,1070.5972900390625
190,2.0,63.0,940.7525024414062,391.8335876464844,1920.0,1078.61376953125
191,2.0,63.0,1001.7365112304688,366.3042907714844,1920.0,1080.0
192,2.0,63.0,1075.9525146484375,335.3334655761719,1920.0,1079.55615234375
193,2.0,63.0,1168.4669189453125,296.7308349609375,1920.0,1078.7691650390625
194,2.0,63.0,1287.5399169921875,264.1465148925781,1920.0,1078.809814453125
