2,2.0,53.0,458.94317626953125,560.746826171875,509.55242919921875,604.620849609375
3,2.0,53.0,458.39349365234375,560.3648681640625,510.0311279296875,604.5330200195312
4,2.0,53.0,458.9486083984375,560.8889770507812,510.4598083496094,604.6279296875
5,2.0,53.0,459.0487060546875,561.0098266601562,510.76177978515625,604.8297729492188
6,2.0,53.0,458.9759521484375,561.2869262695312,510.2629089355469,604.6561279296875
7,2.0,53.0,459.2044372558594,561.0994262695312,511.3983154296875,604.5167236328125
8,2.0,53.0,460.5546875,562.72705078125,513.2628173828125,605.1273193359375
9,2.0,53.0,461.0705261230469,562.9251708984375,514.9007568359375,606.0477294921875
10,2.0,53.0,461.0239562988281,563.3088989257812,515.2509765625,606.3988037109375
11,2.0,53.0,461.3904113769531,563.6819458007812,516.5872192382812,607.0020141601562
12,2.0,53.0,461.5629577636719,563.4033813476562,518.4623413085938,607.927978515625
13,2.0,53.0,461.9107360839844,564.3280639648438,520.8043823242188,608.208251953125
14,2.0,53.0,462.3710021972656,563.884765625,521.9716186523438,607.9462280273438
15,2.0,53.0,462.5516662597656,563.6904296875,522.0786743164062,608.7322387695312
16,2.0,53.0,463.1085205078125,563.368408203125,522.3564453125,609.583984375
17,2.0,53.0,463.55950927734375,562.3172607421875,523.4263305664062,610.028564453125
18,2.0,53.0,464.02471923828125,561.4783325195312,523.5138549804688,609.7820434570312
19,2.0,53.0,464.23602294921875,560.884765625,523.586181640625,609.8411865234375
20,2.0,53.0,464.3231506347656,560.1663818359375,525.2157592773438,609.92529296875
21,2.0,53.0,464.5450134277344,559.927734375,526.510498046875,609.921875
22,2.0,53.0,464.60955810546875,560.075927734375,527.176513671875,609.3982543945312
23,2.0,53.0,464.7316589355469,559.9926147460938,527.88818359375,609.031005859375
24,2.0,53.0,465.1532287597656,560.2455444335938,529.1907348632812,608.703369140625
25,2.0,53.0,465.9181213378906,560.3700561523438,529.7892456054688,608.717529296875
26,2.0,53.0,466.6499938964844,559.9105834960938,530.2689819335938,609.2172241210938
27,2.0,53.0,466.9528503417969,559.54541015625,531.4962158203125,609.7691650390625
28,2.0,53.0,467.3146057128906,559.5328979492188,532.2257080078125,610.4086303710938
29,2.0,53.0,466.9814453125,560.3302001953125,532.2377319335938,610.5418701171875
30,2.0,53.0,467.5918273925781,560.4781494140625,533.4818115234375,610.9591064453125
31,2.0,53.0,468.3752746582031,560.3240966796875,533.9754638671875,610.9292602539062
32,2.0,53.0,468.5256652832031,560.3731689453125,534.6098022460938,611.13330078125
33,2.0,53.0,468.7273254394531,560.2479248046875,535.839111328125,611.089599609375
34,2.0,53.0,469.2091064453125,560.746337890625,536.4603271484375,611.3076171875
35,2.0,53.0,470.099365234375,560.4456176757812,539.2608642578125,612.1979370117188
36,2.0,53.0,470.5627746582031,560.5033569335938,540.8619995117188,612.4760131835938
37,2.0,53.0,470.92633056640625,560.6749267578125,541.9118041992188,612.6472778320312
38,2.0,53.0,471.0771179199219,560.724365234375,543.8023071289062,612.881591796875
39,2.0,53.0,471.38092041015625,560.6405639648438,545.1821899414062,613.5948486328125
40,2.0,53.0,471.69036865234375,560.7791137695312,545.2866821289062,614.5360107421875
41,2.0,53.0,472.4582214355469,561.5971069335938,546.633056640625,615.2135009765625
42,2.0,53.0,473.28564453125,561.508056640625,547.4851684570312,615.713134765625
43,2.0,53.0,474.1478576660156,560.3828735351562,548.3838500976562,616.0180053710938
44,2.0,53.0,474.2831115722656,560.6190795898438,548.912353515625,616.3016357421875
45,2.0,53.0,475.02886962890625,560.7534790039062,551.1466064453125,617.0293579101562
46,2.0,53.0,475.13702392578125,561.216064453125,553.0962524414062,617.5180053710938
47,2.0,53.0,475.6075134277344,560.8120727539062,555.052001953125,618.2589721679688
48,2.0,53.0,476.1941223144531,560.5338745117188,556.5325927734375,618.8712158203125
49,2.0,53.0,476.726806640625,559.0964965820312,557.5723266601562,619.7626342773438
50,2.0,53.0,477.1241455078125,557.1952514648438,558.162841796875,620.4921264648438
51,2.0,53.0,477.6741638183594,556.6596069335938,558.540771484375,620.9855346679688
52,2.0,53.0,478.399658203125,556.9121704101562,559.4800415039062,621.2813720703125
53,2.0,53.0,479.6107482910156,556.8822631835938,561.3233032226562,621.5847778320312
54,2.0,53.0,480.4250183105469,556.8031005859375,563.416259765625,621.5845336914062
55,2.0,53.0,481.4804992675781,555.2343139648438,565.4208374023438,621.8994140625
56,2.0,53.0,481.2146301269531,554.9320068359375,567.5159301757812,622.4891967773438
57,2.0,53.0,482.7629699707031,554.3761596679688,569.2232666015625,623.0595092773438
58,2.0,53.0,482.9034423828125,554.9795532226562,570.244384765625,623.667236328125
59,2.0,53.0,481.9954833984375,554.8934326171875,571.066650390625,624.25537109375
60,2.0,53.0,483.2504577636719,555.7799682617188,572.1941528320312,624.2667846679688
61,2.0,53.0,483.5677795410156,555.2273559570312,573.4216918945312,624.825439453125
62,2.0,53.0,483.63720703125,554.398193359375,575.9302368164062,625.6046142578125
63,2.0,53.0,484.3760986328125,554.060302734375,578.7886352539062,625.9850463867188
64,2.0,53.0,486.0332946777344,553.40380859375,580.4039306640625,626.1296997070312
65,2.0,53.0,487.8111572265625,552.8162231445312,581.9447021484375,626.7318115234375
66,2.0,53.0,490.008544921875,552.8186645507812,583.1686401367188,627.1220092773438
67,2.0,53.0,490.844482421875,552.1749267578125,585.1939697265625,627.2642822265625
68,2.0,53.0,492.1581726074219,552.6231079101562,588.9743041992188,628.2683715820312
69,2.0,53.0,493.3222351074219,552.2000122070312,592.7239379882812,629.8544921875
70,2.0,53.0,493.8857116699219,551.8314819335938,595.9400024414062,631.0845947265625
71,2.0,53.0,494.58990478515625,551.5700073242188,597.7139892578125,632.5389404296875
72,2.0,53.0,494.8967590332031,551.5650024414062,599.3746337890625,633.0044555664062
73,2.0,53.0,495.0858154296875,551.6051025390625,600.8276977539062,633.5160522460938
74,2.0,53.0,496.40203857421875,551.0617065429688,601.6272583007812,634.125732421875
75,2.0,53.0,498.19683837890625,550.8320922851562,604.0750732421875,634.743896484375
76,2.0,53.0,499.60919189453125,549.9259643554688,606.3720092773438,634.664306640625
77,2.0,53.0,502.5628662109375,549.4228515625,608.0590209960938,635.3802490234375
78,2.0,53.0,503.0450134277344,548.8741455078125,610.7662963867188,636.561767578125
79,2.0,53.0,503.9706726074219,548.5885009765625,613.6427001953125,638.2094116210938
80,2.0,53.0,504.4785461425781,548.7760620117188,615.8711547851562,639.17138671875
81,2.0,53.0,504.62078857421875,548.6539916992188,618.64697265625,640.9246215820312
82,2.0,53.0,504.5450134277344,547.9581909179688,622.1607666015625,642.5296020507812
83,2.0,53.0,504.7462158203125,547.3804321289062,625.6590576171875,643.6976928710938
84,2.0,53.0,504.6978454589844,546.9628295898438,629.3795166015625,644.7521362304688
85,2.0,53.0,507.0141296386719,546.1285400390625,632.1494140625,645.313720703125
86,2.0,53.0,506.85101318359375,545.49267578125,636.0108032226562,645.7883911132812
87,2.0,53.0,509.86309814453125,544.789306640625,639.5316162109375,646.3262939453125
88,2.0,53.0,511.445556640625,545.1261596679688,642.0607299804688,646.9420166015625
89,2.0,53.0,512.7153930664062,544.9222412109375,646.0250244140625,647.08056640625
90,2.0,53.0,515.72412109375,544.5164794921875,649.7498779296875,647.6692504882812
91,2.0,53.0,517.0992431640625,545.2725830078125,653.2809448242188,647.600341796875
92,2.0,53.0,516.6434936523438,545.3259887695312,656.69775390625,648.5859375
93,2.0,53.0,519.4328002929688,545.4576416015625,662.7781372070312,650.5271606445312
94,2.0,53.0,521.8256225585938,544.6192016601562,668.2730102539062,653.2698974609375
95,2.0,53.0,521.6491088867188,544.313720703125,671.6027221679688,655.7193603515625
96,2.0,53.0,525.0090942382812,542.5928344726562,676.279296875,656.8497314453125
97,2.0,53.0,527.42822265625,540.95703125,680.3826904296875,659.2638549804688
98,2.0,53.0,528.1680297851562,541.6952514648438,685.4781494140625,660.6949462890625
99,2.0,53.0,527.694580078125,541.3508911132812,691.6207885742188,662.2152099609375
100,2.0,53.0,528.978515625,539.9609375,695.7113037109375,664.8526611328125
101,2.0,53.0,531.8037719726562,538.85009765625,701.3685302734375,667.6618041992188
102,2.0,53.0,536.5087890625,538.6171264648438,707.8900756835938,669.4058837890625
103,2.0,53.0,538.440185546875,537.8431396484375,713.6585693359375,670.6599731445312
104,2.0,53.0,540.6166381835938,537.0513305664062,720.4312133789062,671.4775390625
105,2.0,53.0,541.5474853515625,536.2591552734375,727.3941040039062,673.7285766601562
106,2.0,53.0,546.4763793945312,534.3203735351562,734.7434692382812,676.0000610351562
107,2.0,53.0,549.5826416015625,533.49755859375,742.940673828125,678.718994140625
108,2.0,53.0,551.3260498046875,532.7742919921875,749.4258422851562,683.06201171875
109,2.0,53.0,553.2847900390625,532.1060791015625,758.0084838867188,685.8468627929688
110,2.0,53.0,554.7133178710938,530.714111328125,765.9769897460938,688.6533813476562
111,2.0,53.0,557.1453857421875,528.8154296875,776.0197143554688,691.5470581054688
112,2.0,53.0,560.5809936523438,527.844970703125,785.28564453125,695.7332763671875
113,2.0,53.0,563.2578125,526.717041015625,795.3600463867188,698.5792846679688
114,2.0,53.0,567.766845703125,525.229736328125,807.3082275390625,701.5948486328125
115,2.0,53.0,571.7551879882812,524.5821533203125,818.5299072265625,704.5923461914062
116,2.0,53.0,575.2976684570312,523.7672119140625,830.9120483398438,709.803466796875
117,2.0,53.0,579.69189453125,522.7892456054688,843.1648559570312,713.65576171875
118,2.0,53.0,585.0111083984375,521.8667602539062,857.1918334960938,718.2845458984375
119,2.0,53.0,591.2537231445312,521.0328979492188,873.0834350585938,721.6220703125
120,2.0,53.0,596.5656127929688,519.6870727539062,888.7088012695312,724.9537963867188
121,2.0,53.0,600.3177490234375,517.970458984375,905.4486083984375,730.2652587890625
122,2.0,53.0,604.7741088867188,515.3703002929688,924.9560546875,734.576416015625
123,2.0,53.0,610.1787719726562,511.8584899902344,943.0439453125,740.0381469726562
124,2.0,53.0,616.37841796875,509.7394104003906,965.5538940429688,745.2467651367188
125,2.0,53.0,623.221923828125,505.91131591796875,986.7982788085938,752.6315307617188
126,2.0,53.0,630.9622802734375,502.84246826171875,1013.9611206054688,761.5029907226562
127,2.0,53.0,638.8803100585938,500.8862609863281,1040.397705078125,770.2725219726562
128,2.0,53.0,646.7661743164062,497.36907958984375,1068.5146484375,778.9013671875
129,2.0,53.0,655.7315673828125,495.2640686035156,1101.9755859375,789.6090087890625
130,2.0,53.0,665.6377563476562,491.6014709472656,1136.1904296875,799.0477905273438
131,2.0,53.0,674.671875,487.25201416015625,1176.611572265625,812.3113403320312
132,2.0,53.0,685.8248901367188,483.5963439941406,1222.421142578125,824.1539306640625
133,2.0,53.0,698.2666625976562,477.8199768066406,1272.016845703125,838.3193969726562
134,2.0,53.0,709.927001953125,471.87896728515625,1327.02880859375,856.5452270507812
135,2.0,53.0,724.6109619140625,464.66455078125,1389.294189453125,877.3438110351562
136,2.0,53.0,739.4160766601562,456.6497802734375,1460.9747314453125,898.43310546875
137,2.0,53.0,756.943115234375,449.99615478515625,1543.19677734375,924.8984985351562
138,2.0,53.0,774.1265258789062,441.1933898925781,1638.8084716796875,953.69970703125
139,2.0,53.0,795.2728881835938,431.775146484375,1745.514892578125,990.9124145507812
140,2.0,53.0,819.5114135742188,425.8146667480469,1867.4447021484375,1033.12744140625
141,2.0,53.0,846.8442993164062,412.7912292480469,1916.9659423828125,1062.3994140625
142,2.0,53.0,879.0906372070312,396.53826904296875,1920.0,1073.257080078125
143,2.0,53.0,915.1471557617188,383.1014099121094,1920.0,1078.26318359375
144,2.0,53.0,954.913818359375,367.25799560546875,1920.0,1080.0
145,2.0,53.0,1004.1655883789062,348.57208251953125,1920.0,1080.0
146,2.0,53.0,1063.91845703125,323.9916687011719,1920.0,1078.8438720703125
147,2.0,53.0,1133.2620849609375,292.3643798828125,1920.0,1075.94091796875
148,2.0,53.0,1216.60595703125,259.8575744628906,1920.0,1074.4554443359375
149,2.0,53.0,1320.869384765625,243.44325256347656,1920.0,1076.018798828125
150,2.0,53.0,1457.172119140625,250.47686767578125,1920.0,1077.2674560546875
151,2.0,53.0,1636.1578369140625,322.324462890625,1920.0,1078.8338623046875
