37,63,275.1406555175781,373.8148498535156,316.63836669921875,402.2416687011719
38,63,275.85614013671875,373.7635803222656,317.0093078613281,402.298828125
39,63,276.1705627441406,372.84954833984375,317.2599182128906,403.1492004394531
40,63,276.23907470703125,372.4682922363281,317.79876708984375,403.25347900390625
41,63,276.58941650390625,372.111083984375,318.1076965332031,403.5030212402344
42,63,276.66796875,371.9562072753906,318.8501892089844,403.7757873535156
43,63,276.790283203125,370.685791015625,320.009521484375,403.6147766113281
44,63,276.6286926269531,370.56451416015625,321.48211669921875,403.4695129394531
45,63,277.2597351074219,370.4468994140625,323.2494201660156,403.87335205078125
46,63,277.7920227050781,371.5832824707031,324.6458435058594,403.8928527832031
47,63,278.0046691894531,371.9588623046875,326.5042724609375,404.3451843261719
48,63,278.2299499511719,372.2055969238281,327.8302307128906,405.1493835449219
49,63,278.781982421875,371.6905822753906,328.67303466796875,405.8035583496094
50,63,279.62890625,371.4223327636719,328.3371276855469,405.39019775390625
51,63,280.4322814941406,371.761962890625,329.3078308105469,405.3844299316406
52,63,281.2150573730469,371.7077941894531,331.4716491699219,405.1950988769531
53,63,282.0950622558594,371.5614929199219,333.68365478515625,405.8376770019531
54,63,283.532470703125,370.74371337890625,335.489990234375,407.6507568359375
55,63,284.7323303222656,370.2228698730469,337.17510986328125,409.1089172363281
56,63,285.9096374511719,370.6819763183594,338.8821105957031,410.1294250488281
57,63,287.07965087890625,370.19573974609375,340.06732177734375,410.7580261230469
58,63,287.1714172363281,370.0537414550781,340.7212829589844,410.6182861328125
59,63,287.858642578125,370.3595886230469,341.6443786621094,410.418701171875
60,63,288.36358642578125,370.8547668457031,342.9012756347656,410.72918701171875
61,63,288.8953552246094,370.2357177734375,343.7922668457031,411.1731262207031
62,63,289.0085754394531,370.0346984863281,345.74468994140625,412.0334777832031
63,63,289.48809814453125,367.32440185546875,347.5307922363281,413.13372802734375
64,63,289.765380859375,365.8563232421875,349.73187255859375,413.8693542480469
65,63,290.4010009765625,366.95135498046875,352.48065185546875,414.3232421875
66,63,290.56854248046875,368.4444580078125,353.92181396484375,414.2218017578125
67,63,290.9658508300781,366.9783935546875,354.9320373535156,413.4266052246094
68,63,291.679443359375,368.2320556640625,355.91094970703125,415.6481628417969
69,63,293.27532958984375,368.7877502441406,359.316650390625,416.94744873046875
70,63,294.758544921875,367.3848571777344,361.7457580566406,417.82684326171875
71,63,296.0965881347656,368.74334716796875,364.5872497558594,418.01812744140625
72,63,296.492919921875,368.7434387207031,365.9972229003906,417.6059875488281
73,63,299.30340576171875,367.86553955078125,367.4388427734375,418.8638610839844
74,63,300.3955383300781,367.50067138671875,369.7322082519531,419.6385803222656
75,63,301.9444885253906,367.33245849609375,372.1936950683594,420.0956726074219
76,63,302.7541809082031,367.6096496582031,373.9234924316406,420.9334716796875
77,63,303.56121826171875,367.81732177734375,376.906494140625,422.3095397949219
78,63,304.52978515625,368.3554382324219,379.3637390136719,423.8442077636719
79,63,305.3123474121094,368.8074035644531,383.4718933105469,425.6025085449219
80,63,307.0346984863281,368.05499267578125,386.9497375488281,426.6907958984375
81,63,308.20928955078125,366.54443359375,390.5848388671875,427.85595703125
82,63,310.71429443359375,365.7364501953125,392.8134765625,429.37225341796875
83,63,312.3166809082031,366.3616638183594,395.1588439941406,429.22686767578125
84,63,313.1045837402344,364.754638671875,396.8370666503906,430.512939453125
85,63,314.1203918457031,365.0782775878906,399.99810791015625,431.29278564453125
86,63,315.474853515625,364.753662109375,403.2510986328125,432.63604736328125
87,63,316.30975341796875,363.5162353515625,407.4987487792969,434.309326171875
88,63,319.71514892578125,362.3037109375,412.453857421875,436.9480895996094
89,63,321.5237121582031,361.61663818359375,417.42449951171875,436.9405822753906
90,63,324.4865417480469,361.8333740234375,421.568603515625,438.2637634277344
91,63,325.8453369140625,360.9772033691406,426.58038330078125,439.9169006347656
92,63,326.8970947265625,361.08502197265625,429.4385986328125,442.8622131347656
93,63,329.1974182128906,360.87060546875,434.0236511230469,444.26226806640625
94,63,331.7811584472656,360.39080810546875,439.89990234375,444.9498291015625
95,63,335.2112731933594,360.9107360839844,446.14434814453125,448.0234069824219
96,63,338.63970947265625,360.0003967285156,450.96282958984375,450.0427551269531
97,63,342.25262451171875,359.0303955078125,457.34686279296875,452.4790954589844
98,63,345.626953125,358.9093322753906,464.8176574707031,454.68670654296875
99,63,346.4978332519531,358.86700439453125,471.5431213378906,456.419677734375
100,63,348.4049072265625,358.0292053222656,477.9206848144531,458.0955505371094
101,63,351.2818603515625,357.94970703125,484.8797302246094,461.5155029296875
102,63,354.811279296875,357.54010009765625,494.2089538574219,465.0094909667969
103,63,359.0408935546875,357.39410400390625,502.32965087890625,467.8531494140625
104,63,360.5081481933594,357.3755798339844,511.6896057128906,471.7673034667969
105,63,365.1119384765625,356.6638488769531,521.8660278320312,474.1700134277344
106,63,371.66436767578125,355.9268798828125,532.4304809570312,477.80145263671875
107,63,374.9571838378906,355.5103454589844,543.2666625976562,482.02734375
108,63,378.7495422363281,355.3809814453125,555.0720825195312,488.087890625
109,63,384.0067138671875,354.04925537109375,569.252685546875,492.18157958984375
110,63,390.73529052734375,353.3545227050781,583.2962036132812,497.2808837890625
111,63,395.6142883300781,352.81396484375,600.605224609375,502.1243591308594
112,63,403.2759094238281,352.1904602050781,617.9384765625,509.918701171875
113,63,410.3948974609375,351.9561767578125,637.123779296875,515.3094482421875
114,63,419.2832946777344,351.258544921875,658.617431640625,521.5018310546875
115,63,428.7671203613281,350.999267578125,682.7594604492188,529.8002319335938
116,63,439.7098083496094,350.22967529296875,709.7130126953125,539.130126953125
117,63,450.6612243652344,347.3359680175781,740.6937255859375,547.3488159179688
118,63,461.6307373046875,345.4761657714844,775.752685546875,560.7367553710938
119,63,474.39508056640625,341.3321533203125,815.5948486328125,573.6978149414062
120,63,489.8459167480469,338.34234619140625,861.1466674804688,588.4240112304688
121,63,505.9214172363281,335.8448181152344,912.5242919921875,606.48681640625
122,63,526.2225341796875,333.893798828125,973.955078125,624.798583984375
123,63,548.5445556640625,331.64166259765625,1047.951171875,650.79541015625
124,63,574.0015869140625,330.3804016113281,1136.161376953125,680.7033081054688
125,63,605.0734252929688,325.8885498046875,1244.24365234375,720.0498657226562
126,63,640.4310302734375,321.0406799316406,1379.761474609375,770.74658203125
127,63,685.7846069335938,314.04339599609375,1551.3739013671875,837.8831787109375
128,63,739.8997802734375,305.4748229980469,1776.2713623046875,931.1917724609375
129,63,807.43359375,300.5497131347656,1881.258544921875,1023.2197265625
130,63,898.652099609375,293.03790283203125,1920.0,1061.40234375
131,63,1018.22412109375,283.1421203613281,1920.0,1072.6597900390625
132,63,1196.02294921875,273.53924560546875,1920.0,1077.963134765625
133,63,1472.0234375,297.3911437988281,1920.0,1080.0
