62,2.0,18.0,254.61949157714844,563.7549438476562,294.6501159667969,592.3170166015625
63,2.0,18.0,254.84327697753906,563.5906372070312,294.8408203125,592.8848876953125
64,2.0,18.0,254.72000122070312,563.5592041015625,295.0383605957031,593.2901611328125
65,2.0,18.0,253.84193420410156,563.1309814453125,294.0938415527344,593.6367797851562
66,2.0,18.0,251.797607421875,563.5711059570312,293.3887023925781,594.3485107421875
67,2.0,18.0,252.61013793945312,563.2957763671875,293.4551086425781,595.014404296875
68,2.0,18.0,252.88037109375,563.1329956054688,292.8788757324219,594.7947387695312
69,2.0,18.0,253.26133728027344,562.7225341796875,293.4727478027344,594.7725830078125
70,2.0,18.0,253.78231811523438,563.8256225585938,294.05572509765625,594.08935546875
71,2.0,18.0,254.45977783203125,563.6061401367188,294.3240661621094,593.941650390625
72,2.0,18.0,254.8203582763672,563.5824584960938,294.768310546875,594.1637573242188
73,2.0,18.0,254.995849609375,562.82861328125,295.01812744140625,593.6908569335938
74,2.0,18.0,255.2124481201172,563.5125122070312,295.7123107910156,593.9710083007812
75,2.0,18.0,254.1864471435547,564.44775390625,297.791259765625,594.1981811523438
76,2.0,18.0,254.80307006835938,563.7914428710938,299.50787353515625,594.564697265625
77,2.0,18.0,254.82794189453125,564.8740844726562,300.23089599609375,594.4519653320312
78,2.0,18.0,255.2773895263672,564.7023315429688,301.485107421875,594.2489013671875
79,2.0,18.0,255.6598663330078,563.5770874023438,302.7251892089844,594.6046752929688
80,2.0,18.0,256.0534362792969,563.3474731445312,303.9959411621094,594.8553466796875
81,2.0,18.0,256.661865234375,563.1195678710938,305.4521789550781,595.296875
82,2.0,18.0,256.2840270996094,563.47021484375,306.4101257324219,595.3211059570312
83,2.0,18.0,256.482666015625,562.30126953125,306.6123352050781,595.5429077148438
84,2.0,18.0,255.98129272460938,561.0252075195312,306.9299011230469,595.527587890625
85,2.0,18.0,255.7937469482422,561.5131225585938,306.7884521484375,595.7352294921875
86,2.0,18.0,255.89767456054688,564.063720703125,306.78546142578125,596.1766967773438
87,2.0,18.0,256.1100158691406,565.668701171875,305.4449462890625,596.0877685546875
88,2.0,18.0,256.38397216796875,564.4125366210938,306.16802978515625,596.0624389648438
89,2.0,18.0,256.711181640625,564.2994384765625,307.51580810546875,595.6613159179688
90,2.0,18.0,257.187744140625,565.5689697265625,308.6150207519531,595.9022827148438
91,2.0,18.0,259.1391906738281,564.7492065429688,309.6079406738281,596.7175903320312
92,2.0,18.0,260.2169494628906,563.533935546875,309.76190185546875,596.6676635742188
93,2.0,18.0,260.92608642578125,564.0772094726562,311.2456970214844,597.1212158203125
94,2.0,18.0,262.05047607421875,562.7654418945312,312.89044189453125,598.4315185546875
95,2.0,18.0,262.9700927734375,563.1204223632812,313.32568359375,599.156982421875
96,2.0,18.0,263.355712890625,561.240234375,313.5833740234375,598.273681640625
97,2.0,18.0,263.8671875,560.859130859375,313.9889221191406,598.7685546875
98,2.0,18.0,265.21173095703125,560.5011596679688,314.9134216308594,598.8508911132812
99,2.0,18.0,265.8816223144531,559.29296875,316.0876770019531,599.0054931640625
100,2.0,18.0,266.7262878417969,558.7001953125,316.4324951171875,599.4063720703125
101,2.0,18.0,267.8232421875,558.0874633789062,317.33343505859375,599.6117553710938
102,2.0,18.0,269.2081298828125,557.9571533203125,318.19091796875,599.208740234375
103,2.0,18.0,269.9434509277344,558.8453369140625,319.19720458984375,598.6397094726562
104,2.0,18.0,270.10479736328125,558.8570556640625,319.0017395019531,598.3582763671875
105,2.0,18.0,269.8548278808594,559.4364624023438,319.17938232421875,598.7262573242188
106,2.0,18.0,270.24151611328125,559.302490234375,320.52947998046875,598.5321655273438
107,2.0,18.0,271.37603759765625,558.4799194335938,321.3623046875,598.7733154296875
108,2.0,18.0,271.58319091796875,559.166259765625,322.77001953125,599.4471435546875
109,2.0,18.0,270.9324645996094,558.982177734375,323.6488342285156,599.4127197265625
110,2.0,18.0,271.3901672363281,560.1724853515625,324.67669677734375,600.0037841796875
111,2.0,18.0,271.634521484375,560.7796020507812,324.45489501953125,600.5831909179688
112,2.0,18.0,271.9584045410156,559.6187133789062,325.855712890625,600.551025390625
113,2.0,18.0,272.7108154296875,558.930419921875,326.535400390625,600.9214477539062
114,2.0,18.0,273.0200500488281,558.1597900390625,328.20770263671875,601.3682250976562
115,2.0,18.0,272.9413757324219,556.98486328125,331.08880615234375,601.6591796875
116,2.0,18.0,272.5617370605469,555.94140625,332.66070556640625,601.9486694335938
117,2.0,18.0,272.68756103515625,556.0715942382812,334.1353759765625,602.2478637695312
118,2.0,18.0,274.3327941894531,557.1423950195312,335.4092102050781,602.4497680664062
120,2.0,18.0,274.36962890625,556.6329956054688,338.0449523925781,602.8331298828125
121,2.0,18.0,274.94219970703125,555.476318359375,338.8090515136719,603.0689086914062
122,2.0,18.0,278.19293212890625,554.9276123046875,338.97088623046875,603.0431518554688
123,2.0,18.0,279.39154052734375,554.315673828125,340.3066101074219,602.8941650390625
124,2.0,18.0,279.83538818359375,554.990966796875,340.28326416015625,603.6228637695312
125,2.0,18.0,279.2422790527344,557.9452514648438,340.57525634765625,604.91259765625
126,2.0,18.0,279.1863708496094,557.636962890625,342.0992431640625,605.5712280273438
128,2.0,18.0,281.1265869140625,554.076904296875,346.5461730957031,605.985107421875
129,2.0,18.0,280.8765869140625,556.173095703125,349.3091125488281,606.4205322265625
130,2.0,18.0,281.5301513671875,554.72802734375,350.4130859375,606.7574462890625
131,2.0,18.0,282.24700927734375,554.7249755859375,351.64398193359375,607.2848510742188
132,2.0,18.0,283.4924621582031,552.83740234375,351.3912048339844,608.5106201171875
133,2.0,18.0,284.51220703125,552.4984741210938,352.4893493652344,609.2301025390625
136,2.0,18.0,285.33990478515625,550.6989135742188,357.3653869628906,608.57666015625
137,2.0,18.0,286.1194152832031,550.5155029296875,360.5636291503906,609.2057495117188
138,2.0,18.0,286.70037841796875,550.245361328125,362.2457580566406,609.5045166015625
139,2.0,18.0,287.6455993652344,549.868896484375,363.10284423828125,610.044189453125
140,2.0,18.0,288.7269287109375,549.5156860351562,363.9073486328125,609.781982421875
141,2.0,18.0,289.2055969238281,548.7444458007812,364.2927551269531,610.3556518554688
142,2.0,18.0,290.5488586425781,547.4221801757812,366.5204162597656,610.7406616210938
143,2.0,18.0,291.0388488769531,547.6862182617188,368.3928527832031,611.1227416992188
144,2.0,18.0,291.5575866699219,548.1611328125,370.1085205078125,612.38818359375
145,2.0,18.0,292.568603515625,548.9740600585938,372.2743835449219,613.1387329101562
146,2.0,18.0,293.59832763671875,548.4024658203125,373.1955871582031,614.3917846679688
147,2.0,18.0,295.231689453125,548.80859375,375.42364501953125,615.8193969726562
148,2.0,18.0,296.8746032714844,548.9510498046875,377.9640197753906,616.1668701171875
149,2.0,18.0,299.3415222167969,549.1746826171875,379.8421325683594,616.8882446289062
150,2.0,18.0,299.3233947753906,547.1082153320312,383.7115173339844,617.7084350585938
151,2.0,18.0,300.5145263671875,546.6142578125,386.58355712890625,618.982666015625
152,2.0,18.0,301.0018310546875,544.7564086914062,388.3907775878906,619.92919921875
153,2.0,18.0,301.7426452636719,544.1651611328125,389.7214660644531,620.6439819335938
154,2.0,18.0,302.25830078125,545.05029296875,392.54718017578125,621.7984619140625
155,2.0,18.0,302.8769226074219,545.45458984375,394.4478454589844,621.7960815429688
156,2.0,18.0,303.30328369140625,545.9137573242188,396.8523864746094,622.08447265625
157,2.0,18.0,304.6524658203125,546.0256958007812,398.6104736328125,622.4840087890625
158,2.0,18.0,306.970458984375,545.4124755859375,399.6045227050781,622.4572143554688
159,2.0,18.0,309.0964660644531,545.67724609375,404.3252258300781,622.6786499023438
160,2.0,18.0,311.66851806640625,545.1779174804688,408.5105895996094,623.4153442382812
161,2.0,18.0,312.4124755859375,544.3948974609375,411.2906494140625,623.59716796875
162,2.0,18.0,313.23724365234375,543.62255859375,414.4683837890625,625.2989501953125
163,2.0,18.0,313.94134521484375,543.380126953125,416.8015441894531,626.4891357421875
164,2.0,18.0,312.95281982421875,542.3862915039062,419.0487976074219,627.4756469726562
165,2.0,18.0,314.90838623046875,541.7516479492188,422.7601013183594,628.8494873046875
166,2.0,18.0,316.272216796875,540.466796875,426.3380432128906,630.7261962890625
167,2.0,18.0,316.9462890625,539.6287841796875,430.4730529785156,631.75634765625
168,2.0,18.0,319.7153625488281,537.7862548828125,434.8581237792969,633.0249633789062
169,2.0,18.0,322.02783203125,536.2339477539062,437.8800964355469,634.344970703125
170,2.0,18.0,324.41094970703125,535.057373046875,441.74224853515625,635.2286376953125
171,2.0,18.0,325.6409606933594,533.5966186523438,445.5526123046875,636.5784912109375
173,2.0,18.0,327.6997375488281,533.1248168945312,455.9798889160156,639.8976440429688
174,2.0,18.0,331.5254821777344,533.4784545898438,459.7613220214844,641.5160522460938
175,2.0,18.0,333.4299011230469,532.8190307617188,463.0006103515625,643.0286865234375
176,2.0,18.0,335.2485046386719,533.0977783203125,468.8039245605469,644.6184692382812
177,2.0,18.0,335.7760314941406,532.9776611328125,472.9306640625,645.77197265625
178,2.0,18.0,336.937744140625,532.6336669921875,479.996826171875,646.975341796875
179,2.0,18.0,338.1103515625,531.2091674804688,484.89349365234375,648.8070678710938
180,2.0,18.0,339.7900085449219,530.7844848632812,490.62298583984375,650.1699829101562
181,2.0,18.0,343.8201599121094,529.4532470703125,496.52825927734375,653.836669921875
182,2.0,18.0,346.0582580566406,528.6719970703125,502.4618225097656,655.80810546875
183,2.0,18.0,347.6714782714844,527.9010009765625,509.4581298828125,657.0416259765625
184,2.0,18.0,349.7777404785156,527.6181030273438,517.7387084960938,658.0748901367188
185,2.0,18.0,351.535888671875,527.15478515625,524.9185180664062,659.3079833984375
186,2.0,18.0,355.0191650390625,526.1262817382812,531.4110717773438,662.573486328125
187,2.0,18.0,358.66070556640625,524.1549682617188,540.0333862304688,665.3063354492188
188,2.0,18.0,361.5294494628906,520.7503662109375,548.3905029296875,667.573974609375
189,2.0,18.0,364.4765319824219,520.270263671875,557.674560546875,669.821044921875
190,2.0,18.0,367.697998046875,518.4262084960938,567.3229370117188,669.9672241210938
191,2.0,18.0,370.8204650878906,515.9238891601562,577.9513549804688,672.2616577148438
192,2.0,18.0,376.3799743652344,514.0503540039062,589.2432861328125,674.802490234375
193,2.0,18.0,380.2867736816406,511.3677062988281,601.7195434570312,676.681396484375
194,2.0,18.0,384.76605224609375,509.0431213378906,613.535888671875,679.9329833984375
195,2.0,18.0,389.97113037109375,507.8526611328125,627.01904296875,685.021484375
196,2.0,18.0,394.9422302246094,505.9662780761719,641.9884643554688,688.60693359375
197,2.0,18.0,401.2725524902344,503.01861572265625,657.58544921875,691.9285278320312
198,2.0,18.0,406.3896484375,500.50140380859375,673.7972412109375,697.9668579101562
199,2.0,18.0,411.71551513671875,498.6817932128906,691.86962890625,703.64111328125
200,2.0,18.0,418.379150390625,494.8076171875,711.4263305664062,708.5332641601562
201,2.0,18.0,426.31231689453125,491.445068359375,733.0939331054688,714.6844482421875
202,2.0,18.0,433.6746826171875,484.706787109375,756.8055419921875,721.0477905273438
203,2.0,18.0,440.5208740234375,478.7335205078125,781.7008056640625,730.52197265625
204,2.0,18.0,450.6404724121094,475.52252197265625,810.4874267578125,739.8507690429688
205,2.0,18.0,461.0403137207031,474.3136901855469,841.36962890625,745.7208251953125
206,2.0,18.0,471.4400939941406,472.24920654296875,874.92626953125,756.44140625
207,2.0,18.0,480.1078796386719,469.7105407714844,913.1487426757812,769.6731567382812
208,2.0,18.0,492.3440856933594,466.316162109375,955.2230224609375,783.126220703125
209,2.0,18.0,506.4386901855469,460.28765869140625,1003.7034301757812,796.6801147460938
210,2.0,18.0,521.0488891601562,452.9441223144531,1059.254638671875,813.9708251953125
211,2.0,18.0,537.8610229492188,448.59539794921875,1121.6263427734375,830.1807861328125
212,2.0,18.0,554.5297241210938,441.4002380371094,1192.70263671875,854.5901489257812
213,2.0,18.0,574.2063598632812,431.5043640136719,1275.41552734375,879.7323608398438
214,2.0,18.0,597.262451171875,417.4171142578125,1373.093505859375,908.409912109375
215,2.0,18.0,623.1047973632812,402.9033508300781,1491.10107421875,943.0916748046875
216,2.0,18.0,653.457763671875,392.23046875,1631.2293701171875,986.8656616210938
217,2.0,18.0,688.3419799804688,378.3309631347656,1803.703857421875,1035.29736328125
218,2.0,18.0,727.692626953125,362.79656982421875,1894.9420166015625,1064.1527099609375
219,2.0,18.0,768.2581176757812,339.8977966308594,1920.0,1073.11279296875
220,2.0,18.0,832.8883056640625,308.8954162597656,1920.0,1080.0
221,2.0,18.0,902.90869140625,273.6443176269531,1920.0,1076.601318359375
222,2.0,18.0,993.3633422851562,235.80914306640625,1920.0,1077.0211181640625
223,2.0,18.0,1106.846923828125,185.04949951171875,1920.0,1075.2437744140625
224,2.0,18.0,1255.0157470703125,153.25253295898438,1920.0,1077.017578125
225,2.0,18.0,1456.8590087890625,157.66317749023438,1920.0,1078.224609375
