59,2.0,32.0,275.2510986328125,560.03271484375,321.0678405761719,596.1007690429688
60,2.0,32.0,276.0330505371094,558.9331665039062,323.8172912597656,596.4742431640625
61,2.0,32.0,277.1052551269531,560.637451171875,325.7831726074219,595.9810791015625
62,2.0,32.0,276.52740478515625,559.9922485351562,329.3935852050781,597.2608032226562
63,2.0,32.0,276.22601318359375,558.2442626953125,331.5949401855469,598.1439208984375
64,2.0,32.0,276.0756530761719,558.8765869140625,331.72564697265625,598.3804321289062
65,2.0,32.0,277.0115051269531,558.7485961914062,331.4817810058594,597.14208984375
66,2.0,32.0,277.4447937011719,558.04345703125,332.00494384765625,597.308837890625
67,2.0,32.0,278.1400451660156,557.8800048828125,333.2359924316406,596.9405517578125
68,2.0,32.0,279.6358337402344,560.3936767578125,333.9673156738281,597.2445678710938
69,2.0,32.0,280.41082763671875,559.2421264648438,335.83447265625,597.4248657226562
70,2.0,32.0,280.99017333984375,556.04736328125,337.4654846191406,598.5763549804688
71,2.0,32.0,280.9449768066406,555.5509643554688,339.43878173828125,599.420654296875
72,2.0,32.0,281.5948791503906,553.6885986328125,341.06280517578125,599.6574096679688
73,2.0,32.0,281.3395690917969,553.9127197265625,342.58685302734375,600.640869140625
74,2.0,32.0,283.30255126953125,557.1784057617188,343.9964904785156,600.6766967773438
75,2.0,32.0,284.20953369140625,557.8430786132812,345.4992370605469,601.4151611328125
76,2.0,32.0,285.4052429199219,558.5979614257812,347.20501708984375,601.94384765625
77,2.0,32.0,286.12677001953125,556.8364868164062,348.5051574707031,602.046142578125
78,2.0,32.0,286.7934875488281,554.84619140625,350.1678466796875,601.9580688476562
79,2.0,32.0,286.7620849609375,554.918212890625,352.5242919921875,603.0179443359375
80,2.0,32.0,286.762451171875,552.6947021484375,354.03863525390625,603.5447387695312
81,2.0,32.0,287.50634765625,550.2906494140625,356.4068603515625,603.9424438476562
82,2.0,32.0,288.1761169433594,550.1810302734375,358.1472473144531,604.937744140625
83,2.0,32.0,289.9455261230469,550.0573120117188,360.5045471191406,605.678466796875
84,2.0,32.0,291.2078857421875,548.5538330078125,363.7931213378906,606.4722290039062
85,2.0,32.0,291.5240478515625,547.9564208984375,364.5656433105469,606.4177856445312
86,2.0,32.0,292.76123046875,547.6636962890625,365.1803283691406,606.2725830078125
87,2.0,32.0,294.6301574707031,548.295166015625,366.7728576660156,606.3859252929688
88,2.0,32.0,295.73309326171875,548.7359008789062,368.1954650878906,607.9070434570312
89,2.0,32.0,297.123291015625,549.50341796875,372.74981689453125,608.7900390625
90,2.0,32.0,298.51275634765625,548.7052612304688,376.0423583984375,609.1961669921875
91,2.0,32.0,300.0101623535156,548.0845336914062,377.1248474121094,609.8192138671875
95,2.0,32.0,305.305908203125,545.2637939453125,389.0383605957031,614.39404296875
96,2.0,32.0,306.5252380371094,544.0598754882812,392.5465393066406,617.1190795898438
97,2.0,32.0,308.5827941894531,544.4791870117188,396.94500732421875,618.6028442382812
98,2.0,32.0,311.74871826171875,544.2428588867188,400.12841796875,619.7201538085938
99,2.0,32.0,313.4512939453125,544.1954345703125,402.2981262207031,620.4658203125
100,2.0,32.0,314.22406005859375,543.335693359375,406.8968200683594,621.653076171875
101,2.0,32.0,314.68060302734375,542.4775390625,411.7021484375,622.7520141601562
102,2.0,32.0,316.09783935546875,540.4559936523438,414.81695556640625,624.0608520507812
103,2.0,32.0,317.7119445800781,539.4273071289062,421.2109069824219,625.0104370117188
104,2.0,32.0,321.3732604980469,539.6478881835938,425.3066711425781,625.7091064453125
105,2.0,32.0,323.2512512207031,539.319580078125,429.72222900390625,626.7907104492188
106,2.0,32.0,325.478515625,536.04052734375,435.14385986328125,628.0348510742188
107,2.0,32.0,327.264404296875,535.2047119140625,440.1432189941406,630.1240844726562
108,2.0,32.0,329.49127197265625,533.4089965820312,445.793701171875,630.4796752929688
109,2.0,32.0,331.9382019042969,532.2952270507812,452.09033203125,632.4959106445312
110,2.0,32.0,334.89599609375,531.9461059570312,459.0141906738281,634.3460083007812
111,2.0,32.0,337.209228515625,531.77294921875,464.9737548828125,636.3509521484375
112,2.0,32.0,338.6625671386719,531.7242431640625,474.888916015625,639.677490234375
113,2.0,32.0,341.2192687988281,531.4835815429688,480.6626892089844,642.0640258789062
114,2.0,32.0,344.843994140625,530.6278076171875,486.6379699707031,644.4412231445312
115,2.0,32.0,348.5533142089844,528.4484252929688,495.32232666015625,647.0672607421875
116,2.0,32.0,350.9092712402344,526.8245849609375,505.1061096191406,649.0322875976562
117,2.0,32.0,353.82763671875,526.4730834960938,514.5116577148438,652.1509399414062
118,2.0,32.0,358.18975830078125,525.7932739257812,524.6571044921875,655.25390625
119,2.0,32.0,361.5672607421875,523.86279296875,534.8323364257812,656.922119140625
120,2.0,32.0,366.741455078125,522.5444946289062,546.5145874023438,660.182861328125
121,2.0,32.0,370.6122131347656,520.8427734375,560.375732421875,664.2959594726562
122,2.0,32.0,376.4197998046875,517.0003051757812,573.6280517578125,666.8595581054688
123,2.0,32.0,382.0474548339844,513.9580078125,588.3171997070312,669.7261352539062
124,2.0,32.0,388.0097351074219,511.6051330566406,604.2701416015625,672.1976318359375
125,2.0,32.0,394.643310546875,508.9945983886719,622.288330078125,676.4285888671875
126,2.0,32.0,402.3882141113281,504.9958801269531,642.6458129882812,681.6735229492188
127,2.0,32.0,409.708740234375,501.73699951171875,663.7615356445312,688.9004516601562
128,2.0,32.0,417.934326171875,497.7792663574219,687.0526123046875,694.1594848632812
129,2.0,32.0,427.5955810546875,490.9964599609375,715.2374267578125,702.1055297851562
130,2.0,32.0,437.8002624511719,484.8379211425781,745.3169555664062,708.5020751953125
131,2.0,32.0,449.4566650390625,478.8476257324219,779.7321166992188,717.4132080078125
132,2.0,32.0,461.3318176269531,475.33050537109375,818.5689086914062,729.0537109375
133,2.0,32.0,474.80682373046875,473.3927917480469,862.257080078125,744.6836547851562
134,2.0,32.0,490.07806396484375,469.18328857421875,915.1626586914062,760.9391479492188
135,2.0,32.0,508.2253112792969,460.24658203125,976.9488525390625,779.91650390625
136,2.0,32.0,527.5018920898438,451.9134826660156,1049.2227783203125,801.2703247070312
137,2.0,32.0,550.8954467773438,444.814208984375,1135.8826904296875,824.9907836914062
138,2.0,32.0,578.5299682617188,435.93218994140625,1242.6973876953125,858.4307861328125
139,2.0,32.0,610.9425048828125,415.6867980957031,1375.8843994140625,898.6082763671875
140,2.0,32.0,648.26708984375,400.5697021484375,1546.19091796875,950.1512451171875
141,2.0,32.0,694.7056274414062,382.3637390136719,1774.2620849609375,1014.617919921875
142,2.0,32.0,754.429931640625,358.9124450683594,1881.2178955078125,1054.78076171875
143,2.0,32.0,829.1162719726562,328.8121643066406,1920.0,1072.49365234375
144,2.0,32.0,930.2628173828125,283.2501220703125,1920.0,1074.9813232421875
145,2.0,32.0,1068.8905029296875,220.7498321533203,1920.0,1077.0819091796875
146,2.0,32.0,1268.704833984375,178.65548706054688,1920.0,1079.6533203125
