42,2.0,76.0,449.3052673339844,578.8624877929688,505.2275390625,621.6930541992188
43,2.0,76.0,451.5615539550781,579.2078247070312,507.09197998046875,621.8379516601562
44,2.0,76.0,452.8655700683594,579.7958984375,508.1126708984375,622.970703125
45,2.0,76.0,452.3134765625,579.3466186523438,509.11962890625,623.5990600585938
46,2.0,76.0,452.5468444824219,580.0541381835938,509.4203796386719,624.638671875
47,2.0,76.0,452.63525390625,579.4424438476562,510.8065490722656,625.3353271484375
48,2.0,76.0,453.3449401855469,579.4273681640625,512.1469116210938,625.6241455078125
49,2.0,76.0,453.7079772949219,578.911865234375,515.3018188476562,625.9965209960938
50,2.0,76.0,454.3927001953125,578.1522216796875,516.8936767578125,625.80029296875
51,2.0,76.0,454.9832763671875,576.8720703125,519.1227416992188,626.1526489257812
52,2.0,76.0,455.3709411621094,576.5772094726562,521.0459594726562,627.078369140625
53,2.0,76.0,456.37847900390625,576.1675415039062,522.4336547851562,628.2234497070312
54,2.0,76.0,457.7225036621094,576.048095703125,524.37841796875,629.9789428710938
55,2.0,76.0,457.87322998046875,576.3837890625,526.3491821289062,631.2160034179688
57,2.0,76.0,459.5515441894531,575.821533203125,530.7897338867188,631.2337036132812
58,2.0,76.0,462.0151672363281,577.0208129882812,532.284912109375,631.58349609375
59,2.0,76.0,462.9203186035156,576.7610473632812,533.8284301757812,632.4221801757812
60,2.0,76.0,464.638671875,576.7072143554688,535.7315673828125,633.2144775390625
61,2.0,76.0,465.55877685546875,576.1303100585938,538.9857788085938,633.7837524414062
62,2.0,76.0,466.5923156738281,575.6627807617188,541.4290771484375,634.0292358398438
63,2.0,76.0,467.8461608886719,575.413818359375,543.59423828125,634.689208984375
64,2.0,76.0,468.38116455078125,576.0040283203125,545.8876342773438,635.0267333984375
65,2.0,76.0,469.3791198730469,574.60009765625,548.293701171875,635.19921875
66,2.0,76.0,469.2799377441406,573.3705444335938,551.724609375,635.4186401367188
67,2.0,76.0,471.01837158203125,572.01220703125,554.7882690429688,635.3482055664062
68,2.0,76.0,473.0913391113281,572.129150390625,557.57666015625,637.0867309570312
69,2.0,76.0,475.41265869140625,572.1567993164062,560.7676391601562,638.7723388671875
70,2.0,76.0,476.7904052734375,572.7796630859375,563.6722412109375,637.9946899414062
71,2.0,76.0,479.7533874511719,572.0097045898438,566.9219360351562,638.0545654296875
72,2.0,76.0,481.009765625,571.2710571289062,570.0240478515625,640.302490234375
73,2.0,76.0,481.4185485839844,571.0973510742188,571.7810668945312,642.0301513671875
74,2.0,76.0,481.87408447265625,570.7469482421875,576.7520141601562,643.17919921875
75,2.0,76.0,484.48486328125,568.8678588867188,580.184814453125,644.28076171875
76,2.0,76.0,486.87786865234375,569.1051635742188,583.6631469726562,645.886474609375
77,2.0,76.0,489.028076171875,567.640380859375,588.245849609375,647.5820922851562
78,2.0,76.0,491.11151123046875,567.943603515625,592.4840087890625,647.9329223632812
79,2.0,76.0,493.219970703125,568.494384765625,596.9813232421875,648.5005493164062
80,2.0,76.0,495.5569152832031,569.0396728515625,599.880859375,649.083251953125
81,2.0,76.0,498.35223388671875,568.54638671875,604.6860961914062,649.8436889648438
82,2.0,76.0,501.86297607421875,567.9605712890625,609.07373046875,650.9517822265625
83,2.0,76.0,502.2327575683594,567.6610717773438,614.2681274414062,652.5278930664062
84,2.0,76.0,504.66473388671875,566.332275390625,619.7818603515625,654.3352661132812
85,2.0,76.0,505.8667297363281,565.8141479492188,625.0193481445312,656.5454711914062
86,2.0,76.0,506.9665832519531,565.7317504882812,629.8927612304688,657.90087890625
87,2.0,76.0,507.944580078125,565.8231201171875,635.6157836914062,659.0440063476562
88,2.0,76.0,510.7872314453125,565.1998901367188,641.630126953125,659.9271240234375
89,2.0,76.0,515.7105712890625,565.5906372070312,648.4202880859375,661.2100830078125
90,2.0,76.0,520.6659545898438,564.60205078125,655.7503662109375,663.9298706054688
91,2.0,76.0,526.567626953125,564.0962524414062,662.568115234375,666.0479125976562
92,2.0,76.0,528.9254760742188,562.3671875,670.7503662109375,668.001953125
93,2.0,76.0,531.5899047851562,560.0214233398438,678.7803344726562,670.06201171875
94,2.0,76.0,535.522216796875,558.7880859375,688.8589477539062,671.8590087890625
95,2.0,76.0,541.0591430664062,556.83984375,697.3651733398438,673.2200317382812
96,2.0,76.0,543.0267944335938,555.6307983398438,706.618408203125,677.2489013671875
97,2.0,76.0,545.3458251953125,554.3209228515625,717.78857421875,681.9074096679688
98,2.0,76.0,550.3668823242188,552.001953125,728.8770751953125,684.6156005859375
99,2.0,76.0,554.740234375,550.3043212890625,741.3453979492188,688.2510375976562
100,2.0,76.0,560.1096801757812,549.7945556640625,753.8187866210938,691.3277587890625
101,2.0,76.0,565.5773315429688,548.4227294921875,768.3128662109375,695.7862548828125
102,2.0,76.0,573.1348266601562,547.2799682617188,782.4765625,701.0899047851562
103,2.0,76.0,578.642822265625,547.474365234375,798.4984741210938,705.31591796875
104,2.0,76.0,586.0479125976562,545.611328125,816.14453125,710.7766723632812
105,2.0,76.0,594.1036376953125,543.7926025390625,835.291015625,715.9762573242188
106,2.0,76.0,600.5939331054688,540.9654541015625,856.1652221679688,721.0286865234375
107,2.0,76.0,610.38623046875,539.5031127929688,880.2665405273438,726.7963256835938
108,2.0,76.0,620.3560180664062,536.8436889648438,904.989990234375,732.4158935546875
109,2.0,76.0,631.7051391601562,533.783447265625,934.1002807617188,739.163330078125
110,2.0,76.0,642.4838256835938,530.0238647460938,966.2106323242188,748.1162109375
111,2.0,76.0,653.1380615234375,526.3539428710938,1001.0935668945312,755.7633056640625
112,2.0,76.0,665.826416015625,523.2338256835938,1041.6968994140625,765.705322265625
113,2.0,76.0,682.5227661132812,518.987060546875,1088.2789306640625,779.7777099609375
114,2.0,76.0,698.6503295898438,514.4917602539062,1140.7579345703125,791.2417602539062
115,2.0,76.0,717.6276245117188,505.40673828125,1202.687744140625,806.2874755859375
116,2.0,76.0,738.8114013671875,499.0752868652344,1274.85546875,826.4066772460938
117,2.0,76.0,761.8464965820312,491.3450927734375,1361.010009765625,848.962158203125
118,2.0,76.0,789.7296752929688,484.4034729003906,1462.9365234375,880.05517578125
119,2.0,76.0,823.266845703125,474.0686340332031,1586.3521728515625,913.2908935546875
120,2.0,76.0,859.2445068359375,459.9683532714844,1742.517822265625,958.4598999023438
121,2.0,76.0,904.9064331054688,445.7266540527344,1866.475341796875,1012.9519653320312
122,2.0,76.0,963.6937866210938,427.6473388671875,1918.0645751953125,1053.7216796875
123,2.0,76.0,1030.47509765625,404.4927673339844,1920.0,1073.313720703125
124,2.0,76.0,1115.329833984375,375.827392578125,1920.0,1074.4705810546875
125,2.0,76.0,1229.8802490234375,339.981201171875,1920.0,1077.2813720703125
126,2.0,76.0,1384.0029296875,311.2978210449219,1920.0,1078.61474609375
