114,2.0,25.0,434.36712646484375,415.49334716796875,509.433837890625,472.5713195800781
115,2.0,25.0,437.62738037109375,413.98504638671875,510.1619567871094,473.6786804199219
116,2.0,25.0,438.5978088378906,413.26263427734375,510.669189453125,474.20855712890625
117,2.0,25.0,438.3623352050781,413.79193115234375,512.6830444335938,474.5594787597656
118,2.0,25.0,441.32769775390625,414.8202819824219,515.2046508789062,475.2525939941406
119,2.0,25.0,443.11566162109375,414.61712646484375,516.637451171875,475.31536865234375
120,2.0,25.0,444.8360290527344,414.201416015625,517.3836059570312,475.7252502441406
121,2.0,25.0,446.66131591796875,414.1200866699219,518.415283203125,476.2159423828125
122,2.0,25.0,446.796142578125,413.34686279296875,519.3580932617188,476.2691345214844
123,2.0,25.0,447.67919921875,412.774169921875,521.8320922851562,476.3904724121094
124,2.0,25.0,448.09344482421875,412.252197265625,524.9811401367188,476.9453430175781
125,2.0,25.0,448.7590026855469,410.9900207519531,529.54345703125,477.3751220703125
126,2.0,25.0,450.52337646484375,410.9103698730469,531.0693969726562,477.90081787109375
127,2.0,25.0,451.47100830078125,409.8151550292969,533.5802001953125,478.31085205078125
128,2.0,25.0,453.8929138183594,409.70599365234375,537.916259765625,479.4111328125
129,2.0,25.0,454.8553161621094,408.79949951171875,541.8140869140625,480.4792175292969
130,2.0,25.0,455.9898986816406,407.89459228515625,543.8052368164062,481.286376953125
131,2.0,25.0,457.35546875,407.4686584472656,545.8851928710938,483.1728210449219
132,2.0,25.0,457.7784729003906,407.06341552734375,549.2833862304688,484.8296813964844
133,2.0,25.0,458.59765625,406.5125732421875,552.9470825195312,486.36029052734375
134,2.0,25.0,460.4471435546875,406.91192626953125,555.3140258789062,487.2835998535156
135,2.0,25.0,460.0733947753906,407.1654968261719,558.7721557617188,489.3486633300781
136,2.0,25.0,461.3645324707031,406.4134216308594,562.5335083007812,489.6298522949219
137,2.0,25.0,463.5654602050781,406.6944885253906,565.82470703125,490.1449279785156
138,2.0,25.0,465.8543395996094,406.6099853515625,570.4563598632812,492.00140380859375
139,2.0,25.0,467.0801696777344,406.6230163574219,574.185791015625,494.0957336425781
140,2.0,25.0,470.6553955078125,406.0835876464844,578.1563110351562,496.0831298828125
141,2.0,25.0,470.7810974121094,406.00830078125,581.836181640625,497.7786560058594
142,2.0,25.0,473.0721740722656,404.2055358886719,587.1094970703125,498.59393310546875
143,2.0,25.0,477.03759765625,403.184814453125,592.2109375,499.720947265625
144,2.0,25.0,477.6829833984375,401.96673583984375,597.1466064453125,501.2580871582031
145,2.0,25.0,479.9613952636719,401.8152160644531,602.61474609375,502.43798828125
146,2.0,25.0,482.588623046875,402.4646301269531,605.9490966796875,503.9767150878906
147,2.0,25.0,484.0340881347656,402.6225280761719,612.0313110351562,504.8383483886719
148,2.0,25.0,484.39239501953125,402.5483703613281,618.0140380859375,507.71044921875
149,2.0,25.0,484.7881774902344,401.6046142578125,625.33447265625,510.71875
150,2.0,25.0,488.0581359863281,401.06951904296875,631.3233642578125,512.2467651367188
151,2.0,25.0,491.49151611328125,400.7906494140625,638.5294189453125,513.9828491210938
152,2.0,25.0,495.12237548828125,400.0902099609375,645.433349609375,517.1494750976562
153,2.0,25.0,497.5387878417969,399.51397705078125,652.7832641601562,520.4231567382812
154,2.0,25.0,501.4568176269531,397.1116943359375,661.2716674804688,523.0202026367188
155,2.0,25.0,505.0051574707031,396.3385925292969,670.4813232421875,523.916748046875
156,2.0,25.0,508.8279113769531,395.6751403808594,679.548583984375,525.9649658203125
157,2.0,25.0,513.2902221679688,393.37451171875,687.7452392578125,529.6129150390625
158,2.0,25.0,515.3757934570312,390.4167785644531,698.18701171875,530.9916381835938
159,2.0,25.0,520.0034790039062,389.83203125,709.7899169921875,534.0902709960938
160,2.0,25.0,523.7128295898438,387.6425476074219,721.6220092773438,538.5693969726562
161,2.0,25.0,529.149169921875,385.92999267578125,733.9718627929688,542.2039184570312
162,2.0,25.0,535.0419921875,383.4230041503906,749.1250610351562,546.370361328125
163,2.0,25.0,540.0889892578125,382.43878173828125,763.6110229492188,548.622802734375
164,2.0,25.0,546.8018798828125,380.4360046386719,779.4007568359375,553.9541015625
165,2.0,25.0,552.1349487304688,379.3734436035156,797.3138427734375,558.5901489257812
166,2.0,25.0,560.4131469726562,376.8834228515625,816.015869140625,566.3335571289062
167,2.0,25.0,568.7522583007812,373.9134826660156,837.0839233398438,571.756103515625
168,2.0,25.0,575.79638671875,371.195068359375,861.086669921875,580.16357421875
169,2.0,25.0,585.7672119140625,369.0596923828125,884.924560546875,586.7684936523438
170,2.0,25.0,594.2432250976562,362.4493103027344,912.9833984375,593.9576416015625
171,2.0,25.0,604.3005981445312,358.8791809082031,942.0934448242188,605.9563598632812
172,2.0,25.0,614.0946044921875,357.51800537109375,977.0950927734375,615.039794921875
173,2.0,25.0,626.1844482421875,356.08380126953125,1015.7125244140625,626.8457641601562
174,2.0,25.0,640.8866577148438,354.0210876464844,1059.267578125,637.7117919921875
175,2.0,25.0,653.4295043945312,352.3855285644531,1111.1756591796875,656.7049560546875
176,2.0,25.0,669.6140747070312,346.023681640625,1169.1192626953125,674.3942260742188
177,2.0,25.0,687.722412109375,340.6077880859375,1238.7152099609375,693.91552734375
178,2.0,25.0,709.756591796875,335.65313720703125,1317.473876953125,717.0401000976562
179,2.0,25.0,734.155029296875,327.0271301269531,1413.5059814453125,747.4335327148438
180,2.0,25.0,761.597412109375,315.4064636230469,1529.0791015625,783.0519409179688
181,2.0,25.0,793.4677734375,303.423828125,1667.5810546875,827.0028686523438
182,2.0,25.0,832.5003662109375,285.60455322265625,1835.44189453125,884.2054443359375
183,2.0,25.0,877.6537475585938,273.1593322753906,1905.7047119140625,960.7371826171875
184,2.0,25.0,932.140625,256.4523620605469,1920.0,1031.91162109375
185,2.0,25.0,1003.5809326171875,234.6583251953125,1920.0,1067.9901123046875
186,2.0,25.0,1093.6220703125,204.2080078125,1920.0,1069.487548828125
187,2.0,25.0,1206.651123046875,168.70123291015625,1920.0,1066.2916259765625
188,2.0,25.0,1364.0848388671875,149.28713989257812,1920.0,1076.30126953125
189,2.0,25.0,1587.1341552734375,175.25607299804688,1920.0,1080.0
