40,2.0,67.0,432.8529968261719,573.4934692382812,483.0774230957031,609.1595458984375
41,2.0,67.0,432.7652587890625,573.327880859375,483.29791259765625,609.5689697265625
42,2.0,67.0,434.4798278808594,572.96923828125,483.32818603515625,610.2075805664062
43,2.0,67.0,436.734130859375,574.696044921875,483.1345520019531,610.4057006835938
44,2.0,67.0,437.7717590332031,574.715576171875,483.0106201171875,610.7156372070312
45,2.0,67.0,438.7073669433594,574.05029296875,483.8750305175781,610.7586669921875
46,2.0,67.0,439.3760070800781,575.7511596679688,484.83837890625,611.1307983398438
47,2.0,67.0,439.9098815917969,573.6145629882812,485.6547546386719,611.3115234375
48,2.0,67.0,440.178466796875,572.072265625,486.470947265625,611.1870727539062
49,2.0,67.0,440.35418701171875,571.6309814453125,487.25286865234375,611.4776611328125
50,2.0,67.0,439.9441223144531,570.7796630859375,489.9209289550781,612.321044921875
51,2.0,67.0,440.23370361328125,570.5663452148438,491.4823303222656,613.1162109375
52,2.0,67.0,440.7840881347656,569.3321533203125,491.330322265625,613.0665283203125
53,2.0,67.0,441.5220947265625,569.217529296875,493.0392150878906,613.7772216796875
54,2.0,67.0,442.27227783203125,568.4888916015625,495.0610656738281,613.8555297851562
55,2.0,67.0,443.222900390625,567.9710083007812,496.0437316894531,613.3289794921875
56,2.0,67.0,443.35498046875,567.2716674804688,497.1182556152344,612.979248046875
57,2.0,67.0,443.3346252441406,567.3976440429688,497.3263244628906,612.996826171875
58,2.0,67.0,443.5486145019531,567.2330932617188,497.9793395996094,614.078857421875
59,2.0,67.0,443.856201171875,565.9935913085938,499.1045227050781,614.392822265625
60,2.0,67.0,444.03814697265625,565.3103637695312,500.1767272949219,615.2364501953125
61,2.0,67.0,444.4928894042969,565.47021484375,501.4795227050781,615.1393432617188
62,2.0,67.0,445.24853515625,566.3292846679688,503.0887145996094,615.5326538085938
63,2.0,67.0,445.9469909667969,567.2635498046875,504.5008544921875,615.1426391601562
64,2.0,67.0,446.306396484375,567.1398315429688,506.260986328125,615.4366455078125
65,2.0,67.0,446.572998046875,567.96923828125,506.9990539550781,616.2608642578125
66,2.0,67.0,446.7187194824219,567.4700317382812,508.1034240722656,617.0449829101562
67,2.0,67.0,446.6888732910156,568.9518432617188,509.7244873046875,618.4151000976562
68,2.0,67.0,446.468017578125,570.2840576171875,511.01361083984375,619.8080444335938
69,2.0,67.0,446.1727294921875,570.01171875,512.2539672851562,620.43408203125
70,2.0,67.0,446.1290283203125,569.3038940429688,513.4881591796875,621.0379028320312
71,2.0,67.0,446.1929931640625,567.0271606445312,514.8365478515625,621.3069458007812
72,2.0,67.0,446.4602966308594,565.8223876953125,517.208740234375,621.4989624023438
73,2.0,67.0,446.93505859375,565.3735961914062,519.410400390625,621.7984619140625
74,2.0,67.0,447.45025634765625,565.7002563476562,521.576416015625,622.1861572265625
75,2.0,67.0,448.3560485839844,566.679443359375,523.0015258789062,623.1278076171875
76,2.0,67.0,450.4371643066406,566.519287109375,524.4681396484375,623.7100219726562
77,2.0,67.0,451.8509826660156,566.9168701171875,525.3735961914062,624.05712890625
78,2.0,67.0,452.5953369140625,566.024169921875,526.0218505859375,624.1965942382812
79,2.0,67.0,453.3533935546875,565.6602783203125,528.071533203125,625.1314697265625
80,2.0,67.0,454.30926513671875,564.96630859375,529.5161743164062,625.4417114257812
81,2.0,67.0,454.93621826171875,564.3916015625,531.5387573242188,625.880126953125
85,2.0,67.0,457.640380859375,563.9345703125,538.8126220703125,629.193603515625
86,2.0,67.0,458.6024169921875,564.1957397460938,540.9554443359375,629.380859375
87,2.0,67.0,458.66436767578125,564.828125,542.83984375,630.1443481445312
88,2.0,67.0,458.86798095703125,564.5912475585938,544.7505493164062,631.6787719726562
89,2.0,67.0,459.8005676269531,563.806640625,546.2655029296875,633.2264404296875
90,2.0,67.0,461.6583251953125,563.8428344726562,549.097900390625,634.55712890625
91,2.0,67.0,462.86260986328125,564.2321166992188,552.7838745117188,635.34619140625
92,2.0,67.0,464.76092529296875,563.80615234375,555.2470092773438,636.08203125
93,2.0,67.0,466.345947265625,563.13134765625,558.5547485351562,637.3187255859375
94,2.0,67.0,466.71746826171875,561.5039672851562,562.4661865234375,637.775634765625
95,2.0,67.0,468.4814147949219,561.2376708984375,565.1156005859375,639.731201171875
96,2.0,67.0,469.0595397949219,561.150390625,567.9322509765625,641.7703247070312
97,2.0,67.0,469.6944274902344,560.66748046875,570.552001953125,642.7236938476562
98,2.0,67.0,471.7489013671875,559.9368286132812,574.3970947265625,644.59130859375
99,2.0,67.0,472.24041748046875,559.703857421875,577.2755126953125,645.285400390625
100,2.0,67.0,473.19256591796875,559.72705078125,580.2229614257812,646.3694458007812
101,2.0,67.0,474.9449157714844,559.8712768554688,583.4531860351562,647.3291015625
102,2.0,67.0,477.0084228515625,559.7244262695312,588.1842041015625,647.974609375
103,2.0,67.0,480.48876953125,559.0399169921875,593.2431640625,649.0309448242188
104,2.0,67.0,481.3173828125,557.9168090820312,597.0219116210938,649.61962890625
105,2.0,67.0,482.55511474609375,556.8272705078125,602.287353515625,650.8628540039062
106,2.0,67.0,482.4245910644531,555.8331298828125,606.7056884765625,653.0046997070312
107,2.0,67.0,481.9756164550781,556.0186767578125,611.6741333007812,654.8626708984375
108,2.0,67.0,482.9564208984375,555.5302734375,617.1019897460938,656.6177978515625
109,2.0,67.0,484.81494140625,554.842041015625,623.5736694335938,657.4923706054688
110,2.0,67.0,487.66156005859375,554.0737915039062,628.683349609375,658.4404907226562
111,2.0,67.0,491.9588928222656,553.0137329101562,634.5103149414062,660.8409423828125
112,2.0,67.0,496.7156677246094,551.9076538085938,641.236083984375,663.5701293945312
113,2.0,67.0,499.83135986328125,551.068359375,648.4588623046875,666.0397338867188
114,2.0,67.0,502.9065246582031,550.1103515625,655.295166015625,668.6375122070312
115,2.0,67.0,504.3192443847656,548.4688720703125,662.0806884765625,671.3307495117188
116,2.0,67.0,506.340087890625,547.1154174804688,669.9175415039062,673.8109741210938
117,2.0,67.0,509.62579345703125,545.6262817382812,677.9700927734375,676.6173095703125
118,2.0,67.0,511.2342224121094,544.203857421875,687.4990844726562,679.260009765625
119,2.0,67.0,514.1514892578125,543.9480590820312,697.2972412109375,683.4930419921875
120,2.0,67.0,517.3334350585938,543.0715942382812,708.64697265625,688.0930786132812
121,2.0,67.0,520.3966064453125,542.580810546875,719.7907104492188,692.1019287109375
122,2.0,67.0,523.3961791992188,541.778564453125,731.938232421875,696.0172729492188
123,2.0,67.0,527.5532836914062,540.5263061523438,744.6217651367188,701.4705200195312
124,2.0,67.0,534.2357177734375,538.5289306640625,758.6537475585938,706.1249389648438
125,2.0,67.0,538.8906860351562,536.9065551757812,773.2988891601562,711.1071166992188
126,2.0,67.0,544.704345703125,534.6858520507812,789.8657836914062,716.61962890625
127,2.0,67.0,550.4223022460938,532.7205200195312,807.4510498046875,720.6885986328125
128,2.0,67.0,557.443359375,530.5067749023438,828.2091064453125,726.741943359375
129,2.0,67.0,565.5670776367188,528.8995971679688,849.8726196289062,734.5123291015625
130,2.0,67.0,573.4052734375,526.3576049804688,875.0796508789062,740.1207885742188
131,2.0,67.0,581.1052856445312,524.6339721679688,901.34033203125,747.4066772460938
132,2.0,67.0,590.12353515625,520.953369140625,932.4175415039062,754.8834838867188
133,2.0,67.0,598.0751953125,516.8193969726562,965.6157836914062,767.55078125
134,2.0,67.0,608.5377807617188,511.5945129394531,1003.4805297851562,780.26416015625
135,2.0,67.0,619.875,507.6998596191406,1046.0831298828125,792.8529052734375
136,2.0,67.0,631.3499145507812,501.4896240234375,1094.390625,808.616943359375
137,2.0,67.0,645.9950561523438,495.7199401855469,1153.080810546875,826.5228271484375
138,2.0,67.0,663.096923828125,488.3081970214844,1221.065673828125,847.025146484375
139,2.0,67.0,681.682373046875,478.82025146484375,1300.720703125,873.3494873046875
140,2.0,67.0,700.3845825195312,472.22027587890625,1397.3167724609375,903.2183837890625
141,2.0,67.0,725.9483032226562,458.1157531738281,1514.8511962890625,940.2841186523438
142,2.0,67.0,754.1075439453125,445.5353088378906,1659.3585205078125,990.2581176757812
143,2.0,67.0,787.4142456054688,432.2101745605469,1832.1474609375,1042.7060546875
144,2.0,67.0,825.5809326171875,415.7025146484375,1904.2056884765625,1067.224853515625
145,2.0,67.0,878.1739501953125,395.5009460449219,1920.0,1079.1593017578125
146,2.0,67.0,942.10888671875,365.6256103515625,1920.0,1080.0
147,2.0,67.0,1019.1586303710938,334.7793884277344,1920.0,1079.6475830078125
148,2.0,67.0,1123.9564208984375,277.9673156738281,1920.0,1077.862060546875
149,2.0,67.0,1268.8929443359375,240.35813903808594,1920.0,1078.2940673828125
