52,64,275.1969299316406,373.5145263671875,316.45989990234375,403.5425720214844
53,64,275.9874267578125,373.86431884765625,316.9082336425781,404.56939697265625
54,64,276.5991516113281,373.7746887207031,317.932861328125,404.3487854003906
55,64,276.8937072753906,374.3707275390625,318.6038513183594,404.9766540527344
56,64,277.22314453125,375.4146728515625,319.0003967285156,405.1451721191406
57,64,276.969970703125,374.53570556640625,319.2923278808594,405.2740173339844
58,64,276.668701171875,373.9737548828125,320.1722717285156,405.2926025390625
59,64,276.6585388183594,373.3139343261719,320.650634765625,405.2186584472656
60,64,276.3250427246094,373.0608825683594,321.51513671875,404.9154357910156
61,64,276.9494934082031,373.1448669433594,322.3036804199219,405.3730773925781
62,64,277.9693908691406,373.1948547363281,324.432373046875,405.991943359375
63,64,279.0494079589844,372.56048583984375,326.1006164550781,406.85394287109375
64,64,279.81378173828125,372.6307678222656,327.49945068359375,408.5271911621094
65,64,280.0067138671875,372.68060302734375,328.536865234375,409.187255859375
66,64,280.2043151855469,372.8039245605469,330.17578125,409.63336181640625
67,64,280.1280517578125,372.5062255859375,332.75933837890625,410.2980651855469
68,64,280.5596923828125,372.9354553222656,333.86346435546875,410.8440246582031
69,64,281.3678894042969,372.93084716796875,336.2680969238281,410.960693359375
70,64,282.71185302734375,373.3586730957031,337.25238037109375,411.3115234375
71,64,284.1039733886719,372.8635559082031,339.058837890625,411.9729309082031
72,64,284.4344177246094,372.95343017578125,340.47625732421875,413.2130432128906
73,64,284.82891845703125,372.7782287597656,341.1728210449219,414.248779296875
74,64,285.34912109375,372.65972900390625,340.92608642578125,413.9410400390625
75,64,286.5517272949219,371.3699035644531,341.55029296875,413.3722839355469
76,64,287.164306640625,371.0059814453125,342.9446716308594,413.4443054199219
77,64,287.6224670410156,370.84722900390625,344.9048767089844,414.2419738769531
78,64,288.1627197265625,370.03033447265625,347.04595947265625,415.1358337402344
79,64,288.6337890625,368.52655029296875,349.4148864746094,416.46380615234375
80,64,288.78167724609375,369.6318664550781,351.38458251953125,417.8922119140625
81,64,289.4661865234375,370.13287353515625,353.5537109375,418.3755187988281
82,64,290.9510803222656,369.76171875,354.2962951660156,418.166748046875
83,64,291.6566467285156,369.1833801269531,356.4961242675781,418.3641052246094
84,64,292.9737243652344,371.4537658691406,358.8306884765625,418.4827880859375
85,64,294.1510009765625,370.790771484375,361.1376037597656,419.3137512207031
86,64,295.141845703125,370.5735168457031,363.58282470703125,419.4213562011719
87,64,295.57720947265625,370.837646484375,365.55828857421875,419.5984191894531
88,64,297.8089294433594,371.032958984375,367.56842041015625,420.8777770996094
89,64,300.2224426269531,370.2861022949219,370.01068115234375,423.1197814941406
90,64,302.05438232421875,369.7394714355469,371.4281311035156,423.5136413574219
91,64,302.4544372558594,369.6805419921875,374.003662109375,424.96051025390625
92,64,302.32806396484375,370.3464050292969,376.7135314941406,426.23492431640625
93,64,303.2453308105469,371.129150390625,380.1166076660156,427.47479248046875
94,64,304.2242431640625,371.0339660644531,383.7763671875,428.1130676269531
95,64,306.42095947265625,370.7145080566406,386.9490661621094,430.21685791015625
96,64,308.1968078613281,370.077392578125,390.7264709472656,430.2000732421875
97,64,309.5433349609375,368.5964050292969,392.58184814453125,431.319580078125
98,64,311.4822692871094,368.2360534667969,395.9451599121094,431.58990478515625
99,64,313.0881652832031,367.22625732421875,397.7216796875,433.13922119140625
100,64,314.2103576660156,366.182373046875,401.1192932128906,434.9252624511719
101,64,315.8139343261719,366.3908386230469,406.1223449707031,437.7783203125
102,64,317.1141357421875,365.8304748535156,410.24969482421875,438.9612121582031
103,64,318.7662353515625,364.9385070800781,415.66339111328125,439.8877258300781
104,64,320.96234130859375,365.58203125,420.040771484375,441.3896484375
105,64,323.8470764160156,365.134033203125,423.69427490234375,442.70697021484375
106,64,325.00140380859375,365.5078125,427.8690490722656,444.32220458984375
107,64,327.0531311035156,365.31390380859375,432.36627197265625,445.5921936035156
108,64,329.69061279296875,364.596435546875,437.9189147949219,448.9323425292969
109,64,334.34088134765625,363.6611633300781,443.8273620605469,451.03619384765625
110,64,337.8228759765625,361.0611572265625,449.9774169921875,452.8511962890625
111,64,340.2440490722656,359.9599609375,456.93292236328125,454.6025085449219
112,64,342.7406005859375,359.62152099609375,463.4432678222656,456.1350402832031
113,64,345.73297119140625,360.02508544921875,470.2060546875,458.3617248535156
114,64,348.0517272949219,360.44781494140625,477.7254333496094,462.63153076171875
115,64,348.81231689453125,359.8707580566406,485.1937255859375,465.83270263671875
116,64,350.8382873535156,359.5928039550781,493.031982421875,467.9772644042969
117,64,355.85162353515625,359.360107421875,501.80889892578125,470.6998291015625
118,64,360.4884338378906,359.07159423828125,511.23590087890625,473.5957336425781
119,64,364.9455871582031,358.2370910644531,522.4490356445312,476.2999572753906
120,64,371.7519226074219,358.2962646484375,533.0126342773438,481.29827880859375
121,64,375.058349609375,358.56414794921875,547.061767578125,487.45294189453125
122,64,377.715576171875,357.98651123046875,558.4397583007812,491.58489990234375
123,64,382.0317077636719,356.36083984375,572.7095947265625,496.71014404296875
124,64,388.9391174316406,354.7240295410156,586.6533813476562,501.02874755859375
125,64,394.83221435546875,354.39678955078125,604.44873046875,508.2855529785156
126,64,403.7745361328125,353.3955383300781,623.4527587890625,514.7090454101562
127,64,410.94256591796875,352.7499694824219,643.4760131835938,520.8248291015625
128,64,420.90814208984375,351.8244934082031,665.6972045898438,527.7793579101562
129,64,429.521240234375,351.5846252441406,691.5948486328125,536.28662109375
130,64,440.3047180175781,350.24163818359375,721.283203125,546.9673461914062
131,64,451.98052978515625,348.0824890136719,754.4447021484375,558.8136596679688
132,64,463.04229736328125,345.35406494140625,792.552001953125,571.030029296875
133,64,476.98760986328125,341.42010498046875,835.250244140625,585.095947265625
134,64,495.5049133300781,338.5229187011719,885.2747802734375,603.5142822265625
135,64,512.2611083984375,335.9079895019531,944.0303955078125,622.0927734375
136,64,532.1965942382812,333.3391418457031,1014.49951171875,644.5640869140625
137,64,558.899658203125,331.63177490234375,1100.53125,672.8855590820312
138,64,587.6620483398438,327.9012756347656,1202.9794921875,711.1464233398438
139,64,622.3358154296875,322.60345458984375,1334.0828857421875,759.392333984375
140,64,662.258056640625,318.6459655761719,1501.7701416015625,824.17578125
141,64,713.2191772460938,307.74005126953125,1722.597900390625,915.713623046875
142,64,779.4247436523438,299.2425842285156,1859.2825927734375,1014.1361694335938
143,64,868.0505981445312,292.9515686035156,1916.1610107421875,1056.8070068359375
144,64,984.5231323242188,282.2043762207031,1920.0,1069.6326904296875
145,64,1158.8004150390625,270.0350036621094,1920.0,1077.5889892578125
146,64,1427.9132080078125,282.48590087890625,1920.0,1080.0
