74,2.0,24.0,275.2012939453125,560.3657836914062,323.9828796386719,593.7013549804688
75,2.0,24.0,275.4873352050781,558.7599487304688,324.4739685058594,594.185546875
76,2.0,24.0,275.7486267089844,558.4534912109375,325.48895263671875,594.1736450195312
77,2.0,24.0,276.34136962890625,561.115478515625,328.2137451171875,594.4468383789062
78,2.0,24.0,277.4564514160156,559.7855224609375,330.7555236816406,594.4354248046875
79,2.0,24.0,278.5848693847656,558.982666015625,334.06597900390625,595.1029663085938
80,2.0,24.0,279.9327087402344,557.1023559570312,335.1582946777344,595.5650024414062
81,2.0,24.0,281.04498291015625,557.5843505859375,336.19818115234375,595.1474609375
82,2.0,24.0,280.626708984375,556.125732421875,336.451416015625,594.6206665039062
83,2.0,24.0,280.66644287109375,556.4590454101562,336.72113037109375,594.2944946289062
84,2.0,24.0,282.0566711425781,556.5226440429688,337.1754150390625,594.6591186523438
85,2.0,24.0,283.00042724609375,555.1748657226562,337.60650634765625,595.3532104492188
86,2.0,24.0,282.8531494140625,553.8919067382812,338.2685852050781,595.2568359375
87,2.0,24.0,282.8327331542969,551.4891357421875,338.6051940917969,595.8955688476562
88,2.0,24.0,283.49542236328125,552.0384521484375,339.8763427734375,596.7586059570312
89,2.0,24.0,284.9310607910156,550.7494506835938,341.136962890625,596.8016967773438
90,2.0,24.0,285.9679260253906,552.6985473632812,342.7906494140625,596.5462646484375
91,2.0,24.0,286.5449523925781,555.1388549804688,345.69683837890625,596.3966064453125
92,2.0,24.0,286.4827575683594,553.8728637695312,348.07244873046875,596.1427001953125
93,2.0,24.0,286.3181457519531,551.4579467773438,349.7331237792969,596.5924682617188
94,2.0,24.0,286.5671081542969,550.1112060546875,351.5158996582031,597.2957153320312
95,2.0,24.0,287.0539855957031,548.6776123046875,352.0389099121094,597.9189453125
96,2.0,24.0,288.1955871582031,550.7597045898438,352.26043701171875,598.9559936523438
97,2.0,24.0,288.1334228515625,547.6755981445312,354.9261779785156,599.85107421875
98,2.0,24.0,287.91424560546875,548.2918701171875,356.3492431640625,600.356201171875
99,2.0,24.0,288.2908935546875,548.2716674804688,357.92388916015625,600.3388061523438
100,2.0,24.0,289.72833251953125,550.3944702148438,359.7621765136719,600.5376586914062
101,2.0,24.0,290.4046936035156,551.0537109375,360.8693542480469,600.7374267578125
102,2.0,24.0,290.9890441894531,549.0402221679688,362.05462646484375,601.9589233398438
103,2.0,24.0,292.1032409667969,549.282958984375,363.4842529296875,602.7850952148438
104,2.0,24.0,292.5510559082031,546.8785400390625,366.0797119140625,602.3380126953125
105,2.0,24.0,293.8088684082031,544.7626953125,366.22723388671875,602.2506713867188
106,2.0,24.0,295.13824462890625,551.2089233398438,366.71923828125,602.4756469726562
107,2.0,24.0,295.7394104003906,547.0912475585938,368.1756591796875,602.9158935546875
108,2.0,24.0,296.7408142089844,544.1253051757812,371.8648681640625,603.6499633789062
109,2.0,24.0,297.9254455566406,544.131591796875,373.9915466308594,604.6548461914062
110,2.0,24.0,299.70062255859375,544.0176391601562,376.8391418457031,606.07080078125
111,2.0,24.0,301.4520263671875,543.4006958007812,378.012451171875,606.8057250976562
112,2.0,24.0,301.5558776855469,542.666259765625,381.690185546875,607.3219604492188
113,2.0,24.0,302.7621154785156,541.4354858398438,383.61163330078125,608.5748291015625
114,2.0,24.0,302.9541931152344,541.58056640625,387.3744812011719,609.98486328125
115,2.0,24.0,304.0881042480469,540.1744995117188,390.20745849609375,610.2073974609375
116,2.0,24.0,305.8318176269531,539.018310546875,392.55499267578125,610.4146118164062
117,2.0,24.0,308.0604553222656,539.3912963867188,395.1664123535156,611.6332397460938
118,2.0,24.0,308.90277099609375,539.2702026367188,397.70257568359375,612.3516845703125
119,2.0,24.0,310.724609375,539.7614135742188,400.0341796875,614.0935668945312
120,2.0,24.0,312.3591003417969,538.471435546875,403.03118896484375,616.103759765625
121,2.0,24.0,314.4295654296875,537.588134765625,406.4093322753906,616.9132690429688
122,2.0,24.0,314.86260986328125,537.8162841796875,410.143310546875,618.3037719726562
123,2.0,24.0,315.5478210449219,537.637451171875,413.0284729003906,619.3783569335938
124,2.0,24.0,317.4345703125,536.4560546875,415.28936767578125,620.3346557617188
125,2.0,24.0,319.1314697265625,536.3355712890625,418.6754455566406,621.3771362304688
126,2.0,24.0,320.7681884765625,535.9374389648438,422.6182556152344,622.2879638671875
127,2.0,24.0,322.8919982910156,534.7158203125,425.27996826171875,623.465576171875
128,2.0,24.0,323.3852844238281,533.5704956054688,429.2363586425781,623.8403930664062
129,2.0,24.0,324.3069763183594,533.4188232421875,434.07476806640625,624.50048828125
130,2.0,24.0,325.5259094238281,532.827392578125,438.4125671386719,626.2798461914062
131,2.0,24.0,328.81585693359375,531.63671875,442.4056701660156,626.142578125
132,2.0,24.0,331.4489440917969,530.9841918945312,449.3269958496094,627.6245727539062
133,2.0,24.0,334.0981750488281,529.8312377929688,452.6523132324219,628.7438354492188
134,2.0,24.0,336.1411437988281,529.2611694335938,459.0394287109375,631.0033569335938
135,2.0,24.0,337.4967041015625,529.789794921875,463.4826354980469,632.9227905273438
136,2.0,24.0,338.8274841308594,529.5140991210938,471.051025390625,634.6358642578125
137,2.0,24.0,341.32830810546875,527.5646362304688,475.7959289550781,635.8809204101562
138,2.0,24.0,343.46917724609375,526.8072509765625,482.8632507324219,638.5429077148438
139,2.0,24.0,348.1922607421875,526.4010620117188,487.5636901855469,641.8731079101562
140,2.0,24.0,349.55938720703125,525.0812377929688,495.267822265625,643.7675170898438
141,2.0,24.0,354.0189208984375,524.6411743164062,501.85772705078125,645.3402099609375
142,2.0,24.0,355.47442626953125,523.8914794921875,508.6379089355469,647.0772094726562
143,2.0,24.0,356.3512268066406,523.5947265625,517.1511840820312,648.7606201171875
144,2.0,24.0,359.2332458496094,521.9603881835938,524.9295043945312,650.2974853515625
145,2.0,24.0,361.0108947753906,519.9172973632812,532.9002685546875,653.4540405273438
146,2.0,24.0,364.60418701171875,517.423828125,541.2636108398438,656.2471923828125
147,2.0,24.0,367.862548828125,516.765869140625,551.9183349609375,658.7262573242188
148,2.0,24.0,371.4759521484375,514.5369873046875,564.0761108398438,662.1597290039062
149,2.0,24.0,376.0292053222656,511.56109619140625,575.56787109375,664.4963989257812
150,2.0,24.0,379.7496032714844,510.4382019042969,586.845458984375,667.5011596679688
151,2.0,24.0,384.0342102050781,509.0832214355469,600.4276123046875,669.696044921875
152,2.0,24.0,389.612060546875,505.2130126953125,613.3873291015625,672.1490478515625
153,2.0,24.0,395.2273254394531,502.3852844238281,628.2276000976562,676.40966796875
154,2.0,24.0,401.347412109375,499.5278015136719,645.2872314453125,680.0586547851562
155,2.0,24.0,407.51385498046875,497.06573486328125,662.9031372070312,685.9732666015625
156,2.0,24.0,414.65704345703125,495.2873229980469,682.552978515625,692.3040771484375
157,2.0,24.0,422.252685546875,488.4497375488281,703.7366943359375,698.744140625
158,2.0,24.0,429.0823669433594,481.8586730957031,727.7435913085938,706.2951049804688
159,2.0,24.0,436.39154052734375,479.5185852050781,752.9476928710938,713.5396118164062
160,2.0,24.0,446.49261474609375,474.4715270996094,782.1822509765625,723.5214233398438
161,2.0,24.0,457.9986267089844,472.4296875,815.7515869140625,734.281494140625
162,2.0,24.0,467.08642578125,468.8861389160156,850.8294677734375,743.9661254882812
163,2.0,24.0,477.32208251953125,465.3495178222656,891.795654296875,757.5970458984375
164,2.0,24.0,490.7076416015625,459.6160583496094,937.9400634765625,772.59765625
165,2.0,24.0,506.4017639160156,454.4534606933594,991.9833984375,791.2744140625
166,2.0,24.0,522.5741577148438,448.38214111328125,1056.2305908203125,809.9246215820312
167,2.0,24.0,541.9972534179688,441.6899719238281,1128.9356689453125,832.1503295898438
168,2.0,24.0,560.8220825195312,432.5040588378906,1216.92822265625,860.3251953125
169,2.0,24.0,585.2327880859375,419.6383972167969,1321.2418212890625,892.9203491210938
170,2.0,24.0,612.1738891601562,403.598388671875,1451.677978515625,934.8190307617188
171,2.0,24.0,645.72900390625,391.17413330078125,1610.1375732421875,988.1909790039062
172,2.0,24.0,684.5772705078125,373.70428466796875,1810.3277587890625,1044.1578369140625
173,2.0,24.0,734.789306640625,351.6756896972656,1897.0816650390625,1066.82861328125
174,2.0,24.0,785.547607421875,324.8703918457031,1920.0,1073.966552734375
175,2.0,24.0,862.0685424804688,285.2150573730469,1920.0,1076.6942138671875
176,2.0,24.0,956.0482177734375,241.3304901123047,1920.0,1079.431884765625
177,2.0,24.0,1085.284912109375,174.04632568359375,1920.0,1077.0029296875
178,2.0,24.0,1263.9718017578125,144.4617462158203,1920.0,1078.51513671875
179,2.0,24.0,1531.01708984375,158.5519256591797,1920.0,1076.5419921875
