57,2.0,13.0,451.90692138671875,416.79547119140625,517.62158203125,474.0391845703125
58,2.0,13.0,451.7679443359375,417.1697998046875,519.1292724609375,474.4563293457031
59,2.0,13.0,452.7550354003906,418.4836730957031,520.2005615234375,474.4346618652344
60,2.0,13.0,453.97857666015625,417.2957458496094,521.537353515625,474.76092529296875
61,2.0,13.0,454.43621826171875,417.4979553222656,522.042724609375,474.85205078125
62,2.0,13.0,454.6398010253906,419.96441650390625,524.5306396484375,474.8313903808594
63,2.0,13.0,455.6117248535156,418.7641906738281,526.3222045898438,474.60162353515625
64,2.0,13.0,456.0216369628906,419.15838623046875,528.5131225585938,475.1855163574219
65,2.0,13.0,456.1107482910156,417.65972900390625,529.736572265625,475.9876403808594
66,2.0,13.0,456.9263610839844,416.0511474609375,531.4081420898438,476.83160400390625
67,2.0,13.0,457.82940673828125,415.6065368652344,532.2162475585938,477.21868896484375
68,2.0,13.0,457.508544921875,416.2516174316406,532.8514404296875,477.1697692871094
69,2.0,13.0,457.9285583496094,416.1416931152344,534.2593383789062,476.831787109375
70,2.0,13.0,459.4317626953125,415.6127014160156,535.8311767578125,476.347900390625
71,2.0,13.0,460.44732666015625,414.52392578125,537.4927368164062,476.7809143066406
72,2.0,13.0,461.0283508300781,415.359619140625,539.1151733398438,477.31549072265625
73,2.0,13.0,461.3665771484375,415.61529541015625,539.73681640625,478.72796630859375
74,2.0,13.0,462.05230712890625,414.8253479003906,541.0014038085938,479.2705383300781
75,2.0,13.0,463.4195251464844,414.5195617675781,541.4188232421875,479.4776611328125
76,2.0,13.0,465.4783935546875,414.4975891113281,543.7601318359375,478.8987731933594
77,2.0,13.0,466.87481689453125,412.45013427734375,544.7236938476562,478.86212158203125
78,2.0,13.0,467.63995361328125,412.2326354980469,546.127685546875,479.0570983886719
79,2.0,13.0,468.8539733886719,413.19183349609375,549.2468872070312,479.506591796875
80,2.0,13.0,469.76123046875,413.253662109375,552.4348754882812,480.76568603515625
81,2.0,13.0,470.34881591796875,414.1128845214844,554.0611572265625,480.49346923828125
82,2.0,13.0,470.8709716796875,414.20513916015625,555.41845703125,481.7694091796875
83,2.0,13.0,471.3614807128906,412.3771667480469,557.9864501953125,483.33245849609375
84,2.0,13.0,472.91119384765625,411.4292297363281,560.28564453125,483.622802734375
85,2.0,13.0,473.2406921386719,410.7788391113281,562.2937622070312,484.6563720703125
87,2.0,13.0,476.1797790527344,410.55615234375,566.0484619140625,486.56451416015625
88,2.0,13.0,476.93194580078125,410.4353942871094,568.115234375,487.4218444824219
89,2.0,13.0,478.89935302734375,410.841552734375,569.3336791992188,488.0082092285156
90,2.0,13.0,479.894287109375,411.5032653808594,571.1885375976562,488.03155517578125
91,2.0,13.0,479.6741638183594,409.9239807128906,573.8207397460938,488.9269104003906
92,2.0,13.0,480.3675842285156,409.2655029296875,577.900390625,489.6249694824219
93,2.0,13.0,481.93133544921875,409.0370788574219,580.6862182617188,490.938232421875
94,2.0,13.0,482.5995788574219,409.8586730957031,583.7493286132812,493.2299499511719
95,2.0,13.0,484.214599609375,410.630615234375,586.6024780273438,493.24346923828125
96,2.0,13.0,485.9713439941406,410.1300048828125,591.210693359375,494.4254455566406
97,2.0,13.0,488.6084289550781,409.9318542480469,593.4051513671875,495.4071350097656
98,2.0,13.0,488.9540710449219,409.7079772949219,595.9962768554688,496.8587646484375
99,2.0,13.0,490.4019775390625,409.30072021484375,599.2135009765625,497.4114074707031
100,2.0,13.0,491.79644775390625,408.8957214355469,602.4722900390625,498.6243896484375
101,2.0,13.0,494.4943542480469,408.1973876953125,605.2901611328125,499.619140625
102,2.0,13.0,495.1253662109375,407.2529602050781,609.8469848632812,500.4606628417969
103,2.0,13.0,496.4164123535156,406.73919677734375,613.4152221679688,501.7511291503906
104,2.0,13.0,497.46588134765625,406.4419860839844,616.4243774414062,502.6313171386719
105,2.0,13.0,498.87939453125,405.4655456542969,619.9493408203125,502.89959716796875
106,2.0,13.0,502.2047119140625,404.80255126953125,623.1045532226562,503.9636535644531
107,2.0,13.0,505.0894775390625,404.22705078125,625.4821166992188,504.93597412109375
108,2.0,13.0,507.2781066894531,404.30035400390625,629.5988159179688,506.3037109375
109,2.0,13.0,507.53546142578125,404.01568603515625,635.0180053710938,507.5126647949219
110,2.0,13.0,507.7996826171875,403.4767150878906,640.42578125,509.7881774902344
111,2.0,13.0,509.34429931640625,403.3906555175781,645.1864624023438,511.73486328125
112,2.0,13.0,509.9407043457031,402.8770751953125,651.6381225585938,513.79296875
113,2.0,13.0,512.3827514648438,402.2454528808594,654.9452514648438,514.2272338867188
114,2.0,13.0,514.6408081054688,402.0676574707031,660.2921752929688,514.9429321289062
115,2.0,13.0,517.509033203125,401.73101806640625,664.6937866210938,516.264404296875
116,2.0,13.0,518.6768798828125,400.3427429199219,670.7333374023438,519.7791748046875
117,2.0,13.0,521.509765625,399.495361328125,676.7837524414062,521.1503295898438
118,2.0,13.0,523.1883544921875,400.12542724609375,682.4607543945312,524.4873046875
119,2.0,13.0,526.34716796875,398.847412109375,687.7318725585938,525.5987548828125
120,2.0,13.0,527.91455078125,397.9800109863281,693.560791015625,527.4426879882812
121,2.0,13.0,529.7734375,397.5410461425781,701.144287109375,527.6986083984375
122,2.0,13.0,532.3652954101562,396.9662780761719,708.8488159179688,529.71728515625
123,2.0,13.0,536.4453735351562,395.5263977050781,716.13427734375,531.3746337890625
124,2.0,13.0,538.9688720703125,394.9487609863281,722.8301391601562,533.5907592773438
125,2.0,13.0,543.0532836914062,393.0502014160156,729.6950073242188,536.6035766601562
126,2.0,13.0,547.7200927734375,391.30523681640625,737.9832153320312,539.2843017578125
127,2.0,13.0,550.7904052734375,390.3865051269531,746.7681884765625,541.362060546875
128,2.0,13.0,554.7153930664062,389.45550537109375,756.8955078125,543.3629150390625
129,2.0,13.0,557.5259399414062,388.0298767089844,767.4796142578125,546.33935546875
130,2.0,13.0,561.80322265625,386.1455383300781,778.6991577148438,549.5574340820312
131,2.0,13.0,566.3362426757812,383.00994873046875,789.71826171875,552.5518798828125
132,2.0,13.0,570.9216918945312,380.63946533203125,802.3760986328125,556.836181640625
133,2.0,13.0,574.1282348632812,380.76910400390625,815.2238159179688,561.5526123046875
134,2.0,13.0,577.7479858398438,377.98541259765625,827.76904296875,564.637939453125
135,2.0,13.0,585.063232421875,377.244384765625,841.0227661132812,568.81884765625
136,2.0,13.0,591.2223510742188,377.4845275878906,855.9583129882812,571.92041015625
137,2.0,13.0,597.5279541015625,377.040283203125,873.4556884765625,577.8295288085938
138,2.0,13.0,603.0325927734375,374.93670654296875,889.968505859375,582.271240234375
139,2.0,13.0,610.6383666992188,372.137939453125,908.3422241210938,587.958984375
140,2.0,13.0,615.9949951171875,369.6721496582031,927.6585693359375,593.8197631835938
141,2.0,13.0,622.6710205078125,369.101318359375,949.4481201171875,600.668212890625
142,2.0,13.0,630.735595703125,366.7104797363281,972.6229858398438,606.9896240234375
143,2.0,13.0,638.9555053710938,364.96087646484375,997.2661743164062,615.3394165039062
144,2.0,13.0,647.5348510742188,362.8224182128906,1025.888671875,622.9631958007812
145,2.0,13.0,656.7308959960938,360.79901123046875,1056.6201171875,631.6710205078125
146,2.0,13.0,666.3970947265625,358.38153076171875,1089.4566650390625,641.6942138671875
147,2.0,13.0,676.71728515625,356.2742004394531,1126.9139404296875,652.783203125
148,2.0,13.0,688.861572265625,353.22894287109375,1167.591552734375,664.7864990234375
149,2.0,13.0,701.9606323242188,349.4986877441406,1213.380859375,676.7600708007812
150,2.0,13.0,716.283203125,344.2543640136719,1264.5068359375,693.516357421875
151,2.0,13.0,732.4326782226562,341.1791687011719,1320.530029296875,710.4397583007812
152,2.0,13.0,749.8685913085938,335.85986328125,1384.640869140625,728.5762939453125
153,2.0,13.0,769.423095703125,329.7689208984375,1457.9339599609375,749.51220703125
154,2.0,13.0,791.4210815429688,320.1925048828125,1542.6939697265625,778.4251708984375
155,2.0,13.0,813.6138305664062,311.891357421875,1640.0087890625,805.1939697265625
156,2.0,13.0,839.4282836914062,303.2038879394531,1750.4847412109375,840.9876098632812
157,2.0,13.0,869.4296875,294.7762145996094,1870.2774658203125,883.9681396484375
158,2.0,13.0,902.7264404296875,281.99481201171875,1918.5428466796875,932.3786010742188
159,2.0,13.0,940.1013793945312,273.1900939941406,1920.0,999.565673828125
160,2.0,13.0,986.5214233398438,258.8187561035156,1920.0,1055.0345458984375
161,2.0,13.0,1039.986572265625,241.27992248535156,1920.0,1075.5277099609375
162,2.0,13.0,1103.511962890625,220.57583618164062,1920.0,1066.912353515625
163,2.0,13.0,1178.4090576171875,195.9410858154297,1920.0,1062.0567626953125
164,2.0,13.0,1267.36279296875,174.77113342285156,1920.0,1048.6778564453125
165,2.0,13.0,1380.06591796875,159.02615356445312,1920.0,1060.0345458984375
166,2.0,13.0,1523.49462890625,175.3858184814453,1920.0,1073.484619140625
167,2.0,13.0,1705.7420654296875,263.8212890625,1920.0,1071.963134765625
