108,2.0,28.0,449.166015625,411.11236572265625,519.7706298828125,472.1368713378906
109,2.0,28.0,450.4790954589844,412.6603088378906,520.3941650390625,471.5430603027344
110,2.0,28.0,451.6209411621094,411.6127014160156,524.5289306640625,472.50079345703125
111,2.0,28.0,452.6143798828125,411.1726379394531,527.1834716796875,473.12060546875
112,2.0,28.0,454.8271484375,409.517333984375,531.0534057617188,473.8183288574219
113,2.0,28.0,455.9754333496094,409.44073486328125,533.5673217773438,474.4833679199219
114,2.0,28.0,456.57745361328125,409.6227111816406,535.8350830078125,474.3925476074219
115,2.0,28.0,456.4239196777344,409.7800598144531,538.5866088867188,475.973388671875
116,2.0,28.0,457.7953186035156,409.01666259765625,541.2326049804688,477.5187683105469
117,2.0,28.0,459.9227294921875,409.4054260253906,542.5513916015625,477.8385925292969
119,2.0,28.0,464.3285827636719,409.5537109375,548.0484619140625,478.3249206542969
120,2.0,28.0,467.2270812988281,409.6662292480469,551.9982299804688,479.207275390625
121,2.0,28.0,468.71502685546875,408.24310302734375,556.2053833007812,479.34735107421875
122,2.0,28.0,469.8670654296875,407.221435546875,560.5164794921875,480.3588562011719
123,2.0,28.0,470.7012634277344,406.98577880859375,563.9535522460938,481.4443054199219
124,2.0,28.0,471.8922424316406,406.598876953125,567.0047607421875,482.0739440917969
125,2.0,28.0,474.21124267578125,406.2324523925781,569.1094360351562,483.6044921875
126,2.0,28.0,475.5906677246094,406.0964660644531,573.3999633789062,484.9032287597656
127,2.0,28.0,478.0462341308594,406.3785095214844,577.7839965820312,486.8744812011719
128,2.0,28.0,481.485595703125,405.16082763671875,582.120361328125,488.3592224121094
129,2.0,28.0,482.44537353515625,404.93304443359375,587.3255615234375,489.1794128417969
130,2.0,28.0,484.6193542480469,404.2671813964844,591.2432250976562,489.7724304199219
131,2.0,28.0,486.2256164550781,404.1878967285156,595.123291015625,491.58447265625
132,2.0,28.0,491.5091247558594,404.3095397949219,600.8163452148438,493.22845458984375
133,2.0,28.0,494.97576904296875,403.48333740234375,606.4309692382812,495.6820068359375
134,2.0,28.0,496.6213073730469,403.0809020996094,612.0679931640625,497.274658203125
135,2.0,28.0,499.5245666503906,402.8193664550781,617.5122680664062,499.20947265625
136,2.0,28.0,502.6142578125,401.9551086425781,622.42333984375,499.623779296875
137,2.0,28.0,505.5636901855469,401.9502868652344,628.9838256835938,501.7576904296875
138,2.0,28.0,507.3114318847656,401.3849792480469,635.6322631835938,502.7189636230469
139,2.0,28.0,509.3624572753906,400.28692626953125,643.7481689453125,504.5213928222656
140,2.0,28.0,514.2642211914062,399.1491394042969,649.0906982421875,507.4642639160156
141,2.0,28.0,514.9095458984375,400.4535217285156,658.26953125,510.082763671875
142,2.0,28.0,516.5399169921875,399.6409912109375,665.7517700195312,511.7917175292969
143,2.0,28.0,523.2420654296875,400.2496032714844,675.0050048828125,513.911376953125
144,2.0,28.0,525.660400390625,399.06402587890625,683.7357177734375,515.9343872070312
145,2.0,28.0,530.8603515625,397.876953125,692.1641845703125,519.4793701171875
146,2.0,28.0,535.255615234375,395.9942321777344,702.5167236328125,522.1295166015625
147,2.0,28.0,541.0514526367188,394.0613098144531,712.182861328125,525.6603393554688
148,2.0,28.0,546.8787841796875,391.9320983886719,723.7931518554688,526.768798828125
149,2.0,28.0,551.7156982421875,389.9310607910156,734.9991455078125,529.0422973632812
150,2.0,28.0,556.560791015625,388.7112731933594,747.1223754882812,531.997314453125
151,2.0,28.0,561.5362548828125,388.0100402832031,762.27734375,535.6611328125
152,2.0,28.0,568.2606811523438,385.49920654296875,777.6109008789062,540.2911987304688
153,2.0,28.0,574.4805908203125,383.046875,793.5368041992188,545.0083618164062
154,2.0,28.0,582.1453247070312,380.4744567871094,810.3862915039062,547.254638671875
155,2.0,28.0,589.9070434570312,378.2984924316406,828.847900390625,552.734130859375
156,2.0,28.0,598.2506103515625,377.4244689941406,849.3634033203125,558.4967651367188
157,2.0,28.0,608.04833984375,375.0204162597656,871.9711303710938,564.7047729492188
158,2.0,28.0,616.8853149414062,374.0022277832031,896.7913818359375,572.2874755859375
159,2.0,28.0,627.9193725585938,370.7693176269531,924.5332641601562,578.8399658203125
160,2.0,28.0,638.9607543945312,367.57769775390625,954.5186767578125,587.1983032226562
161,2.0,28.0,650.9609375,364.5047607421875,988.8595581054688,594.9467163085938
162,2.0,28.0,662.1482543945312,360.6380310058594,1026.851806640625,606.364990234375
163,2.0,28.0,677.4868774414062,358.2201843261719,1069.396484375,618.8119506835938
164,2.0,28.0,693.984375,355.2314147949219,1118.23388671875,631.5700073242188
165,2.0,28.0,712.8685302734375,352.2325134277344,1173.931396484375,648.1343994140625
166,2.0,28.0,732.6312866210938,347.3665466308594,1237.5712890625,664.397705078125
167,2.0,28.0,756.0352172851562,342.2384338378906,1312.6260986328125,687.1834106445312
168,2.0,28.0,780.9515991210938,335.587646484375,1400.6729736328125,712.552490234375
169,2.0,28.0,811.8613891601562,327.72027587890625,1506.9420166015625,740.1096801757812
170,2.0,28.0,846.6622314453125,316.04156494140625,1636.026123046875,778.0225219726562
171,2.0,28.0,886.20361328125,304.7756042480469,1790.4376220703125,826.0048828125
172,2.0,28.0,934.63525390625,291.34765625,1887.2769775390625,885.9159545898438
173,2.0,28.0,992.9019775390625,277.8831481933594,1920.0,967.7113647460938
174,2.0,28.0,1067.906005859375,259.15325927734375,1920.0,1042.9100341796875
175,2.0,28.0,1160.0316162109375,235.77914428710938,1920.0,1010.4978637695312
176,2.0,28.0,1278.1741943359375,207.867919921875,1920.0,984.5966796875
177,2.0,28.0,1437.515625,192.93089294433594,1920.0,1020.9173583984375
178,2.0,28.0,1655.145751953125,233.8518829345703,1920.0,1055.0682373046875
