43,2.0,59.0,464.64105224609375,569.8502807617188,512.8988647460938,610.7953491210938
44,2.0,59.0,464.8238525390625,568.1798095703125,514.0481567382812,610.6451416015625
45,2.0,59.0,464.87506103515625,567.1109619140625,515.03759765625,610.448974609375
46,2.0,59.0,465.3000793457031,566.7315673828125,516.6689453125,610.5916137695312
47,2.0,59.0,465.96392822265625,566.7079467773438,518.2850341796875,610.9674072265625
48,2.0,59.0,465.5937805175781,566.9005126953125,518.3409423828125,610.9599609375
49,2.0,59.0,466.0308837890625,568.612060546875,519.415771484375,611.3811645507812
50,2.0,59.0,466.2951354980469,569.2807006835938,520.2081298828125,611.6748046875
51,2.0,59.0,466.8264465332031,570.5104370117188,520.8446655273438,611.8579711914062
52,2.0,59.0,467.40869140625,571.191162109375,521.7730102539062,612.2752685546875
53,2.0,59.0,467.3536376953125,570.0608520507812,522.7883911132812,613.072021484375
54,2.0,59.0,467.74468994140625,569.3807983398438,524.3419189453125,613.4549560546875
55,2.0,59.0,467.88494873046875,569.0958862304688,525.0199584960938,613.7098999023438
56,2.0,59.0,468.7603759765625,571.64111328125,525.9354858398438,613.5341186523438
57,2.0,59.0,469.5163269042969,576.3289184570312,526.5198974609375,613.84033203125
58,2.0,59.0,470.1063232421875,578.5924072265625,527.0926513671875,613.7634887695312
59,2.0,59.0,470.4728088378906,578.0386352539062,527.306396484375,613.6261596679688
60,2.0,59.0,471.017578125,574.72021484375,529.1825561523438,613.994384765625
61,2.0,59.0,471.0739440917969,574.0914916992188,530.1402587890625,614.0567016601562
62,2.0,59.0,471.1690673828125,573.5281982421875,531.1450805664062,615.9068603515625
63,2.0,59.0,471.4975280761719,571.6610107421875,531.41796875,616.9920043945312
64,2.0,59.0,472.07470703125,567.3949584960938,532.7792358398438,618.0093383789062
65,2.0,59.0,472.5496826171875,566.51025390625,534.637939453125,618.3040771484375
66,2.0,59.0,473.42132568359375,566.1099243164062,536.962890625,618.1932373046875
67,2.0,59.0,473.38958740234375,567.321533203125,539.3265380859375,617.5548706054688
68,2.0,59.0,473.7270812988281,566.8441772460938,540.1776733398438,617.4949340820312
69,2.0,59.0,474.3561096191406,566.9324951171875,542.1939697265625,617.5286865234375
70,2.0,59.0,476.1742248535156,565.1778564453125,542.9601440429688,618.216552734375
71,2.0,59.0,477.0657653808594,565.2796020507812,543.8992919921875,619.2083129882812
72,2.0,59.0,477.39984130859375,565.5785522460938,545.5526123046875,620.3175659179688
73,2.0,59.0,477.90228271484375,565.7312622070312,547.390869140625,620.7490844726562
74,2.0,59.0,479.4022216796875,565.9616088867188,549.1060180664062,621.3460693359375
76,2.0,59.0,481.79669189453125,564.7890014648438,551.3381958007812,622.7091064453125
77,2.0,59.0,481.6763916015625,565.2583618164062,552.4446411132812,622.4871826171875
78,2.0,59.0,482.0551452636719,565.5414428710938,553.9066772460938,622.5648803710938
79,2.0,59.0,482.5323791503906,565.6131591796875,555.6923217773438,622.5615844726562
80,2.0,59.0,482.80462646484375,565.297607421875,558.005126953125,622.4796142578125
81,2.0,59.0,483.35333251953125,564.9888305664062,560.9635620117188,622.8507690429688
82,2.0,59.0,484.9872741699219,563.96435546875,560.6674194335938,622.4436645507812
83,2.0,59.0,485.90826416015625,563.1207885742188,562.4113159179688,623.3495483398438
84,2.0,59.0,486.4391784667969,563.2473754882812,564.571533203125,624.1919555664062
85,2.0,59.0,488.3663024902344,563.5775756835938,565.9402465820312,624.3834838867188
86,2.0,59.0,489.79095458984375,563.2036743164062,569.1500854492188,624.56640625
87,2.0,59.0,491.5661926269531,563.6426391601562,570.8466796875,624.7359008789062
88,2.0,59.0,492.6349792480469,563.882080078125,572.1240234375,625.0818481445312
89,2.0,59.0,493.98870849609375,564.3386840820312,575.6295166015625,626.094482421875
90,2.0,59.0,494.4610290527344,564.2007446289062,577.7506103515625,627.823974609375
91,2.0,59.0,494.7575378417969,564.0078735351562,580.3030395507812,630.139404296875
92,2.0,59.0,495.4797058105469,563.427978515625,582.9602661132812,630.96826171875
93,2.0,59.0,496.2934875488281,562.8286743164062,585.5164184570312,631.0224609375
94,2.0,59.0,497.7579345703125,562.0821533203125,587.7439575195312,631.907958984375
95,2.0,59.0,498.68475341796875,561.948486328125,590.1871948242188,633.1774291992188
96,2.0,59.0,500.3780822753906,561.7321166992188,593.0484008789062,633.7202758789062
97,2.0,59.0,501.7701721191406,561.597900390625,595.3185424804688,634.1503295898438
98,2.0,59.0,503.3767395019531,560.878662109375,596.2633666992188,634.4675903320312
99,2.0,59.0,503.8660583496094,561.1903076171875,599.8861083984375,635.2236938476562
100,2.0,59.0,504.9217529296875,560.9629516601562,603.5549926757812,637.1233520507812
101,2.0,59.0,506.53082275390625,561.0385131835938,606.6400146484375,637.9325561523438
102,2.0,59.0,507.5624694824219,560.47998046875,609.766357421875,639.0200805664062
103,2.0,59.0,509.6296691894531,560.3759155273438,613.042236328125,639.2409057617188
104,2.0,59.0,512.4725952148438,559.5059204101562,615.1565551757812,638.8792724609375
105,2.0,59.0,513.7548217773438,558.5745239257812,617.90234375,640.6927490234375
106,2.0,59.0,514.9286499023438,557.6432495117188,621.553955078125,641.9119873046875
107,2.0,59.0,516.7117919921875,556.8436279296875,626.8740844726562,643.7057495117188
108,2.0,59.0,518.62109375,556.2984008789062,629.4260864257812,645.0059814453125
109,2.0,59.0,522.0448608398438,556.4379272460938,633.4467163085938,645.9307250976562
110,2.0,59.0,524.7418823242188,556.6664428710938,637.9713745117188,646.3760375976562
111,2.0,59.0,527.1088256835938,556.5958251953125,642.7423095703125,646.9529418945312
112,2.0,59.0,527.917724609375,555.9898681640625,646.9495239257812,647.5047607421875
113,2.0,59.0,530.2869262695312,555.53857421875,651.2227783203125,648.1641235351562
114,2.0,59.0,531.3211669921875,554.89697265625,655.1749877929688,648.959228515625
115,2.0,59.0,532.948486328125,554.7195434570312,659.8707275390625,649.4667358398438
116,2.0,59.0,533.7367553710938,553.7499389648438,664.4493408203125,650.8877563476562
117,2.0,59.0,535.1765747070312,553.234130859375,669.0322265625,652.7664184570312
118,2.0,59.0,536.6026611328125,552.8131103515625,674.4076538085938,655.163330078125
119,2.0,59.0,538.9057006835938,552.7341918945312,679.7874755859375,656.787109375
120,2.0,59.0,541.7315063476562,552.0997314453125,686.1119384765625,657.8659057617188
121,2.0,59.0,548.1993408203125,551.1702880859375,692.8936767578125,658.6880493164062
122,2.0,59.0,551.8203125,549.693603515625,699.5618896484375,660.9945068359375
123,2.0,59.0,553.1423950195312,548.9033203125,705.9170532226562,663.6826171875
124,2.0,59.0,552.3687744140625,547.3853149414062,713.3832397460938,666.1185913085938
125,2.0,59.0,555.0515747070312,546.8052368164062,719.3779296875,669.241943359375
126,2.0,59.0,559.1437377929688,545.427734375,727.2721557617188,670.3652954101562
127,2.0,59.0,564.8742065429688,544.2814331054688,736.031982421875,672.6312866210938
128,2.0,59.0,578.1509399414062,543.4481811523438,742.908935546875,675.3408813476562
129,2.0,59.0,580.3824462890625,543.050537109375,752.779052734375,677.3818969726562
130,2.0,59.0,578.1484985351562,542.07763671875,761.7538452148438,679.4495849609375
131,2.0,59.0,578.1095581054688,541.0736694335938,771.5032348632812,681.7781372070312
132,2.0,59.0,581.00927734375,538.19140625,783.2442016601562,685.8974609375
133,2.0,59.0,585.855712890625,536.1373901367188,793.9931640625,689.7205810546875
134,2.0,59.0,591.3567504882812,536.2890014648438,806.5319213867188,692.685546875
135,2.0,59.0,595.195068359375,534.8754272460938,818.910400390625,696.8168334960938
136,2.0,59.0,599.6705322265625,533.0281372070312,831.7626342773438,701.1109008789062
137,2.0,59.0,605.4500732421875,533.109619140625,847.1303100585938,703.8844604492188
138,2.0,59.0,611.2752685546875,531.3626708984375,862.1695556640625,707.6165161132812
139,2.0,59.0,617.3701171875,530.0317993164062,878.315185546875,714.1602172851562
140,2.0,59.0,624.4190673828125,527.8499145507812,896.0702514648438,717.3334350585938
141,2.0,59.0,633.3590698242188,526.5516357421875,916.1450805664062,722.2024536132812
142,2.0,59.0,640.6643676757812,525.7576293945312,936.5347900390625,727.0488891601562
143,2.0,59.0,648.3043823242188,523.8408203125,959.4261474609375,730.9388427734375
144,2.0,59.0,656.7694091796875,521.3114013671875,984.3344116210938,736.5604858398438
145,2.0,59.0,666.0009765625,519.0890502929688,1012.8518676757812,744.1984252929688
146,2.0,59.0,674.3706665039062,515.6071166992188,1040.671630859375,753.1983642578125
147,2.0,59.0,686.1885375976562,511.9503173828125,1073.8778076171875,761.3680419921875
148,2.0,59.0,697.8076782226562,506.6244201660156,1111.0001220703125,769.8596801757812
149,2.0,59.0,710.14306640625,502.1806335449219,1150.4295654296875,781.2305908203125
150,2.0,59.0,724.648193359375,497.61724853515625,1193.451416015625,792.6665649414062
151,2.0,59.0,740.0338134765625,494.6196594238281,1241.9764404296875,804.3798828125
152,2.0,59.0,756.7205200195312,489.3892517089844,1298.416748046875,818.1069946289062
153,2.0,59.0,774.8386840820312,482.8091735839844,1362.3297119140625,834.9701538085938
154,2.0,59.0,795.2447509765625,475.785888671875,1435.817626953125,853.991455078125
155,2.0,59.0,817.3236083984375,470.4649353027344,1518.4178466796875,876.44189453125
156,2.0,59.0,843.1069946289062,461.4283142089844,1616.5791015625,902.5443725585938
157,2.0,59.0,869.1619262695312,452.3540344238281,1728.373046875,934.2149658203125
158,2.0,59.0,902.2359008789062,443.39208984375,1859.9525146484375,972.3670654296875
159,2.0,59.0,941.5771484375,432.3690490722656,1914.9671630859375,1018.24755859375
160,2.0,59.0,985.3418579101562,418.2420959472656,1920.0,1055.3812255859375
161,2.0,59.0,1035.1815185546875,402.8084716796875,1920.0,1072.963134765625
162,2.0,59.0,1095.6226806640625,385.0601806640625,1920.0,1079.1080322265625
163,2.0,59.0,1166.1134033203125,359.1755676269531,1920.0,1075.5614013671875
164,2.0,59.0,1252.21240234375,333.6279296875,1920.0,1073.6298828125
165,2.0,59.0,1361.28369140625,310.61676025390625,1920.0,1077.046142578125
166,2.0,59.0,1498.136474609375,310.83782958984375,1920.0,1078.6099853515625
