2,2.0,47.0,454.81427001953125,559.6373291015625,516.46875,611.313720703125
3,2.0,47.0,454.89453125,559.3006591796875,516.5653686523438,611.5438232421875
4,2.0,47.0,454.81585693359375,559.3177490234375,516.6531372070312,611.7822265625
5,2.0,47.0,454.83856201171875,559.5260620117188,517.994140625,611.7933959960938
6,2.0,47.0,454.2778625488281,559.2449951171875,519.494873046875,612.1470336914062
7,2.0,47.0,453.8797607421875,559.3416748046875,520.2102661132812,612.4571533203125
8,2.0,47.0,454.02642822265625,559.281494140625,520.3443603515625,612.6640625
9,2.0,47.0,454.2472229003906,559.61083984375,520.1517333984375,613.0222778320312
10,2.0,47.0,454.1144104003906,559.7460327148438,520.284423828125,613.4096069335938
11,2.0,47.0,454.00592041015625,560.0405883789062,521.480712890625,613.4205932617188
12,2.0,47.0,453.595458984375,559.287109375,521.7631225585938,614.165283203125
13,2.0,47.0,453.4555969238281,559.1024780273438,521.197509765625,614.5884399414062
14,2.0,47.0,453.2458801269531,558.6912231445312,521.4841918945312,615.0422973632812
15,2.0,47.0,453.2207946777344,559.0996704101562,521.68994140625,615.48681640625
16,2.0,47.0,454.04150390625,560.128173828125,522.7348022460938,615.7728881835938
17,2.0,47.0,454.13226318359375,560.2880249023438,523.1195678710938,616.6331787109375
18,2.0,47.0,454.1895446777344,560.1006469726562,523.668212890625,616.913818359375
19,2.0,47.0,454.10333251953125,560.267578125,524.9133911132812,617.2921142578125
20,2.0,47.0,453.7896728515625,560.271484375,525.9656372070312,618.0266723632812
21,2.0,47.0,453.679443359375,560.1693115234375,526.8566284179688,618.3856811523438
22,2.0,47.0,453.8384094238281,560.2719116210938,528.1317749023438,618.65673828125
23,2.0,47.0,454.1925354003906,560.065673828125,529.2003784179688,619.449462890625
24,2.0,47.0,453.99847412109375,559.5079956054688,530.2906494140625,620.2301025390625
25,2.0,47.0,453.9424133300781,559.1973876953125,531.416015625,620.5995483398438
26,2.0,47.0,454.20257568359375,558.023681640625,532.500244140625,620.4637451171875
27,2.0,47.0,454.4307556152344,557.9864501953125,533.8828125,620.9674682617188
28,2.0,47.0,454.2599182128906,557.395263671875,534.0215454101562,621.5514526367188
29,2.0,47.0,454.4911193847656,556.0779418945312,533.6737060546875,621.5602416992188
30,2.0,47.0,455.0529479980469,555.5747680664062,534.3796997070312,621.2758178710938
31,2.0,47.0,455.74200439453125,555.662109375,534.9818725585938,621.461669921875
32,2.0,47.0,456.22991943359375,555.4219360351562,535.396240234375,621.5991821289062
33,2.0,47.0,456.4875183105469,555.1442260742188,537.4525146484375,622.0188598632812
34,2.0,47.0,456.7229919433594,554.8941650390625,538.8121337890625,622.5460815429688
35,2.0,47.0,457.9478454589844,555.2009887695312,538.9586181640625,622.677978515625
36,2.0,47.0,458.62994384765625,555.80712890625,539.7660522460938,623.11962890625
37,2.0,47.0,458.8006591796875,555.8569946289062,540.2161254882812,623.3460083007812
38,2.0,47.0,458.91717529296875,554.8433837890625,541.140380859375,623.4526977539062
39,2.0,47.0,459.5562744140625,554.3779296875,542.730712890625,623.7943725585938
40,2.0,47.0,459.9707336425781,554.12158203125,545.1353759765625,624.2289428710938
41,2.0,47.0,460.02252197265625,554.6838989257812,546.4030151367188,624.7518310546875
42,2.0,47.0,459.84320068359375,554.1412963867188,546.6312866210938,625.2075805664062
43,2.0,47.0,459.474609375,553.4122924804688,547.169677734375,625.4663696289062
44,2.0,47.0,459.3072814941406,552.6611938476562,547.9141845703125,625.7026977539062
45,2.0,47.0,458.9136657714844,552.1446533203125,548.9011840820312,626.0571899414062
46,2.0,47.0,459.677978515625,551.9457397460938,550.309814453125,628.1536865234375
47,2.0,47.0,458.93609619140625,551.7273559570312,551.7008666992188,627.8517456054688
48,2.0,47.0,460.521484375,551.9952392578125,552.7291259765625,629.3101196289062
49,2.0,47.0,461.79254150390625,552.5906982421875,554.2789916992188,630.04296875
50,2.0,47.0,462.5277099609375,552.8347778320312,555.6731567382812,630.4946899414062
51,2.0,47.0,463.03448486328125,552.620361328125,557.1446533203125,630.7884521484375
52,2.0,47.0,463.4296569824219,551.7908935546875,557.9561157226562,631.4213256835938
53,2.0,47.0,463.8440856933594,551.5081787109375,560.6666870117188,631.9755249023438
54,2.0,47.0,463.9787902832031,551.6422729492188,562.4979858398438,631.9876708984375
55,2.0,47.0,464.4229431152344,552.0008544921875,564.6820068359375,632.6170043945312
56,2.0,47.0,465.1153869628906,552.192626953125,565.8565063476562,633.1597290039062
57,2.0,47.0,466.0625,552.8565673828125,568.1673583984375,633.7095336914062
58,2.0,47.0,467.495849609375,552.8031005859375,570.9785766601562,633.9349365234375
59,2.0,47.0,468.0652770996094,553.333740234375,572.1182861328125,634.7871704101562
60,2.0,47.0,468.6352233886719,553.5592041015625,573.9627075195312,635.3292236328125
61,2.0,47.0,469.3052978515625,553.51318359375,576.00732421875,635.5756225585938
62,2.0,47.0,469.8170166015625,552.7112426757812,576.6087036132812,636.1367797851562
63,2.0,47.0,471.4060974121094,552.3231811523438,578.4161987304688,637.094970703125
64,2.0,47.0,471.1339111328125,551.1764526367188,580.627685546875,637.4335327148438
65,2.0,47.0,471.80572509765625,550.589599609375,583.41552734375,638.2847290039062
66,2.0,47.0,472.6402282714844,550.0181274414062,586.6784057617188,640.22998046875
67,2.0,47.0,473.9297790527344,549.6821899414062,589.0131225585938,642.2637939453125
68,2.0,47.0,475.99151611328125,550.1549682617188,591.8615112304688,642.2088623046875
69,2.0,47.0,476.8556823730469,550.383544921875,594.0485229492188,641.5730590820312
70,2.0,47.0,478.6695861816406,550.5305786132812,596.4071655273438,641.978759765625
71,2.0,47.0,479.0375671386719,549.4183959960938,597.7722778320312,642.915771484375
72,2.0,47.0,479.688720703125,548.8091430664062,600.5846557617188,643.9974365234375
73,2.0,47.0,480.52490234375,548.5077514648438,603.934814453125,644.4996337890625
74,2.0,47.0,481.24078369140625,548.0166015625,606.8775634765625,644.5935668945312
75,2.0,47.0,481.4411315917969,547.7515258789062,609.4093627929688,645.029052734375
76,2.0,47.0,482.1196594238281,547.7545776367188,612.52783203125,645.9422607421875
77,2.0,47.0,483.5356140136719,547.3618774414062,616.1460571289062,646.7657470703125
78,2.0,47.0,484.7059326171875,546.9779663085938,618.7619018554688,647.676025390625
79,2.0,47.0,485.6970520019531,546.646240234375,621.44384765625,648.6157836914062
80,2.0,47.0,487.6665344238281,546.2836303710938,624.9925537109375,649.3873901367188
81,2.0,47.0,487.8210754394531,545.5401000976562,628.7111206054688,649.8491821289062
82,2.0,47.0,489.2408447265625,544.5032958984375,631.6876831054688,650.9402465820312
83,2.0,47.0,490.3340759277344,543.9617309570312,635.599365234375,652.0802612304688
84,2.0,47.0,490.9602355957031,543.3116455078125,639.0824584960938,652.9498901367188
85,2.0,47.0,491.24737548828125,544.350830078125,644.1004028320312,655.758544921875
86,2.0,47.0,493.6491394042969,543.7196044921875,646.709228515625,656.5845336914062
87,2.0,47.0,495.60736083984375,543.1854858398438,649.3137817382812,657.2515869140625
88,2.0,47.0,500.1667785644531,542.04931640625,653.3104248046875,657.9190063476562
89,2.0,47.0,499.9388732910156,542.8422241210938,658.5672607421875,658.1984252929688
90,2.0,47.0,503.04144287109375,541.267333984375,663.8323364257812,661.3319702148438
91,2.0,47.0,502.61920166015625,541.6082153320312,669.6396484375,662.6143798828125
92,2.0,47.0,504.708740234375,540.3255615234375,672.400390625,664.8831787109375
93,2.0,47.0,506.4327087402344,539.741455078125,676.5297241210938,666.2133178710938
94,2.0,47.0,507.9336853027344,538.428466796875,681.07763671875,667.55517578125
95,2.0,47.0,510.356201171875,537.6648559570312,687.806884765625,668.9921875
96,2.0,47.0,512.7742919921875,536.9223022460938,691.9364624023438,670.3402709960938
97,2.0,47.0,514.6349487304688,536.5838623046875,697.289794921875,672.588134765625
98,2.0,47.0,516.2520141601562,535.6762084960938,701.97802734375,674.262451171875
99,2.0,47.0,518.6420288085938,535.6572265625,708.0439453125,675.5599365234375
100,2.0,47.0,520.2263793945312,536.62353515625,713.9151611328125,677.0205078125
101,2.0,47.0,522.2919921875,535.4713134765625,720.2779541015625,679.9530029296875
102,2.0,47.0,524.505126953125,534.23681640625,726.8917236328125,683.134765625
103,2.0,47.0,526.7724609375,532.7235717773438,734.609375,685.6195068359375
104,2.0,47.0,529.6495971679688,532.1870727539062,741.4971923828125,686.9330444335938
105,2.0,47.0,532.3634643554688,532.0390014648438,749.5506591796875,689.135009765625
106,2.0,47.0,534.9534912109375,531.4407958984375,757.1599731445312,691.9921875
107,2.0,47.0,538.5655517578125,530.5142211914062,765.1210327148438,694.763671875
108,2.0,47.0,542.9207153320312,529.3203125,774.7445068359375,699.1451416015625
109,2.0,47.0,547.289306640625,527.3856201171875,783.7210693359375,701.2487182617188
110,2.0,47.0,551.1268310546875,525.9462890625,793.3193969726562,703.243896484375
111,2.0,47.0,553.7636108398438,525.0504150390625,803.3214111328125,705.76904296875
112,2.0,47.0,557.5321044921875,524.6411743164062,813.1368408203125,708.55517578125
113,2.0,47.0,562.4074096679688,523.77490234375,824.140869140625,711.3206787109375
114,2.0,47.0,566.0140991210938,523.0127563476562,836.4085083007812,713.9098510742188
115,2.0,47.0,569.3666381835938,522.1964111328125,848.5967407226562,717.6088256835938
116,2.0,47.0,573.076416015625,521.3316040039062,860.7404174804688,721.6569213867188
117,2.0,47.0,576.5557861328125,520.43310546875,875.0501098632812,724.571533203125
118,2.0,47.0,582.6932983398438,518.7092895507812,889.8865356445312,726.9095458984375
119,2.0,47.0,588.6182250976562,517.4793090820312,905.1751098632812,731.1538696289062
120,2.0,47.0,593.03759765625,514.978271484375,922.191650390625,733.9592895507812
121,2.0,47.0,598.30126953125,512.9605712890625,939.1582641601562,738.6819458007812
122,2.0,47.0,603.8265991210938,510.3872375488281,956.9390869140625,742.7743530273438
123,2.0,47.0,609.8518676757812,507.4342956542969,976.469482421875,747.531005859375
124,2.0,47.0,616.7703857421875,504.9801940917969,995.998291015625,754.7867431640625
125,2.0,47.0,622.7865600585938,502.0754699707031,1021.7158203125,760.5116577148438
126,2.0,47.0,629.857666015625,499.39459228515625,1044.0787353515625,767.2428588867188
127,2.0,47.0,637.9329223632812,497.825927734375,1070.147705078125,777.135986328125
128,2.0,47.0,646.1264038085938,495.3874206542969,1098.6507568359375,785.5943603515625
129,2.0,47.0,653.6915283203125,492.7942199707031,1128.6025390625,793.5330810546875
130,2.0,47.0,664.6177978515625,488.11566162109375,1161.1533203125,803.8936157226562
131,2.0,47.0,673.720947265625,484.8522033691406,1197.5654296875,814.5452880859375
132,2.0,47.0,683.8924560546875,481.9698486328125,1237.8560791015625,825.7534790039062
133,2.0,47.0,695.7904052734375,478.4018859863281,1280.2584228515625,838.385986328125
134,2.0,47.0,705.625732421875,473.1180725097656,1327.1612548828125,851.7892456054688
135,2.0,47.0,719.8309936523438,468.69342041015625,1380.4022216796875,867.5012817382812
136,2.0,47.0,735.2946166992188,464.004638671875,1438.753173828125,885.346435546875
137,2.0,47.0,748.5169067382812,457.18804931640625,1505.9559326171875,904.3898315429688
138,2.0,47.0,766.1709594726562,449.7981872558594,1576.0103759765625,925.5057373046875
139,2.0,47.0,783.4224243164062,441.0137939453125,1656.483154296875,950.8602294921875
140,2.0,47.0,802.735595703125,433.60687255859375,1746.3187255859375,976.06298828125
141,2.0,47.0,823.6023559570312,428.0701599121094,1849.94873046875,1009.7296142578125
142,2.0,47.0,847.1234130859375,421.63226318359375,1909.410888671875,1044.6370849609375
143,2.0,47.0,873.2901611328125,410.5795593261719,1920.0,1066.690185546875
144,2.0,47.0,903.8411254882812,401.03643798828125,1920.0,1075.078125
145,2.0,47.0,938.9359741210938,389.0057067871094,1920.0,1079.501708984375
146,2.0,47.0,977.0192260742188,375.3070983886719,1920.0,1080.0
147,2.0,47.0,1017.919189453125,356.59588623046875,1920.0,1080.0
148,2.0,47.0,1065.6287841796875,340.2955627441406,1920.0,1076.779541015625
149,2.0,47.0,1119.152587890625,320.6508483886719,1920.0,1075.5299072265625
150,2.0,47.0,1182.631591796875,291.486328125,1920.0,1075.6824951171875
151,2.0,47.0,1258.024169921875,269.1462097167969,1920.0,1075.1343994140625
152,2.0,47.0,1346.7816162109375,262.4548034667969,1920.0,1074.9697265625
153,2.0,47.0,1454.3743896484375,254.68112182617188,1920.0,1075.25048828125
154,2.0,47.0,1584.668701171875,284.857177734375,1920.0,1075.7423095703125
155,2.0,47.0,1747.6292724609375,430.2251892089844,1920.0,1077.724609375
