109,2.0,39.0,600.6488647460938,562.8680419921875,648.5640869140625,600.8675537109375
110,2.0,39.0,601.7941284179688,562.7626953125,650.068115234375,601.4358520507812
111,2.0,39.0,601.69873046875,563.542724609375,650.9249877929688,601.9181518554688
112,2.0,39.0,601.5216674804688,564.2467651367188,652.4047241210938,602.5451049804688
113,2.0,39.0,602.1947631835938,565.1146850585938,652.6314697265625,602.972412109375
114,2.0,39.0,603.5180053710938,565.5630493164062,653.5227661132812,602.9310913085938
115,2.0,39.0,604.54736328125,565.3298950195312,654.700439453125,603.2012329101562
116,2.0,39.0,605.130615234375,564.2371826171875,656.14697265625,604.0057983398438
117,2.0,39.0,606.6151123046875,563.3015747070312,657.70654296875,604.9544677734375
118,2.0,39.0,608.1814575195312,561.8085327148438,662.7735595703125,605.6600341796875
119,2.0,39.0,609.3804321289062,560.8152465820312,665.520751953125,606.1947631835938
120,2.0,39.0,610.0794677734375,560.8194580078125,666.5108032226562,605.9896240234375
121,2.0,39.0,611.56396484375,559.687255859375,667.0988159179688,605.8884887695312
122,2.0,39.0,612.4834594726562,558.4977416992188,669.4457397460938,607.312255859375
123,2.0,39.0,612.8955078125,559.5721435546875,672.2320556640625,608.0704956054688
124,2.0,39.0,614.2070922851562,560.3463134765625,675.2080078125,608.5717163085938
125,2.0,39.0,615.5474243164062,561.1386108398438,676.9847412109375,609.2061767578125
126,2.0,39.0,615.6493530273438,561.5015869140625,678.1432495117188,609.6774291992188
127,2.0,39.0,616.6006469726562,561.0223999023438,679.2982788085938,610.1480712890625
128,2.0,39.0,617.0459594726562,560.3015747070312,681.5607299804688,610.1251220703125
129,2.0,39.0,619.6978759765625,560.6624145507812,687.0883178710938,610.95068359375
130,2.0,39.0,620.997802734375,559.6099853515625,689.4901123046875,611.2230224609375
131,2.0,39.0,622.4931640625,557.1331176757812,691.7550048828125,611.7566528320312
132,2.0,39.0,623.5593872070312,553.5108642578125,695.5687866210938,612.9337158203125
133,2.0,39.0,625.576904296875,551.8939208984375,698.5458984375,613.7562255859375
134,2.0,39.0,627.1343383789062,550.2500610351562,700.7944946289062,614.9912109375
135,2.0,39.0,628.0988159179688,552.740966796875,704.130615234375,616.4207763671875
136,2.0,39.0,630.0272216796875,554.4871215820312,706.6610107421875,617.84130859375
137,2.0,39.0,632.274658203125,554.6636352539062,710.2726440429688,618.87109375
138,2.0,39.0,635.0380859375,554.9006958007812,713.3395385742188,620.3487548828125
139,2.0,39.0,636.7730712890625,553.5509643554688,719.9483032226562,620.8662109375
140,2.0,39.0,638.4451904296875,552.8292236328125,724.2301025390625,621.4937133789062
141,2.0,39.0,640.2047119140625,553.0366821289062,729.1012573242188,622.7340087890625
142,2.0,39.0,641.9683227539062,552.9677124023438,732.6659545898438,622.9512329101562
143,2.0,39.0,644.5426635742188,552.459228515625,738.2380981445312,623.9031982421875
144,2.0,39.0,647.7391357421875,551.9727783203125,742.3577880859375,625.448974609375
145,2.0,39.0,649.7008666992188,550.9541625976562,746.0966186523438,628.1610717773438
146,2.0,39.0,651.6171875,550.5095825195312,753.2884521484375,631.0369873046875
147,2.0,39.0,655.1298828125,549.4209594726562,760.9172973632812,632.600830078125
148,2.0,39.0,658.683349609375,550.4639892578125,765.1934814453125,633.8839111328125
149,2.0,39.0,661.1502075195312,550.7135620117188,771.02783203125,635.0785522460938
150,2.0,39.0,664.703125,549.0535888671875,778.7567138671875,638.0108032226562
151,2.0,39.0,669.5156860351562,549.369384765625,786.6206665039062,639.0210571289062
152,2.0,39.0,673.2705078125,549.4298706054688,795.0328979492188,641.9176025390625
153,2.0,39.0,674.5432739257812,548.3399658203125,803.9180908203125,644.3076782226562
154,2.0,39.0,677.959716796875,547.58203125,812.116455078125,646.151123046875
155,2.0,39.0,682.3056640625,546.8972778320312,821.571533203125,647.2486572265625
156,2.0,39.0,687.5988159179688,545.9716796875,830.7411499023438,649.9942626953125
157,2.0,39.0,692.95947265625,544.9439086914062,843.3255615234375,654.905029296875
158,2.0,39.0,695.9907836914062,543.3353881835938,856.5721435546875,658.0478515625
159,2.0,39.0,699.9573974609375,540.9307250976562,870.3003540039062,662.2308959960938
160,2.0,39.0,706.6927490234375,536.6793212890625,885.427978515625,666.9281616210938
161,2.0,39.0,714.6790771484375,533.7123413085938,900.7728881835938,670.6267700195312
162,2.0,39.0,722.626953125,531.5134887695312,918.0488891601562,675.3421630859375
163,2.0,39.0,728.9404296875,529.3099975585938,937.689453125,681.1239013671875
164,2.0,39.0,738.8877563476562,527.9036865234375,959.7014770507812,688.2291870117188
165,2.0,39.0,748.8698120117188,526.0413208007812,984.91064453125,695.4694213867188
166,2.0,39.0,760.65771484375,523.9552612304688,1013.6444091796875,703.4013061523438
167,2.0,39.0,773.3238525390625,522.26806640625,1045.360107421875,712.5235595703125
168,2.0,39.0,786.6658325195312,519.2255249023438,1080.9976806640625,722.4329833984375
169,2.0,39.0,801.8199462890625,515.0357055664062,1122.971923828125,732.8192749023438
170,2.0,39.0,817.3229370117188,509.5475158691406,1173.386962890625,744.6201782226562
171,2.0,39.0,836.6664428710938,502.3479309082031,1234.63037109375,756.990966796875
172,2.0,39.0,858.5911254882812,496.8043212890625,1306.187744140625,778.5904541015625
173,2.0,39.0,885.6425170898438,489.13116455078125,1394.515625,799.7357788085938
174,2.0,39.0,919.1187744140625,479.4349670410156,1505.82763671875,830.1890869140625
175,2.0,39.0,958.3511962890625,467.43212890625,1651.5264892578125,870.855712890625
176,2.0,39.0,1003.8838500976562,453.1306457519531,1825.612060546875,922.0806274414062
177,2.0,39.0,1062.8546142578125,433.89141845703125,1899.005126953125,999.078857421875
178,2.0,39.0,1142.8646240234375,410.3543701171875,1920.0,1051.6341552734375
179,2.0,39.0,1251.232421875,374.43170166015625,1920.0,1063.3795166015625
180,2.0,39.0,1405.8642578125,333.8898620605469,1920.0,1068.6326904296875
