6,2.0,55.0,461.3561706542969,560.8102416992188,512.356689453125,604.5751953125
7,2.0,55.0,461.3974609375,560.7596435546875,512.6952514648438,605.1088256835938
8,2.0,55.0,461.7869567871094,560.6837158203125,514.5678100585938,604.9749755859375
9,2.0,55.0,462.57061767578125,560.2676391601562,516.3547973632812,604.8801879882812
10,2.0,55.0,462.81414794921875,559.60888671875,517.7559814453125,604.68896484375
11,2.0,55.0,463.51708984375,559.2060546875,521.4324951171875,605.5042114257812
12,2.0,55.0,463.85791015625,559.1703491210938,523.4232177734375,606.7567138671875
13,2.0,55.0,464.09600830078125,559.288818359375,524.5401000976562,607.9111328125
14,2.0,55.0,464.77685546875,559.2596435546875,524.3082885742188,607.70458984375
15,2.0,55.0,465.1593017578125,559.2474365234375,523.177734375,607.0938110351562
16,2.0,55.0,465.3045959472656,559.1041870117188,522.9140625,607.0336303710938
17,2.0,55.0,465.1156005859375,558.7359008789062,523.99853515625,607.3948364257812
18,2.0,55.0,465.01849365234375,558.6937866210938,525.2008056640625,607.8688354492188
19,2.0,55.0,465.2342224121094,558.708984375,526.5342407226562,607.98583984375
20,2.0,55.0,466.275634765625,558.6847534179688,527.4229125976562,607.98291015625
21,2.0,55.0,466.9716491699219,558.5170288085938,527.950439453125,607.4942626953125
22,2.0,55.0,467.0852355957031,558.5814208984375,529.813232421875,607.9310913085938
23,2.0,55.0,467.19818115234375,558.8479614257812,531.1909790039062,608.4690551757812
24,2.0,55.0,467.50830078125,559.5070190429688,532.0925903320312,608.7053833007812
25,2.0,55.0,467.8959045410156,559.8048706054688,533.8088989257812,609.1494750976562
26,2.0,55.0,468.5169982910156,560.025390625,535.0733032226562,609.7730102539062
27,2.0,55.0,468.8116455078125,560.1841430664062,534.9841918945312,610.3988037109375
28,2.0,55.0,469.3711853027344,560.3623657226562,536.2783813476562,610.9498901367188
29,2.0,55.0,469.74176025390625,561.0963745117188,537.09228515625,611.0487060546875
30,2.0,55.0,469.91510009765625,561.4076538085938,538.8600463867188,611.1805419921875
31,2.0,55.0,470.12591552734375,561.8330078125,539.7617797851562,611.488037109375
32,2.0,55.0,471.180908203125,561.0265502929688,539.8743896484375,611.435546875
33,2.0,55.0,472.01678466796875,560.4437255859375,542.0408325195312,611.8381958007812
34,2.0,55.0,471.7354736328125,560.2711181640625,543.4923095703125,612.4590454101562
35,2.0,55.0,472.4628601074219,559.0806274414062,543.7269897460938,612.6152954101562
36,2.0,55.0,472.733642578125,558.4249267578125,544.9930419921875,613.0357055664062
37,2.0,55.0,473.28472900390625,558.76513671875,546.3014526367188,613.3917846679688
38,2.0,55.0,474.03717041015625,559.0971069335938,547.82373046875,613.3478393554688
39,2.0,55.0,474.8677062988281,559.3428955078125,549.9844360351562,613.5963134765625
40,2.0,55.0,475.1929016113281,559.6777954101562,551.974853515625,614.3785400390625
41,2.0,55.0,476.1244812011719,559.6318969726562,553.3938598632812,615.4541625976562
42,2.0,55.0,477.3711853027344,559.4698486328125,553.0916137695312,615.2106323242188
43,2.0,55.0,478.3165283203125,558.285888671875,553.4971923828125,616.3943481445312
44,2.0,55.0,480.13885498046875,557.8739624023438,553.4905395507812,616.8287963867188
45,2.0,55.0,481.0554504394531,557.3146362304688,555.1782836914062,617.3634033203125
46,2.0,55.0,481.7025451660156,556.9298095703125,555.4581909179688,616.7532958984375
47,2.0,55.0,482.2625427246094,556.7821655273438,558.1033325195312,617.9472045898438
48,2.0,55.0,482.7640686035156,557.3522338867188,561.2269287109375,619.2097778320312
49,2.0,55.0,483.1950988769531,557.046875,563.5667724609375,620.0231323242188
50,2.0,55.0,484.6922912597656,556.4603881835938,563.9993896484375,620.1229248046875
51,2.0,55.0,484.6101989746094,556.3604125976562,566.7640991210938,621.2749633789062
52,2.0,55.0,484.5439147949219,554.0390014648438,568.2850341796875,621.81494140625
53,2.0,55.0,484.8017883300781,554.0789184570312,569.0117797851562,622.1376953125
54,2.0,55.0,485.5052185058594,553.9207763671875,570.0789794921875,622.4785766601562
55,2.0,55.0,486.80926513671875,554.248046875,571.8368530273438,622.4188842773438
56,2.0,55.0,487.76116943359375,553.1100463867188,572.8187866210938,622.7000732421875
57,2.0,55.0,488.37310791015625,552.798583984375,574.92822265625,623.1847534179688
58,2.0,55.0,489.2101135253906,552.0858764648438,576.8726196289062,623.4566650390625
59,2.0,55.0,490.1546630859375,551.9190063476562,579.06298828125,623.7769165039062
60,2.0,55.0,491.59637451171875,551.7889404296875,580.6936645507812,624.4158935546875
61,2.0,55.0,492.0623779296875,551.5801391601562,581.7376708984375,624.5428466796875
62,2.0,55.0,492.8333740234375,550.8997192382812,583.8198852539062,625.0096435546875
63,2.0,55.0,493.0465393066406,550.2994384765625,586.7272338867188,625.694580078125
64,2.0,55.0,493.3775634765625,549.900634765625,589.0991821289062,626.6812744140625
65,2.0,55.0,493.4263610839844,549.837646484375,591.6348876953125,627.8158569335938
66,2.0,55.0,493.7164001464844,549.4464111328125,594.8851928710938,629.2142333984375
67,2.0,55.0,494.98712158203125,549.8429565429688,597.0728149414062,630.1630859375
68,2.0,55.0,495.33587646484375,550.2682495117188,598.9580688476562,630.9479370117188
69,2.0,55.0,495.8765869140625,550.846435546875,599.606689453125,632.2874755859375
70,2.0,55.0,497.40826416015625,550.4297485351562,601.2401733398438,632.4613037109375
71,2.0,55.0,500.5477294921875,549.6740112304688,603.3768920898438,632.4121704101562
72,2.0,55.0,502.0713806152344,549.6792602539062,604.8739013671875,632.1710205078125
73,2.0,55.0,502.85333251953125,549.220458984375,607.3699340820312,633.3133544921875
74,2.0,55.0,503.1797790527344,548.8316040039062,609.2797241210938,634.265625
75,2.0,55.0,503.3446044921875,548.75439453125,611.486572265625,635.0059204101562
76,2.0,55.0,504.2052001953125,548.6082763671875,614.5625,635.8417358398438
77,2.0,55.0,504.7608337402344,548.0821533203125,617.3462524414062,638.3546142578125
78,2.0,55.0,504.9141845703125,547.857421875,619.7864990234375,638.4664306640625
79,2.0,55.0,506.0924987792969,547.5588989257812,622.8632202148438,638.9119873046875
80,2.0,55.0,506.52227783203125,547.1068725585938,626.7824096679688,641.0917358398438
81,2.0,55.0,506.94195556640625,546.8034057617188,628.865478515625,642.5396118164062
82,2.0,55.0,509.3459167480469,546.9400634765625,632.1287231445312,642.6867065429688
83,2.0,55.0,511.1756896972656,546.6649780273438,635.6797485351562,643.3450317382812
84,2.0,55.0,513.7889404296875,547.0431518554688,639.536865234375,644.6024169921875
85,2.0,55.0,516.5209350585938,547.270751953125,642.0274047851562,644.5023803710938
86,2.0,55.0,517.916259765625,546.1824340820312,645.7295532226562,645.2785034179688
87,2.0,55.0,519.451904296875,546.3010864257812,650.2485961914062,645.8252563476562
88,2.0,55.0,519.5508422851562,545.6869506835938,653.69677734375,646.48046875
89,2.0,55.0,520.86767578125,545.3770141601562,656.8712158203125,647.5564575195312
90,2.0,55.0,524.2711181640625,545.0411376953125,661.75146484375,648.6634521484375
91,2.0,55.0,526.1832275390625,544.0169677734375,666.9268188476562,649.9785766601562
92,2.0,55.0,526.9274291992188,543.9747314453125,670.2636108398438,652.9583740234375
93,2.0,55.0,526.72314453125,543.3192138671875,674.8129272460938,655.9486083984375
94,2.0,55.0,529.1334228515625,541.7731323242188,679.0291137695312,656.924560546875
95,2.0,55.0,530.2023315429688,540.320068359375,684.2803955078125,659.1090087890625
96,2.0,55.0,530.4963989257812,540.4899291992188,689.5142822265625,661.1598510742188
97,2.0,55.0,533.7410278320312,539.7434692382812,694.5345458984375,661.7900390625
98,2.0,55.0,536.5319213867188,538.2557373046875,698.9481201171875,664.4569702148438
99,2.0,55.0,539.7369995117188,536.6862182617188,704.6875,667.615234375
100,2.0,55.0,543.1995239257812,536.7889404296875,711.1488037109375,669.1390991210938
101,2.0,55.0,544.4080810546875,536.640380859375,718.1071166992188,670.211669921875
102,2.0,55.0,544.6322021484375,535.7385864257812,724.6340942382812,671.4295654296875
103,2.0,55.0,548.5934448242188,534.050537109375,733.0048217773438,673.8455200195312
104,2.0,55.0,549.7405395507812,532.6509399414062,739.8214721679688,676.481201171875
105,2.0,55.0,551.1074829101562,531.8956909179688,747.5563354492188,680.665283203125
106,2.0,55.0,552.915771484375,530.9291381835938,755.9871215820312,683.3536376953125
107,2.0,55.0,554.5662231445312,529.9710693359375,763.3876953125,686.7036743164062
108,2.0,55.0,558.125732421875,528.8264770507812,773.6810302734375,689.6201782226562
109,2.0,55.0,561.8908081054688,527.6419067382812,783.3101196289062,692.4347534179688
110,2.0,55.0,564.459716796875,526.3182373046875,793.878662109375,695.1710815429688
111,2.0,55.0,567.9916381835938,524.9117431640625,805.7003173828125,700.58154296875
112,2.0,55.0,572.4629516601562,524.6309204101562,816.5281372070312,703.5007934570312
113,2.0,55.0,575.8713989257812,523.98583984375,828.8591918945312,707.6689453125
114,2.0,55.0,581.2551879882812,522.6604614257812,841.0274047851562,711.2189331054688
115,2.0,55.0,587.082763671875,521.727783203125,855.9376831054688,714.7516479492188
116,2.0,55.0,592.71337890625,521.0733032226562,870.6077270507812,719.4229736328125
117,2.0,55.0,598.1146240234375,519.6796875,886.7564086914062,722.320068359375
118,2.0,55.0,601.3388061523438,518.3968505859375,903.2523803710938,728.4423828125
119,2.0,55.0,606.5359497070312,516.4156494140625,922.287109375,731.433349609375
120,2.0,55.0,613.9293212890625,513.9917602539062,940.7772827148438,739.3035888671875
121,2.0,55.0,619.8324584960938,510.2092590332031,963.4673461914062,743.94091796875
122,2.0,55.0,625.775390625,506.3550109863281,985.6185913085938,752.008544921875
123,2.0,55.0,633.2669067382812,503.11639404296875,1012.2329711914062,758.5144653320312
124,2.0,55.0,640.9556274414062,500.3156433105469,1038.6864013671875,766.1282958984375
125,2.0,55.0,648.6655883789062,497.7070617675781,1068.9193115234375,777.0659790039062
126,2.0,55.0,657.459716796875,495.2414245605469,1103.31005859375,786.9166870117188
127,2.0,55.0,668.129150390625,491.7693786621094,1138.227783203125,796.4722900390625
128,2.0,55.0,677.3040161132812,487.2696838378906,1178.9803466796875,809.5298461914062
129,2.0,55.0,690.7439575195312,482.70501708984375,1225.412841796875,823.4313354492188
130,2.0,55.0,701.99169921875,476.7160339355469,1274.80419921875,837.0687866210938
131,2.0,55.0,717.0025024414062,471.4269714355469,1333.1881103515625,855.7392578125
132,2.0,55.0,729.8048095703125,465.36651611328125,1398.6131591796875,875.7457885742188
133,2.0,55.0,745.9609985351562,458.2563171386719,1470.0504150390625,898.120361328125
134,2.0,55.0,763.9581298828125,447.56903076171875,1554.2379150390625,924.4860229492188
135,2.0,55.0,782.3627319335938,437.2385559082031,1652.734375,955.590576171875
136,2.0,55.0,805.4750366210938,429.8028869628906,1766.4854736328125,995.1657104492188
137,2.0,55.0,832.16943359375,423.47698974609375,1876.258544921875,1036.4256591796875
138,2.0,55.0,860.7691650390625,410.73748779296875,1920.0,1064.780029296875
139,2.0,55.0,895.8615112304688,394.97900390625,1920.0,1074.6302490234375
140,2.0,55.0,935.4197387695312,381.124755859375,1920.0,1079.812255859375
141,2.0,55.0,980.0748901367188,359.8546447753906,1920.0,1080.0
142,2.0,55.0,1031.447998046875,340.233642578125,1920.0,1079.9971923828125
143,2.0,55.0,1095.6004638671875,313.4352722167969,1920.0,1077.93798828125
144,2.0,55.0,1172.31689453125,271.7677307128906,1920.0,1075.730224609375
145,2.0,55.0,1268.6046142578125,246.4366455078125,1920.0,1075.55126953125
146,2.0,55.0,1387.8018798828125,228.60304260253906,1920.0,1076.044921875
147,2.0,55.0,1545.9154052734375,260.5670471191406,1920.0,1076.73828125
