58,2.0,20.0,275.7060241699219,560.9359741210938,319.96124267578125,596.7132568359375
59,2.0,20.0,276.1660461425781,560.6090698242188,320.991943359375,596.8958740234375
60,2.0,20.0,276.4136657714844,559.3641357421875,322.7478942871094,597.4819946289062
61,2.0,20.0,275.90972900390625,560.1231079101562,324.35687255859375,598.29638671875
62,2.0,20.0,274.93780517578125,561.6802978515625,326.19671630859375,599.4263305664062
63,2.0,20.0,274.65972900390625,561.1724853515625,327.47637939453125,600.031005859375
64,2.0,20.0,275.2765197753906,560.7777099609375,327.0533142089844,599.960693359375
65,2.0,20.0,275.7323303222656,560.1967163085938,327.07342529296875,599.856689453125
66,2.0,20.0,275.7431945800781,560.0360717773438,327.702880859375,599.5475463867188
67,2.0,20.0,275.6829528808594,559.7262573242188,327.8853454589844,599.94140625
68,2.0,20.0,276.33935546875,559.6146240234375,327.3826904296875,600.0687866210938
69,2.0,20.0,276.48052978515625,559.9112548828125,327.49822998046875,599.826904296875
70,2.0,20.0,276.28790283203125,559.4186401367188,329.3075256347656,599.8018188476562
71,2.0,20.0,275.8728332519531,559.0396118164062,330.8867492675781,599.7772827148438
72,2.0,20.0,275.6036376953125,558.709228515625,331.9735107421875,599.8282470703125
73,2.0,20.0,275.527099609375,558.1243286132812,333.2362060546875,600.145263671875
74,2.0,20.0,276.0860290527344,558.168701171875,335.2098388671875,601.4186401367188
75,2.0,20.0,276.51458740234375,556.828125,336.45245361328125,602.3602905273438
76,2.0,20.0,276.8533020019531,557.9674682617188,336.4747619628906,602.8033447265625
77,2.0,20.0,276.88238525390625,557.7459716796875,337.48736572265625,603.0506591796875
78,2.0,20.0,277.5599670410156,557.4201049804688,338.728271484375,603.4581298828125
79,2.0,20.0,278.2493896484375,557.0604858398438,339.1463928222656,603.3158569335938
80,2.0,20.0,278.715087890625,556.8857421875,339.68695068359375,603.6848754882812
81,2.0,20.0,278.43927001953125,555.7190551757812,340.3632507324219,603.712646484375
82,2.0,20.0,278.98291015625,554.3191528320312,340.82965087890625,603.7708129882812
83,2.0,20.0,279.3476867675781,553.656982421875,340.7913513183594,603.9428100585938
84,2.0,20.0,279.7926330566406,552.2450561523438,341.5636291503906,604.9967041015625
85,2.0,20.0,280.41693115234375,552.1405029296875,342.2037353515625,605.058837890625
86,2.0,20.0,280.3416442871094,552.7203369140625,344.31927490234375,605.5161743164062
87,2.0,20.0,280.3620910644531,552.3385009765625,345.17437744140625,605.7199096679688
88,2.0,20.0,280.578125,552.8292846679688,346.9635314941406,606.3912353515625
89,2.0,20.0,282.1963806152344,552.1474609375,348.51593017578125,606.6478271484375
90,2.0,20.0,282.2060852050781,550.3596801757812,349.5899658203125,608.2815551757812
91,2.0,20.0,282.7728271484375,549.6803588867188,350.08001708984375,609.1307983398438
92,2.0,20.0,283.0717468261719,550.1281127929688,351.1879577636719,609.318115234375
93,2.0,20.0,283.3831787109375,551.2421875,352.6170349121094,610.2115478515625
94,2.0,20.0,284.36566162109375,552.0234985351562,353.5206298828125,609.8314819335938
95,2.0,20.0,285.04241943359375,551.4306640625,354.5658264160156,608.8983154296875
96,2.0,20.0,285.55206298828125,551.4849243164062,356.70849609375,608.9929809570312
97,2.0,20.0,285.86126708984375,551.1506958007812,358.9759521484375,610.1776733398438
98,2.0,20.0,285.3049011230469,550.9593505859375,359.8153381347656,611.0914916992188
99,2.0,20.0,285.3057556152344,550.9185180664062,361.8821105957031,611.5758056640625
100,2.0,20.0,285.1574401855469,550.1605834960938,363.2210693359375,612.4918823242188
101,2.0,20.0,286.08831787109375,549.4060668945312,363.80731201171875,612.728515625
102,2.0,20.0,286.6121520996094,549.0752563476562,363.68084716796875,613.9010620117188
103,2.0,20.0,286.5919189453125,549.0272827148438,364.7258605957031,614.3604125976562
104,2.0,20.0,286.7005920410156,548.107421875,366.15203857421875,615.7900390625
105,2.0,20.0,287.3438415527344,548.14892578125,368.0193176269531,616.654296875
106,2.0,20.0,289.17034912109375,548.5620727539062,369.0884704589844,617.633056640625
107,2.0,20.0,289.7699279785156,549.2100830078125,372.8306579589844,618.9909057617188
108,2.0,20.0,289.80767822265625,549.5806274414062,374.0524597167969,620.3145751953125
109,2.0,20.0,289.62420654296875,549.17822265625,375.1634521484375,620.7954711914062
110,2.0,20.0,291.7860107421875,548.414794921875,377.15997314453125,621.4386596679688
111,2.0,20.0,290.86968994140625,546.4177856445312,382.0068664550781,620.7714233398438
112,2.0,20.0,292.4991149902344,545.7742309570312,384.0316162109375,622.4805908203125
113,2.0,20.0,294.85589599609375,545.4736328125,386.5239562988281,622.637451171875
114,2.0,20.0,296.7037048339844,545.4410400390625,389.5435485839844,622.8967895507812
115,2.0,20.0,298.0618591308594,545.8961791992188,391.1971740722656,623.7793579101562
116,2.0,20.0,299.3495788574219,546.3237915039062,392.7764587402344,624.0467529296875
117,2.0,20.0,300.57855224609375,546.3049926757812,395.23809814453125,624.7830810546875
118,2.0,20.0,301.20355224609375,546.207763671875,398.0385437011719,625.43603515625
119,2.0,20.0,301.74432373046875,545.8678588867188,401.15911865234375,627.0197143554688
120,2.0,20.0,302.1155700683594,545.483154296875,402.2131042480469,627.7096557617188
121,2.0,20.0,303.07611083984375,545.0557250976562,406.9247741699219,629.3914184570312
122,2.0,20.0,303.92340087890625,544.4512939453125,411.4468688964844,630.3407592773438
123,2.0,20.0,305.040771484375,542.6486206054688,414.06817626953125,632.1431884765625
124,2.0,20.0,305.9164123535156,541.7111206054688,417.9121398925781,633.7072143554688
125,2.0,20.0,307.9006042480469,541.0148315429688,421.1380615234375,634.9259643554688
126,2.0,20.0,310.2360534667969,539.6268920898438,423.8097839355469,635.02001953125
127,2.0,20.0,311.3822021484375,538.645751953125,427.2738952636719,635.9567260742188
128,2.0,20.0,313.06280517578125,537.49462890625,432.80316162109375,638.3727416992188
129,2.0,20.0,312.7068176269531,536.9683227539062,435.2948303222656,641.5606079101562
130,2.0,20.0,313.424560546875,534.7054443359375,438.6028747558594,643.4177856445312
131,2.0,20.0,316.16082763671875,533.2255859375,442.3224792480469,644.9954833984375
132,2.0,20.0,317.14495849609375,532.8032836914062,446.5148010253906,646.2333984375
133,2.0,20.0,320.6076965332031,532.3467407226562,454.21221923828125,647.2747192382812
134,2.0,20.0,321.7492980957031,531.2767944335938,459.3589172363281,648.7767944335938
135,2.0,20.0,323.2113342285156,530.803955078125,463.7560119628906,649.913818359375
136,2.0,20.0,324.69720458984375,530.4766845703125,471.7533264160156,652.371337890625
137,2.0,20.0,326.4403991699219,530.2886352539062,477.8731994628906,654.3421020507812
138,2.0,20.0,329.2178039550781,530.3446655273438,483.5848388671875,655.798828125
139,2.0,20.0,330.0268249511719,529.4513549804688,488.4786376953125,657.376953125
140,2.0,20.0,332.722900390625,528.3031616210938,494.0792541503906,658.8656005859375
141,2.0,20.0,334.8698425292969,527.1678466796875,501.12982177734375,661.9088745117188
142,2.0,20.0,337.49169921875,526.4816284179688,510.00042724609375,665.201416015625
143,2.0,20.0,340.64007568359375,526.4773559570312,518.5277709960938,667.6482543945312
144,2.0,20.0,343.2903137207031,524.4207763671875,526.9252319335938,668.9883422851562
145,2.0,20.0,344.8618469238281,522.3038940429688,535.3296508789062,671.0007934570312
146,2.0,20.0,346.43865966796875,519.3938598632812,544.2399291992188,672.5399780273438
147,2.0,20.0,348.2080383300781,516.6199340820312,554.6043701171875,674.9171142578125
148,2.0,20.0,352.9226379394531,514.7012939453125,566.0029296875,678.5784912109375
149,2.0,20.0,357.3787841796875,511.81561279296875,577.6002197265625,682.7788696289062
150,2.0,20.0,361.632080078125,509.3150634765625,590.2296752929688,687.0125732421875
151,2.0,20.0,366.3446044921875,506.9388427734375,603.5369262695312,690.8150634765625
152,2.0,20.0,369.85345458984375,503.8565979003906,618.1489868164062,696.7152709960938
153,2.0,20.0,376.28948974609375,502.2503662109375,634.60986328125,701.12890625
154,2.0,20.0,381.04937744140625,499.876708984375,652.3767700195312,705.8163452148438
155,2.0,20.0,385.5101318359375,498.0901184082031,670.91748046875,712.1099853515625
156,2.0,20.0,393.32818603515625,495.3518981933594,690.7388305664062,718.9823608398438
157,2.0,20.0,401.1121826171875,490.2745056152344,714.2894287109375,726.792724609375
158,2.0,20.0,407.4452209472656,487.6507873535156,737.286376953125,733.8170776367188
159,2.0,20.0,415.6637878417969,482.5735778808594,765.3326416015625,744.9802856445312
160,2.0,20.0,424.56488037109375,477.36395263671875,795.8709106445312,753.5270385742188
161,2.0,20.0,434.6593933105469,475.6343078613281,829.3843994140625,765.0429077148438
162,2.0,20.0,442.54559326171875,471.1903076171875,867.6691284179688,777.6465454101562
163,2.0,20.0,452.3912048339844,465.5157775878906,909.4136352539062,793.5780639648438
164,2.0,20.0,464.0683898925781,459.89471435546875,958.5111694335938,809.3621215820312
165,2.0,20.0,475.7505187988281,454.2100524902344,1013.881103515625,827.585693359375
166,2.0,20.0,491.3971862792969,447.593017578125,1079.4683837890625,851.046875
167,2.0,20.0,509.78790283203125,440.79913330078125,1156.2901611328125,875.578857421875
168,2.0,20.0,527.8406982421875,430.0323486328125,1247.464599609375,907.5680541992188
169,2.0,20.0,548.3833618164062,413.6603088378906,1357.4951171875,944.1897583007812
170,2.0,20.0,573.0464477539062,401.2792663574219,1489.2835693359375,992.3935546875
171,2.0,20.0,602.9732055664062,387.47747802734375,1654.593017578125,1042.8858642578125
172,2.0,20.0,636.7872924804688,370.5498046875,1833.295654296875,1065.4166259765625
173,2.0,20.0,663.5844116210938,347.217041015625,1906.5953369140625,1075.180419921875
175,2.0,20.0,787.1028442382812,275.61871337890625,1920.0,1078.1939697265625
176,2.0,20.0,867.28662109375,228.36288452148438,1920.0,1078.5947265625
177,2.0,20.0,972.1802978515625,171.72740173339844,1920.0,1077.715087890625
178,2.0,20.0,1116.8272705078125,114.29554748535156,1920.0,1078.634033203125
179,2.0,20.0,1321.12060546875,99.31999206542969,1920.0,1077.505615234375
