69,2.0,65.0,444.3381652832031,562.2289428710938,504.73272705078125,612.8195190429688
70,2.0,65.0,444.57733154296875,561.9942626953125,506.3929443359375,614.778564453125
71,2.0,65.0,445.0370178222656,564.132080078125,507.9568786621094,616.809814453125
72,2.0,65.0,445.8819274902344,563.2318725585938,509.40911865234375,617.4193115234375
73,2.0,65.0,446.194580078125,562.5951538085938,510.4605712890625,617.6674194335938
74,2.0,65.0,446.8839416503906,562.3740234375,511.3099365234375,617.5267333984375
75,2.0,65.0,447.30694580078125,562.9413452148438,511.691650390625,617.6685180664062
76,2.0,65.0,446.91815185546875,563.013427734375,513.5421752929688,618.0909423828125
77,2.0,65.0,447.2299499511719,562.4659423828125,515.2980346679688,618.6591186523438
78,2.0,65.0,448.0689392089844,563.2916870117188,516.9706420898438,619.5388793945312
79,2.0,65.0,448.4397888183594,563.1964111328125,519.3865966796875,620.1810913085938
80,2.0,65.0,448.8070068359375,562.8973388671875,522.0362548828125,620.7579956054688
81,2.0,65.0,449.434326171875,563.6983032226562,523.4279174804688,621.3574829101562
82,2.0,65.0,450.8476867675781,563.7459716796875,523.6646728515625,621.657470703125
83,2.0,65.0,452.4771728515625,564.8388061523438,524.5340576171875,621.640380859375
84,2.0,65.0,453.2582092285156,564.7618408203125,526.7066040039062,622.1828002929688
85,2.0,65.0,453.80096435546875,564.8466186523438,528.6011962890625,622.537841796875
86,2.0,65.0,454.4251708984375,564.4196166992188,530.8699951171875,623.08740234375
87,2.0,65.0,455.3923645019531,563.8790283203125,532.5721435546875,623.7545166015625
89,2.0,65.0,457.73504638671875,563.7357177734375,536.3919677734375,624.8614501953125
90,2.0,65.0,458.37579345703125,564.1978149414062,539.468505859375,625.046875
91,2.0,65.0,458.7210998535156,564.0958862304688,541.7648315429688,625.9276123046875
92,2.0,65.0,458.6838073730469,563.733154296875,543.808837890625,627.3550415039062
93,2.0,65.0,458.8324279785156,562.826171875,545.2510375976562,630.265625
94,2.0,65.0,460.33837890625,562.1151123046875,546.9220581054688,629.7333374023438
95,2.0,65.0,461.8138732910156,562.28125,549.14111328125,630.8056640625
96,2.0,65.0,464.22723388671875,562.609375,552.739013671875,631.8697509765625
97,2.0,65.0,465.5930480957031,562.5531005859375,555.9649658203125,632.6668701171875
98,2.0,65.0,467.4346008300781,561.515869140625,558.8523559570312,634.1808471679688
99,2.0,65.0,469.05615234375,560.7421264648438,561.6699829101562,635.1085815429688
100,2.0,65.0,469.7108154296875,560.3346557617188,564.6686401367188,635.7742309570312
101,2.0,65.0,470.39007568359375,560.2926635742188,568.7610473632812,638.2525634765625
102,2.0,65.0,471.4966125488281,559.6447143554688,572.2349853515625,639.4576416015625
103,2.0,65.0,471.0843811035156,558.47900390625,574.3237915039062,640.016357421875
104,2.0,65.0,472.95330810546875,558.0713500976562,577.932373046875,640.7716674804688
105,2.0,65.0,475.42376708984375,557.9676513671875,580.2957153320312,642.091796875
106,2.0,65.0,477.6198425292969,558.0733032226562,585.2929077148438,643.6806640625
107,2.0,65.0,480.9213562011719,558.1500854492188,588.688720703125,645.681396484375
108,2.0,65.0,481.9005432128906,557.2720947265625,592.29443359375,646.2952270507812
109,2.0,65.0,482.37335205078125,556.2193603515625,596.5599975585938,647.15771484375
110,2.0,65.0,482.5654296875,555.1560668945312,602.199462890625,647.4718627929688
111,2.0,65.0,483.8790283203125,554.595458984375,606.5637817382812,647.8529052734375
112,2.0,65.0,484.80828857421875,554.16357421875,611.2723999023438,649.282958984375
113,2.0,65.0,487.5355224609375,553.6327514648438,615.6087036132812,649.7966918945312
114,2.0,65.0,491.1021423339844,553.25341796875,620.93115234375,651.5034790039062
115,2.0,65.0,494.1274108886719,552.095458984375,626.7880859375,652.7136840820312
116,2.0,65.0,496.32135009765625,551.6981201171875,630.9383544921875,655.974853515625
117,2.0,65.0,499.57061767578125,551.083984375,637.8494873046875,657.1410522460938
118,2.0,65.0,501.5881652832031,550.19384765625,644.4915771484375,658.4531860351562
119,2.0,65.0,503.3226623535156,549.41162109375,651.6113891601562,660.795654296875
120,2.0,65.0,505.8404541015625,549.0623168945312,658.3796997070312,665.599853515625
121,2.0,65.0,506.63671875,547.1571655273438,665.17333984375,668.961669921875
122,2.0,65.0,510.5164794921875,546.6283569335938,671.5792236328125,671.347900390625
124,2.0,65.0,520.2097778320312,543.2514038085938,689.6686401367188,674.8471069335938
125,2.0,65.0,520.9575805664062,541.3086547851562,698.830078125,677.6893920898438
126,2.0,65.0,523.8636474609375,541.6168212890625,709.3821411132812,681.4545288085938
127,2.0,65.0,526.9395141601562,541.75,720.1326293945312,686.3272705078125
128,2.0,65.0,531.3968505859375,540.3258666992188,731.132080078125,690.71728515625
129,2.0,65.0,534.6429443359375,538.107666015625,742.7840576171875,693.77734375
130,2.0,65.0,538.5794677734375,536.8462524414062,755.8865356445312,699.324462890625
131,2.0,65.0,544.0933837890625,536.2097778320312,769.7423095703125,703.2938232421875
132,2.0,65.0,550.1837768554688,535.2459716796875,785.4677734375,705.7713012695312
133,2.0,65.0,555.0362548828125,533.2420043945312,801.7058715820312,712.2113037109375
134,2.0,65.0,561.0399169921875,530.5258178710938,818.498046875,718.2181396484375
135,2.0,65.0,567.5577392578125,528.9082641601562,838.9229125976562,724.0149536132812
136,2.0,65.0,574.0938720703125,526.6729125976562,860.2070922851562,730.0576782226562
137,2.0,65.0,581.6876831054688,524.6448364257812,885.8095703125,737.3084106445312
138,2.0,65.0,590.0760498046875,522.2162475585938,911.7402954101562,743.5919799804688
139,2.0,65.0,598.2459106445312,519.4764404296875,939.7293701171875,752.0808715820312
140,2.0,65.0,608.161376953125,515.4332275390625,972.2515869140625,759.1075439453125
141,2.0,65.0,620.4557495117188,510.35797119140625,1009.0191650390625,772.8824462890625
142,2.0,65.0,630.112060546875,504.9312744140625,1052.2801513671875,786.227294921875
143,2.0,65.0,643.4783325195312,498.83868408203125,1099.0689697265625,800.7013549804688
144,2.0,65.0,655.77197265625,493.9421081542969,1151.5555419921875,816.7744750976562
145,2.0,65.0,671.319580078125,487.3970031738281,1215.5330810546875,833.7487182617188
146,2.0,65.0,690.8796997070312,479.7052001953125,1289.12255859375,856.6295776367188
147,2.0,65.0,711.7184448242188,471.76641845703125,1377.5941162109375,884.079345703125
148,2.0,65.0,734.3825073242188,461.38623046875,1485.2210693359375,917.7687377929688
149,2.0,65.0,762.0928344726562,447.8736877441406,1617.7989501953125,959.82275390625
150,2.0,65.0,792.6182861328125,437.6226806640625,1771.235595703125,1011.8171997070312
151,2.0,65.0,831.4437255859375,424.42913818359375,1878.45361328125,1052.694091796875
152,2.0,65.0,876.933837890625,405.3262023925781,1920.0,1071.285888671875
153,2.0,65.0,932.9032592773438,383.332275390625,1920.0,1080.0
154,2.0,65.0,1002.2070922851562,355.40130615234375,1920.0,1080.0
155,2.0,65.0,1089.6219482421875,312.8821105957031,1920.0,1078.2972412109375
156,2.0,65.0,1204.9134521484375,271.3956298828125,1920.0,1077.733154296875
157,2.0,65.0,1366.35400390625,250.96588134765625,1920.0,1078.6456298828125
