60,66,384.5679931640625,388.7521057128906,427.8407287597656,421.54638671875
61,66,384.7301025390625,388.5643310546875,428.9267883300781,420.8794250488281
62,66,385.6181335449219,388.25958251953125,430.21142578125,420.4028015136719
63,66,386.4905090332031,388.5074462890625,431.659912109375,420.56817626953125
64,66,387.3379821777344,389.62860107421875,432.8728942871094,421.5103454589844
65,66,388.1789245605469,389.7995300292969,434.1490173339844,423.35858154296875
66,66,388.85772705078125,390.4163513183594,435.2506103515625,424.3344421386719
67,66,389.28765869140625,390.7948303222656,436.5874938964844,425.2983703613281
68,66,389.7237243652344,390.76763916015625,438.3997497558594,425.7289733886719
69,66,390.8978576660156,392.272216796875,438.3326110839844,425.78533935546875
70,66,390.9652099609375,390.72528076171875,440.7557067871094,426.3977966308594
71,66,392.594970703125,391.6463623046875,440.60394287109375,426.1260070800781
72,66,393.5518798828125,390.9326477050781,441.97247314453125,426.2552185058594
73,66,394.3271484375,389.74359130859375,444.9162902832031,425.3252868652344
74,66,396.1366271972656,389.7533874511719,448.1003723144531,425.6814880371094
75,66,396.6164245605469,389.6019287109375,449.6570129394531,426.5601806640625
76,66,397.5425109863281,392.7906799316406,450.4733581542969,427.36773681640625
77,66,398.159912109375,392.87548828125,451.9332275390625,428.2261962890625
78,66,398.3656311035156,392.1524963378906,453.47418212890625,428.216064453125
79,66,399.12042236328125,390.5468444824219,455.3601379394531,428.03900146484375
80,66,400.13751220703125,390.27490234375,458.3406066894531,428.905029296875
81,66,400.4933776855469,388.2665100097656,460.58538818359375,430.70721435546875
82,66,401.5521545410156,388.86956787109375,462.498291015625,431.3186340332031
83,66,402.42303466796875,387.3509521484375,464.05364990234375,431.3921813964844
84,66,403.5103454589844,387.0640563964844,465.313720703125,430.6296691894531
85,66,405.27166748046875,386.9907531738281,467.7729187011719,430.57806396484375
86,66,407.3427429199219,386.08099365234375,469.5750732421875,431.8585205078125
87,66,407.9122619628906,388.96893310546875,472.39630126953125,433.59710693359375
88,66,409.4737854003906,388.4751892089844,474.9329528808594,434.2797546386719
89,66,410.0176086425781,388.0050048828125,478.1079406738281,434.8306884765625
90,66,411.1031494140625,385.730224609375,480.93292236328125,435.1531677246094
91,66,410.8580322265625,383.9490966796875,485.016357421875,437.4610595703125
92,66,412.70135498046875,382.86151123046875,488.7201843261719,438.9711608886719
93,66,413.5601806640625,381.6915588378906,491.19305419921875,439.5563659667969
94,66,415.8305358886719,380.0314025878906,492.65667724609375,439.19451904296875
95,66,418.75543212890625,380.915771484375,494.6058349609375,439.6357421875
96,66,419.6532287597656,380.56036376953125,496.6378479003906,441.2619323730469
97,66,420.9226989746094,379.5146789550781,499.62017822265625,442.3246154785156
98,66,422.3187255859375,378.4466857910156,502.1842346191406,442.3584899902344
99,66,424.57666015625,379.3976745605469,506.3740539550781,442.6849365234375
100,66,427.6114501953125,378.4156188964844,508.84185791015625,443.0708923339844
101,66,431.07830810546875,378.6292419433594,513.6082763671875,444.3702087402344
102,66,432.5771789550781,378.7084655761719,517.9623413085938,445.72412109375
103,66,433.979248046875,378.1031799316406,521.6474609375,447.30975341796875
104,66,435.563720703125,377.2476501464844,527.1862182617188,451.2444152832031
105,66,437.8143005371094,376.8719482421875,533.0755004882812,452.5084228515625
106,66,440.616943359375,377.3553466796875,537.8410034179688,453.2733154296875
107,66,443.7987976074219,377.23382568359375,541.5432739257812,453.658447265625
108,66,446.1785888671875,377.36956787109375,547.3046264648438,453.60125732421875
109,66,449.6492919921875,377.5860900878906,551.9583129882812,455.3689880371094
110,66,453.1416931152344,377.9398498535156,557.8717651367188,456.9736328125
111,66,455.8776550292969,377.6994323730469,563.548828125,459.43280029296875
112,66,458.1077575683594,377.50933837890625,570.718994140625,461.4903564453125
113,66,460.4316711425781,376.2352294921875,576.2837524414062,465.05535888671875
114,66,463.7362060546875,376.60260009765625,584.4063110351562,466.7661437988281
115,66,467.24249267578125,376.65966796875,594.7169189453125,468.5422058105469
116,66,469.6225280761719,376.3882141113281,600.1170654296875,470.72705078125
117,66,474.3358154296875,376.914794921875,607.8994750976562,473.97344970703125
118,66,478.96612548828125,377.0546569824219,618.71337890625,477.1746520996094
119,66,483.9870910644531,376.19403076171875,627.26123046875,479.2531433105469
120,66,489.853759765625,374.55633544921875,637.3084106445312,480.75177001953125
121,66,493.5512390136719,375.0218505859375,648.1060180664062,485.15679931640625
122,66,499.0654602050781,374.5472106933594,660.809326171875,488.7587585449219
123,66,505.5426330566406,372.2008972167969,672.78515625,491.36077880859375
124,66,511.5235595703125,370.585205078125,686.034423828125,495.2608337402344
125,66,518.5134887695312,368.7479553222656,700.8199462890625,497.85821533203125
126,66,526.0421142578125,367.6645812988281,717.047607421875,503.62640380859375
127,66,534.7235717773438,366.88970947265625,735.5282592773438,509.22412109375
128,66,544.7581176757812,364.8388977050781,755.1795654296875,514.9295654296875
129,66,552.4219970703125,363.56756591796875,776.5983276367188,522.9885864257812
130,66,563.0133666992188,361.4327087402344,799.7042846679688,528.828369140625
131,66,573.8934326171875,360.1205749511719,825.962158203125,536.3607177734375
132,66,586.6197509765625,359.4248352050781,856.9548950195312,544.8726806640625
133,66,600.3530883789062,358.308349609375,890.707763671875,556.9434204101562
134,66,615.1372680664062,356.2617492675781,928.8777465820312,565.7283325195312
135,66,631.3350219726562,354.3783264160156,974.3851928710938,576.9202880859375
136,66,649.590576171875,352.29376220703125,1024.9268798828125,592.427001953125
137,66,669.5453491210938,348.6960144042969,1083.991455078125,609.49658203125
138,66,694.271240234375,346.1356201171875,1154.080810546875,627.730224609375
139,66,722.104736328125,343.2506408691406,1240.03662109375,652.581298828125
140,66,754.6779174804688,339.8043518066406,1341.1295166015625,684.6555786132812
141,66,793.1624145507812,332.9957580566406,1466.57666015625,720.6468505859375
142,66,839.234130859375,323.7258605957031,1626.19287109375,768.6050415039062
143,66,895.8895874023438,315.2051696777344,1818.050048828125,837.1109008789062
144,66,967.9586181640625,302.3227844238281,1899.2510986328125,930.6871948242188
145,66,1062.3865966796875,289.8188171386719,1920.0,1020.8772583007812
146,66,1186.735107421875,270.8396301269531,1920.0,1014.1920166015625
147,66,1363.2203369140625,260.9803466796875,1920.0,1006.5516967773438
148,66,1631.880615234375,334.55657958984375,1920.0,1052.642822265625
