2,46,293.7135314941406,363.01226806640625,339.5844421386719,395.42572021484375
3,46,293.55291748046875,363.086181640625,339.4720458984375,395.3320007324219
4,46,294.154541015625,363.6812744140625,339.78369140625,395.5235595703125
5,46,294.3374328613281,363.6749267578125,340.21124267578125,396.260498046875
6,46,294.4746398925781,363.8285217285156,340.3657531738281,396.77545166015625
7,46,294.9787292480469,362.7005615234375,340.8576354980469,396.5586853027344
8,46,295.1842956542969,361.7683410644531,340.6821594238281,396.42742919921875
9,46,295.0374755859375,360.93438720703125,340.91839599609375,396.22625732421875
10,46,295.2230529785156,361.2966003417969,341.4169616699219,396.59393310546875
11,46,295.33392333984375,361.60040283203125,342.0999450683594,396.7418518066406
12,46,295.6118469238281,361.70037841796875,343.2715148925781,396.6218566894531
13,46,296.91314697265625,360.85333251953125,344.4186096191406,396.9345703125
14,46,297.0122375488281,360.4564514160156,344.7273254394531,397.18115234375
15,46,297.3436584472656,360.6337585449219,345.1792297363281,397.0502014160156
16,46,297.47467041015625,360.1986083984375,345.9874267578125,397.19195556640625
17,46,298.34869384765625,360.7320861816406,346.6720275878906,397.4617004394531
18,46,298.348876953125,360.43115234375,347.026123046875,397.6313781738281
19,46,298.2049560546875,360.8238830566406,348.17498779296875,398.0923767089844
20,46,297.92144775390625,360.5256652832031,349.1047668457031,398.7913513183594
21,46,298.186279296875,359.6680908203125,349.4926452636719,399.4182434082031
22,46,298.578369140625,360.5996398925781,350.8128662109375,399.767333984375
23,46,299.00146484375,361.8109130859375,352.5130920410156,400.3714904785156
24,46,299.179443359375,361.12615966796875,353.5145568847656,400.8164978027344
25,46,299.3899230957031,359.1588134765625,354.4033508300781,400.8723449707031
26,46,299.77789306640625,357.796142578125,355.5361633300781,401.20599365234375
27,46,300.3721008300781,357.8675537109375,356.5804443359375,402.400634765625
28,46,300.9991760253906,358.2923278808594,357.4416198730469,402.3570861816406
29,46,301.35040283203125,358.50274658203125,358.1534118652344,402.4945983886719
30,46,301.8136291503906,358.2281799316406,359.8152770996094,402.87164306640625
31,46,302.5491943359375,357.6460876464844,360.9756164550781,403.3662109375
32,46,303.4881591796875,357.9369201660156,361.6495361328125,403.9338073730469
33,46,304.18048095703125,358.825927734375,363.16070556640625,404.62078857421875
34,46,305.1723937988281,359.40167236328125,363.99755859375,404.809326171875
35,46,306.0933532714844,359.0008239746094,364.3214416503906,404.7893981933594
36,46,306.3688659667969,358.8520812988281,365.9774475097656,405.0880126953125
37,46,306.53173828125,358.7134704589844,366.5071716308594,405.5000915527344
38,46,307.1961669921875,358.4247741699219,367.10992431640625,405.87371826171875
39,46,307.6339111328125,358.3255615234375,367.6891174316406,405.9455871582031
40,46,307.2768859863281,357.7868347167969,367.7253112792969,405.4931640625
41,46,307.19891357421875,357.42779541015625,370.3894348144531,405.1279602050781
42,46,308.2023620605469,357.37322998046875,371.8113098144531,405.4877624511719
43,46,309.412841796875,357.5875244140625,373.2432556152344,406.1619873046875
44,46,309.7335205078125,357.80303955078125,374.2894592285156,407.2320251464844
45,46,309.3374938964844,357.8359069824219,375.093994140625,408.0592956542969
46,46,309.0177001953125,357.7610778808594,375.3706970214844,408.5188293457031
47,46,309.6542053222656,357.7260437011719,375.85107421875,408.75433349609375
48,46,310.30181884765625,357.4621887207031,377.1671447753906,409.18597412109375
49,46,311.0196533203125,357.5861511230469,378.3624572753906,409.2034912109375
50,46,310.7640380859375,356.9225769042969,380.13897705078125,409.62188720703125
51,46,311.19122314453125,356.45648193359375,381.95806884765625,410.5009765625
52,46,312.0210266113281,356.4134826660156,383.570068359375,410.9375915527344
53,46,312.2917785644531,356.26904296875,385.5024108886719,411.93670654296875
54,46,312.521240234375,356.6277770996094,387.3727111816406,412.85589599609375
55,46,313.9983215332031,356.67584228515625,388.2031555175781,413.4583435058594
56,46,314.95977783203125,356.526123046875,389.9730224609375,413.6687316894531
57,46,315.45751953125,356.47503662109375,392.57171630859375,413.6962890625
58,46,315.9174499511719,356.3874816894531,393.87493896484375,414.6453552246094
59,46,317.01190185546875,356.0986633300781,395.5426330566406,415.0662841796875
60,46,317.75152587890625,355.29071044921875,396.7976379394531,415.2043151855469
61,46,319.1515808105469,354.52392578125,399.07208251953125,415.7884826660156
62,46,320.7680969238281,354.5693359375,399.9627990722656,415.7222595214844
63,46,319.663330078125,354.6127014160156,400.7690124511719,416.5586853027344
64,46,320.6872253417969,354.2002868652344,402.0874328613281,417.64849853515625
65,46,322.1363830566406,353.69866943359375,404.73565673828125,418.2167663574219
66,46,323.8840026855469,353.325927734375,407.66741943359375,418.31182861328125
67,46,325.4130859375,353.14678955078125,410.1354675292969,418.3862609863281
68,46,325.8805236816406,353.88006591796875,412.23370361328125,418.85345458984375
69,46,326.7421875,353.6634216308594,413.9288330078125,419.4297790527344
70,46,328.71868896484375,353.9594421386719,416.3418273925781,419.6985778808594
71,46,331.10858154296875,353.3177185058594,419.25042724609375,421.742431640625
72,46,331.8484191894531,352.406494140625,421.8382568359375,424.3662109375
73,46,333.7723083496094,352.04443359375,424.41900634765625,425.4190673828125
74,46,336.57916259765625,352.31585693359375,425.3770446777344,426.4722900390625
75,46,337.4729919433594,352.9739685058594,428.5220947265625,427.2926330566406
76,46,338.0283203125,352.4509582519531,431.8524169921875,428.1891784667969
77,46,337.8412780761719,351.8865051269531,435.25640869140625,429.39886474609375
78,46,337.9246826171875,351.70037841796875,438.3904724121094,430.3423156738281
79,46,339.7670593261719,352.53466796875,442.368896484375,430.96624755859375
80,46,341.6167907714844,352.3330078125,444.9170227050781,431.2364807128906
81,46,342.2591857910156,351.81695556640625,448.6779479980469,431.4574279785156
82,46,345.1462707519531,350.8221130371094,451.1050109863281,432.04052734375
83,46,346.79864501953125,350.41131591796875,454.7364501953125,433.1959533691406
84,46,348.454833984375,349.8211975097656,459.9997863769531,433.69940185546875
85,46,349.2720642089844,349.2854919433594,463.2835693359375,435.7422790527344
86,46,350.5390319824219,349.0843811035156,467.5301513671875,437.2212829589844
87,46,351.8049011230469,348.4299011230469,472.8357238769531,438.6664733886719
88,46,352.9620056152344,347.8746032714844,476.80047607421875,440.3424377441406
89,46,354.0222473144531,348.21331787109375,479.82861328125,441.271484375
90,46,356.5079040527344,347.0357971191406,485.0322265625,441.7173156738281
91,46,359.14263916015625,346.19354248046875,489.19000244140625,442.6494445800781
92,46,360.9161376953125,345.82867431640625,494.72076416015625,444.2457580566406
93,46,362.98504638671875,344.9000549316406,500.0302734375,447.0492858886719
94,46,364.3565673828125,343.36651611328125,505.36090087890625,447.4716796875
95,46,370.0423278808594,341.7279357910156,510.74578857421875,450.028076171875
96,46,372.53753662109375,341.5754699707031,515.98291015625,452.5418395996094
97,46,373.6124572753906,341.31488037109375,521.3482666015625,453.9324645996094
98,46,374.1783142089844,341.1893005371094,529.15234375,455.7281188964844
99,46,376.756103515625,340.6533203125,535.3889770507812,456.8148498535156
100,46,380.1058349609375,340.3428039550781,542.2332763671875,459.59857177734375
101,46,384.1265563964844,339.6634521484375,549.654052734375,462.3443908691406
102,46,389.1540832519531,338.5812072753906,558.6021728515625,465.2105712890625
103,46,393.33990478515625,337.6523132324219,567.7720336914062,466.2148132324219
104,46,396.33380126953125,336.85040283203125,576.416015625,469.1366271972656
105,46,399.65081787109375,336.1762390136719,585.4843139648438,471.2030944824219
106,46,404.6042785644531,336.31561279296875,594.9629516601562,473.87408447265625
107,46,408.7605285644531,336.28045654296875,605.6504516601562,475.6061096191406
108,46,413.515869140625,336.6199645996094,616.9327392578125,477.63671875
109,46,417.63671875,334.5077819824219,629.2303466796875,480.69158935546875
110,46,422.478515625,332.2732849121094,642.095947265625,484.50457763671875
111,46,428.58740234375,330.7646179199219,655.7648315429688,488.7512512207031
112,46,433.9175109863281,330.02191162109375,670.0292358398438,492.3003845214844
113,46,440.8972473144531,328.25006103515625,685.6087646484375,495.6095275878906
114,46,448.99188232421875,326.3267822265625,703.2745361328125,500.8815002441406
115,46,453.9070739746094,323.82574462890625,722.88818359375,507.6604919433594
116,46,462.02716064453125,323.411376953125,741.8972778320312,513.2581176757812
117,46,468.552490234375,320.2773742675781,761.9028930664062,520.25
118,46,477.9393005371094,317.8429870605469,785.8857421875,525.8425903320312
119,46,488.5168762207031,316.09735107421875,810.2550048828125,531.4677734375
120,46,497.89630126953125,313.0996398925781,838.6608276367188,540.5181274414062
121,46,508.42431640625,311.10931396484375,870.2337036132812,547.6011352539062
122,46,518.1817626953125,308.28466796875,903.5092163085938,557.3408813476562
123,46,530.326904296875,307.3377990722656,939.8346557617188,567.7898559570312
124,46,545.182861328125,307.278076171875,982.1438598632812,580.5722045898438
125,46,559.4594116210938,304.82965087890625,1029.0308837890625,594.2750244140625
126,46,575.9019165039062,300.8556213378906,1080.8843994140625,611.5380249023438
127,46,593.9241333007812,295.8247375488281,1139.2213134765625,627.8377075195312
128,46,615.574951171875,291.83001708984375,1206.110107421875,647.431640625
129,46,637.8161010742188,286.35565185546875,1283.7086181640625,671.7947387695312
130,46,663.4100952148438,279.41851806640625,1374.6907958984375,699.03466796875
131,46,689.8698120117188,272.0256042480469,1483.65380859375,733.0455932617188
132,46,720.4692993164062,262.882080078125,1609.5379638671875,773.8554077148438
133,46,758.2841186523438,253.0961456298828,1757.5670166015625,824.8438720703125
134,46,802.1387329101562,240.6280517578125,1874.68896484375,889.1215209960938
135,46,852.51611328125,233.2823944091797,1920.0,977.47607421875
136,46,916.9313354492188,217.50181579589844,1920.0,1041.715576171875
137,46,992.41943359375,200.90426635742188,1920.0,1055.7764892578125
138,46,1088.9686279296875,183.85296630859375,1920.0,1047.7181396484375
139,46,1206.2352294921875,162.20785522460938,1920.0,1043.7987060546875
140,46,1364.1767578125,164.7177734375,1920.0,1050.8995361328125
141,46,1578.130859375,189.37278747558594,1920.0,1076.5665283203125
