128,2.0,36.0,459.7892150878906,418.1329345703125,529.6350708007812,472.55682373046875
129,2.0,36.0,460.51251220703125,416.7486877441406,531.3487548828125,474.6134033203125
130,2.0,36.0,460.2775573730469,417.3834228515625,533.8880004882812,475.41107177734375
131,2.0,36.0,461.79815673828125,417.1432189941406,536.1896362304688,476.0513916015625
132,2.0,36.0,464.0704345703125,416.3894348144531,539.3578491210938,475.9836120605469
133,2.0,36.0,465.616455078125,415.7956848144531,541.6387329101562,475.734130859375
134,2.0,36.0,466.5821228027344,415.2828369140625,542.4953002929688,476.2890319824219
135,2.0,36.0,468.2886657714844,415.6186218261719,544.5931396484375,476.43328857421875
136,2.0,36.0,470.24481201171875,415.25421142578125,548.5512084960938,476.6823425292969
137,2.0,36.0,472.85162353515625,415.2547607421875,552.8487548828125,477.30145263671875
138,2.0,36.0,479.3421325683594,415.9955139160156,555.9898681640625,476.9506530761719
139,2.0,36.0,479.9493408203125,414.7021789550781,560.5143432617188,478.26092529296875
140,2.0,36.0,479.99700927734375,414.37298583984375,563.6952514648438,478.7529296875
141,2.0,36.0,480.95355224609375,413.190673828125,567.1038818359375,479.8246765136719
142,2.0,36.0,481.4045715332031,412.0728759765625,568.7476196289062,481.31396484375
143,2.0,36.0,483.8027038574219,412.5865478515625,572.6227416992188,481.97735595703125
144,2.0,36.0,489.0641174316406,411.0587463378906,577.8018798828125,482.1614074707031
145,2.0,36.0,491.6218566894531,410.4276123046875,581.8613891601562,483.8042907714844
146,2.0,36.0,495.7178955078125,410.9440002441406,585.9329223632812,484.70068359375
147,2.0,36.0,496.486083984375,410.60626220703125,591.862548828125,487.3073425292969
148,2.0,36.0,498.15228271484375,410.0172119140625,596.8156127929688,490.16693115234375
149,2.0,36.0,500.5191650390625,409.8013610839844,601.6646118164062,490.9606628417969
150,2.0,36.0,503.7170104980469,409.03265380859375,607.212158203125,492.25146484375
151,2.0,36.0,506.471923828125,408.4626159667969,613.7666625976562,493.95220947265625
152,2.0,36.0,508.90850830078125,407.1343688964844,618.9563598632812,496.6363220214844
153,2.0,36.0,510.3468322753906,406.64794921875,625.9249877929688,498.11236572265625
154,2.0,36.0,515.07958984375,405.75714111328125,631.8360595703125,499.43231201171875
155,2.0,36.0,518.8068237304688,405.2302551269531,638.5850219726562,501.380126953125
156,2.0,36.0,521.4404296875,403.7637939453125,645.51025390625,502.3311462402344
157,2.0,36.0,526.5267944335938,404.5135803222656,654.3779296875,504.2676086425781
158,2.0,36.0,529.871337890625,403.949462890625,662.9552612304688,507.3915100097656
159,2.0,36.0,532.410400390625,402.9625549316406,673.36962890625,510.6580505371094
160,2.0,36.0,537.9096069335938,402.3081970214844,681.7208862304688,513.188720703125
161,2.0,36.0,542.761962890625,401.6895751953125,690.3355712890625,515.9769287109375
162,2.0,36.0,547.842529296875,401.5304260253906,701.2374877929688,518.7709350585938
163,2.0,36.0,551.3772583007812,400.23114013671875,711.6710815429688,520.7411499023438
164,2.0,36.0,557.6998901367188,398.1207275390625,724.02587890625,523.5674438476562
165,2.0,36.0,563.7626342773438,396.0683898925781,736.8167114257812,526.6436767578125
166,2.0,36.0,569.8920288085938,394.1309509277344,750.9857788085938,529.6791381835938
167,2.0,36.0,575.2239990234375,390.49273681640625,767.3780517578125,533.9056396484375
168,2.0,36.0,583.812255859375,388.244384765625,784.927490234375,539.498046875
169,2.0,36.0,592.9853515625,387.2623291015625,802.7802124023438,542.91162109375
170,2.0,36.0,599.8076171875,385.3364562988281,823.8508911132812,547.664306640625
171,2.0,36.0,610.0224609375,382.72308349609375,846.3226318359375,552.2277221679688
172,2.0,36.0,619.8955078125,380.9404602050781,870.7440795898438,559.3257446289062
173,2.0,36.0,632.2236938476562,378.60760498046875,897.4193115234375,566.2432861328125
174,2.0,36.0,642.55517578125,375.81494140625,927.5491333007812,572.94091796875
175,2.0,36.0,654.30224609375,372.7822265625,962.2798461914062,580.8240966796875
176,2.0,36.0,668.0599365234375,368.9080810546875,1001.0801391601562,593.3710327148438
177,2.0,36.0,684.9196166992188,365.5474548339844,1046.5152587890625,607.164794921875
178,2.0,36.0,702.3539428710938,362.4615783691406,1098.3634033203125,620.5199584960938
179,2.0,36.0,723.0867919921875,358.28387451171875,1158.412109375,633.5845947265625
180,2.0,36.0,747.1234741210938,352.77581787109375,1228.9388427734375,653.4851684570312
181,2.0,36.0,773.6096801757812,346.0673522949219,1313.726806640625,677.1477661132812
182,2.0,36.0,805.6967163085938,341.66644287109375,1416.5906982421875,708.0742797851562
183,2.0,36.0,843.0158081054688,330.1357727050781,1543.3841552734375,742.1826171875
184,2.0,36.0,886.9050903320312,315.9263000488281,1702.085205078125,788.2164916992188
185,2.0,36.0,940.28759765625,301.7069396972656,1849.0867919921875,851.6910400390625
186,2.0,36.0,1006.7797241210938,289.3238830566406,1910.65087890625,933.9285278320312
187,2.0,36.0,1094.266845703125,268.84661865234375,1920.0,1013.9760131835938
188,2.0,36.0,1207.826904296875,243.63092041015625,1920.0,984.7059326171875
189,2.0,36.0,1361.81494140625,214.00209045410156,1920.0,977.949951171875
190,2.0,36.0,1584.3758544921875,218.23074340820312,1920.0,1035.1051025390625
