61,67,385.8988342285156,392.1121826171875,429.237060546875,422.0186462402344
62,67,385.8844909667969,391.54010009765625,430.4984436035156,422.3594665527344
63,67,386.4138488769531,391.188720703125,431.8489990234375,423.6015319824219
64,67,387.1539001464844,391.005615234375,432.41253662109375,424.4872741699219
65,67,387.5028991699219,391.787841796875,433.7601013183594,425.73980712890625
66,67,388.0662841796875,392.3540344238281,435.1615295410156,426.332275390625
67,67,388.9482727050781,392.48809814453125,436.0563049316406,426.0907897949219
68,67,390.8560791015625,394.22802734375,437.52374267578125,425.03851318359375
69,67,393.19183349609375,394.642578125,438.3778076171875,424.9992980957031
70,67,393.6130676269531,393.79107666015625,439.86529541015625,426.0510559082031
71,67,394.1316833496094,391.90533447265625,440.65570068359375,426.19671630859375
72,67,394.75592041015625,391.08935546875,442.4208679199219,426.71466064453125
73,67,395.3675537109375,391.38385009765625,446.1345520019531,427.552001953125
74,67,395.8611755371094,389.5917663574219,449.1847839355469,428.5714111328125
75,67,396.2955017089844,388.643798828125,450.7434387207031,428.37969970703125
76,67,397.8190002441406,390.4280090332031,451.74560546875,427.7983703613281
77,67,399.3341979980469,390.72662353515625,452.8179931640625,427.31658935546875
78,67,399.15582275390625,389.4743347167969,455.84710693359375,428.9662170410156
79,67,399.421630859375,389.07928466796875,458.2198486328125,431.24456787109375
80,67,399.539794921875,388.24603271484375,460.677490234375,432.515380859375
81,67,400.0448303222656,387.99322509765625,462.05914306640625,432.3204345703125
82,67,400.781494140625,387.5587158203125,463.05523681640625,431.91876220703125
83,67,402.2723388671875,386.4546813964844,464.7521057128906,432.2595520019531
84,67,403.3835144042969,385.09326171875,467.6194152832031,434.02850341796875
85,67,405.0992126464844,384.35406494140625,469.408935546875,434.67291259765625
86,67,405.7358703613281,386.40570068359375,471.6895751953125,434.5376281738281
87,67,406.91650390625,389.9836120605469,474.3551330566406,435.0989685058594
88,67,408.07379150390625,389.3044738769531,477.4626770019531,435.7052307128906
89,67,409.4220886230469,388.56414794921875,480.138427734375,437.25164794921875
90,67,410.6097106933594,386.3029479980469,484.1478271484375,438.7983703613281
91,67,411.08770751953125,384.8748779296875,486.94677734375,439.0746154785156
92,67,411.8628234863281,383.2459411621094,490.1075134277344,439.9847106933594
93,67,413.4830017089844,381.6526184082031,492.7725830078125,440.6901550292969
94,67,416.37750244140625,380.8114318847656,494.7133483886719,441.62786865234375
95,67,419.2259521484375,375.815185546875,497.3570556640625,442.1628112792969
96,67,420.21197509765625,378.539306640625,499.49432373046875,442.43890380859375
97,67,421.4185791015625,377.4457092285156,502.4508361816406,443.6839599609375
98,67,422.596923828125,377.0570373535156,506.367919921875,445.14019775390625
99,67,424.4607238769531,378.6084899902344,509.1920166015625,446.2816467285156
100,67,427.97650146484375,379.61016845703125,514.4031982421875,446.79461669921875
101,67,431.0735168457031,380.1500549316406,519.322021484375,449.3106994628906
102,67,432.9244384765625,379.0533447265625,523.8575439453125,450.7530822753906
103,67,434.9691162109375,377.1845397949219,527.9056396484375,452.7540283203125
104,67,436.73065185546875,376.59344482421875,534.5479125976562,453.91363525390625
105,67,440.0130920410156,376.7649841308594,539.0033569335938,453.5426940917969
106,67,443.2738952636719,376.656982421875,543.1170043945312,455.0858459472656
107,67,444.7804870605469,376.6926574707031,548.0194091796875,456.3885803222656
108,67,447.9754638671875,378.11181640625,554.0728149414062,458.0657958984375
109,67,451.06817626953125,377.6894836425781,559.9983520507812,460.237060546875
110,67,454.2936706542969,376.8119201660156,566.2593994140625,462.8811950683594
111,67,456.4129333496094,376.7940368652344,572.5700073242188,465.4542541503906
112,67,459.21527099609375,376.783203125,580.53955078125,467.71685791015625
113,67,462.4523620605469,377.3837585449219,588.3819580078125,470.29248046875
114,67,466.1376037597656,376.8387145996094,595.2238159179688,471.6454772949219
115,67,468.6206970214844,376.8233642578125,603.2945556640625,475.16357421875
116,67,473.61328125,377.33477783203125,612.4517211914062,478.5683288574219
117,67,478.71343994140625,376.53656005859375,622.4620971679688,480.99237060546875
118,67,484.3426818847656,375.970703125,632.4051513671875,484.0028381347656
119,67,488.69488525390625,375.4185485839844,643.9022827148438,486.9592590332031
120,67,492.9529113769531,375.0164794921875,655.7674560546875,489.6439208984375
121,67,499.6993103027344,372.29559326171875,669.0671997070312,492.94598388671875
122,67,503.31561279296875,371.0194396972656,682.336181640625,498.13787841796875
123,67,511.22119140625,368.5874328613281,697.953369140625,500.90509033203125
124,67,518.8917236328125,366.3630065917969,715.1275024414062,507.3042297363281
125,67,526.5150756835938,364.3443908691406,733.1900024414062,513.8363037109375
126,67,536.29736328125,362.88037109375,753.9808959960938,521.7293701171875
127,67,546.9927368164062,361.25537109375,775.7885131835938,527.3121948242188
128,67,556.2098999023438,359.6387939453125,800.74853515625,534.2637329101562
129,67,566.8485107421875,359.0687561035156,827.927978515625,542.3935546875
130,67,578.54541015625,358.1940612792969,861.240966796875,550.5372924804688
131,67,592.345458984375,355.4732360839844,898.7432861328125,562.48974609375
132,67,607.0851440429688,353.0243225097656,940.5379028320312,575.167724609375
133,67,624.3738403320312,351.8843994140625,989.3770141601562,590.1679077148438
134,67,644.6566162109375,348.956787109375,1046.2667236328125,607.2950439453125
135,67,667.1701049804688,346.4181823730469,1113.8070068359375,626.104248046875
136,67,692.7208251953125,342.4003601074219,1196.196044921875,649.8619384765625
137,67,723.6905517578125,338.43731689453125,1296.011474609375,680.9873046875
138,67,759.6488037109375,333.6562194824219,1419.239013671875,720.0841064453125
139,67,804.2991333007812,323.13494873046875,1577.140869140625,769.4381103515625
140,67,855.537841796875,313.003173828125,1777.779052734375,838.6777954101562
141,67,923.657958984375,300.72406005859375,1880.9063720703125,937.4774780273438
142,67,1014.2066040039062,283.3968200683594,1920.0,1024.28466796875
143,67,1137.7735595703125,264.4255065917969,1920.0,1036.8377685546875
144,67,1316.45263671875,243.70211791992188,1920.0,1039.783935546875
