59,2.0,21.0,268.5558166503906,557.4992065429688,318.1717224121094,598.117919921875
60,2.0,21.0,267.4763488769531,557.0352783203125,319.64385986328125,597.6936645507812
61,2.0,21.0,267.7547912597656,559.4469604492188,317.96478271484375,597.426513671875
62,2.0,21.0,268.0068359375,560.003173828125,318.1540832519531,596.8167724609375
63,2.0,21.0,267.84674072265625,559.4254760742188,319.3797912597656,596.7435913085938
64,2.0,21.0,268.0062255859375,560.0331420898438,319.4255065917969,596.980224609375
65,2.0,21.0,268.1417541503906,559.6318359375,320.2995300292969,596.7545776367188
66,2.0,21.0,270.17364501953125,560.430908203125,321.3392333984375,596.9434204101562
67,2.0,21.0,271.09869384765625,559.8654174804688,323.04754638671875,597.35009765625
68,2.0,21.0,271.54296875,563.46142578125,324.62408447265625,597.8040161132812
69,2.0,21.0,271.9751892089844,564.7535400390625,326.9999084472656,598.8375244140625
70,2.0,21.0,271.9439697265625,563.0454711914062,329.05120849609375,599.43896484375
71,2.0,21.0,272.2312927246094,558.4830932617188,330.0681457519531,599.3338623046875
72,2.0,21.0,272.3646545410156,557.4907836914062,331.4909362792969,600.0443725585938
73,2.0,21.0,272.91552734375,556.7601928710938,333.4256896972656,600.4035034179688
74,2.0,21.0,273.9005432128906,556.0692749023438,333.5892639160156,600.2589721679688
75,2.0,21.0,274.2393493652344,555.3966064453125,334.4519958496094,600.3052368164062
76,2.0,21.0,274.6976318359375,554.505615234375,335.1609802246094,600.1986083984375
77,2.0,21.0,275.2865905761719,553.8756103515625,335.4131774902344,599.9454345703125
78,2.0,21.0,276.0776672363281,555.9614868164062,336.6795959472656,600.096435546875
79,2.0,21.0,275.3836975097656,555.6277465820312,337.6625671386719,600.760986328125
80,2.0,21.0,275.0625,555.191162109375,338.67730712890625,601.5009155273438
81,2.0,21.0,275.4427795410156,555.94140625,339.7421875,602.4642333984375
82,2.0,21.0,275.1840515136719,554.4566650390625,340.9969177246094,603.0482788085938
83,2.0,21.0,275.9728088378906,554.35400390625,341.108642578125,603.0797119140625
84,2.0,21.0,276.6673889160156,552.5018310546875,341.4530944824219,603.0059814453125
85,2.0,21.0,277.4244689941406,553.1184692382812,341.59600830078125,603.3759155273438
86,2.0,21.0,277.9949951171875,551.117431640625,344.2724914550781,604.737548828125
87,2.0,21.0,278.3359680175781,550.5830688476562,347.1047668457031,605.3961791992188
88,2.0,21.0,278.9230651855469,549.9495239257812,348.5308532714844,604.9452514648438
89,2.0,21.0,279.3846130371094,550.1832885742188,349.1413269042969,605.810791015625
90,2.0,21.0,279.2209777832031,550.1807861328125,350.3624267578125,606.5367431640625
91,2.0,21.0,280.4028015136719,550.0907592773438,351.5980224609375,607.536865234375
92,2.0,21.0,281.80902099609375,549.8780517578125,352.3360290527344,608.0167236328125
93,2.0,21.0,282.9124755859375,549.5387573242188,353.65496826171875,608.1641845703125
94,2.0,21.0,283.6258850097656,549.204345703125,356.198486328125,608.919189453125
95,2.0,21.0,283.9486999511719,549.238037109375,358.9199523925781,609.10205078125
96,2.0,21.0,284.7659912109375,548.3409423828125,360.17352294921875,609.1018676757812
97,2.0,21.0,285.26751708984375,547.4306030273438,361.3331604003906,609.0931396484375
98,2.0,21.0,285.98138427734375,547.3948364257812,362.5039367675781,609.595947265625
100,2.0,21.0,286.6189880371094,545.4038696289062,366.61328125,611.6051635742188
101,2.0,21.0,287.6108093261719,545.700927734375,368.2117919921875,612.4519653320312
102,2.0,21.0,288.2602844238281,546.530029296875,370.3262023925781,613.566162109375
103,2.0,21.0,289.31396484375,545.8675537109375,373.2825622558594,614.9246826171875
106,2.0,21.0,290.46820068359375,545.0365600585938,378.21575927734375,618.6243896484375
107,2.0,21.0,292.0135803222656,543.2254638671875,381.5293884277344,619.1301879882812
108,2.0,21.0,292.67987060546875,542.354736328125,384.281005859375,620.5972900390625
109,2.0,21.0,293.2528076171875,542.4364013671875,386.22607421875,621.6918334960938
110,2.0,21.0,296.01507568359375,542.9387817382812,388.03729248046875,622.179931640625
111,2.0,21.0,299.2911682128906,543.3062744140625,390.60589599609375,622.7036743164062
112,2.0,21.0,300.78759765625,543.61669921875,394.1607360839844,622.4320678710938
113,2.0,21.0,302.0798034667969,543.8435668945312,397.25390625,622.2892456054688
114,2.0,21.0,302.6189270019531,543.7213745117188,399.5509948730469,623.5982666015625
115,2.0,21.0,302.5232849121094,543.3381958007812,400.1945495605469,624.4193115234375
116,2.0,21.0,304.0455322265625,541.6528930664062,406.7522277832031,625.1693115234375
117,2.0,21.0,303.9507751464844,539.224609375,411.2002258300781,626.7573852539062
118,2.0,21.0,304.920166015625,538.3904418945312,413.9354248046875,628.0430297851562
119,2.0,21.0,306.8078308105469,537.0734252929688,416.47967529296875,629.1340942382812
120,2.0,21.0,308.77740478515625,536.0298461914062,419.71197509765625,629.5036010742188
121,2.0,21.0,310.3404846191406,534.7399291992188,423.8245849609375,631.7653198242188
122,2.0,21.0,311.3940734863281,532.81494140625,427.3544616699219,632.8010864257812
123,2.0,21.0,311.8385009765625,532.5836791992188,430.82281494140625,633.7764282226562
124,2.0,21.0,313.9595031738281,531.4988403320312,436.05145263671875,636.3873901367188
125,2.0,21.0,315.12408447265625,530.8443603515625,440.7602233886719,638.9473266601562
126,2.0,21.0,316.691162109375,529.8021850585938,445.0475158691406,641.8245849609375
127,2.0,21.0,318.7021789550781,530.2739868164062,450.0690002441406,643.7445068359375
128,2.0,21.0,318.4651184082031,529.4143676757812,456.4114990234375,644.779296875
129,2.0,21.0,321.6764831542969,528.2749633789062,460.6721496582031,646.29833984375
130,2.0,21.0,324.1909484863281,527.7384643554688,467.0960388183594,647.7589721679688
131,2.0,21.0,326.4391174316406,527.4879150390625,472.66375732421875,648.881591796875
132,2.0,21.0,328.606689453125,527.4514770507812,480.1975402832031,650.5450439453125
133,2.0,21.0,329.9889221191406,527.1900024414062,485.2865295410156,653.7277221679688
134,2.0,21.0,331.9643859863281,526.3650512695312,492.15863037109375,655.8934326171875
135,2.0,21.0,334.7626953125,525.0172729492188,500.0966491699219,657.9388427734375
136,2.0,21.0,337.2621154785156,523.9132690429688,507.63623046875,660.7272338867188
137,2.0,21.0,336.87554931640625,522.8123779296875,515.4818115234375,663.5073852539062
138,2.0,21.0,341.0863952636719,522.2125244140625,523.5281372070312,665.7142944335938
139,2.0,21.0,344.1302795410156,519.9474487304688,532.4420776367188,668.0367431640625
140,2.0,21.0,346.79833984375,518.098388671875,541.5894165039062,670.104248046875
141,2.0,21.0,350.8197937011719,515.6521606445312,552.4444580078125,672.4834594726562
142,2.0,21.0,356.2673034667969,514.2238159179688,564.0452270507812,675.1156616210938
143,2.0,21.0,359.5794372558594,511.1177673339844,576.5186157226562,678.1913452148438
144,2.0,21.0,363.16864013671875,507.9028625488281,588.6102294921875,681.1910400390625
145,2.0,21.0,366.8175354003906,505.73590087890625,601.39453125,685.8287963867188
146,2.0,21.0,370.7547607421875,503.2665710449219,614.7921142578125,690.3419189453125
147,2.0,21.0,376.4091491699219,500.92578125,630.7257690429688,695.9603271484375
148,2.0,21.0,381.2120056152344,498.2914733886719,647.9103393554688,700.4547729492188
149,2.0,21.0,386.3001403808594,495.34417724609375,666.6674194335938,706.5562744140625
150,2.0,21.0,393.32550048828125,491.48443603515625,687.41259765625,715.0111694335938
151,2.0,21.0,400.8960266113281,486.7219543457031,709.8276977539062,720.7133178710938
152,2.0,21.0,407.3282470703125,482.4725036621094,736.2857055664062,729.5253295898438
153,2.0,21.0,415.87554931640625,477.8321228027344,761.9326171875,739.0081176757812
154,2.0,21.0,424.7129211425781,474.1018981933594,792.9578247070312,748.6553344726562
155,2.0,21.0,432.18048095703125,472.95721435546875,826.1813354492188,758.9253540039062
156,2.0,21.0,442.7521667480469,469.02392578125,864.549072265625,772.8396606445312
157,2.0,21.0,453.07550048828125,462.56646728515625,907.3571166992188,790.1265869140625
158,2.0,21.0,464.81732177734375,456.77386474609375,957.1280517578125,806.4437866210938
159,2.0,21.0,477.4749755859375,452.08599853515625,1013.7073364257812,825.6715087890625
160,2.0,21.0,494.52978515625,445.66607666015625,1080.236328125,849.8654174804688
161,2.0,21.0,511.9806823730469,437.75897216796875,1159.66357421875,876.3182983398438
162,2.0,21.0,530.6552124023438,427.6727600097656,1253.084716796875,908.6510009765625
163,2.0,21.0,550.1222534179688,410.7734069824219,1368.6038818359375,948.01220703125
164,2.0,21.0,573.4855346679688,399.54925537109375,1507.2420654296875,997.5267333984375
165,2.0,21.0,602.2376708984375,383.1555480957031,1687.0045166015625,1048.1259765625
166,2.0,21.0,639.4470825195312,365.1108093261719,1846.3997802734375,1068.5589599609375
167,2.0,21.0,666.2056274414062,340.4233093261719,1911.4791259765625,1076.0948486328125
168,2.0,21.0,728.6505126953125,306.6905517578125,1920.0,1080.0
169,2.0,21.0,797.9059448242188,263.65838623046875,1920.0,1079.7491455078125
170,2.0,21.0,885.4669189453125,215.7331085205078,1920.0,1079.6263427734375
171,2.0,21.0,1003.4185180664062,143.286865234375,1920.0,1078.2647705078125
172,2.0,21.0,1165.5543212890625,98.78527069091797,1920.0,1078.1324462890625
173,2.0,21.0,1406.436767578125,96.91717529296875,1920.0,1076.87939453125
