49,2.0,65.0,519.4093017578125,455.1669921875,572.6036987304688,493.1294860839844
50,2.0,65.0,520.582275390625,453.9703369140625,571.927490234375,493.3872375488281
51,2.0,65.0,521.866455078125,451.6841125488281,571.486572265625,494.13623046875
52,2.0,65.0,523.3944091796875,452.97265625,572.7542724609375,495.062255859375
53,2.0,65.0,524.8194580078125,451.7912902832031,573.5737915039062,495.072265625
54,2.0,65.0,525.6453247070312,452.14093017578125,575.44140625,495.38531494140625
55,2.0,65.0,526.048828125,450.9615173339844,576.1942138671875,495.102783203125
56,2.0,65.0,525.793701171875,451.500244140625,576.7957763671875,494.85308837890625
57,2.0,65.0,525.861328125,450.3241271972656,576.5264282226562,494.7821350097656
58,2.0,65.0,525.788330078125,448.50311279296875,575.6863403320312,494.76959228515625
59,2.0,65.0,525.79736328125,448.11700439453125,577.6417846679688,495.7368469238281
60,2.0,65.0,525.7456665039062,447.77716064453125,578.9707641601562,495.6635437011719
61,2.0,65.0,525.9789428710938,448.2183837890625,580.4287719726562,495.8394470214844
62,2.0,65.0,527.267578125,449.55712890625,582.7059326171875,496.0364990234375
63,2.0,65.0,528.3052368164062,449.6581115722656,585.7947387695312,496.8046569824219
64,2.0,65.0,528.2778930664062,449.3472595214844,586.080078125,497.0304870605469
65,2.0,65.0,528.0659790039062,448.005859375,588.30615234375,496.7886962890625
66,2.0,65.0,528.7009887695312,448.4942626953125,589.5568237304688,496.75921630859375
67,2.0,65.0,529.3075561523438,448.2427062988281,590.86376953125,496.3828125
68,2.0,65.0,529.8070678710938,448.48260498046875,591.7000732421875,496.2626953125
69,2.0,65.0,529.8972778320312,447.9388732910156,592.4658203125,497.3235778808594
70,2.0,65.0,530.1484985351562,447.67431640625,594.5609130859375,498.5034484863281
71,2.0,65.0,530.5628051757812,445.5587158203125,595.6137084960938,499.5409240722656
72,2.0,65.0,531.1676025390625,445.3063659667969,596.7920532226562,499.98431396484375
73,2.0,65.0,531.3953857421875,445.10540771484375,598.2230224609375,499.82501220703125
74,2.0,65.0,531.535888671875,445.4190673828125,599.1309814453125,499.87445068359375
75,2.0,65.0,531.6747436523438,444.85888671875,599.9345703125,500.7030944824219
76,2.0,65.0,531.6011962890625,445.4358215332031,600.3219604492188,500.7586669921875
77,2.0,65.0,532.3094482421875,446.7889709472656,602.2391967773438,501.4918518066406
82,2.0,65.0,536.6953125,447.13690185546875,608.6384887695312,503.173583984375
91,2.0,65.0,545.7827758789062,447.29168701171875,624.4111938476562,509.0680236816406
101,2.0,65.0,554.0298461914062,444.1430358886719,645.0546264648438,515.6710815429688
103,2.0,65.0,556.88623046875,445.1407165527344,649.9147338867188,517.8945922851562
104,2.0,65.0,557.6994018554688,445.4849548339844,652.3653564453125,518.2042236328125
105,2.0,65.0,559.3639526367188,445.17889404296875,654.9452514648438,519.6586303710938
106,2.0,65.0,562.4395141601562,443.28424072265625,658.2576293945312,521.8001708984375
107,2.0,65.0,563.2061157226562,441.92010498046875,660.9560546875,522.525146484375
108,2.0,65.0,564.5238647460938,441.0364990234375,664.51123046875,523.19384765625
109,2.0,65.0,565.1451416015625,441.3153991699219,665.8684692382812,524.0857543945312
110,2.0,65.0,565.9766845703125,442.63824462890625,669.8779296875,526.3704833984375
111,2.0,65.0,567.4947509765625,442.1567687988281,673.887451171875,526.2486572265625
112,2.0,65.0,569.1520385742188,442.44012451171875,678.0698852539062,527.4205932617188
113,2.0,65.0,571.963623046875,441.9720458984375,680.6961669921875,528.4591674804688
114,2.0,65.0,574.0924682617188,440.2707214355469,684.23046875,529.1123046875
115,2.0,65.0,575.9530639648438,439.9052429199219,688.8881225585938,530.17919921875
116,2.0,65.0,576.62060546875,439.5033874511719,692.4229736328125,532.9071655273438
117,2.0,65.0,578.530517578125,439.70928955078125,694.9407348632812,534.4278564453125
118,2.0,65.0,578.5611572265625,439.3214416503906,700.14404296875,536.5294189453125
119,2.0,65.0,580.1846313476562,439.8976135253906,705.0244140625,536.8949584960938
120,2.0,65.0,582.2249755859375,440.1052551269531,709.880859375,537.4803466796875
121,2.0,65.0,585.1591186523438,439.73858642578125,713.5534057617188,538.513671875
122,2.0,65.0,586.789794921875,438.7303771972656,718.1635131835938,539.3626708984375
123,2.0,65.0,588.6804809570312,438.3526611328125,722.7676391601562,541.654052734375
124,2.0,65.0,590.201904296875,438.051025390625,727.0136108398438,544.3543701171875
125,2.0,65.0,592.9265747070312,437.5345458984375,733.451416015625,546.4681396484375
126,2.0,65.0,595.7432861328125,437.6598205566406,738.5490112304688,548.7081298828125
127,2.0,65.0,598.0704956054688,436.49847412109375,745.171630859375,550.3599243164062
128,2.0,65.0,600.2886352539062,435.9435729980469,750.7021484375,551.0745239257812
129,2.0,65.0,602.6746215820312,434.9757385253906,759.2755126953125,553.5022583007812
130,2.0,65.0,605.6524047851562,434.8459777832031,766.1785888671875,557.4606323242188
131,2.0,65.0,609.0808715820312,434.5940246582031,772.2188110351562,559.849853515625
132,2.0,65.0,612.4943237304688,432.943603515625,780.193115234375,561.9453125
133,2.0,65.0,614.4451293945312,432.66534423828125,788.220703125,564.6660766601562
134,2.0,65.0,617.8187866210938,431.7552490234375,796.270263671875,568.513427734375
135,2.0,65.0,621.6046142578125,431.8036193847656,804.8794555664062,572.5712890625
136,2.0,65.0,624.845947265625,432.4831237792969,813.3208618164062,575.4329223632812
137,2.0,65.0,627.990234375,431.71551513671875,822.6593017578125,578.6029052734375
138,2.0,65.0,632.1464233398438,431.4134216308594,835.3766479492188,581.7965698242188
139,2.0,65.0,636.4526977539062,430.4067687988281,844.9737548828125,583.565185546875
140,2.0,65.0,640.7860717773438,427.2220764160156,857.0304565429688,588.626953125
141,2.0,65.0,646.1223754882812,426.42462158203125,870.6205444335938,594.1300048828125
142,2.0,65.0,650.5374145507812,425.76593017578125,883.174560546875,597.8597412109375
143,2.0,65.0,655.8997802734375,425.52984619140625,897.7008056640625,603.7999877929688
144,2.0,65.0,660.9242553710938,425.9250793457031,913.6951293945312,608.4047241210938
145,2.0,65.0,667.727783203125,425.33050537109375,930.1782836914062,613.7568969726562
146,2.0,65.0,673.8825073242188,423.2507629394531,947.1790771484375,619.5459594726562
147,2.0,65.0,681.2435302734375,422.06402587890625,967.5789184570312,625.703125
148,2.0,65.0,687.7494506835938,418.9865417480469,989.5257568359375,632.09375
149,2.0,65.0,694.9872436523438,418.57586669921875,1012.717041015625,639.2701416015625
150,2.0,65.0,703.2741088867188,416.5811767578125,1036.1951904296875,647.4478759765625
151,2.0,65.0,710.825927734375,413.77734375,1064.171630859375,657.1895751953125
152,2.0,65.0,721.1378784179688,411.1148376464844,1095.302734375,669.634765625
153,2.0,65.0,731.3800048828125,408.5374450683594,1128.7318115234375,681.590576171875
154,2.0,65.0,742.5239868164062,407.4909973144531,1167.9072265625,693.6656494140625
155,2.0,65.0,755.8341674804688,403.96875,1210.502685546875,707.2249755859375
156,2.0,65.0,768.6307983398438,402.1269836425781,1257.6241455078125,724.9134521484375
158,2.0,65.0,801.8245239257812,398.5858459472656,1374.5875244140625,764.836669921875
159,2.0,65.0,819.8427734375,394.43658447265625,1446.2564697265625,790.7426147460938
160,2.0,65.0,840.9616088867188,388.9971008300781,1530.1195068359375,821.1863403320312
161,2.0,65.0,863.0861206054688,381.815673828125,1627.4482421875,858.088623046875
162,2.0,65.0,890.9815673828125,377.22216796875,1740.0430908203125,901.0595703125
163,2.0,65.0,921.8482666015625,372.8161315917969,1865.2998046875,956.8689575195312
164,2.0,65.0,956.3440551757812,366.50775146484375,1916.1708984375,1023.810546875
165,2.0,65.0,998.990966796875,357.91387939453125,1920.0,1060.2208251953125
166,2.0,65.0,1048.0126953125,346.6693420410156,1920.0,1075.55224609375
167,2.0,65.0,1112.302001953125,332.5140075683594,1920.0,1077.1883544921875
168,2.0,65.0,1187.8670654296875,320.1880187988281,1920.0,1073.8746337890625
169,2.0,65.0,1281.7490234375,303.0485534667969,1920.0,1070.7821044921875
170,2.0,65.0,1401.693115234375,298.3202209472656,1920.0,1075.6134033203125
171,2.0,65.0,1559.1466064453125,316.3149719238281,1920.0,1078.72314453125
