28,2.0,45.0,456.8811950683594,449.5976867675781,527.2993774414062,507.81988525390625
29,2.0,45.0,456.8503112792969,448.8223571777344,527.4352416992188,508.1329040527344
30,2.0,45.0,457.04412841796875,448.7250671386719,528.219970703125,508.3706970214844
34,2.0,45.0,456.5847473144531,449.7966613769531,532.5808715820312,512.1046142578125
35,2.0,45.0,456.57025146484375,449.3995056152344,535.1140747070312,512.2023315429688
36,2.0,45.0,457.1383972167969,448.8357849121094,536.4746704101562,512.405517578125
42,2.0,45.0,458.6295471191406,448.8451843261719,542.599609375,514.0972900390625
43,2.0,45.0,458.84625244140625,449.31658935546875,543.4481201171875,514.3504638671875
44,2.0,45.0,459.2846984863281,449.3548583984375,544.31640625,515.1455688476562
45,2.0,45.0,459.59747314453125,449.6812438964844,545.0994873046875,515.6535034179688
46,2.0,47.0,458.8516540527344,449.76947021484375,545.5089721679688,517.0029907226562
47,2.0,47.0,459.2084655761719,448.5473937988281,545.0419921875,516.8326416015625
48,2.0,47.0,459.4561767578125,449.94610595703125,547.6995239257812,517.4476318359375
49,2.0,47.0,460.01092529296875,449.62701416015625,549.6691284179688,517.877197265625
50,2.0,47.0,460.808349609375,450.989990234375,551.3795166015625,517.8593139648438
51,2.0,47.0,461.91595458984375,451.765380859375,552.0558471679688,518.7164306640625
52,2.0,47.0,464.9485168457031,451.5411376953125,552.8051147460938,518.8504638671875
53,2.0,47.0,465.7359924316406,450.9947814941406,553.7680053710938,519.1278686523438
54,2.0,45.0,465.7243957519531,452.0784912109375,555.5971069335938,519.623046875
55,2.0,45.0,466.406982421875,451.62371826171875,556.4033203125,520.2478637695312
56,2.0,45.0,466.97747802734375,451.5361328125,557.9979248046875,521.1494750976562
57,2.0,45.0,467.5116882324219,452.5058898925781,560.3153076171875,521.6342163085938
58,2.0,45.0,468.77923583984375,452.55975341796875,561.3048706054688,522.6399536132812
59,2.0,47.0,469.27203369140625,453.5910339355469,561.8731079101562,523.0939331054688
60,2.0,47.0,470.57080078125,453.5399169921875,564.8309326171875,524.0899047851562
61,2.0,47.0,470.90716552734375,453.4603576660156,567.13916015625,524.1854858398438
62,2.0,47.0,471.6351623535156,451.538330078125,569.41748046875,525.1676025390625
63,2.0,47.0,472.22198486328125,450.6544494628906,570.6587524414062,525.0737915039062
65,2.0,45.0,473.1600341796875,448.6865539550781,572.9022827148438,525.6336669921875
67,2.0,45.0,474.39996337890625,448.8334655761719,575.2744140625,527.5687866210938
68,2.0,45.0,475.93170166015625,448.4915771484375,578.47216796875,528.5595092773438
70,2.0,45.0,476.6334533691406,443.6088562011719,582.3075561523438,529.2567749023438
73,2.0,45.0,479.8334045410156,444.8388366699219,588.342529296875,531.72705078125
74,2.0,45.0,479.5625,444.7307434082031,589.8564453125,532.2037963867188
75,2.0,45.0,481.5868835449219,444.84149169921875,592.6644897460938,532.4391479492188
76,2.0,45.0,480.983642578125,444.41485595703125,594.3228759765625,533.3555908203125
77,2.0,45.0,482.55718994140625,444.5566101074219,596.0438232421875,534.584228515625
78,2.0,45.0,482.7174072265625,443.14569091796875,597.4859619140625,535.1179809570312
79,2.0,45.0,483.9666442871094,442.8330993652344,599.62353515625,536.2337646484375
80,2.0,45.0,484.0623779296875,442.9316711425781,602.9147338867188,536.974609375
81,2.0,45.0,484.8821716308594,442.3497619628906,606.8021850585938,538.3751220703125
82,2.0,45.0,488.1072998046875,442.8031311035156,609.39306640625,539.1195068359375
83,2.0,45.0,490.37628173828125,442.01361083984375,611.719482421875,539.37841796875
84,2.0,45.0,492.2890319824219,441.25042724609375,613.8018798828125,539.8897705078125
85,2.0,45.0,492.6493835449219,440.260009765625,616.8242797851562,540.7219848632812
86,2.0,45.0,492.0879821777344,439.8883056640625,619.2679443359375,542.7666015625
87,2.0,45.0,491.54132080078125,439.73468017578125,621.750732421875,544.0070190429688
88,2.0,45.0,492.8271484375,439.5758361816406,624.30517578125,546.196044921875
89,2.0,45.0,495.45587158203125,439.3056335449219,627.5719604492188,547.5548095703125
90,2.0,45.0,496.4537048339844,438.935302734375,630.7650756835938,547.9032592773438
91,2.0,45.0,498.7228088378906,439.0893249511719,632.6365966796875,548.45263671875
92,2.0,45.0,500.5890197753906,439.45660400390625,635.8037719726562,549.9366455078125
93,2.0,45.0,501.051025390625,439.201171875,638.941162109375,550.2620849609375
94,2.0,45.0,501.4620666503906,439.2297058105469,642.0903930664062,550.5761108398438
95,2.0,45.0,502.9096374511719,439.716552734375,645.1134643554688,550.751708984375
96,2.0,45.0,504.2218322753906,440.13873291015625,648.5347290039062,551.9601440429688
97,2.0,45.0,504.8962097167969,439.3908386230469,651.4534301757812,552.562255859375
98,2.0,45.0,506.4822998046875,439.4432373046875,654.9622192382812,553.4555053710938
99,2.0,45.0,507.8030090332031,438.786865234375,658.0840454101562,556.578857421875
100,2.0,45.0,508.9886779785156,438.8447265625,665.2431640625,558.3295288085938
101,2.0,45.0,511.1911926269531,438.6295471191406,669.593994140625,560.123779296875
102,2.0,45.0,514.3438720703125,438.68206787109375,671.6177978515625,560.135498046875
103,2.0,45.0,515.7547607421875,438.5098876953125,674.8217163085938,560.2593994140625
104,2.0,45.0,516.6160888671875,438.95269775390625,678.3568115234375,561.3589477539062
105,2.0,45.0,517.5682373046875,438.44342041015625,682.076171875,562.7615356445312
107,2.0,45.0,519.66064453125,437.59259033203125,692.362060546875,568.8094482421875
108,2.0,45.0,521.8878784179688,436.48223876953125,696.1215209960938,570.908447265625
109,2.0,45.0,522.6268920898438,435.2104187011719,701.3341674804688,572.3251342773438
113,2.0,45.0,529.52978515625,434.267822265625,721.9342651367188,579.704345703125
114,2.0,45.0,532.124755859375,434.7702331542969,728.3932495117188,583.8521118164062
115,2.0,45.0,534.3314208984375,433.8347473144531,734.99951171875,585.45361328125
116,2.0,45.0,536.2864379882812,433.9729309082031,741.013916015625,587.8349609375
117,2.0,45.0,539.3934326171875,434.04205322265625,746.3671264648438,589.5236206054688
118,2.0,45.0,542.0128784179688,433.6321716308594,752.8189086914062,591.524169921875
119,2.0,45.0,545.5148315429688,433.48370361328125,760.6668701171875,593.1347045898438
120,2.0,45.0,548.46923828125,433.111328125,766.51220703125,595.3927612304688
121,2.0,45.0,551.0817260742188,432.78839111328125,775.06494140625,600.14990234375
122,2.0,45.0,552.9076538085938,430.7323913574219,782.7594604492188,603.4694213867188
123,2.0,45.0,555.0375366210938,428.3914489746094,788.9349365234375,605.8189697265625
124,2.0,45.0,558.6024780273438,425.8154602050781,798.6558227539062,608.2516479492188
125,2.0,45.0,561.3538208007812,423.66900634765625,807.3662719726562,610.5574951171875
126,2.0,45.0,563.7571411132812,424.9316101074219,813.8489379882812,613.2763671875
127,2.0,45.0,566.4072875976562,425.9546203613281,824.10693359375,615.8128662109375
128,2.0,45.0,570.3963012695312,425.9351501464844,835.4443359375,617.7921142578125
129,2.0,45.0,572.7135620117188,425.33062744140625,845.9036254882812,622.7799682617188
130,2.0,45.0,575.1870727539062,424.6083984375,855.9288940429688,627.255126953125
131,2.0,45.0,580.5609741210938,424.2741394042969,867.4124145507812,629.2321166992188
132,2.0,45.0,586.8946533203125,423.5007629394531,880.3143310546875,634.48291015625
133,2.0,45.0,590.6089477539062,422.6015930175781,891.0191650390625,638.1812133789062
134,2.0,45.0,595.2120361328125,420.5408935546875,905.978271484375,642.2200317382812
135,2.0,45.0,598.8077392578125,420.0304260253906,920.1295776367188,646.2392578125
136,2.0,45.0,602.9357299804688,418.4439697265625,932.940185546875,648.6097412109375
137,2.0,45.0,608.4555053710938,417.7951965332031,948.7423095703125,656.1852416992188
138,2.0,45.0,612.1453247070312,416.10174560546875,964.6915893554688,661.771484375
139,2.0,45.0,617.452392578125,415.8192138671875,982.343017578125,671.1222534179688
140,2.0,45.0,621.90087890625,414.7040100097656,1000.2671508789062,677.5784301757812
141,2.0,45.0,628.2566528320312,413.1654052734375,1021.9014892578125,685.124755859375
142,2.0,45.0,634.3543701171875,412.6614685058594,1041.248779296875,691.1163330078125
143,2.0,45.0,640.8622436523438,412.5563049316406,1062.637451171875,698.4992065429688
144,2.0,45.0,647.0635375976562,410.5476379394531,1086.16064453125,706.8267822265625
145,2.0,45.0,655.1890258789062,409.2821044921875,1110.4617919921875,714.5477294921875
146,2.0,45.0,661.39404296875,407.5570373535156,1138.9271240234375,725.7388916015625
147,2.0,45.0,669.4981689453125,403.89111328125,1167.5477294921875,734.4862670898438
148,2.0,45.0,676.7271118164062,403.4004821777344,1200.3658447265625,746.3056640625
149,2.0,45.0,686.2885131835938,401.382568359375,1234.17626953125,761.6328125
150,2.0,45.0,696.0753784179688,400.175537109375,1270.0689697265625,776.502685546875
151,2.0,45.0,705.0992431640625,397.1976623535156,1309.2313232421875,789.6798095703125
152,2.0,45.0,715.4586181640625,393.5449523925781,1353.8330078125,804.4366455078125
153,2.0,45.0,727.5584106445312,390.0638427734375,1400.07080078125,824.2708740234375
154,2.0,45.0,740.1473999023438,386.5874938964844,1454.2960205078125,845.355712890625
155,2.0,45.0,754.6755981445312,382.748779296875,1510.8897705078125,865.9642333984375
156,2.0,45.0,768.2545776367188,378.1858215332031,1573.6058349609375,888.805908203125
157,2.0,45.0,779.576171875,376.8455505371094,1645.4439697265625,918.1285400390625
158,2.0,45.0,797.9029541015625,373.8039855957031,1722.4307861328125,951.4205322265625
159,2.0,45.0,815.9597778320312,369.8045349121094,1808.9793701171875,986.8338012695312
160,2.0,45.0,836.4686889648438,365.69842529296875,1893.3046875,1026.0367431640625
161,2.0,45.0,856.921630859375,361.00732421875,1920.0,1059.138427734375
162,2.0,45.0,882.347412109375,355.64300537109375,1920.0,1072.75048828125
163,2.0,45.0,907.69091796875,348.7579040527344,1920.0,1077.8070068359375
164,2.0,45.0,936.4146118164062,342.4113464355469,1920.0,1080.0
165,2.0,45.0,972.5751953125,329.61334228515625,1920.0,1079.3748779296875
166,2.0,45.0,1008.3486328125,322.0645751953125,1920.0,1079.95947265625
167,2.0,45.0,1048.709716796875,315.6391906738281,1920.0,1078.477294921875
168,2.0,45.0,1095.503662109375,305.34423828125,1920.0,1074.8251953125
169,2.0,45.0,1150.9990234375,291.82110595703125,1920.0,1073.32421875
170,2.0,45.0,1212.6268310546875,277.32659912109375,1920.0,1074.9918212890625
171,2.0,45.0,1285.5294189453125,270.8975524902344,1920.0,1074.0562744140625
172,2.0,45.0,1371.1260986328125,275.043212890625,1920.0,1074.6219482421875
173,2.0,45.0,1470.661865234375,284.53704833984375,1920.0,1075.804931640625
174,2.0,45.0,1587.7176513671875,311.8106384277344,1920.0,1076.109375
175,2.0,45.0,1738.2081298828125,464.4988708496094,1920.0,1075.6158447265625
