77,2.0,86.0,402.6067810058594,444.7242736816406,483.1392517089844,522.6929321289062
78,2.0,86.0,402.9358215332031,448.34393310546875,483.8074951171875,523.0848999023438
79,2.0,86.0,404.00872802734375,447.7576904296875,485.3953552246094,522.913330078125
80,2.0,86.0,404.7284240722656,447.8679504394531,486.71954345703125,523.6666870117188
81,2.0,86.0,404.7331848144531,447.9402160644531,488.0497131347656,524.190673828125
82,2.0,86.0,405.31781005859375,448.9661560058594,488.8087463378906,524.5294189453125
83,2.0,86.0,405.6405334472656,449.68853759765625,490.3478698730469,525.27587890625
84,2.0,86.0,406.2189636230469,448.2459411621094,491.62005615234375,525.60009765625
85,2.0,86.0,406.1170349121094,449.3147277832031,492.0808410644531,526.0619506835938
88,2.0,86.0,407.757568359375,449.1119689941406,494.6956481933594,525.0255126953125
89,2.0,86.0,407.5469665527344,449.2320861816406,494.6253662109375,524.8333129882812
90,2.0,86.0,407.7011413574219,449.2944030761719,495.51983642578125,525.4346923828125
91,2.0,86.0,408.0692443847656,448.9477844238281,496.0830993652344,526.1541748046875
92,2.0,86.0,409.0255432128906,449.420654296875,497.5510559082031,526.7238159179688
93,2.0,86.0,409.3489074707031,449.2119445800781,498.46990966796875,527.182373046875
94,2.0,86.0,409.2426452636719,449.4172058105469,499.1329650878906,527.5294799804688
95,2.0,86.0,409.7059020996094,449.6275634765625,501.3847351074219,527.7847900390625
96,2.0,86.0,410.62164306640625,450.1832580566406,503.23565673828125,528.0989990234375
100,2.0,86.0,413.351806640625,448.6698303222656,507.9144287109375,529.2430419921875
101,2.0,86.0,413.2515869140625,447.7996826171875,509.4956970214844,529.7940063476562
102,2.0,86.0,413.7608947753906,446.72900390625,511.25958251953125,529.890380859375
108,2.0,86.0,419.0711669921875,444.26934814453125,522.7145385742188,532.228759765625
110,2.0,86.0,420.7785339355469,443.91436767578125,526.2260131835938,533.5619506835938
111,2.0,86.0,421.46209716796875,444.701171875,529.266845703125,534.9180908203125
112,2.0,86.0,422.7586975097656,444.3175354003906,531.4631958007812,536.7523803710938
113,2.0,86.0,422.6014404296875,443.86474609375,532.5702514648438,537.831298828125
114,2.0,86.0,422.5210876464844,443.3315124511719,533.5835571289062,537.9284057617188
115,2.0,86.0,422.79327392578125,443.1593017578125,535.7418212890625,537.8723754882812
116,2.0,86.0,422.5400085449219,442.7412109375,537.8508911132812,537.4065551757812
117,2.0,86.0,422.5941467285156,442.2138366699219,540.0845336914062,537.5755615234375
118,2.0,86.0,424.16748046875,442.18212890625,543.405517578125,537.6611938476562
119,2.0,86.0,426.0126037597656,442.7190246582031,544.5478515625,538.371826171875
120,2.0,86.0,429.02264404296875,442.6487121582031,546.4022216796875,539.02587890625
121,2.0,86.0,429.17498779296875,442.2330627441406,548.0562744140625,539.3364868164062
122,2.0,86.0,429.4014892578125,441.4548645019531,549.8026733398438,539.60009765625
123,2.0,86.0,431.7774353027344,441.0791320800781,552.9695434570312,539.7898559570312
124,2.0,86.0,433.2430419921875,441.23077392578125,556.0095825195312,539.8851928710938
125,2.0,86.0,433.0394592285156,440.51983642578125,556.758056640625,540.3178100585938
126,2.0,86.0,434.07171630859375,440.1401062011719,557.5664672851562,542.1649169921875
127,2.0,86.0,433.8211669921875,440.0254821777344,560.6414794921875,543.8937377929688
128,2.0,86.0,433.8470764160156,439.4723815917969,564.0665283203125,544.7301025390625
129,2.0,86.0,435.1001281738281,439.2120056152344,568.00732421875,545.263916015625
130,2.0,86.0,436.327392578125,438.9837646484375,571.322265625,545.9609375
131,2.0,86.0,436.6520080566406,438.8823547363281,574.2972412109375,546.7254638671875
132,2.0,86.0,438.412109375,438.7653503417969,576.9729614257812,548.0714111328125
133,2.0,86.0,438.31005859375,438.3980407714844,579.2315063476562,548.6179809570312
134,2.0,86.0,439.9630432128906,437.4256286621094,581.4978637695312,549.1394653320312
135,2.0,86.0,442.64910888671875,436.5765075683594,583.3670654296875,549.6238403320312
136,2.0,86.0,444.01422119140625,436.05712890625,586.0745849609375,551.0053100585938
137,2.0,86.0,445.3044128417969,435.5928649902344,589.2980346679688,551.4463500976562
138,2.0,86.0,446.1600341796875,435.893798828125,592.6412353515625,551.9859008789062
139,2.0,86.0,450.837890625,436.2870788574219,596.6133422851562,552.3611450195312
140,2.0,86.0,450.85699462890625,435.1522521972656,599.9241943359375,552.7473754882812
141,2.0,86.0,452.6736145019531,433.912841796875,603.2503051757812,553.0275268554688
142,2.0,86.0,453.1615295410156,433.63067626953125,605.667724609375,555.1040649414062
143,2.0,86.0,453.9846496582031,433.0676574707031,609.2142944335938,557.10888671875
144,2.0,86.0,455.46343994140625,433.171875,614.3428344726562,558.2181396484375
145,2.0,86.0,456.2359619140625,433.2514343261719,617.1474609375,560.1034545898438
146,2.0,86.0,456.3581237792969,433.23504638671875,622.1826782226562,561.6797485351562
147,2.0,86.0,457.1463623046875,432.8362731933594,627.003173828125,562.7106323242188
148,2.0,86.0,460.2217102050781,433.2580261230469,629.641845703125,563.6626586914062
149,2.0,86.0,461.5184020996094,433.4927062988281,635.1644287109375,564.5075073242188
150,2.0,86.0,464.18133544921875,432.8035583496094,639.5358276367188,565.2437133789062
151,2.0,86.0,465.1988525390625,432.4957580566406,641.45751953125,567.1939086914062
152,2.0,86.0,466.06781005859375,431.4727478027344,647.6904907226562,568.07861328125
153,2.0,86.0,467.05780029296875,431.0396728515625,652.8240966796875,569.0955200195312
154,2.0,86.0,468.3751220703125,430.4606018066406,658.7036743164062,570.2041015625
155,2.0,86.0,471.2478942871094,428.8965759277344,663.6259765625,570.2393798828125
156,2.0,86.0,473.9482727050781,427.2884521484375,668.2125854492188,572.4360961914062
157,2.0,86.0,475.63873291015625,426.4355773925781,674.6693725585938,574.1112060546875
158,2.0,86.0,478.1809997558594,425.2566833496094,681.0107421875,576.2295532226562
159,2.0,86.0,481.6082458496094,425.5377197265625,686.9344482421875,576.9657592773438
160,2.0,86.0,485.4342956542969,424.58056640625,691.134765625,578.0055541992188
161,2.0,86.0,488.3460388183594,422.9375,697.5848388671875,579.7048950195312
162,2.0,86.0,490.9219970703125,423.6559753417969,703.8989868164062,581.1449584960938
163,2.0,86.0,492.8844909667969,423.4908142089844,712.1041870117188,583.6817626953125
164,2.0,86.0,494.2430419921875,423.1991882324219,718.0076293945312,585.8998413085938
165,2.0,86.0,499.12774658203125,421.3026428222656,725.9450073242188,587.345947265625
166,2.0,86.0,502.2115478515625,421.08990478515625,734.048828125,589.8831787109375
167,2.0,86.0,504.3640441894531,418.5924987792969,741.3206787109375,592.7600708007812
168,2.0,86.0,506.6981506347656,416.4909973144531,749.1870727539062,593.8565063476562
169,2.0,86.0,510.5890808105469,415.5617980957031,757.977783203125,596.397705078125
170,2.0,86.0,514.3523559570312,413.12353515625,765.677001953125,596.5276489257812
171,2.0,86.0,517.3671264648438,411.0152587890625,774.6681518554688,599.7959594726562
172,2.0,86.0,521.2521362304688,409.7675476074219,784.7990112304688,603.89306640625
173,2.0,86.0,523.7330932617188,406.9884033203125,794.9197387695312,608.3703002929688
174,2.0,86.0,526.7739868164062,403.5977783203125,804.2720336914062,611.2299194335938
175,2.0,86.0,530.9793090820312,401.0408630371094,816.1770629882812,614.5868530273438
176,2.0,86.0,535.703857421875,402.4087219238281,828.3895874023438,618.1995849609375
177,2.0,86.0,539.6539306640625,399.677490234375,839.4009399414062,618.2494506835938
178,2.0,86.0,543.0496215820312,398.30023193359375,851.4129028320312,619.0142211914062
179,2.0,86.0,547.6680297851562,395.3421325683594,864.1968994140625,623.1561889648438
180,2.0,86.0,550.6306762695312,393.6975402832031,878.3994750976562,626.880126953125
181,2.0,86.0,555.5764770507812,392.59063720703125,893.0484008789062,629.99560546875
182,2.0,86.0,560.49365234375,391.6254577636719,907.8583374023438,635.4525146484375
183,2.0,86.0,564.2721557617188,391.1730041503906,923.8115844726562,641.341552734375
184,2.0,86.0,569.8955688476562,388.846435546875,939.5530395507812,644.1773071289062
185,2.0,86.0,574.19482421875,388.0213623046875,957.3777465820312,652.3926391601562
186,2.0,86.0,581.1442260742188,386.877685546875,974.9874267578125,659.1588134765625
187,2.0,86.0,585.9417114257812,385.6759033203125,997.2021484375,665.596435546875
188,2.0,86.0,591.7858276367188,385.0929870605469,1018.3395385742188,672.4677734375
189,2.0,86.0,598.7040405273438,380.9399719238281,1041.3607177734375,680.5657348632812
190,2.0,86.0,604.8549194335938,379.45941162109375,1068.1881103515625,684.3935546875
191,2.0,86.0,610.8684692382812,376.4172058105469,1093.5146484375,692.80615234375
192,2.0,86.0,619.3623046875,373.3026428222656,1120.925537109375,702.826904296875
193,2.0,86.0,628.7044067382812,370.2057800292969,1150.643798828125,711.4826049804688
194,2.0,86.0,636.0199584960938,363.3843078613281,1184.0478515625,719.94091796875
195,2.0,86.0,645.8882446289062,359.5254211425781,1219.6256103515625,730.5851440429688
196,2.0,86.0,654.306640625,355.1468200683594,1257.776611328125,740.8869018554688
197,2.0,86.0,665.0654296875,349.31011962890625,1299.7569580078125,752.020751953125
198,2.0,86.0,676.8019409179688,345.0009460449219,1345.181396484375,764.6325073242188
199,2.0,86.0,688.9815063476562,340.3434753417969,1395.1190185546875,779.8616943359375
200,2.0,86.0,699.4846801757812,332.97882080078125,1450.484375,797.0475463867188
201,2.0,86.0,714.414306640625,326.2731018066406,1513.5338134765625,812.989501953125
202,2.0,86.0,729.0521240234375,319.6916198730469,1577.329833984375,831.7276611328125
203,2.0,86.0,743.625244140625,313.01605224609375,1653.3538818359375,854.2473754882812
204,2.0,86.0,761.0426635742188,304.92791748046875,1734.498046875,880.3230590820312
205,2.0,86.0,779.3712768554688,297.7267150878906,1825.09130859375,912.1196899414062
206,2.0,86.0,798.5078125,288.2748718261719,1900.72265625,942.735107421875
207,2.0,86.0,822.0110473632812,277.46270751953125,1920.0,984.5601806640625
208,2.0,86.0,849.0902709960938,266.0012512207031,1920.0,1023.9402465820312
209,2.0,86.0,875.462890625,251.37489318847656,1920.0,1057.45703125
210,2.0,86.0,904.8842163085938,235.21176147460938,1920.0,1071.3553466796875
211,2.0,86.0,937.6583251953125,219.19308471679688,1920.0,1080.0
212,2.0,86.0,973.65869140625,202.6797332763672,1920.0,1080.0
213,2.0,86.0,1013.1038208007812,174.06861877441406,1920.0,1079.0313720703125
214,2.0,86.0,1057.6639404296875,157.21600341796875,1920.0,1070.5150146484375
215,2.0,86.0,1110.9971923828125,123.86918640136719,1920.0,1069.033447265625
216,2.0,86.0,1170.08984375,99.2691879272461,1920.0,1070.2193603515625
217,2.0,86.0,1234.1221923828125,85.92416381835938,1920.0,1065.4906005859375
218,2.0,86.0,1313.9600830078125,89.48584747314453,1920.0,1070.2509765625
219,2.0,86.0,1403.1002197265625,95.96195220947266,1920.0,1073.778076171875
220,2.0,86.0,1505.1536865234375,111.51617431640625,1920.0,1076.0635986328125
221,2.0,86.0,1632.1226806640625,131.74473571777344,1920.0,1076.706787109375
