14,2.0,48.0,557.7362060546875,431.5984802246094,623.9462890625,486.7371826171875
15,2.0,48.0,557.7901611328125,433.803955078125,625.1920166015625,486.046142578125
16,2.0,48.0,558.2351684570312,433.4268798828125,625.1458740234375,485.9789123535156
17,2.0,48.0,558.1257934570312,431.92828369140625,625.0701293945312,485.63201904296875
18,2.0,48.0,558.7328491210938,434.5484924316406,626.0608520507812,485.49310302734375
19,2.0,48.0,558.7066040039062,433.55657958984375,626.5260009765625,486.14349365234375
20,2.0,48.0,559.4993896484375,433.0156555175781,627.2566528320312,486.8793640136719
21,2.0,48.0,559.699951171875,434.10528564453125,628.4329833984375,487.3874206542969
22,2.0,48.0,559.6215209960938,435.1255798339844,629.0924682617188,487.849365234375
23,2.0,48.0,560.0211791992188,435.1988220214844,629.9354858398438,488.3230285644531
24,2.0,48.0,560.2353515625,434.36090087890625,630.4329833984375,488.5675048828125
25,2.0,48.0,560.6113891601562,433.55084228515625,630.5548095703125,488.5571594238281
26,2.0,48.0,561.0753173828125,433.9429016113281,631.2098999023438,488.9797058105469
29,2.0,48.0,563.0831909179688,431.76116943359375,635.5139770507812,489.44268798828125
30,2.0,48.0,564.697021484375,430.5636901855469,636.3701782226562,489.6947326660156
32,2.0,48.0,564.9790649414062,429.901611328125,637.0932006835938,490.938720703125
62,2.0,48.0,576.7526245117188,426.262939453125,675.4871215820312,507.06072998046875
63,2.0,48.0,577.9177856445312,426.2575378417969,676.0498046875,507.8203125
64,2.0,48.0,578.3524780273438,426.716552734375,677.5912475585938,509.4208679199219
65,2.0,48.0,577.6767578125,427.0978088378906,677.5626831054688,510.6550598144531
68,2.0,48.0,580.1937866210938,426.5464782714844,681.4989624023438,510.4822692871094
71,2.0,48.0,585.1224365234375,425.2362060546875,689.8005981445312,514.4639282226562
73,2.0,48.0,588.3886108398438,425.4994201660156,693.0952758789062,514.1062622070312
74,2.0,48.0,589.5206298828125,425.5908508300781,696.6589965820312,514.9609375
75,2.0,48.0,590.7904663085938,425.8218994140625,700.0064086914062,516.1077270507812
76,2.0,48.0,591.6859741210938,425.2023620605469,702.1083374023438,516.5175170898438
77,2.0,48.0,592.0106811523438,425.1005859375,704.588134765625,518.5563354492188
78,2.0,48.0,594.6599731445312,425.13330078125,707.5109252929688,518.1162719726562
79,2.0,48.0,593.849853515625,425.890380859375,709.0060424804688,519.2052612304688
80,2.0,48.0,593.5118408203125,425.6133117675781,711.5302734375,520.4005126953125
81,2.0,48.0,593.4304809570312,426.1181640625,714.3916625976562,521.0458374023438
82,2.0,48.0,594.4247436523438,425.3565368652344,714.9923095703125,521.7783203125
83,2.0,48.0,595.5860595703125,425.1165466308594,717.3704833984375,521.763671875
84,2.0,48.0,595.5303344726562,424.36981201171875,720.3294677734375,523.0264892578125
85,2.0,48.0,595.7923583984375,424.61920166015625,723.8374633789062,524.08251953125
86,2.0,48.0,597.1240844726562,425.05523681640625,727.1280517578125,524.7505493164062
87,2.0,48.0,597.19677734375,425.5160217285156,730.2801513671875,527.0054931640625
88,2.0,48.0,598.779052734375,425.9003601074219,733.6506958007812,528.310546875
89,2.0,48.0,599.481201171875,425.6692810058594,736.4791259765625,529.4111328125
90,2.0,48.0,601.26513671875,425.649169921875,740.239501953125,531.2645263671875
91,2.0,48.0,601.8883056640625,425.4379577636719,742.3388061523438,533.9541015625
92,2.0,48.0,603.45556640625,425.26416015625,744.0156860351562,535.7435302734375
93,2.0,48.0,603.4456787109375,425.8363952636719,749.5234985351562,536.479248046875
94,2.0,48.0,603.98779296875,426.2061767578125,754.7908935546875,537.927490234375
95,2.0,48.0,606.2830810546875,425.8269348144531,759.36474609375,538.8599853515625
96,2.0,48.0,608.4417114257812,425.2925109863281,764.1473999023438,539.550048828125
97,2.0,48.0,610.172607421875,423.7839660644531,766.6973266601562,540.92529296875
98,2.0,48.0,611.4664306640625,423.4978942871094,770.383056640625,543.6686401367188
99,2.0,48.0,612.3975219726562,422.70281982421875,773.53076171875,546.4614868164062
100,2.0,48.0,613.398193359375,422.05963134765625,776.4142456054688,548.1155395507812
101,2.0,48.0,615.3090209960938,420.9627990722656,779.9898681640625,548.9213256835938
102,2.0,48.0,616.3955688476562,420.57012939453125,783.865966796875,550.0106811523438
103,2.0,48.0,619.8075561523438,419.8775329589844,789.4310913085938,551.426025390625
104,2.0,48.0,620.9575805664062,419.7283935546875,793.294677734375,552.9295654296875
105,2.0,48.0,622.2151489257812,419.3974914550781,798.9228515625,554.2073364257812
106,2.0,48.0,623.1627197265625,419.17132568359375,804.0952758789062,557.8872680664062
107,2.0,48.0,625.4034423828125,418.6015625,810.8604125976562,560.4251708984375
108,2.0,48.0,626.731689453125,417.81903076171875,815.3257446289062,561.6962890625
109,2.0,48.0,630.3253784179688,417.5828552246094,820.4274291992188,563.440673828125
110,2.0,48.0,632.6336059570312,417.47161865234375,827.531005859375,565.14404296875
111,2.0,48.0,632.871337890625,416.5852355957031,833.2344970703125,567.6312866210938
112,2.0,48.0,635.183837890625,415.7724304199219,838.498291015625,570.203857421875
113,2.0,48.0,638.6777954101562,414.91595458984375,844.3909912109375,572.6351928710938
114,2.0,48.0,640.7380981445312,413.1380920410156,852.4373779296875,574.2720947265625
115,2.0,48.0,645.0236206054688,411.4053649902344,860.3155517578125,575.9204711914062
116,2.0,48.0,647.7037353515625,410.9710998535156,866.5145263671875,578.7639770507812
117,2.0,48.0,649.7247924804688,410.44964599609375,874.7911376953125,582.0244140625
118,2.0,48.0,652.8115844726562,409.8253173828125,884.5225830078125,584.6022338867188
119,2.0,48.0,656.617919921875,408.9505920410156,891.4786376953125,586.9618530273438
120,2.0,48.0,658.5082397460938,408.31549072265625,900.6787109375,589.9022827148438
121,2.0,48.0,661.5545043945312,408.3764343261719,909.205078125,593.77392578125
122,2.0,48.0,664.4523315429688,408.1163330078125,919.7108154296875,596.8666381835938
123,2.0,48.0,668.09814453125,407.8478698730469,930.5020141601562,599.2100219726562
124,2.0,48.0,670.431640625,406.6589050292969,939.4269409179688,604.1571655273438
125,2.0,48.0,671.1967163085938,405.7534484863281,949.1563110351562,608.6089477539062
126,2.0,48.0,676.4996337890625,405.0486145019531,962.1029052734375,612.8716430664062
127,2.0,48.0,681.4307250976562,404.5089416503906,976.1991577148438,617.0271606445312
128,2.0,48.0,685.3463134765625,403.9977722167969,987.7099609375,620.9176635742188
129,2.0,48.0,691.0611572265625,402.66510009765625,1001.4740600585938,625.900146484375
130,2.0,48.0,694.6023559570312,401.8404846191406,1016.8143310546875,630.0001831054688
131,2.0,48.0,699.3865356445312,401.0675354003906,1031.9384765625,636.869384765625
132,2.0,48.0,704.2579345703125,399.243896484375,1047.3258056640625,639.8571166992188
133,2.0,48.0,707.3071899414062,398.4947204589844,1065.2421875,647.033447265625
134,2.0,48.0,712.9407958984375,398.4828186035156,1084.580078125,653.9240112304688
135,2.0,48.0,716.7596435546875,396.14886474609375,1105.0345458984375,661.4078979492188
136,2.0,48.0,725.7112426757812,393.44708251953125,1126.5697021484375,671.4774169921875
137,2.0,48.0,731.5538330078125,391.5566101074219,1148.6143798828125,679.8582153320312
138,2.0,48.0,737.2257690429688,390.1471862792969,1173.5242919921875,690.1406860351562
139,2.0,48.0,743.554931640625,389.8388671875,1200.4034423828125,701.6396484375
140,2.0,48.0,750.4345092773438,388.8237609863281,1227.443115234375,708.959228515625
141,2.0,48.0,759.0538330078125,386.8055725097656,1259.0478515625,722.2742919921875
142,2.0,48.0,766.5905151367188,385.1995544433594,1292.9173583984375,735.4234008789062
143,2.0,48.0,774.346923828125,383.11968994140625,1330.2752685546875,747.4156494140625
144,2.0,48.0,785.4063720703125,379.8765563964844,1369.208984375,764.7891845703125
145,2.0,48.0,796.209228515625,377.1353454589844,1412.398681640625,781.44921875
146,2.0,48.0,808.1172485351562,373.6876220703125,1459.996826171875,798.028076171875
147,2.0,48.0,818.7081909179688,368.9958801269531,1516.6151123046875,819.7196044921875
148,2.0,48.0,830.9886474609375,364.8958740234375,1572.536376953125,843.4796142578125
149,2.0,48.0,845.487060546875,361.5976867675781,1637.7811279296875,869.3468017578125
150,2.0,48.0,859.719970703125,358.30462646484375,1711.999267578125,899.9255981445312
151,2.0,48.0,872.2307739257812,355.0207214355469,1793.833984375,936.0101318359375
152,2.0,48.0,892.4088745117188,350.6241455078125,1886.02734375,973.4706420898438
153,2.0,48.0,911.5625610351562,345.0583190917969,1920.0,1019.8121948242188
154,2.0,48.0,933.7840576171875,340.2962646484375,1920.0,1058.01123046875
155,2.0,48.0,957.3612670898438,334.46221923828125,1920.0,1072.180419921875
156,2.0,48.0,985.897216796875,326.4196472167969,1920.0,1078.0552978515625
157,2.0,48.0,1015.2848510742188,314.5227966308594,1920.0,1080.0
158,2.0,48.0,1048.8370361328125,304.42767333984375,1920.0,1080.0
159,2.0,48.0,1088.91015625,294.5055847167969,1920.0,1078.982421875
160,2.0,48.0,1133.5628662109375,285.5857238769531,1920.0,1075.4571533203125
161,2.0,48.0,1184.3663330078125,272.989013671875,1920.0,1073.007080078125
162,2.0,48.0,1244.0947265625,256.2519836425781,1920.0,1073.899169921875
163,2.0,48.0,1312.5169677734375,247.8180389404297,1920.0,1074.273193359375
164,2.0,48.0,1396.735107421875,254.6884002685547,1920.0,1075.3865966796875
165,2.0,48.0,1497.018798828125,268.5270690917969,1920.0,1076.53955078125
166,2.0,48.0,1622.1331787109375,285.6014709472656,1920.0,1076.960205078125
