73,2.0,118.0,371.66754150390625,472.27886962890625,411.6319274902344,502.9605712890625
74,2.0,118.0,372.1121826171875,472.41375732421875,411.9606628417969,504.1418151855469
75,2.0,118.0,371.7559814453125,472.486572265625,412.23138427734375,504.97088623046875
76,2.0,118.0,371.4488830566406,471.70330810546875,411.9566955566406,504.69793701171875
77,2.0,118.0,371.6353759765625,471.2479553222656,411.9978332519531,503.6887512207031
78,2.0,118.0,371.642822265625,471.7111511230469,412.18701171875,502.692626953125
79,2.0,118.0,372.0316162109375,471.5569152832031,413.40704345703125,503.4786071777344
80,2.0,118.0,372.0577392578125,471.3418273925781,413.614501953125,504.3218994140625
81,2.0,118.0,372.1165466308594,471.5936584472656,413.3148193359375,504.4734802246094
82,2.0,118.0,372.1751708984375,472.2108154296875,414.14776611328125,504.4253845214844
83,2.0,118.0,372.8611145019531,472.46728515625,414.9518127441406,504.6670227050781
84,2.0,118.0,373.4389953613281,473.20263671875,414.4213562011719,505.1717529296875
85,2.0,118.0,374.1142272949219,473.3256530761719,413.8857727050781,503.7688903808594
86,2.0,118.0,374.6666564941406,472.52740478515625,415.9580078125,503.97601318359375
87,2.0,118.0,375.09124755859375,471.94708251953125,418.7803039550781,506.1571044921875
88,2.0,118.0,375.2333984375,470.6724853515625,421.5531921386719,507.7478942871094
89,2.0,118.0,375.1788635253906,472.60955810546875,422.9828796386719,508.9801940917969
90,2.0,118.0,376.3690490722656,470.9471435546875,424.857421875,508.9368896484375
91,2.0,118.0,376.6931457519531,470.07623291015625,426.4429016113281,509.8865661621094
92,2.0,118.0,377.32470703125,469.5740661621094,426.8121032714844,509.5268249511719
93,2.0,118.0,377.8018798828125,470.24468994140625,427.5181884765625,509.5568542480469
94,2.0,118.0,378.3412170410156,471.38885498046875,428.60479736328125,508.9018249511719
95,2.0,118.0,378.7915954589844,471.603759765625,429.2519836425781,507.8561706542969
96,2.0,118.0,379.5627136230469,471.7637939453125,430.8537902832031,507.818115234375
97,2.0,118.0,380.2803649902344,472.0132141113281,432.4082946777344,508.54461669921875
98,2.0,118.0,380.3003845214844,473.0111999511719,433.7511901855469,510.35791015625
99,2.0,118.0,380.1255187988281,473.29705810546875,434.7379150390625,511.60211181640625
100,2.0,118.0,380.72900390625,472.7868347167969,435.2918395996094,511.08929443359375
101,2.0,118.0,381.5232849121094,474.65948486328125,435.5464782714844,511.74359130859375
102,2.0,118.0,382.11090087890625,476.6862487792969,436.1120300292969,512.9175415039062
103,2.0,118.0,382.09228515625,476.83209228515625,435.88262939453125,512.3461303710938
104,2.0,118.0,382.34344482421875,473.0368347167969,435.6703186035156,511.5903625488281
105,2.0,118.0,383.1497802734375,476.571533203125,437.797119140625,513.0397338867188
106,2.0,118.0,383.5544738769531,479.0108947753906,440.2469482421875,513.8441162109375
107,2.0,118.0,383.73040771484375,479.39166259765625,441.13543701171875,514.5172729492188
108,2.0,118.0,384.3088684082031,480.42144775390625,443.918212890625,515.2792358398438
109,2.0,118.0,384.3788146972656,473.4608154296875,445.1153259277344,515.451904296875
110,2.0,118.0,385.93927001953125,476.1929016113281,447.4427490234375,516.0451049804688
111,2.0,118.0,386.2369079589844,471.02081298828125,448.97882080078125,514.9589233398438
112,2.0,118.0,385.137939453125,470.68292236328125,447.80328369140625,513.8546142578125
113,2.0,118.0,385.8989562988281,470.4986877441406,451.3111572265625,516.4640502929688
114,2.0,118.0,386.8667297363281,474.1527404785156,453.2255859375,516.6673583984375
115,2.0,118.0,387.921875,471.1098937988281,456.9158630371094,518.6343383789062
116,2.0,118.0,390.84857177734375,471.8822937011719,457.83135986328125,519.864013671875
117,2.0,118.0,393.8762512207031,476.9473571777344,459.2071228027344,521.04052734375
118,2.0,118.0,395.1993408203125,480.1337585449219,461.637939453125,522.3882446289062
119,2.0,118.0,395.80450439453125,477.8035888671875,465.0445861816406,523.1673583984375
120,2.0,118.0,395.98333740234375,469.68658447265625,466.08282470703125,523.7297973632812
121,2.0,118.0,397.92230224609375,467.0592041015625,468.19586181640625,524.4484252929688
122,2.0,118.0,398.14898681640625,462.5287170410156,470.3877258300781,524.7130737304688
123,2.0,118.0,398.7564697265625,462.0135803222656,473.2812194824219,523.4644165039062
124,2.0,118.0,401.69146728515625,473.8960266113281,476.8398132324219,525.032470703125
125,2.0,118.0,404.64208984375,481.9879455566406,481.3446960449219,526.3522338867188
126,2.0,118.0,404.3281555175781,465.63592529296875,484.2236022949219,527.14697265625
127,2.0,118.0,405.3927001953125,459.7359619140625,485.52313232421875,526.7177124023438
133,2.0,118.0,413.2847900390625,452.9966125488281,507.7313537597656,535.0626220703125
134,2.0,118.0,415.66680908203125,452.9532470703125,512.3007202148438,535.250244140625
136,2.0,118.0,419.980712890625,451.3994445800781,520.8453369140625,538.3903198242188
137,2.0,118.0,422.55828857421875,450.07037353515625,526.5294189453125,539.580810546875
138,2.0,118.0,424.163818359375,450.0047912597656,530.7386474609375,540.34814453125
139,2.0,118.0,428.2079772949219,448.8253173828125,535.2862548828125,542.4392700195312
140,2.0,118.0,428.95281982421875,447.7475891113281,542.924072265625,544.3600463867188
142,2.0,118.0,434.31439208984375,446.9082336425781,554.075439453125,546.7256469726562
143,2.0,118.0,435.4543762207031,445.38897705078125,558.5057983398438,547.783203125
144,2.0,118.0,436.45703125,443.4825439453125,566.8129272460938,549.1553344726562
145,2.0,118.0,438.5735778808594,441.8238220214844,574.7816772460938,550.9786376953125
146,2.0,118.0,443.19464111328125,441.1874084472656,580.55712890625,554.2408447265625
147,2.0,118.0,446.12005615234375,440.3189697265625,590.2660522460938,557.0548095703125
148,2.0,118.0,449.5504150390625,438.9747314453125,599.7655639648438,559.6229248046875
149,2.0,118.0,451.1212158203125,438.23028564453125,606.8387451171875,562.41845703125
150,2.0,118.0,454.89532470703125,436.50628662109375,616.7332763671875,565.0137939453125
151,2.0,118.0,457.8697509765625,435.97308349609375,628.2448120117188,567.632080078125
152,2.0,118.0,461.74285888671875,435.3319396972656,638.0625,571.0880737304688
153,2.0,118.0,465.2239990234375,434.3255310058594,649.7512817382812,574.0507202148438
154,2.0,118.0,468.7127380371094,431.25604248046875,662.5968017578125,576.734375
155,2.0,118.0,474.4065856933594,428.90863037109375,677.5590209960938,579.383544921875
156,2.0,118.0,480.11669921875,426.6975402832031,694.5479736328125,586.6610717773438
157,2.0,118.0,487.39080810546875,423.9568786621094,711.2264404296875,592.1072998046875
158,2.0,118.0,495.2148742675781,421.81787109375,731.11328125,596.2776489257812
159,2.0,118.0,501.9937438964844,419.0384521484375,752.81591796875,602.2310791015625
160,2.0,118.0,510.80474853515625,415.31500244140625,775.7562255859375,610.257568359375
161,2.0,118.0,519.353271484375,408.3446044921875,801.4673461914062,618.382568359375
162,2.0,118.0,528.3501586914062,402.1209411621094,831.5744018554688,623.3495483398438
163,2.0,118.0,539.97412109375,397.64434814453125,865.926513671875,629.6666870117188
164,2.0,118.0,550.2836303710938,394.6313781738281,903.8568115234375,642.575927734375
165,2.0,118.0,563.9933471679688,390.169189453125,951.3773193359375,654.36669921875
166,2.0,118.0,578.5553588867188,384.5245361328125,1005.0327758789062,672.4840698242188
167,2.0,118.0,596.611328125,378.43853759765625,1068.855224609375,691.98291015625
168,2.0,118.0,616.7769775390625,369.431640625,1144.485107421875,712.2455444335938
169,2.0,118.0,638.7607421875,359.6018981933594,1235.8509521484375,743.24267578125
170,2.0,118.0,664.7542724609375,347.0365295410156,1349.890625,779.9901733398438
171,2.0,118.0,696.3468017578125,330.8990478515625,1497.722412109375,824.9217529296875
172,2.0,118.0,735.5570678710938,312.4371643066406,1689.3778076171875,882.1438598632812
173,2.0,118.0,782.6638793945312,290.826171875,1843.8863525390625,972.0900268554688
174,2.0,118.0,842.3720703125,257.8851623535156,1908.9593505859375,1036.1190185546875
175,2.0,118.0,921.9829711914062,222.9744415283203,1920.0,1067.1441650390625
176,2.0,118.0,1031.6571044921875,167.36415100097656,1920.0,1070.6314697265625
177,2.0,118.0,1184.933349609375,102.90768432617188,1920.0,1074.466064453125
178,2.0,118.0,1412.657958984375,95.22341918945312,1920.0,1080.0
