14,2.0,51.0,458.975830078125,451.7064514160156,526.81787109375,506.2509460449219
15,2.0,51.0,459.1630554199219,451.5460510253906,527.5603637695312,506.7703552246094
16,2.0,51.0,459.3018493652344,452.439453125,530.4760131835938,507.77203369140625
17,2.0,51.0,459.33758544921875,452.56072998046875,531.6488647460938,508.626953125
18,2.0,51.0,459.3789367675781,453.04278564453125,532.7427368164062,508.6546325683594
19,2.0,51.0,459.4813537597656,453.1168212890625,533.7520751953125,508.34014892578125
20,2.0,51.0,459.8473815917969,452.9985656738281,535.897705078125,508.86419677734375
27,2.0,51.0,462.27215576171875,452.2362976074219,542.9009399414062,510.4529724121094
29,2.0,51.0,463.1799011230469,451.8395080566406,545.3969116210938,511.66558837890625
38,2.0,51.0,467.9778137207031,452.6736145019531,554.5197143554688,516.9308471679688
39,2.0,51.0,468.78533935546875,453.48663330078125,555.8458862304688,517.264404296875
40,2.0,51.0,469.73114013671875,453.6072998046875,557.156005859375,517.7626342773438
49,2.0,51.0,478.31024169921875,451.3965148925781,571.294677734375,522.8726806640625
55,2.0,51.0,480.2628173828125,453.1327209472656,582.3937377929688,526.2557983398438
56,2.0,51.0,480.2762145996094,449.70928955078125,584.2261962890625,527.021240234375
57,2.0,51.0,483.0384826660156,447.8150939941406,585.7830810546875,527.2133178710938
58,2.0,51.0,484.61700439453125,446.5312194824219,587.0200805664062,528.54052734375
59,2.0,51.0,485.88134765625,446.1603698730469,589.2943725585938,528.6697387695312
60,2.0,51.0,487.7839660644531,445.22698974609375,593.7882080078125,529.46142578125
61,2.0,51.0,488.4974060058594,447.10308837890625,595.1589965820312,530.8519897460938
62,2.0,51.0,489.2272033691406,447.03125,596.9197387695312,531.751220703125
63,2.0,51.0,491.1623840332031,445.6077880859375,597.7793579101562,532.4893798828125
64,2.0,51.0,492.4454650878906,446.8030090332031,599.8828125,532.3897705078125
65,2.0,51.0,492.09954833984375,445.2431335449219,604.0803833007812,534.9332275390625
66,2.0,51.0,492.30987548828125,445.0489196777344,607.3635864257812,536.71875
67,2.0,51.0,492.9190368652344,445.1022033691406,610.6458740234375,536.7711791992188
68,2.0,51.0,494.07159423828125,444.81298828125,613.0242919921875,536.4243774414062
69,2.0,51.0,495.2945251464844,443.3629150390625,615.2241821289062,537.038330078125
70,2.0,51.0,497.74517822265625,441.8040771484375,618.2841186523438,538.03076171875
71,2.0,51.0,499.4584655761719,441.0079650878906,619.8680419921875,539.0199584960938
72,2.0,51.0,500.9361877441406,440.56451416015625,621.0453491210938,539.7315673828125
73,2.0,51.0,502.9368896484375,440.5821533203125,624.6736450195312,541.35791015625
74,2.0,51.0,503.0870361328125,442.2455749511719,628.7841796875,542.9330444335938
75,2.0,51.0,504.17669677734375,441.63037109375,631.9682006835938,544.0590209960938
76,2.0,51.0,505.6925048828125,440.945068359375,635.1744384765625,545.4951782226562
78,2.0,51.0,507.94964599609375,439.92352294921875,640.1967163085938,547.7986450195312
79,2.0,51.0,507.0183410644531,439.9787902832031,642.6202392578125,549.1732177734375
80,2.0,51.0,508.1961669921875,440.3127136230469,646.9384155273438,549.7799682617188
81,2.0,51.0,510.474853515625,440.47998046875,650.921630859375,549.5382690429688
82,2.0,51.0,512.32421875,441.40325927734375,654.52392578125,549.8472900390625
83,2.0,51.0,514.8031005859375,441.76324462890625,658.62841796875,551.5596923828125
84,2.0,51.0,515.7023315429688,442.3167724609375,663.7835693359375,552.3477783203125
85,2.0,51.0,517.02490234375,442.0443115234375,668.0157470703125,552.8701171875
86,2.0,51.0,518.1708984375,441.0960693359375,670.6884155273438,555.4271850585938
87,2.0,51.0,520.068359375,440.85186767578125,675.3010864257812,557.9668579101562
88,2.0,51.0,521.47412109375,439.78973388671875,679.1082763671875,559.08447265625
89,2.0,51.0,524.1962890625,438.6077575683594,683.11376953125,559.6515502929688
90,2.0,51.0,526.875732421875,437.4880676269531,690.0955200195312,560.344970703125
91,2.0,51.0,528.7945556640625,437.4250183105469,694.3689575195312,561.7447509765625
92,2.0,51.0,531.617919921875,437.3927001953125,697.9491577148438,564.083740234375
93,2.0,51.0,533.6719360351562,437.19384765625,704.5308227539062,565.7726440429688
95,2.0,51.0,536.7630615234375,437.16229248046875,714.885986328125,571.2293090820312
96,2.0,51.0,539.1651000976562,435.8184814453125,719.9835205078125,573.7095336914062
98,2.0,51.0,543.3988647460938,435.1441955566406,732.7337646484375,579.0140991210938
99,2.0,51.0,546.1760864257812,434.7813415527344,739.4724731445312,580.4883422851562
100,2.0,51.0,548.9674072265625,434.0303649902344,746.5592041015625,583.6442260742188
101,2.0,51.0,551.5689086914062,433.9749755859375,754.2822875976562,585.115478515625
102,2.0,51.0,553.2283325195312,434.91912841796875,761.11279296875,587.0503540039062
103,2.0,51.0,556.443603515625,435.6107482910156,767.14892578125,589.323486328125
104,2.0,51.0,559.828369140625,433.8368225097656,774.6427001953125,591.9151000976562
105,2.0,51.0,562.3008422851562,432.8585205078125,782.0067138671875,594.4404907226562
106,2.0,51.0,566.0997314453125,431.7895202636719,790.4344482421875,596.9632568359375
107,2.0,51.0,569.0320434570312,430.04327392578125,800.6633911132812,601.1599731445312
108,2.0,51.0,571.922607421875,428.3850402832031,809.03466796875,604.3413696289062
109,2.0,51.0,574.5792846679688,427.3199462890625,819.3837890625,606.8157958984375
110,2.0,51.0,578.5247192382812,427.4469299316406,830.158203125,609.455322265625
111,2.0,51.0,582.8130493164062,427.3117370605469,838.3889770507812,614.305908203125
112,2.0,51.0,588.9133911132812,427.05645751953125,850.4225463867188,615.3311767578125
113,2.0,51.0,593.155517578125,426.23931884765625,861.2095336914062,619.5760498046875
114,2.0,51.0,597.3432006835938,425.61334228515625,875.10498046875,624.0189819335938
115,2.0,51.0,600.6298828125,425.3209533691406,887.78759765625,627.2380981445312
116,2.0,51.0,605.07861328125,423.7206726074219,901.5389404296875,633.2527465820312
117,2.0,51.0,611.1178588867188,423.5443115234375,916.4328002929688,638.5052490234375
118,2.0,51.0,615.0286254882812,422.3351745605469,933.0223388671875,641.6791381835938
119,2.0,51.0,620.9228515625,421.22430419921875,947.7026977539062,646.960693359375
120,2.0,51.0,626.5661010742188,419.2003479003906,965.486328125,650.9098510742188
121,2.0,51.0,632.3345336914062,418.1054992675781,984.7407836914062,658.8441772460938
122,2.0,51.0,637.4830932617188,417.45574951171875,1004.265380859375,664.7896728515625
123,2.0,51.0,644.9769897460938,416.462890625,1025.2586669921875,673.9241333007812
124,2.0,51.0,652.8161010742188,415.90911865234375,1047.843994140625,682.7286376953125
125,2.0,51.0,660.1409301757812,414.1902160644531,1072.2088623046875,688.3221435546875
126,2.0,51.0,666.5098266601562,414.0040283203125,1097.5509033203125,697.7073974609375
127,2.0,51.0,675.0733032226562,411.4254455566406,1124.961669921875,707.7634887695312
128,2.0,51.0,682.8624877929688,408.27667236328125,1155.187255859375,719.2949829101562
129,2.0,51.0,693.7200927734375,405.7048034667969,1189.8402099609375,730.6423950195312
130,2.0,51.0,704.5712890625,402.9502868652344,1225.0347900390625,739.2735595703125
131,2.0,51.0,714.3587036132812,403.2448425292969,1262.69970703125,754.2552490234375
132,2.0,51.0,726.3052978515625,401.56512451171875,1305.1302490234375,770.935302734375
133,2.0,51.0,737.936767578125,398.1864318847656,1351.5845947265625,787.8032836914062
134,2.0,51.0,750.8887939453125,393.5640563964844,1401.6998291015625,806.0596923828125
135,2.0,51.0,766.5482788085938,389.4276428222656,1458.8048095703125,825.2711791992188
136,2.0,51.0,780.74169921875,384.8472595214844,1520.74267578125,846.530029296875
137,2.0,51.0,798.6253662109375,382.0283508300781,1590.0335693359375,873.8025512695312
138,2.0,51.0,817.1148681640625,379.5197448730469,1667.8636474609375,900.7208862304688
139,2.0,51.0,836.1859130859375,375.5491027832031,1754.2730712890625,936.9296875
140,2.0,51.0,858.1315307617188,370.6925964355469,1851.226318359375,975.6555786132812
141,2.0,51.0,881.7449340820312,367.52703857421875,1910.321044921875,1021.863525390625
142,2.0,51.0,908.52001953125,362.85430908203125,1920.0,1056.701171875
143,2.0,51.0,938.6383056640625,355.05950927734375,1920.0,1072.572998046875
144,2.0,51.0,976.3384399414062,346.6643371582031,1920.0,1078.8685302734375
145,2.0,51.0,1012.435302734375,339.8345642089844,1920.0,1080.0
146,2.0,51.0,1054.2781982421875,329.74053955078125,1920.0,1080.0
147,2.0,51.0,1105.1904296875,321.9746398925781,1920.0,1077.1978759765625
148,2.0,51.0,1163.66943359375,310.542724609375,1920.0,1072.901611328125
149,2.0,51.0,1228.9259033203125,296.6672058105469,1920.0,1071.8671875
150,2.0,51.0,1304.738037109375,286.4892272949219,1920.0,1074.5460205078125
151,2.0,51.0,1396.0604248046875,288.629638671875,1920.0,1074.462890625
152,2.0,51.0,1506.177001953125,299.97113037109375,1920.0,1075.3309326171875
153,2.0,51.0,1639.892333984375,323.9541931152344,1920.0,1076.5439453125
