17,2.0,62.0,529.1452026367188,448.1361389160156,570.546875,489.83929443359375
18,2.0,62.0,529.7105712890625,448.1012878417969,570.6061401367188,490.0990905761719
19,2.0,62.0,529.7222290039062,448.9443054199219,571.5313720703125,490.40765380859375
20,2.0,62.0,529.33203125,450.2180480957031,574.1123046875,490.491455078125
21,2.0,62.0,529.1306762695312,450.4886169433594,575.9436645507812,490.59674072265625
22,2.0,62.0,529.23046875,450.21563720703125,576.7939453125,490.8092041015625
23,2.0,62.0,529.2987670898438,449.9837951660156,576.5779418945312,490.98382568359375
24,2.0,62.0,529.5093994140625,449.74072265625,576.6387329101562,490.9363098144531
25,2.0,62.0,529.5095825195312,450.0334167480469,577.2139892578125,491.02886962890625
26,2.0,62.0,529.5631103515625,450.81964111328125,578.0548095703125,491.0693054199219
27,2.0,62.0,530.507080078125,450.78582763671875,579.537353515625,491.07708740234375
28,2.0,62.0,531.0702514648438,450.57196044921875,579.9519653320312,490.9801330566406
29,2.0,62.0,531.1321411132812,450.855712890625,580.77685546875,490.9714660644531
30,2.0,62.0,530.89794921875,450.6363525390625,582.088134765625,490.9688415527344
31,2.0,62.0,530.617431640625,451.2587585449219,582.562744140625,490.97021484375
32,2.0,62.0,530.882080078125,450.9505310058594,584.1858520507812,490.9895324707031
33,2.0,62.0,531.5130615234375,450.51715087890625,586.0076293945312,490.9650573730469
34,2.0,62.0,532.1245727539062,450.0926208496094,587.989990234375,491.096435546875
35,2.0,62.0,532.1719360351562,449.64263916015625,588.6953125,491.35601806640625
36,2.0,62.0,532.1433715820312,447.268798828125,589.2498168945312,493.4315490722656
37,2.0,62.0,532.5256958007812,446.5295104980469,589.53271484375,494.0079040527344
38,2.0,62.0,532.8844604492188,448.6581115722656,590.2909545898438,492.7486877441406
39,2.0,62.0,533.4910888671875,449.0307922363281,591.5736694335938,492.6631774902344
40,2.0,62.0,533.18115234375,448.4620666503906,591.2138671875,492.7129821777344
41,2.0,62.0,533.23291015625,448.6457824707031,590.6499633789062,492.62933349609375
42,2.0,62.0,533.3525390625,447.6702575683594,592.6766967773438,492.54266357421875
43,2.0,62.0,533.74560546875,447.18359375,595.0747680664062,493.31719970703125
44,2.0,62.0,535.9916381835938,446.6221923828125,596.0720825195312,494.1569519042969
45,2.0,62.0,537.0108642578125,446.0781555175781,596.16943359375,494.8961486816406
46,2.0,62.0,536.885009765625,445.2245788574219,596.9688720703125,495.3425598144531
47,2.0,62.0,537.9260864257812,445.35693359375,597.3477172851562,495.932373046875
48,2.0,62.0,538.3895263671875,445.1498718261719,599.3833618164062,497.5135498046875
49,2.0,62.0,539.4781494140625,445.59417724609375,601.0877685546875,498.39984130859375
50,2.0,62.0,540.643798828125,447.26568603515625,601.364990234375,498.46099853515625
55,2.0,62.0,542.6228637695312,446.126220703125,608.154296875,498.5388488769531
57,2.0,62.0,545.2080688476562,446.45684814453125,610.9517822265625,499.5625
60,2.0,62.0,548.118408203125,448.625,615.6016235351562,499.313720703125
61,2.0,62.0,547.9248657226562,448.177734375,617.5786743164062,499.7061767578125
62,2.0,62.0,548.3672485351562,447.65966796875,619.0521240234375,500.3804626464844
64,2.0,62.0,551.2699584960938,445.7154846191406,622.3596801757812,502.0719909667969
71,2.0,62.0,557.1547241210938,443.9524841308594,633.7537231445312,504.20263671875
72,2.0,62.0,558.1338500976562,441.6495056152344,636.0606079101562,505.0276794433594
73,2.0,62.0,559.9380493164062,441.5934143066406,637.3484497070312,505.35540771484375
74,2.0,62.0,562.6052856445312,441.97344970703125,639.943359375,505.3499450683594
75,2.0,62.0,563.83837890625,441.29559326171875,640.0289306640625,505.9429626464844
77,2.0,62.0,565.174072265625,440.0912780761719,645.4620361328125,508.54803466796875
78,2.0,62.0,564.52197265625,440.750732421875,648.3251342773438,508.634765625
79,2.0,62.0,564.8024291992188,441.7904968261719,651.36767578125,509.3868408203125
80,2.0,62.0,566.739990234375,441.8883361816406,653.9047241210938,510.35565185546875
81,2.0,62.0,566.8953857421875,441.9429931640625,656.1666259765625,511.40948486328125
82,2.0,62.0,568.191650390625,441.5467834472656,659.34130859375,511.70855712890625
83,2.0,62.0,569.9002685546875,440.8810119628906,661.7647094726562,512.7282104492188
84,2.0,62.0,572.8433227539062,439.8758239746094,663.328369140625,514.0836181640625
85,2.0,62.0,574.60009765625,439.93829345703125,664.8916015625,514.65234375
86,2.0,62.0,574.7205200195312,440.88427734375,668.6554565429688,515.079833984375
87,2.0,62.0,575.3222045898438,442.04498291015625,671.7229614257812,515.3985595703125
88,2.0,62.0,577.2523193359375,441.6976318359375,674.9089965820312,515.1329345703125
89,2.0,62.0,579.2455444335938,440.8624267578125,677.532470703125,516.8029174804688
90,2.0,62.0,579.742431640625,440.5333251953125,680.7780151367188,518.0690307617188
91,2.0,62.0,582.776123046875,440.4098815917969,684.1770629882812,519.1495971679688
92,2.0,62.0,586.0267944335938,440.6968688964844,686.5491333007812,519.230712890625
93,2.0,62.0,587.8074340820312,440.44384765625,689.2074584960938,521.8069458007812
94,2.0,62.0,588.1550903320312,440.55029296875,692.687744140625,522.7578125
95,2.0,62.0,588.51904296875,441.0020446777344,696.3929443359375,523.997314453125
96,2.0,62.0,590.8507690429688,441.7278137207031,701.0888671875,524.9315185546875
97,2.0,62.0,593.6988525390625,441.3411865234375,704.2949829101562,525.8527221679688
98,2.0,62.0,595.3125610351562,440.87353515625,708.4673461914062,527.0781860351562
99,2.0,62.0,599.0860595703125,440.0760192871094,712.7987670898438,528.0673828125
101,2.0,62.0,601.1235961914062,438.9902648925781,719.10986328125,529.8905029296875
102,2.0,62.0,601.6683349609375,439.5650939941406,724.3302612304688,531.167724609375
103,2.0,62.0,603.7334594726562,438.8584899902344,728.8092651367188,532.9271240234375
104,2.0,62.0,606.64697265625,438.2342529296875,733.78076171875,535.1505126953125
105,2.0,62.0,608.8501586914062,437.9718322753906,738.4575805664062,536.08544921875
106,2.0,62.0,611.5313110351562,438.2814636230469,742.4161376953125,536.5927734375
107,2.0,62.0,613.8011474609375,437.88800048828125,748.4972534179688,537.572021484375
108,2.0,62.0,616.4016723632812,437.526611328125,753.9385375976562,538.3550415039062
109,2.0,62.0,619.95068359375,437.1534118652344,759.9140014648438,539.9913940429688
110,2.0,62.0,621.5040893554688,437.2426452636719,765.6588745117188,541.802001953125
111,2.0,62.0,622.689697265625,434.447265625,770.812744140625,544.0526733398438
112,2.0,62.0,627.0903930664062,434.1910400390625,775.856201171875,546.32763671875
113,2.0,62.0,632.0166015625,433.8274230957031,783.0515747070312,548.3695678710938
114,2.0,62.0,634.946533203125,433.6131896972656,789.9229125976562,549.7626953125
115,2.0,62.0,637.6715698242188,432.68585205078125,797.3101196289062,551.267578125
116,2.0,62.0,640.231201171875,432.33526611328125,803.554443359375,553.0928955078125
117,2.0,62.0,643.7788696289062,431.62017822265625,812.5809936523438,555.4498901367188
118,2.0,62.0,647.1923828125,431.74603271484375,821.4613037109375,557.16455078125
119,2.0,62.0,652.9043579101562,431.2601318359375,829.9814453125,559.7976684570312
120,2.0,62.0,657.3150634765625,432.86773681640625,838.054443359375,562.08251953125
121,2.0,62.0,661.1492919921875,432.2362976074219,846.4140014648438,565.0726318359375
122,2.0,62.0,665.16796875,431.45184326171875,856.4169921875,569.6517944335938
123,2.0,62.0,670.0999145507812,428.2715759277344,866.8131103515625,573.1211547851562
124,2.0,62.0,673.7905883789062,426.1891174316406,877.6708374023438,577.0173950195312
125,2.0,62.0,678.8109130859375,425.4941711425781,887.8062133789062,579.7587280273438
126,2.0,62.0,683.9437866210938,425.1036682128906,900.9600219726562,581.9710083007812
127,2.0,62.0,689.7411499023438,425.8331604003906,913.1829223632812,585.3540649414062
128,2.0,62.0,695.3156127929688,425.9003601074219,926.8555297851562,590.4134521484375
129,2.0,62.0,701.7073364257812,425.7797546386719,941.5709838867188,594.1129150390625
130,2.0,62.0,707.9994506835938,425.8328552246094,955.1934814453125,599.4178466796875
131,2.0,62.0,714.80126953125,424.9495849609375,973.0917358398438,604.0028076171875
132,2.0,62.0,720.7476196289062,423.8811950683594,989.1718139648438,608.5955810546875
133,2.0,62.0,728.5950317382812,422.75714111328125,1008.8628540039062,614.3449096679688
134,2.0,62.0,736.726806640625,422.4725036621094,1028.2822265625,619.3601684570312
135,2.0,62.0,744.5827026367188,420.08935546875,1048.8177490234375,625.8489990234375
136,2.0,62.0,753.435546875,418.6912841796875,1074.1905517578125,630.3935546875
137,2.0,62.0,763.5995483398438,416.4332580566406,1098.3140869140625,637.70263671875
138,2.0,62.0,772.9423828125,413.9573669433594,1125.812744140625,645.5145263671875
139,2.0,62.0,784.9957885742188,411.38055419921875,1156.0003662109375,654.1047973632812
140,2.0,62.0,797.346923828125,409.66412353515625,1189.585693359375,661.51513671875
141,2.0,62.0,809.286376953125,408.5694274902344,1225.40576171875,673.8178100585938
142,2.0,62.0,822.6237182617188,407.15338134765625,1264.9808349609375,685.6163330078125
143,2.0,62.0,837.9313354492188,405.2829284667969,1307.1510009765625,698.3228759765625
144,2.0,62.0,855.3034057617188,404.56256103515625,1354.8935546875,713.83642578125
145,2.0,62.0,872.3197021484375,402.5947570800781,1409.3026123046875,729.9244384765625
146,2.0,62.0,892.7621459960938,400.28924560546875,1469.8209228515625,748.4369506835938
147,2.0,62.0,914.7882080078125,394.9347229003906,1537.704833984375,768.5382690429688
148,2.0,62.0,938.0281982421875,388.8797302246094,1615.8333740234375,791.4146118164062
149,2.0,62.0,961.7996826171875,381.9779052734375,1703.5704345703125,820.1325073242188
150,2.0,62.0,991.8876342773438,378.97540283203125,1803.0513916015625,852.0364990234375
151,2.0,62.0,1025.125244140625,378.341796875,1890.9658203125,889.4104614257812
152,2.0,62.0,1063.0509033203125,375.17681884765625,1920.0,939.5560302734375
153,2.0,62.0,1105.6375732421875,369.0434875488281,1920.0,996.1948852539062
154,2.0,62.0,1156.8560791015625,362.81378173828125,1920.0,1049.6287841796875
155,2.0,62.0,1215.7230224609375,354.748291015625,1920.0,1071.67138671875
156,2.0,62.0,1285.191650390625,347.45904541015625,1920.0,1002.46484375
157,2.0,62.0,1364.821533203125,336.72723388671875,1920.0,976.7991333007812
158,2.0,62.0,1463.3985595703125,332.5048522949219,1920.0,996.5427856445312
159,2.0,62.0,1582.673828125,339.5146789550781,1920.0,1043.6778564453125
