65,2.0,41.0,564.7249145507812,437.03082275390625,612.195556640625,473.0585632324219
66,2.0,41.0,566.0248413085938,435.45684814453125,613.6415405273438,473.2754821777344
67,2.0,41.0,567.3244018554688,434.6444091796875,616.2996826171875,473.2275085449219
68,2.0,41.0,567.704345703125,435.39630126953125,618.5145874023438,473.8863830566406
69,2.0,41.0,568.2454223632812,436.16802978515625,619.26171875,474.5541687011719
70,2.0,41.0,569.2786865234375,435.69500732421875,622.3671264648438,475.28778076171875
71,2.0,41.0,570.948974609375,435.2061462402344,624.0523681640625,475.78070068359375
72,2.0,41.0,571.2684326171875,435.58416748046875,624.6677856445312,476.2940673828125
73,2.0,41.0,571.6083984375,434.40283203125,625.8753662109375,476.8028564453125
74,2.0,41.0,573.0416870117188,433.6239318847656,627.3922119140625,476.6615295410156
75,2.0,41.0,573.8609619140625,432.22308349609375,628.3515014648438,476.9184875488281
76,2.0,41.0,574.3380737304688,432.2359924316406,629.9387817382812,477.02044677734375
77,2.0,41.0,575.3607177734375,431.65936279296875,632.6286010742188,477.22772216796875
78,2.0,41.0,576.789306640625,431.73773193359375,634.2891845703125,478.2841796875
79,2.0,41.0,577.3837890625,431.8643798828125,636.4881591796875,479.02777099609375
81,2.0,41.0,577.40576171875,431.03900146484375,639.5155029296875,479.07464599609375
85,2.0,41.0,580.83984375,428.02020263671875,649.2987060546875,482.6929626464844
88,2.0,41.0,588.67919921875,428.529541015625,655.3709106445312,486.2642822265625
90,2.0,41.0,592.974853515625,428.4430847167969,660.1594848632812,486.0532531738281
91,2.0,41.0,594.2867431640625,428.6761169433594,662.18994140625,487.4942932128906
92,2.0,41.0,594.7398071289062,428.74859619140625,665.7402954101562,487.41424560546875
93,2.0,41.0,596.9876098632812,428.77642822265625,670.0089111328125,488.7889404296875
94,2.0,41.0,598.0789184570312,428.37969970703125,672.4842529296875,490.83624267578125
96,2.0,41.0,599.6414794921875,427.5810852050781,675.8350830078125,490.0627746582031
97,2.0,41.0,599.883544921875,427.2322998046875,680.3251953125,492.6258544921875
98,2.0,41.0,601.4111328125,427.4906005859375,684.7760620117188,493.95928955078125
100,2.0,41.0,606.2498168945312,427.50177001953125,692.0774536132812,496.2968444824219
103,2.0,41.0,610.9534301757812,428.5285949707031,705.6437377929688,501.0903015136719
104,2.0,41.0,614.6741943359375,428.20257568359375,711.6881713867188,503.7522277832031
106,2.0,41.0,620.5692138671875,427.15289306640625,723.6163940429688,509.1865539550781
107,2.0,41.0,624.1405029296875,427.7440490722656,729.4714965820312,511.41082763671875
108,2.0,41.0,627.0338745117188,427.3880310058594,735.6736450195312,513.8695678710938
110,2.0,41.0,635.41748046875,428.1511535644531,749.3419799804688,516.3394775390625
111,2.0,41.0,637.4937744140625,427.23638916015625,757.0309448242188,518.1849365234375
112,2.0,41.0,640.3419189453125,426.302734375,763.3170166015625,520.6543579101562
113,2.0,41.0,643.3931884765625,425.9299011230469,771.7447509765625,523.0549926757812
114,2.0,41.0,649.108642578125,425.5899963378906,780.55908203125,525.6563720703125
115,2.0,41.0,653.9732666015625,424.8174133300781,789.6357421875,528.9887084960938
116,2.0,41.0,658.7147827148438,424.3943176269531,800.726318359375,534.0872192382812
117,2.0,41.0,662.7111206054688,424.03839111328125,812.2572631835938,537.392333984375
118,2.0,41.0,667.2804565429688,423.8975524902344,823.8171997070312,540.2529907226562
119,2.0,41.0,672.7904663085938,422.4385681152344,836.341064453125,546.2777709960938
120,2.0,41.0,679.1115112304688,418.7402648925781,850.8002319335938,550.3326416015625
121,2.0,41.0,683.9612426757812,418.2497253417969,867.2567138671875,554.3278198242188
122,2.0,41.0,692.101318359375,416.7666931152344,884.894775390625,559.0513305664062
123,2.0,41.0,699.739013671875,416.3938903808594,903.6825561523438,564.4248046875
124,2.0,41.0,707.1327514648438,415.51568603515625,923.8781127929688,571.2261962890625
125,2.0,41.0,718.0407104492188,414.7611083984375,946.0890502929688,578.2611083984375
126,2.0,41.0,728.2484130859375,412.8606872558594,972.9124145507812,585.5293579101562
127,2.0,41.0,738.7630004882812,410.4617614746094,1000.3446655273438,594.0064086914062
128,2.0,41.0,752.2207641601562,407.7275085449219,1032.3302001953125,604.0331420898438
129,2.0,41.0,767.3945922851562,406.40655517578125,1069.276611328125,615.1795043945312
130,2.0,41.0,782.9169311523438,403.5976867675781,1114.3165283203125,626.4559936523438
131,2.0,41.0,801.061279296875,400.0290832519531,1163.7696533203125,639.8338012695312
132,2.0,41.0,820.6332397460938,397.50628662109375,1223.9149169921875,657.3050537109375
133,2.0,41.0,845.9041137695312,392.9268493652344,1295.3785400390625,679.7367553710938
134,2.0,41.0,872.9996337890625,388.2203063964844,1382.303466796875,708.7316284179688
135,2.0,41.0,905.999267578125,382.6837158203125,1488.10546875,742.0135498046875
136,2.0,41.0,945.3705444335938,375.3490295410156,1623.4927978515625,784.3594970703125
137,2.0,41.0,992.9298706054688,368.1251220703125,1792.7486572265625,844.0863037109375
138,2.0,41.0,1050.705078125,357.7134704589844,1885.5823974609375,926.83203125
139,2.0,41.0,1127.5780029296875,345.5632629394531,1920.0,1017.1884765625
140,2.0,41.0,1232.906005859375,330.9529113769531,1920.0,994.7708129882812
141,2.0,41.0,1380.185546875,313.752197265625,1920.0,1000.3616943359375
142,2.0,41.0,1595.7459716796875,327.0890197753906,1920.0,1052.6414794921875
