91,2.0,102.0,408.2900085449219,456.68646240234375,485.3114318847656,523.6630859375
92,2.0,102.0,409.21563720703125,456.56146240234375,486.3724365234375,524.3246459960938
93,2.0,102.0,410.6986389160156,456.2803039550781,489.69915771484375,525.6842651367188
96,2.0,102.0,413.95025634765625,454.5652770996094,495.27081298828125,525.6111450195312
97,2.0,102.0,415.7350769042969,455.21075439453125,495.9273681640625,525.9600219726562
109,2.0,102.0,431.0154113769531,453.3338928222656,529.4336547851562,535.4461059570312
110,2.0,102.0,433.07196044921875,452.14337158203125,532.8675537109375,537.1939697265625
111,2.0,102.0,434.51898193359375,448.509033203125,535.8631591796875,536.72119140625
112,2.0,102.0,436.1375427246094,448.5634765625,539.3693237304688,537.4437866210938
113,2.0,102.0,438.06573486328125,448.76861572265625,544.184326171875,537.84521484375
114,2.0,102.0,440.54522705078125,447.00469970703125,547.7132568359375,538.3469848632812
115,2.0,102.0,442.09423828125,446.760009765625,551.3433837890625,538.2092895507812
116,2.0,102.0,443.484619140625,447.4950866699219,555.634765625,538.8218994140625
117,2.0,102.0,447.9220275878906,447.2884521484375,558.7220458984375,540.1882934570312
118,2.0,102.0,448.6906433105469,445.10479736328125,561.5841064453125,542.765625
119,2.0,102.0,448.69403076171875,444.9948425292969,567.24560546875,543.6038208007812
120,2.0,102.0,448.9397277832031,444.646728515625,572.211669921875,545.6703491210938
121,2.0,102.0,449.7801818847656,445.2242736816406,575.0017700195312,545.2048950195312
122,2.0,102.0,453.0279235839844,444.36328125,579.1282348632812,546.6065063476562
123,2.0,102.0,457.1425476074219,444.7995300292969,582.2083129882812,547.6593017578125
124,2.0,102.0,459.5165710449219,443.63519287109375,588.0528564453125,549.0391235351562
125,2.0,102.0,460.85858154296875,441.9166259765625,592.919921875,550.9910278320312
126,2.0,102.0,461.0298767089844,441.382080078125,598.9257202148438,552.3335571289062
127,2.0,102.0,461.8045959472656,437.585693359375,603.0869140625,553.320556640625
128,2.0,102.0,461.2742004394531,436.0796203613281,607.7423095703125,554.8432006835938
129,2.0,102.0,465.8613586425781,436.0215759277344,615.6854248046875,556.548828125
130,2.0,102.0,468.192138671875,435.4935607910156,622.6200561523438,558.0725708007812
131,2.0,102.0,469.632080078125,434.50640869140625,629.4796752929688,562.0338745117188
132,2.0,102.0,472.2969055175781,435.6302795410156,636.0405883789062,564.150390625
133,2.0,102.0,475.71929931640625,434.2590637207031,642.3864135742188,564.5847778320312
134,2.0,102.0,479.1378173828125,434.1060791015625,651.0977172851562,567.7581787109375
135,2.0,102.0,480.74658203125,433.4352111816406,658.2910766601562,569.8382568359375
136,2.0,102.0,483.5634460449219,432.62109375,665.9382934570312,573.1512451171875
137,2.0,102.0,486.96429443359375,431.6705017089844,676.03857421875,575.0401000976562
138,2.0,102.0,490.5399475097656,430.88018798828125,684.8955078125,577.04345703125
139,2.0,102.0,494.484375,430.16943359375,695.3167114257812,579.42529296875
140,2.0,102.0,500.2372741699219,427.6918029785156,704.7439575195312,583.3552856445312
141,2.0,102.0,503.9687805175781,426.6031494140625,715.2520141601562,586.5494995117188
142,2.0,102.0,507.97015380859375,424.7054138183594,727.4237670898438,591.2041625976562
143,2.0,102.0,513.10302734375,423.0245666503906,741.7413330078125,594.4214477539062
144,2.0,102.0,518.3477783203125,421.6122741699219,755.853271484375,597.27734375
145,2.0,102.0,523.4031372070312,418.8860778808594,769.1513671875,601.47119140625
146,2.0,102.0,526.581298828125,414.3559265136719,785.1467895507812,607.267333984375
147,2.0,102.0,533.73095703125,411.38775634765625,803.163330078125,613.9957885742188
148,2.0,102.0,540.8486328125,408.1750793457031,822.2476196289062,617.5657348632812
149,2.0,102.0,546.6619262695312,401.14178466796875,841.6943359375,620.799560546875
150,2.0,102.0,554.0234985351562,399.0491638183594,864.411865234375,628.1986694335938
151,2.0,102.0,560.923583984375,396.0865478515625,888.177978515625,635.2750854492188
152,2.0,102.0,568.00537109375,393.5756530761719,915.2540893554688,643.6959838867188
153,2.0,102.0,577.6603393554688,393.6048278808594,944.9139404296875,652.2279663085938
154,2.0,102.0,587.0277099609375,390.1828308105469,979.2537231445312,663.0908813476562
155,2.0,102.0,596.7183227539062,384.8053283691406,1016.7349853515625,676.5833740234375
156,2.0,102.0,606.9912109375,381.9549865722656,1057.362548828125,686.1023559570312
157,2.0,102.0,620.9012451171875,377.25360107421875,1103.930419921875,701.0771484375
158,2.0,102.0,632.8853149414062,371.1746520996094,1158.313232421875,717.8161010742188
159,2.0,102.0,646.9271850585938,362.7156677246094,1218.0567626953125,736.4271850585938
160,2.0,102.0,662.1080932617188,354.38311767578125,1288.1361083984375,758.8140258789062
161,2.0,102.0,680.4722900390625,344.54425048828125,1368.7415771484375,786.0475463867188
162,2.0,102.0,698.4017333984375,333.04248046875,1470.151123046875,817.021728515625
163,2.0,102.0,722.441650390625,318.6778259277344,1587.765380859375,854.0438232421875
164,2.0,102.0,749.5240478515625,304.8351745605469,1732.7879638671875,901.1148071289062
165,2.0,102.0,780.9617919921875,286.5609436035156,1863.325927734375,966.1175537109375
166,2.0,102.0,818.5414428710938,266.54150390625,1916.7713623046875,1034.5523681640625
167,2.0,102.0,866.5877075195312,220.3983154296875,1920.0,1061.731201171875
168,2.0,102.0,917.8768920898438,201.93568420410156,1920.0,1080.0
169,2.0,102.0,983.8798828125,169.6996612548828,1920.0,1075.7623291015625
170,2.0,102.0,1066.463134765625,116.01603698730469,1920.0,1073.1365966796875
171,2.0,102.0,1171.44580078125,65.56196594238281,1920.0,1076.2115478515625
172,2.0,102.0,1306.640380859375,50.81190490722656,1920.0,1079.0687255859375
173,2.0,102.0,1498.0255126953125,66.1995620727539,1920.0,1080.0
