7,2.0,54.0,522.4443969726562,444.2110595703125,580.2152709960938,492.5316162109375
8,2.0,54.0,523.0785522460938,444.29107666015625,579.4960327148438,493.0845031738281
9,2.0,54.0,523.6373291015625,443.9735107421875,580.8697509765625,494.0560302734375
10,2.0,54.0,524.519775390625,443.64141845703125,584.3277587890625,494.8332214355469
11,2.0,54.0,524.5806884765625,443.80224609375,585.1019287109375,495.4305114746094
12,2.0,54.0,524.234619140625,444.8944091796875,585.7695922851562,496.0444030761719
13,2.0,54.0,524.9631958007812,444.9371643066406,586.4754028320312,496.1427917480469
14,2.0,54.0,526.2919311523438,445.4365539550781,587.7067260742188,496.1755676269531
15,2.0,54.0,528.3473510742188,445.62969970703125,586.929931640625,495.6903076171875
16,2.0,54.0,528.912109375,445.6957702636719,588.3923950195312,496.1192626953125
17,2.0,54.0,528.9263305664062,443.4589538574219,590.0919189453125,497.6655578613281
18,2.0,54.0,528.9690551757812,443.1019592285156,590.276123046875,498.44781494140625
19,2.0,54.0,529.0361328125,443.4176330566406,591.8509521484375,497.6256103515625
20,2.0,54.0,529.4342651367188,443.047607421875,593.3825073242188,498.2578125
21,2.0,54.0,529.8826904296875,442.555908203125,594.34375,499.4716491699219
22,2.0,54.0,530.0699462890625,442.1258239746094,594.3521118164062,500.33349609375
23,2.0,54.0,529.980224609375,442.2889404296875,595.5938720703125,500.9600830078125
24,2.0,54.0,529.724853515625,441.8426208496094,596.5562133789062,500.9706726074219
27,2.0,54.0,530.7239990234375,440.9263000488281,598.9716186523438,499.3440246582031
28,2.0,54.0,530.82470703125,440.8658752441406,600.0660400390625,499.9886779785156
29,2.0,54.0,531.3518676757812,441.5743103027344,601.186279296875,500.53173828125
30,2.0,54.0,531.9327392578125,442.46868896484375,602.2061157226562,501.255615234375
38,2.0,54.0,535.1231689453125,442.6609802246094,612.7566528320312,502.56005859375
43,2.0,54.0,537.7000732421875,443.8431701660156,618.4402465820312,504.62762451171875
50,2.0,54.0,542.2269897460938,444.4883117675781,629.1680297851562,510.5127258300781
52,2.0,54.0,544.4278564453125,444.8250732421875,631.109375,511.8876647949219
53,2.0,54.0,546.296875,444.23974609375,632.8518676757812,511.8696594238281
58,2.0,54.0,551.8837890625,442.3131103515625,641.4536743164062,514.1854858398438
59,2.0,54.0,552.2006225585938,444.1752624511719,643.7095336914062,514.5299682617188
60,2.0,54.0,551.9378051757812,444.3948059082031,644.6802978515625,514.884521484375
61,2.0,54.0,552.1082153320312,444.0163269042969,646.4805908203125,515.40625
62,2.0,54.0,553.046875,444.2771911621094,646.7592163085938,516.2764892578125
63,2.0,54.0,553.8287353515625,443.1427001953125,649.0092163085938,517.898681640625
64,2.0,54.0,555.4931640625,443.4279479980469,651.8264770507812,517.8389892578125
65,2.0,54.0,556.3010864257812,444.2170104980469,654.644775390625,518.4590454101562
67,2.0,54.0,558.7659301757812,441.6853942871094,659.8038330078125,520.8116455078125
68,2.0,54.0,559.0679321289062,440.352294921875,660.78857421875,521.426025390625
69,2.0,54.0,560.9901123046875,439.7000427246094,662.3840942382812,520.9760131835938
70,2.0,54.0,562.8867797851562,439.8073425292969,665.7559814453125,522.0653686523438
71,2.0,54.0,563.6861572265625,439.4277648925781,668.3132934570312,522.6002807617188
72,2.0,54.0,564.2089233398438,439.8501892089844,670.1770629882812,524.0733032226562
73,2.0,54.0,565.8026123046875,440.5761413574219,671.3723754882812,525.009521484375
74,2.0,54.0,565.7459106445312,440.6760559082031,674.1809692382812,524.9105224609375
75,2.0,54.0,566.5121459960938,440.5647888183594,677.1179809570312,526.1585083007812
76,2.0,54.0,566.4193725585938,440.5329895019531,679.1785888671875,527.5046997070312
77,2.0,54.0,566.6436157226562,440.1059875488281,681.0717163085938,528.0942993164062
78,2.0,54.0,568.002685546875,439.3603210449219,684.1807861328125,528.9069213867188
79,2.0,54.0,571.2644653320312,437.5657043457031,686.2640991210938,529.6024169921875
80,2.0,54.0,573.0086669921875,438.31597900390625,689.8597412109375,530.6175537109375
81,2.0,54.0,575.01318359375,438.0135192871094,692.8338623046875,532.1285400390625
82,2.0,54.0,574.8944091796875,437.52911376953125,695.6033935546875,534.4293823242188
83,2.0,54.0,574.7601928710938,436.9202575683594,699.5486450195312,536.300537109375
84,2.0,54.0,576.0929565429688,437.4384460449219,702.199951171875,537.0016479492188
85,2.0,54.0,577.3793334960938,436.9294738769531,705.885498046875,537.4227905273438
86,2.0,54.0,577.8834838867188,436.82415771484375,709.3570556640625,537.2945556640625
87,2.0,54.0,580.3499145507812,437.0924072265625,712.1641235351562,538.1431274414062
88,2.0,54.0,581.4959106445312,436.94281005859375,715.213623046875,539.4923095703125
89,2.0,54.0,583.5025024414062,436.67657470703125,717.9024047851562,541.58837890625
90,2.0,54.0,584.65625,436.267333984375,722.2947387695312,542.9896850585938
91,2.0,54.0,586.517578125,435.73101806640625,726.5158081054688,544.7303466796875
92,2.0,54.0,588.4984741210938,434.9870910644531,729.8285522460938,546.7347412109375
93,2.0,54.0,589.7733764648438,434.24493408203125,733.6348876953125,548.0637817382812
94,2.0,54.0,590.41064453125,434.2677307128906,738.9523315429688,548.7849731445312
95,2.0,54.0,593.1903686523438,433.29632568359375,742.3302001953125,550.06982421875
96,2.0,54.0,594.9147338867188,432.9937744140625,746.4878540039062,551.061279296875
97,2.0,54.0,597.7056884765625,433.0926818847656,750.4922485351562,551.6459350585938
98,2.0,54.0,599.7473754882812,433.65850830078125,755.137451171875,553.60546875
99,2.0,54.0,600.0299682617188,433.12835693359375,761.2584228515625,556.165771484375
100,2.0,54.0,601.8803100585938,432.74237060546875,766.410400390625,558.8447875976562
101,2.0,54.0,605.4423828125,432.56768798828125,773.6002197265625,560.7825317382812
103,2.0,54.0,610.6890258789062,432.0713806152344,782.9586791992188,562.7655639648438
104,2.0,54.0,612.7254028320312,431.78790283203125,789.204345703125,565.8868408203125
105,2.0,54.0,613.5339965820312,432.0848388671875,795.6939697265625,570.0813598632812
106,2.0,54.0,615.9945068359375,431.4476318359375,801.1215209960938,572.41015625
107,2.0,54.0,617.9741821289062,431.21270751953125,807.3591918945312,573.5193481445312
108,2.0,54.0,620.6107788085938,430.59429931640625,813.012939453125,575.9049682617188
109,2.0,54.0,622.972412109375,429.5893249511719,820.8271484375,579.5338134765625
110,2.0,54.0,625.4261474609375,429.88616943359375,828.3696899414062,582.5464477539062
111,2.0,54.0,628.676513671875,429.9088439941406,836.3927612304688,585.8001708984375
112,2.0,54.0,631.7249755859375,425.88409423828125,843.770263671875,587.8499145507812
113,2.0,54.0,634.7088012695312,425.3871154785156,852.8894653320312,591.0813598632812
114,2.0,54.0,636.7907104492188,424.53094482421875,861.3778076171875,593.9552001953125
115,2.0,54.0,640.8186645507812,421.32012939453125,871.6122436523438,596.8651123046875
116,2.0,54.0,645.6360473632812,417.8544006347656,881.0703735351562,601.4351806640625
117,2.0,54.0,649.5465698242188,420.6354064941406,891.91552734375,604.54638671875
118,2.0,54.0,652.9850463867188,422.1958312988281,902.6048583984375,607.8390502929688
119,2.0,54.0,656.7543334960938,422.58929443359375,913.1256713867188,611.5484008789062
120,2.0,54.0,660.1383666992188,420.700927734375,925.112060546875,615.351318359375
121,2.0,54.0,664.8306274414062,418.83673095703125,938.3921508789062,619.9147338867188
122,2.0,54.0,668.2191772460938,418.5936584472656,951.3991088867188,624.8853759765625
123,2.0,54.0,672.9228515625,418.43695068359375,966.4951782226562,628.2149047851562
124,2.0,54.0,679.7464599609375,417.04571533203125,980.9656982421875,634.6142578125
125,2.0,54.0,685.1251220703125,416.27862548828125,996.9315185546875,638.7508544921875
126,2.0,54.0,690.4949951171875,414.9822082519531,1015.976318359375,644.44287109375
127,2.0,54.0,695.2713012695312,413.6106872558594,1034.7816162109375,650.3048706054688
128,2.0,54.0,701.385498046875,412.9674072265625,1055.599609375,658.4988403320312
129,2.0,54.0,706.8462524414062,411.22613525390625,1076.297119140625,666.5927124023438
130,2.0,54.0,712.4844970703125,408.61651611328125,1098.8074951171875,675.1765747070312
131,2.0,54.0,720.4337768554688,407.98370361328125,1125.2041015625,683.5206909179688
132,2.0,54.0,728.7069702148438,406.6171875,1151.499755859375,694.3447875976562
133,2.0,54.0,736.7213134765625,405.5779724121094,1181.9151611328125,704.7103881835938
134,2.0,54.0,746.3222045898438,404.7889404296875,1214.259765625,715.1953735351562
135,2.0,54.0,755.7510986328125,402.6531066894531,1248.8768310546875,728.3350219726562
136,2.0,54.0,765.5689086914062,399.9849548339844,1287.802734375,742.4317016601562
137,2.0,54.0,774.9735717773438,398.2839050292969,1329.789306640625,758.0263061523438
138,2.0,54.0,788.9762573242188,395.7212219238281,1376.5877685546875,775.8342895507812
139,2.0,54.0,801.8052368164062,391.691162109375,1427.338134765625,793.3220825195312
140,2.0,54.0,816.1693115234375,388.7057189941406,1485.2054443359375,816.1444091796875
141,2.0,54.0,831.7447509765625,384.0498352050781,1551.6875,841.4141235351562
142,2.0,54.0,848.4403686523438,378.71728515625,1624.0130615234375,868.9745483398438
143,2.0,54.0,866.218017578125,376.3064270019531,1704.8609619140625,899.0216064453125
144,2.0,54.0,885.71484375,370.6076965332031,1797.0396728515625,938.2324829101562
145,2.0,54.0,907.0201416015625,365.8890075683594,1887.6343994140625,983.4000854492188
146,2.0,54.0,933.2424926757812,361.6781005859375,1920.0,1036.6270751953125
147,2.0,54.0,961.0757446289062,355.2986145019531,1920.0,1064.2039794921875
148,2.0,54.0,993.4579467773438,347.3852233886719,1920.0,1075.8563232421875
149,2.0,54.0,1029.8751220703125,340.586669921875,1920.0,1080.0
150,2.0,54.0,1076.004150390625,330.52056884765625,1920.0,1080.0
151,2.0,54.0,1121.4365234375,321.8650817871094,1920.0,1079.81982421875
152,2.0,54.0,1177.080810546875,310.8194274902344,1920.0,1074.5677490234375
153,2.0,54.0,1244.214599609375,295.60137939453125,1920.0,1073.531982421875
154,2.0,54.0,1323.5909423828125,287.3188781738281,1920.0,1075.35498046875
155,2.0,54.0,1419.1065673828125,286.5929870605469,1920.0,1075.345458984375
156,2.0,54.0,1537.16064453125,302.8533630371094,1920.0,1076.529052734375
157,2.0,54.0,1683.7476806640625,373.90155029296875,1920.0,1078.090087890625
