108,2.0,83.0,577.5433959960938,428.14019775390625,654.4867553710938,488.9759521484375
109,2.0,83.0,578.5016479492188,427.6582946777344,656.7954711914062,488.9874572753906
110,2.0,83.0,579.3223876953125,427.5589294433594,659.4955444335938,489.302978515625
122,2.0,83.0,603.0906982421875,425.0941467285156,704.9180908203125,508.3692932128906
125,2.0,83.0,611.0393676757812,425.2861633300781,720.0210571289062,513.5013427734375
126,2.0,83.0,613.075927734375,425.7662048339844,727.4241943359375,515.0419311523438
127,2.0,83.0,616.4241333007812,425.68927001953125,733.8344116210938,517.1547241210938
128,2.0,83.0,619.1710815429688,425.5243225097656,740.2614135742188,519.5343017578125
129,2.0,83.0,622.7261352539062,425.8515319824219,748.1771240234375,522.1799926757812
130,2.0,83.0,625.815185546875,425.77752685546875,756.7615966796875,524.3053588867188
131,2.0,83.0,628.4461669921875,424.9436950683594,765.3154907226562,527.6047973632812
132,2.0,83.0,634.141357421875,423.9768371582031,773.6336669921875,531.1275634765625
133,2.0,83.0,637.2471313476562,423.2210998535156,783.3720703125,534.8671264648438
134,2.0,83.0,640.813232421875,423.83123779296875,794.916748046875,538.106689453125
135,2.0,83.0,644.9164428710938,423.2331848144531,806.0714721679688,542.3765869140625
136,2.0,83.0,650.0895385742188,422.052490234375,819.3890380859375,548.2901611328125
137,2.0,83.0,655.5465698242188,418.8522033691406,831.0348510742188,551.9464111328125
138,2.0,83.0,659.8822631835938,416.9041442871094,845.3436889648438,556.9461669921875
139,2.0,83.0,667.3552856445312,415.69525146484375,860.1299438476562,561.5462036132812
140,2.0,83.0,674.315673828125,415.3182373046875,880.222412109375,566.2467651367188
141,2.0,83.0,682.0140380859375,414.2130126953125,898.7102661132812,571.7142333984375
142,2.0,83.0,691.633544921875,412.79534912109375,919.4981079101562,579.1809692382812
143,2.0,83.0,700.6209716796875,411.6879577636719,944.5909423828125,586.8927612304688
144,2.0,83.0,710.187255859375,410.9237060546875,970.0535278320312,594.4910278320312
145,2.0,83.0,721.6221313476562,408.4737243652344,999.3079833984375,604.247314453125
146,2.0,83.0,733.955810546875,406.8182678222656,1032.9332275390625,614.9190673828125
147,2.0,83.0,747.4197998046875,403.0417785644531,1071.7591552734375,626.37744140625
148,2.0,83.0,761.7958984375,399.08343505859375,1117.8944091796875,640.4628295898438
149,2.0,83.0,780.9034423828125,394.9990234375,1173.228759765625,656.8916625976562
150,2.0,83.0,800.2393188476562,391.07440185546875,1238.9503173828125,678.8773193359375
151,2.0,83.0,822.8492431640625,388.5375061035156,1316.9517822265625,706.5374755859375
152,2.0,83.0,850.2544555664062,381.5974426269531,1412.3214111328125,738.2127685546875
153,2.0,83.0,883.5338134765625,374.1737976074219,1530.4532470703125,780.3430786132812
154,2.0,83.0,923.5601196289062,368.7822570800781,1682.3084716796875,835.63916015625
155,2.0,83.0,971.6249389648438,359.3476257324219,1839.3790283203125,909.2691650390625
156,2.0,83.0,1031.0689697265625,346.2102355957031,1905.810791015625,1010.5201416015625
157,2.0,83.0,1112.833984375,331.7552795410156,1920.0,1053.6474609375
158,2.0,83.0,1225.9073486328125,316.2496032714844,1920.0,1042.8046875
159,2.0,83.0,1387.00244140625,298.50970458984375,1920.0,1065.6480712890625
160,2.0,83.0,1632.3626708984375,322.3248291015625,1920.0,1076.6318359375
