96,2.0,80.0,426.9770202636719,443.2817077636719,509.5291442871094,506.9552917480469
97,2.0,80.0,428.79254150390625,443.6780090332031,511.7184143066406,507.2329406738281
98,2.0,80.0,431.3165283203125,443.8531799316406,515.5227661132812,507.4237060546875
99,2.0,80.0,433.46795654296875,442.8824157714844,519.3807983398438,507.4002990722656
100,2.0,80.0,435.57611083984375,442.99053955078125,523.1484375,509.5712890625
101,2.0,80.0,436.171875,442.0270690917969,526.2793579101562,509.5504455566406
102,2.0,80.0,438.8303527832031,441.0052185058594,530.4925537109375,510.2330322265625
103,2.0,80.0,443.70709228515625,441.9077453613281,534.4406127929688,513.0416870117188
104,2.0,80.0,446.9629821777344,441.3323059082031,538.2623901367188,514.5574340820312
105,2.0,80.0,448.49151611328125,439.99041748046875,543.3182983398438,517.0667724609375
106,2.0,80.0,449.1255187988281,441.8031311035156,548.6879272460938,518.6591186523438
107,2.0,80.0,452.3133850097656,442.1702880859375,553.5987548828125,521.392822265625
108,2.0,80.0,456.1450500488281,441.1492919921875,559.2456665039062,522.1469116210938
109,2.0,80.0,456.9141540527344,440.7425231933594,565.0119018554688,524.1656494140625
110,2.0,80.0,458.7261047363281,440.9056701660156,570.0279541015625,525.99072265625
111,2.0,80.0,462.05712890625,441.51336669921875,574.7998657226562,527.3646850585938
112,2.0,80.0,466.0057373046875,440.1360168457031,581.4822387695312,528.5186157226562
113,2.0,80.0,468.78472900390625,438.8883972167969,590.2242431640625,530.6718139648438
114,2.0,80.0,471.6414794921875,438.6476135253906,597.0185546875,532.4940185546875
115,2.0,80.0,475.60528564453125,437.4219055175781,603.5512084960938,536.1851806640625
116,2.0,80.0,478.2596130371094,436.6853942871094,613.5842895507812,537.5930786132812
117,2.0,80.0,482.2745056152344,435.9248962402344,621.6431884765625,539.3175659179688
118,2.0,80.0,487.4497985839844,435.9977111816406,631.3369140625,541.9752197265625
119,2.0,80.0,491.6370849609375,433.9875793457031,640.2515258789062,545.7323608398438
120,2.0,80.0,496.42315673828125,432.35467529296875,651.436767578125,548.31298828125
121,2.0,80.0,501.4302978515625,431.6314697265625,664.8037719726562,551.0989990234375
122,2.0,80.0,507.9350280761719,430.5290222167969,675.8857421875,554.376708984375
123,2.0,80.0,513.2933349609375,430.0753173828125,688.4024047851562,557.1571044921875
124,2.0,80.0,520.4454345703125,428.3354797363281,701.8084106445312,562.3450317382812
125,2.0,80.0,526.5803833007812,427.9216003417969,716.454345703125,566.2695922851562
126,2.0,80.0,534.158447265625,427.4400329589844,734.4102783203125,571.2832641601562
127,2.0,80.0,542.7258911132812,425.109375,753.0239868164062,576.7207641601562
128,2.0,80.0,550.3634033203125,423.8104248046875,773.0554809570312,583.2291870117188
129,2.0,80.0,560.5360107421875,421.6087951660156,794.8362426757812,587.7944946289062
130,2.0,80.0,571.9488525390625,419.34759521484375,819.1580200195312,594.7504272460938
131,2.0,80.0,582.0255737304688,417.9256896972656,844.1754760742188,601.5784301757812
132,2.0,80.0,594.1217041015625,417.3265075683594,876.0952758789062,610.9705810546875
133,2.0,80.0,607.941650390625,414.6291198730469,911.1411743164062,621.1209106445312
134,2.0,80.0,621.0733642578125,408.9741516113281,947.786376953125,630.644287109375
135,2.0,80.0,636.4644165039062,404.6404113769531,991.1452026367188,642.5550537109375
136,2.0,80.0,655.8987426757812,402.9198913574219,1041.900146484375,656.155029296875
137,2.0,80.0,675.246337890625,399.4924621582031,1102.523681640625,675.3886108398438
138,2.0,80.0,699.546142578125,396.4185485839844,1171.533447265625,696.364013671875
139,2.0,80.0,726.6320190429688,390.6190490722656,1254.892333984375,720.4585571289062
140,2.0,80.0,757.5302124023438,382.97802734375,1355.966552734375,752.1334228515625
141,2.0,80.0,794.4464111328125,374.8060302734375,1477.4083251953125,790.2379150390625
142,2.0,80.0,840.3217163085938,367.37353515625,1630.6077880859375,839.4232788085938
143,2.0,80.0,892.5376586914062,357.8761291503906,1819.731689453125,902.8656005859375
144,2.0,80.0,960.9259643554688,346.77203369140625,1899.9268798828125,990.48193359375
145,2.0,80.0,1047.4256591796875,331.4425048828125,1920.0,1051.6776123046875
146,2.0,80.0,1162.002197265625,315.1546936035156,1920.0,1016.5537109375
147,2.0,80.0,1317.290283203125,291.5956726074219,1920.0,1026.2574462890625
148,2.0,80.0,1538.734375,297.5133972167969,1920.0,1060.1949462890625
