17,2.0,90.0,412.87200927734375,428.61016845703125,463.1120910644531,469.253173828125
18,2.0,90.0,413.1604309082031,428.55926513671875,463.9215393066406,470.10540771484375
19,2.0,90.0,412.9179382324219,427.20916748046875,464.83709716796875,471.84661865234375
20,2.0,90.0,412.56561279296875,425.51458740234375,466.39892578125,472.88177490234375
21,2.0,90.0,412.3799133300781,425.8890686035156,467.2078857421875,473.28961181640625
22,2.0,90.0,412.10369873046875,425.3063659667969,467.760498046875,473.5467529296875
23,2.0,90.0,412.2740173339844,425.5141906738281,468.12554931640625,473.83526611328125
24,2.0,90.0,412.49481201171875,425.9447937011719,468.49822998046875,473.87261962890625
25,2.0,90.0,413.2279968261719,426.6384582519531,469.08843994140625,473.61505126953125
26,2.0,90.0,413.6211242675781,426.0847473144531,469.5328674316406,473.1668701171875
27,2.0,90.0,413.7727355957031,426.2119445800781,470.1153564453125,472.9306335449219
28,2.0,90.0,414.01397705078125,426.62591552734375,469.9912109375,472.6052551269531
29,2.0,90.0,414.13873291015625,426.0934753417969,469.89837646484375,472.2391662597656
30,2.0,90.0,414.9123229980469,425.54541015625,470.2747497558594,471.84246826171875
31,2.0,90.0,415.6381530761719,424.8792419433594,470.4338684082031,472.0693054199219
32,2.0,90.0,416.0240783691406,425.425048828125,471.0286560058594,472.348876953125
33,2.0,90.0,416.2926330566406,425.9035339355469,471.49908447265625,472.5795593261719
34,2.0,90.0,416.4201965332031,425.5400085449219,471.8387145996094,473.037109375
35,2.0,90.0,416.44287109375,424.7127990722656,471.9794921875,473.285400390625
36,2.0,90.0,417.2603759765625,424.1488037109375,472.91400146484375,474.0302734375
37,2.0,90.0,416.5867614746094,425.6971435546875,473.7685852050781,474.0279235839844
38,2.0,90.0,417.12164306640625,425.5303649902344,474.8887023925781,475.43414306640625
39,2.0,90.0,416.1042785644531,426.0926208496094,474.9029846191406,475.8194885253906
40,2.0,90.0,416.12127685546875,425.43560791015625,475.3082580566406,476.0029602050781
41,2.0,90.0,416.79736328125,424.3172607421875,475.9999084472656,476.1654357910156
42,2.0,90.0,416.32672119140625,423.50262451171875,478.275390625,476.8001708984375
43,2.0,90.0,417.22174072265625,423.6082763671875,478.42108154296875,476.5267333984375
44,2.0,90.0,418.05133056640625,423.2059326171875,478.4310302734375,476.676025390625
45,2.0,90.0,418.7168884277344,422.9476318359375,478.5806579589844,476.7119445800781
46,2.0,90.0,419.8030090332031,422.6107177734375,479.908935546875,476.66375732421875
47,2.0,90.0,420.18939208984375,421.1712341308594,481.00274658203125,477.0020751953125
48,2.0,90.0,420.46661376953125,420.60382080078125,481.68695068359375,477.5007629394531
49,2.0,90.0,420.6651916503906,419.8205871582031,482.1533508300781,477.45501708984375
50,2.0,90.0,421.3290710449219,419.767822265625,483.7532958984375,477.8086242675781
51,2.0,90.0,421.1809387207031,419.7331848144531,484.5057678222656,477.4996032714844
52,2.0,90.0,421.84637451171875,420.6731872558594,485.054931640625,477.6893005371094
53,2.0,90.0,422.44482421875,421.09368896484375,485.7427062988281,477.8538513183594
54,2.0,90.0,422.72576904296875,419.8584289550781,486.9158630371094,478.6646423339844
55,2.0,90.0,423.2386169433594,418.4943542480469,487.5790710449219,479.1414489746094
56,2.0,90.0,423.0553283691406,419.103271484375,488.5057373046875,479.3441467285156
57,2.0,90.0,422.755859375,419.24481201171875,488.9485168457031,479.4688720703125
58,2.0,90.0,421.5162658691406,420.49102783203125,489.9282531738281,479.9059143066406
59,2.0,90.0,421.8995666503906,419.95501708984375,491.1981506347656,480.05413818359375
60,2.0,90.0,421.88623046875,419.8223876953125,491.9856262207031,480.4205322265625
61,2.0,90.0,422.51702880859375,418.4461975097656,492.6942138671875,480.8148193359375
62,2.0,90.0,422.6872863769531,418.6351318359375,493.4761047363281,481.5366516113281
63,2.0,90.0,422.6660461425781,417.4560241699219,494.3218994140625,481.91510009765625
64,2.0,90.0,422.81072998046875,416.67510986328125,494.4513854980469,482.5975341796875
65,2.0,90.0,423.2631530761719,415.865234375,495.27398681640625,483.2245178222656
66,2.0,90.0,423.3248291015625,416.0879821777344,495.8724060058594,483.6740417480469
67,2.0,90.0,424.15667724609375,416.36846923828125,496.5777282714844,484.0782470703125
68,2.0,90.0,424.9208984375,415.81658935546875,497.73089599609375,484.5026550292969
69,2.0,90.0,424.842041015625,416.1798400878906,498.9842834472656,484.2640380859375
70,2.0,90.0,425.0003967285156,416.73876953125,499.2835693359375,484.1034851074219
71,2.0,90.0,426.1700134277344,417.09857177734375,501.22381591796875,483.68438720703125
72,2.0,90.0,426.8819274902344,416.7828063964844,502.9134216308594,484.0237731933594
73,2.0,90.0,427.0046691894531,416.7892761230469,503.94610595703125,484.7755126953125
74,2.0,90.0,427.2677307128906,416.77734375,505.57843017578125,485.62677001953125
75,2.0,90.0,427.3658752441406,416.8998718261719,506.59307861328125,486.0244445800781
76,2.0,90.0,427.3739318847656,416.115234375,506.0581359863281,485.7867126464844
77,2.0,90.0,428.0640563964844,416.0013427734375,507.8705749511719,486.4982604980469
78,2.0,90.0,428.9952087402344,416.4626770019531,509.23724365234375,487.2552185058594
79,2.0,90.0,429.7440490722656,416.42071533203125,511.8700866699219,487.6737976074219
80,2.0,90.0,430.2435607910156,416.2901611328125,513.3013305664062,488.2396545410156
81,2.0,90.0,430.45404052734375,416.2198181152344,515.5701904296875,488.5172424316406
82,2.0,90.0,431.0085144042969,416.1307067871094,517.0272827148438,489.16131591796875
83,2.0,90.0,431.9648132324219,415.8419494628906,518.7235717773438,489.4703063964844
84,2.0,90.0,432.8323059082031,415.4888916015625,519.361572265625,489.4712219238281
85,2.0,90.0,433.56500244140625,415.5234375,519.3854370117188,489.61566162109375
86,2.0,90.0,433.6671142578125,414.68634033203125,520.1002807617188,490.32989501953125
87,2.0,90.0,434.0282897949219,415.0079650878906,520.9331665039062,491.2059326171875
88,2.0,90.0,433.65936279296875,414.82489013671875,521.395751953125,492.6822204589844
89,2.0,90.0,433.9859924316406,415.6307373046875,522.5623779296875,494.4059753417969
90,2.0,90.0,435.0801696777344,414.90704345703125,524.6221923828125,494.8111572265625
91,2.0,90.0,435.6188659667969,415.20245361328125,526.8685302734375,495.11602783203125
92,2.0,90.0,435.50433349609375,415.7257995605469,528.1327514648438,496.7885437011719
93,2.0,90.0,435.98785400390625,415.32049560546875,529.3474731445312,498.0375671386719
94,2.0,90.0,435.70013427734375,414.6606140136719,532.0297241210938,498.91839599609375
95,2.0,90.0,435.5448913574219,413.11773681640625,536.1759033203125,500.0197448730469
96,2.0,90.0,436.94281005859375,412.8311767578125,538.5905151367188,500.45703125
97,2.0,90.0,437.88043212890625,413.01226806640625,539.9449462890625,501.0973205566406
98,2.0,90.0,439.0562438964844,413.5905456542969,541.5567016601562,501.3492736816406
99,2.0,90.0,440.0438537597656,412.91455078125,543.0761108398438,501.1910095214844
100,2.0,90.0,440.50390625,412.7066650390625,545.0499877929688,502.0210266113281
101,2.0,90.0,440.5303955078125,412.54852294921875,547.9615478515625,502.580810546875
102,2.0,90.0,442.1051940917969,412.3343505859375,549.5670776367188,503.16302490234375
103,2.0,90.0,442.1461486816406,410.4835205078125,552.9222412109375,503.6312255859375
104,2.0,90.0,442.4097595214844,410.8615417480469,555.8162841796875,503.90777587890625
105,2.0,90.0,444.1332092285156,409.33270263671875,557.7850341796875,504.603759765625
106,2.0,90.0,444.45556640625,409.0397644042969,560.2320556640625,505.11968994140625
107,2.0,90.0,444.7188720703125,409.8955993652344,562.8786010742188,505.6870422363281
108,2.0,90.0,445.3982238769531,410.5785217285156,565.9220581054688,507.55413818359375
109,2.0,90.0,444.9675598144531,410.6015625,568.5274658203125,508.76214599609375
110,2.0,90.0,445.5741271972656,410.8575439453125,570.0336303710938,510.2038879394531
111,2.0,90.0,448.27191162109375,410.9505310058594,571.810791015625,510.740966796875
112,2.0,90.0,450.1082763671875,409.93328857421875,575.2948608398438,511.8481750488281
113,2.0,90.0,451.2327575683594,407.9734802246094,578.0428466796875,512.5133056640625
114,2.0,90.0,451.90869140625,406.8687744140625,581.0982055664062,513.2267456054688
115,2.0,90.0,454.5932312011719,406.9060363769531,585.0213012695312,513.2890625
116,2.0,90.0,455.7486267089844,406.4643249511719,589.1060180664062,513.9862060546875
117,2.0,90.0,455.06976318359375,404.5173645019531,591.1470947265625,515.287109375
118,2.0,90.0,455.35772705078125,403.4711608886719,593.3171997070312,517.8198852539062
119,2.0,90.0,457.1725769042969,404.2616271972656,596.9163208007812,519.2039794921875
120,2.0,90.0,457.9001770019531,403.6053161621094,601.03857421875,522.3786010742188
121,2.0,90.0,458.20751953125,401.5689697265625,604.7936401367188,523.9190063476562
122,2.0,90.0,459.1418762207031,401.51300048828125,608.1246948242188,525.977783203125
123,2.0,90.0,459.6257629394531,399.76690673828125,612.4292602539062,526.925537109375
124,2.0,90.0,461.2214050292969,398.90478515625,617.3059692382812,527.9041137695312
125,2.0,90.0,462.25946044921875,398.0573425292969,622.601806640625,528.4016723632812
126,2.0,90.0,465.8208923339844,398.28076171875,625.9302368164062,528.35791015625
127,2.0,90.0,467.91168212890625,397.8998107910156,629.73828125,531.6673583984375
128,2.0,90.0,469.7454833984375,397.2405700683594,634.324462890625,533.0835571289062
129,2.0,90.0,470.5591125488281,396.8774108886719,638.7391357421875,536.8550415039062
130,2.0,90.0,471.8367614746094,397.69744873046875,643.689697265625,537.019775390625
131,2.0,90.0,473.24285888671875,398.7243957519531,649.2845458984375,538.0263671875
132,2.0,90.0,475.046630859375,398.0178527832031,653.9248657226562,539.3125610351562
133,2.0,90.0,478.21099853515625,397.1080017089844,661.4988403320312,542.1371459960938
134,2.0,90.0,479.5995178222656,396.9718322753906,666.9480590820312,544.4407958984375
135,2.0,90.0,480.2314147949219,396.311767578125,672.1884155273438,545.6720581054688
136,2.0,90.0,481.6630554199219,395.25164794921875,678.0257568359375,547.9512329101562
137,2.0,90.0,483.5585021972656,393.47235107421875,684.5123901367188,550.0715942382812
138,2.0,90.0,485.85504150390625,392.57489013671875,690.5808715820312,551.7151489257812
139,2.0,90.0,489.38726806640625,390.4953918457031,698.3983764648438,554.2655639648438
140,2.0,90.0,491.996826171875,389.8400573730469,706.2900390625,557.1611938476562
141,2.0,90.0,493.57672119140625,387.0172119140625,713.3609619140625,560.437744140625
142,2.0,90.0,496.04473876953125,385.8399658203125,720.6581420898438,563.1879272460938
143,2.0,90.0,498.88568115234375,384.1188659667969,729.5956420898438,566.0088500976562
144,2.0,90.0,502.4510192871094,382.5317077636719,738.913818359375,569.9065551757812
145,2.0,90.0,504.7190856933594,379.86395263671875,748.23486328125,572.2489013671875
146,2.0,90.0,506.6754150390625,379.4581298828125,758.2442626953125,574.2564697265625
147,2.0,90.0,509.70550537109375,377.7888488769531,767.8648071289062,576.7188110351562
148,2.0,90.0,514.3917236328125,375.7912292480469,778.42578125,579.845458984375
149,2.0,90.0,517.6221313476562,374.8735656738281,789.9310913085938,582.7024536132812
150,2.0,90.0,521.6062622070312,373.97894287109375,801.4945068359375,587.6904907226562
151,2.0,90.0,525.0994873046875,373.3702392578125,813.646240234375,593.3960571289062
152,2.0,90.0,528.8321533203125,371.59100341796875,828.5079345703125,597.7449951171875
153,2.0,90.0,533.0961303710938,368.4846496582031,842.8566284179688,603.1800537109375
154,2.0,90.0,537.8013305664062,366.5665283203125,857.1686401367188,606.6556396484375
155,2.0,90.0,541.7277221679688,364.27825927734375,873.490478515625,613.6162719726562
156,2.0,90.0,544.9629516601562,358.027099609375,890.469482421875,619.461181640625
157,2.0,90.0,551.68701171875,356.02313232421875,908.2454223632812,628.380126953125
158,2.0,90.0,557.271484375,354.661376953125,927.555908203125,636.8556518554688
159,2.0,90.0,562.9091186523438,353.7154541015625,949.572265625,644.5567626953125
160,2.0,90.0,568.0180053710938,353.2027893066406,973.1926879882812,653.3228759765625
161,2.0,90.0,573.289794921875,352.0393371582031,999.8477783203125,660.3478393554688
162,2.0,90.0,577.6255493164062,349.8038635253906,1027.543701171875,670.2029418945312
163,2.0,90.0,584.74462890625,346.19732666015625,1056.587158203125,683.2578735351562
164,2.0,90.0,592.55859375,342.2436218261719,1090.900146484375,695.6785278320312
165,2.0,90.0,600.0972290039062,339.76806640625,1126.384033203125,706.5148315429688
166,2.0,90.0,607.4501953125,335.4875793457031,1166.6695556640625,720.8782348632812
167,2.0,90.0,617.37646484375,329.9513244628906,1210.7552490234375,738.0203247070312
168,2.0,90.0,627.8885498046875,323.5426940917969,1260.011962890625,756.1735229492188
169,2.0,90.0,637.4169921875,316.4918518066406,1314.5272216796875,776.163330078125
170,2.0,90.0,648.4346313476562,310.78314208984375,1376.805419921875,798.153076171875
171,2.0,90.0,660.5740966796875,304.4482421875,1450.452392578125,823.8861083984375
172,2.0,90.0,673.8334350585938,298.1383056640625,1532.426513671875,855.7807006835938
173,2.0,90.0,687.4367065429688,291.9064636230469,1625.1962890625,891.8578491210938
174,2.0,90.0,705.0829467773438,281.0203552246094,1733.8082275390625,933.5685424804688
175,2.0,90.0,723.3338623046875,271.3074951171875,1862.1842041015625,982.8897705078125
176,2.0,90.0,742.5929565429688,257.36688232421875,1915.507568359375,1042.0897216796875
177,2.0,90.0,768.6543579101562,242.62191772460938,1920.0,1066.960205078125
178,2.0,90.0,783.4415283203125,226.49891662597656,1920.0,1077.15966796875
179,2.0,90.0,822.1107788085938,205.16246032714844,1920.0,1080.0
180,2.0,90.0,861.7235107421875,181.29261779785156,1920.0,1080.0
181,2.0,90.0,904.312255859375,157.31065368652344,1920.0,1077.53857421875
182,2.0,90.0,954.2745361328125,126.50237274169922,1920.0,1074.90283203125
183,2.0,90.0,1012.835693359375,94.60578155517578,1920.0,1074.6014404296875
184,2.0,90.0,1083.3709716796875,56.29257583618164,1920.0,1074.834228515625
185,2.0,90.0,1166.846435546875,39.996700286865234,1920.0,1074.1361083984375
186,2.0,90.0,1269.4468994140625,37.18268585205078,1920.0,1074.87890625
187,2.0,90.0,1398.806884765625,50.68086624145508,1920.0,1076.378662109375
188,2.0,90.0,1566.34912109375,68.72666931152344,1920.0,1074.423828125
