46,2.0,71.0,422.57135009765625,445.3553466796875,476.4169006347656,488.1353759765625
47,2.0,71.0,422.7786865234375,445.0600280761719,477.2951965332031,487.7919616699219
48,2.0,71.0,423.2637023925781,444.39239501953125,477.4975280761719,487.5744323730469
49,2.0,71.0,424.6624450683594,444.568359375,476.9679260253906,488.4822692871094
50,2.0,71.0,425.90625,443.8813171386719,478.35040283203125,489.17706298828125
51,2.0,71.0,426.3910217285156,443.1881103515625,480.2650146484375,489.5832214355469
52,2.0,71.0,426.1912841796875,443.1468811035156,480.8600158691406,490.0469970703125
53,2.0,71.0,425.872314453125,442.71136474609375,481.8307189941406,490.3844909667969
54,2.0,71.0,425.6669921875,442.4640808105469,483.5462951660156,491.3897399902344
55,2.0,71.0,425.7983093261719,442.6846008300781,484.5946044921875,491.706787109375
56,2.0,71.0,426.21923828125,442.94451904296875,486.3248291015625,492.134765625
57,2.0,71.0,428.64727783203125,443.8775329589844,487.8583984375,492.5674133300781
58,2.0,71.0,430.12640380859375,444.5738220214844,490.5071716308594,492.9491271972656
59,2.0,71.0,431.04888916015625,444.8367614746094,492.11334228515625,493.3147277832031
60,2.0,71.0,431.4324035644531,442.6860046386719,494.6644287109375,494.0818786621094
64,2.0,71.0,434.1141052246094,439.9739990234375,500.1918029785156,497.8992919921875
65,2.0,71.0,434.98541259765625,440.1788330078125,500.6351623535156,498.45654296875
66,2.0,71.0,435.1568908691406,440.29962158203125,501.4442138671875,498.2783203125
67,2.0,71.0,435.5136413574219,440.6396789550781,502.7047119140625,498.5682678222656
68,2.0,71.0,435.88165283203125,441.0016174316406,503.5517578125,499.29803466796875
69,2.0,71.0,436.2108154296875,440.9005432128906,504.1722717285156,499.6791076660156
70,2.0,71.0,436.7320251464844,440.99456787109375,505.7561950683594,500.5600280761719
71,2.0,71.0,437.01409912109375,441.3027648925781,507.5664978027344,501.255126953125
72,2.0,71.0,436.9253234863281,441.3933410644531,510.19842529296875,502.2642517089844
73,2.0,71.0,437.10302734375,441.2131042480469,512.5442504882812,502.3427429199219
74,2.0,71.0,438.6233825683594,441.89385986328125,513.8599853515625,502.54669189453125
75,2.0,71.0,440.8785095214844,441.85150146484375,515.8411254882812,503.4001159667969
76,2.0,71.0,443.0491638183594,441.3392639160156,517.8109130859375,503.401123046875
77,2.0,71.0,443.40234375,441.1051330566406,520.2171020507812,503.6737976074219
78,2.0,71.0,445.436279296875,441.14959716796875,521.5653076171875,504.1982421875
79,2.0,71.0,445.2962341308594,440.82403564453125,524.9899291992188,504.58819580078125
80,2.0,71.0,446.86407470703125,440.3641357421875,527.30712890625,505.097412109375
81,2.0,71.0,449.37274169921875,440.79412841796875,528.6962280273438,505.2984924316406
82,2.0,71.0,450.5437316894531,440.23114013671875,529.8082275390625,505.2310791015625
83,2.0,71.0,450.04437255859375,441.5840148925781,532.3775024414062,505.0711669921875
84,2.0,71.0,451.46600341796875,438.4047546386719,535.91845703125,505.95574951171875
85,2.0,71.0,453.18597412109375,436.1640625,539.271728515625,506.95172119140625
86,2.0,71.0,453.7598876953125,435.6316833496094,541.7642822265625,507.561767578125
87,2.0,71.0,454.0014343261719,437.8624572753906,545.9862060546875,508.93048095703125
88,2.0,71.0,455.4617004394531,437.2903137207031,547.97021484375,510.92645263671875
89,2.0,71.0,456.8563537597656,436.0360107421875,549.9443969726562,511.88385009765625
90,2.0,71.0,456.774169921875,435.7311706542969,554.6354370117188,513.5060424804688
91,2.0,71.0,457.23089599609375,436.0293273925781,558.5794677734375,515.117431640625
92,2.0,71.0,458.9012145996094,436.35150146484375,560.520751953125,516.3538818359375
93,2.0,71.0,460.1064758300781,436.1285095214844,562.7255249023438,518.43896484375
94,2.0,71.0,461.8776550292969,436.1360778808594,565.6550903320312,519.9889526367188
95,2.0,71.0,464.8171081542969,436.42474365234375,569.7340087890625,522.3208618164062
96,2.0,71.0,467.5177307128906,436.7062072753906,573.3391723632812,523.1668090820312
97,2.0,71.0,468.6177978515625,436.781982421875,577.9711303710938,524.2116088867188
98,2.0,71.0,469.2628479003906,436.09527587890625,582.8322143554688,525.6461791992188
99,2.0,71.0,472.38677978515625,435.8192443847656,586.4552612304688,526.139892578125
100,2.0,71.0,474.14794921875,435.9087219238281,590.570068359375,527.41796875
101,2.0,71.0,476.1021728515625,434.2628173828125,595.4263916015625,530.1875
102,2.0,71.0,478.1598815917969,434.4935607910156,599.9837646484375,531.5869750976562
103,2.0,71.0,480.1381530761719,433.9777526855469,606.169189453125,532.5427856445312
104,2.0,71.0,481.1900634765625,433.1625671386719,612.5385131835938,535.3226318359375
105,2.0,71.0,483.6419372558594,432.11810302734375,620.3689575195312,537.3280639648438
106,2.0,71.0,486.2577819824219,431.9708251953125,625.1244506835938,538.753173828125
107,2.0,71.0,490.3133850097656,431.3826599121094,630.209228515625,541.5358276367188
108,2.0,71.0,492.17633056640625,431.19000244140625,636.8397827148438,545.5430297851562
109,2.0,71.0,493.2496337890625,430.6534423828125,642.8115844726562,548.3014526367188
110,2.0,71.0,495.3821105957031,430.31640625,650.9127807617188,549.885986328125
111,2.0,71.0,498.35687255859375,429.71209716796875,658.2487182617188,551.91552734375
112,2.0,71.0,501.7173767089844,429.89581298828125,668.023193359375,554.2190551757812
113,2.0,71.0,505.85552978515625,428.7831726074219,676.271240234375,556.6460571289062
114,2.0,71.0,508.6640930175781,424.71978759765625,684.767578125,560.1338500976562
115,2.0,71.0,512.0684814453125,422.025390625,694.4415283203125,564.4037475585938
116,2.0,71.0,514.3502197265625,420.2618713378906,704.8579711914062,569.2845458984375
117,2.0,71.0,519.4926147460938,421.94879150390625,716.9772338867188,572.9931030273438
118,2.0,71.0,524.1805419921875,420.08233642578125,729.3817749023438,577.812744140625
119,2.0,71.0,528.9993896484375,420.6839294433594,742.60546875,582.5984497070312
120,2.0,71.0,533.7850341796875,419.318603515625,758.5706176757812,587.4521484375
121,2.0,71.0,539.3521118164062,419.84600830078125,773.8435668945312,592.1995239257812
122,2.0,71.0,546.5934448242188,416.9107971191406,790.2584838867188,597.1551513671875
123,2.0,71.0,552.1994018554688,413.6953125,809.2260131835938,604.2862548828125
124,2.0,71.0,559.3026733398438,409.9060974121094,830.6092529296875,612.418212890625
125,2.0,71.0,566.0864868164062,409.6611328125,851.5133056640625,617.1714477539062
126,2.0,71.0,574.19384765625,408.78466796875,877.4331665039062,627.3552856445312
127,2.0,71.0,583.7703857421875,406.7139587402344,904.4876098632812,635.4728393554688
128,2.0,71.0,592.52734375,403.7919616699219,933.9241333007812,643.8388061523438
129,2.0,71.0,603.0732421875,400.3599853515625,970.109375,656.8316040039062
130,2.0,71.0,613.418212890625,396.4947204589844,1010.075927734375,671.7446899414062
131,2.0,71.0,626.0358276367188,394.4158630371094,1056.9942626953125,688.7694702148438
132,2.0,71.0,639.1991577148438,390.554443359375,1106.665771484375,706.6375732421875
133,2.0,71.0,656.0252685546875,386.2724609375,1167.510986328125,727.6683349609375
134,2.0,71.0,673.0560913085938,380.21710205078125,1237.7230224609375,754.1385498046875
135,2.0,71.0,695.3277587890625,374.0444030761719,1320.2586669921875,784.7225341796875
136,2.0,71.0,718.430908203125,364.696044921875,1418.555908203125,822.2652587890625
137,2.0,71.0,745.5822143554688,355.083251953125,1539.571044921875,867.2250366210938
138,2.0,71.0,776.0108642578125,348.1037292480469,1688.75537109375,926.3463134765625
139,2.0,71.0,815.0966796875,340.8789367675781,1843.903564453125,1001.56005859375
140,2.0,71.0,864.168701171875,330.1844177246094,1908.24853515625,1050.13818359375
141,2.0,71.0,921.3806762695312,313.77783203125,1920.0,1070.9119873046875
142,2.0,71.0,996.5112915039062,291.1104431152344,1920.0,1074.62744140625
143,2.0,71.0,1093.3804931640625,269.1578674316406,1920.0,1077.754638671875
144,2.0,71.0,1225.0841064453125,241.19508361816406,1920.0,1078.891357421875
145,2.0,71.0,1412.1781005859375,238.18212890625,1920.0,1080.0
