48,2.0,58.0,558.6651000976562,432.3935241699219,627.1231689453125,486.5128173828125
49,2.0,58.0,558.8597412109375,431.836669921875,628.3699951171875,487.6495361328125
50,2.0,58.0,558.6393432617188,433.54095458984375,629.6974487304688,487.8912353515625
51,2.0,58.0,559.1207275390625,436.6374816894531,629.6278076171875,488.3448791503906
52,2.0,58.0,559.4959716796875,437.0389709472656,629.7077026367188,488.85467529296875
53,2.0,58.0,559.7670288085938,436.0135803222656,631.3945922851562,489.5855712890625
54,2.0,58.0,560.5109252929688,435.64459228515625,633.0458984375,489.79339599609375
55,2.0,58.0,561.844970703125,434.501708984375,635.4615478515625,490.1852722167969
56,2.0,58.0,563.530029296875,432.06396484375,636.817138671875,490.4897766113281
57,2.0,58.0,564.2366333007812,430.9841003417969,637.54150390625,490.75604248046875
58,2.0,58.0,564.7451171875,430.567626953125,638.109619140625,491.0488586425781
59,2.0,58.0,564.5111694335938,430.46600341796875,638.82666015625,491.6241149902344
77,2.0,58.0,573.0609130859375,428.5617980957031,661.8148193359375,498.4801025390625
86,2.0,58.0,577.5772705078125,427.8775939941406,676.8355712890625,509.25665283203125
88,2.0,58.0,580.48876953125,427.1730041503906,679.5142211914062,510.5563049316406
89,2.0,58.0,580.68994140625,425.7389221191406,684.5760498046875,511.19561767578125
91,2.0,58.0,584.6358032226562,424.85137939453125,690.635009765625,514.0253295898438
93,2.0,58.0,589.1507568359375,423.7513732910156,693.6873779296875,514.8092651367188
94,2.0,58.0,590.2163696289062,424.16802978515625,697.8140869140625,515.285400390625
95,2.0,58.0,591.9483032226562,424.774658203125,700.4581298828125,516.0531616210938
96,2.0,58.0,593.1727905273438,425.5473327636719,703.091552734375,517.6441040039062
97,2.0,58.0,594.7948608398438,426.0274963378906,705.7384643554688,518.65185546875
98,2.0,58.0,594.2910766601562,424.998779296875,707.7380981445312,519.962158203125
99,2.0,58.0,593.2149047851562,424.15203857421875,710.4299926757812,521.5153198242188
100,2.0,58.0,593.9837646484375,424.47967529296875,713.7453002929688,520.8087768554688
101,2.0,58.0,594.218994140625,424.9522399902344,717.4595947265625,521.7344360351562
102,2.0,58.0,594.3414916992188,423.23455810546875,720.4948120117188,523.092529296875
103,2.0,58.0,594.490234375,424.1131286621094,723.5439453125,525.0532836914062
104,2.0,58.0,595.1814575195312,424.41717529296875,726.813232421875,526.9344482421875
105,2.0,58.0,596.649658203125,424.7926940917969,729.5504760742188,528.601806640625
106,2.0,58.0,597.8754272460938,424.8222961425781,733.34716796875,530.4793090820312
107,2.0,58.0,598.524658203125,425.4909362792969,736.547607421875,533.16748046875
108,2.0,58.0,598.8863525390625,425.8391418457031,741.1649169921875,535.540283203125
109,2.0,58.0,599.960205078125,426.4836120605469,745.5484008789062,536.4306030273438
110,2.0,58.0,602.448486328125,425.7771911621094,748.7855224609375,537.124755859375
111,2.0,58.0,603.3479614257812,426.07183837890625,754.664306640625,538.5942993164062
112,2.0,58.0,604.8118896484375,425.94989013671875,759.5360717773438,539.9619750976562
113,2.0,58.0,606.2384643554688,425.31390380859375,764.2328491210938,543.359375
114,2.0,58.0,609.477294921875,423.23297119140625,767.545654296875,545.3248291015625
115,2.0,58.0,611.0736694335938,422.53466796875,771.6463012695312,547.1764526367188
116,2.0,58.0,611.429931640625,421.5257873535156,775.5733642578125,549.1249389648438
117,2.0,58.0,612.9696655273438,419.8580322265625,780.3222045898438,550.2623901367188
118,2.0,58.0,613.4835815429688,419.7006530761719,785.0983276367188,551.649169921875
119,2.0,58.0,615.2368774414062,419.3585510253906,790.6749877929688,553.7103881835938
120,2.0,58.0,618.7066040039062,419.1446533203125,795.777099609375,555.9046630859375
121,2.0,58.0,620.5077514648438,418.9576416015625,802.0507202148438,559.43603515625
122,2.0,58.0,621.8135986328125,418.7889709472656,810.18994140625,562.2565307617188
123,2.0,58.0,623.3748168945312,418.050048828125,816.121337890625,564.1128540039062
124,2.0,58.0,626.3936767578125,417.295654296875,822.6804809570312,567.1077880859375
125,2.0,58.0,629.4601440429688,416.9717102050781,830.700439453125,570.37744140625
126,2.0,58.0,631.9734497070312,416.14691162109375,837.4671630859375,572.4423217773438
127,2.0,58.0,634.33837890625,415.05743408203125,843.494384765625,573.6102294921875
128,2.0,58.0,636.65087890625,413.1418762207031,852.9816284179688,576.8017578125
129,2.0,58.0,640.5272216796875,411.06695556640625,861.4850463867188,580.9530029296875
130,2.0,58.0,644.7801513671875,409.54949951171875,870.7798461914062,583.9989624023438
131,2.0,58.0,647.4920043945312,409.276123046875,880.9825439453125,587.5960083007812
132,2.0,58.0,649.7931518554688,407.93182373046875,891.5177612304688,592.0336303710938
133,2.0,58.0,653.5655517578125,407.50189208984375,901.6344604492188,595.7500610351562
134,2.0,58.0,656.8372192382812,407.2743835449219,912.5396728515625,599.2393798828125
135,2.0,58.0,659.9521484375,406.3367919921875,924.0558471679688,603.7706909179688
136,2.0,58.0,664.2758178710938,404.85015869140625,935.7310180664062,607.8231201171875
137,2.0,58.0,667.9715576171875,403.53314208984375,949.1643676757812,612.806884765625
138,2.0,58.0,671.251708984375,403.0199279785156,964.4200439453125,617.3531494140625
139,2.0,58.0,674.771484375,401.76873779296875,979.6475830078125,624.1132202148438
140,2.0,58.0,680.3106079101562,401.28228759765625,994.81982421875,629.655029296875
141,2.0,58.0,685.6600341796875,400.2601013183594,1012.8828735351562,636.1282958984375
142,2.0,58.0,690.8289794921875,399.4502258300781,1031.3367919921875,642.60791015625
143,2.0,58.0,695.30859375,397.5900573730469,1051.75830078125,647.9493408203125
144,2.0,58.0,703.0797729492188,395.9742736816406,1073.8941650390625,657.9173583984375
145,2.0,58.0,707.6815185546875,393.76556396484375,1097.8045654296875,666.8676147460938
146,2.0,58.0,713.8496704101562,391.87432861328125,1121.9273681640625,679.5532836914062
147,2.0,58.0,721.9170532226562,389.8467102050781,1151.0023193359375,688.8201904296875
148,2.0,58.0,728.8251342773438,388.5985107421875,1180.8271484375,700.561767578125
149,2.0,58.0,735.6761474609375,387.2392883300781,1213.360595703125,715.2050170898438
150,2.0,58.0,744.7489624023438,385.4538879394531,1248.1717529296875,728.8621215820312
151,2.0,58.0,752.8677978515625,382.9615478515625,1290.831787109375,743.7991333007812
152,2.0,58.0,763.8423461914062,379.1020812988281,1335.489990234375,763.51513671875
153,2.0,58.0,773.9286499023438,375.6123352050781,1387.042236328125,785.0289916992188
154,2.0,58.0,786.9159545898438,371.55157470703125,1444.4246826171875,805.0022583007812
155,2.0,58.0,799.4556274414062,366.30377197265625,1510.6422119140625,830.7769165039062
156,2.0,58.0,814.3485717773438,360.9698181152344,1581.9530029296875,862.3448486328125
157,2.0,58.0,830.8717651367188,355.7756652832031,1664.4617919921875,897.2518920898438
158,2.0,58.0,848.2529296875,352.86968994140625,1760.3560791015625,937.7794799804688
159,2.0,58.0,865.4722290039062,347.43707275390625,1870.7052001953125,987.7827758789062
160,2.0,58.0,887.6168823242188,342.66119384765625,1918.1568603515625,1044.41552734375
161,2.0,58.0,912.5093994140625,335.8197021484375,1920.0,1067.64404296875
162,2.0,58.0,944.0733642578125,326.9894714355469,1920.0,1076.080810546875
163,2.0,58.0,977.9222412109375,311.96368408203125,1920.0,1080.0
164,2.0,58.0,1015.6087646484375,300.0259094238281,1920.0,1080.0
165,2.0,58.0,1060.5318603515625,286.222412109375,1920.0,1079.6671142578125
166,2.0,58.0,1112.623291015625,272.9583740234375,1920.0,1076.49560546875
167,2.0,58.0,1176.2130126953125,250.24447631835938,1920.0,1075.924560546875
168,2.0,58.0,1253.69873046875,231.26437377929688,1920.0,1076.129150390625
169,2.0,58.0,1353.3204345703125,235.2073211669922,1920.0,1075.80712890625
170,2.0,58.0,1476.071533203125,252.33160400390625,1920.0,1077.59033203125
171,2.0,58.0,1635.6478271484375,319.6942443847656,1920.0,1076.9610595703125
