82,2.0,82.0,563.3053588867188,436.5943908691406,610.8336791992188,474.1766052246094
83,2.0,82.0,564.0172119140625,435.5477600097656,611.2823486328125,473.67547607421875
84,2.0,82.0,564.6461791992188,435.1108093261719,613.4807739257812,473.7402648925781
85,2.0,82.0,564.887939453125,435.0738830566406,614.2593383789062,474.71527099609375
86,2.0,82.0,564.9400634765625,436.0950622558594,615.4017944335938,475.737060546875
87,2.0,82.0,565.3489990234375,436.8366394042969,616.6033935546875,475.9806823730469
88,2.0,82.0,566.0482177734375,437.28912353515625,618.6256713867188,476.92230224609375
89,2.0,82.0,566.8228149414062,436.76055908203125,620.42578125,477.4972839355469
90,2.0,82.0,567.427001953125,436.16986083984375,621.7469482421875,477.85321044921875
91,2.0,82.0,568.466552734375,434.7141418457031,624.3787231445312,478.13470458984375
92,2.0,82.0,570.1046142578125,433.6445617675781,625.9819946289062,478.21484375
93,2.0,82.0,570.767333984375,432.8140563964844,627.0263671875,478.1863708496094
94,2.0,82.0,571.0809326171875,432.5585632324219,628.0470581054688,478.84344482421875
95,2.0,82.0,571.7069091796875,432.0473937988281,629.4990844726562,478.9803771972656
96,2.0,82.0,573.6873779296875,431.8491516113281,631.4537963867188,479.3934631347656
97,2.0,82.0,574.3443603515625,433.4618225097656,631.8372802734375,479.6462707519531
104,2.0,82.0,578.353515625,430.0771789550781,647.706298828125,487.1344909667969
105,2.0,82.0,579.6630249023438,429.6841125488281,650.2333374023438,487.73236083984375
110,2.0,82.0,589.0869140625,428.1641845703125,660.5122680664062,490.2015380859375
114,2.0,82.0,595.09814453125,428.62506103515625,671.8744506835938,494.41607666015625
120,2.0,82.0,603.677490234375,428.0986022949219,691.9299926757812,499.63726806640625
121,2.0,82.0,604.6256713867188,428.67620849609375,697.1389770507812,500.0703430175781
124,2.0,82.0,610.88916015625,428.3886413574219,712.2327270507812,507.3376159667969
125,2.0,82.0,612.8756713867188,427.71661376953125,716.3013305664062,510.2438659667969
127,2.0,82.0,618.8892211914062,429.1898498535156,728.5228271484375,511.59808349609375
128,2.0,82.0,621.2296142578125,428.5153503417969,733.9237060546875,514.538330078125
129,2.0,82.0,624.1419067382812,428.2294006347656,740.7280883789062,519.19677734375
130,2.0,82.0,628.1976928710938,427.67022705078125,748.7567749023438,521.2127075195312
131,2.0,82.0,633.3214111328125,427.9195556640625,756.98193359375,522.7288818359375
132,2.0,82.0,635.9614868164062,426.1199645996094,763.2039184570312,524.3285522460938
133,2.0,82.0,639.1682739257812,425.8896484375,771.41796875,526.73486328125
134,2.0,82.0,644.3707885742188,425.87384033203125,779.1915893554688,529.3017578125
135,2.0,82.0,648.7186279296875,425.3848571777344,788.5272216796875,533.6356811523438
136,2.0,82.0,650.193603515625,425.70074462890625,800.9720458984375,537.502197265625
137,2.0,82.0,656.8199462890625,423.91864013671875,811.4100341796875,539.8978271484375
138,2.0,82.0,660.6282348632812,422.0906982421875,822.42041015625,545.3803100585938
139,2.0,82.0,665.5359497070312,420.0544128417969,834.6318359375,548.6428833007812
140,2.0,82.0,670.9893188476562,418.19921875,848.4865112304688,552.8938598632812
141,2.0,82.0,677.2080078125,417.6689453125,862.37451171875,558.330810546875
142,2.0,82.0,683.2437133789062,416.5083923339844,880.86572265625,563.064208984375
143,2.0,82.0,691.4864501953125,414.5854187011719,898.2210693359375,567.4557495117188
144,2.0,82.0,698.8660278320312,414.1598815917969,917.9214477539062,573.5044555664062
145,2.0,82.0,707.5916137695312,413.1180725097656,940.4046630859375,581.3101806640625
146,2.0,82.0,717.8118896484375,412.4834289550781,964.557861328125,588.4468994140625
147,2.0,82.0,727.805419921875,411.2016906738281,990.8518676757812,596.697998046875
148,2.0,82.0,739.5454711914062,409.4873352050781,1021.38134765625,606.9840698242188
149,2.0,82.0,753.0615234375,407.85589599609375,1058.9302978515625,617.3900146484375
150,2.0,82.0,767.504150390625,403.9295349121094,1099.0675048828125,628.5352172851562
151,2.0,82.0,783.0803833007812,400.54913330078125,1145.8446044921875,642.8484497070312
152,2.0,82.0,802.7332763671875,396.17437744140625,1201.288330078125,658.6340942382812
153,2.0,82.0,822.8522338867188,392.9299621582031,1266.6265869140625,680.0502319335938
154,2.0,82.0,848.4059448242188,389.1620788574219,1344.4896240234375,706.2256469726562
155,2.0,82.0,876.7979736328125,384.4178771972656,1439.974365234375,737.7437744140625
156,2.0,82.0,909.22021484375,377.15570068359375,1557.5224609375,778.7368774414062
157,2.0,82.0,950.2066040039062,368.3525695800781,1706.3934326171875,829.9588623046875
158,2.0,82.0,998.6978149414062,359.923583984375,1850.139892578125,899.8020629882812
159,2.0,82.0,1062.84228515625,350.1151123046875,1910.123046875,994.8023071289062
160,2.0,82.0,1145.610107421875,334.64593505859375,1920.0,1045.831298828125
161,2.0,82.0,1255.3873291015625,322.46063232421875,1920.0,1027.90576171875
162,2.0,82.0,1411.4420166015625,307.2329406738281,1920.0,1047.097412109375
163,2.0,82.0,1642.136474609375,329.84075927734375,1920.0,1069.01806640625
