67,2.0,73.0,425.7392578125,441.4986572265625,474.8118591308594,485.0736999511719
68,2.0,73.0,426.1334533691406,441.2371826171875,477.9175109863281,487.0088806152344
69,2.0,73.0,426.5322570800781,441.30804443359375,479.38238525390625,488.25408935546875
70,2.0,73.0,427.390380859375,440.1686706542969,479.99664306640625,488.8023376464844
71,2.0,73.0,427.1161804199219,441.6596984863281,481.09564208984375,489.1886901855469
72,2.0,73.0,427.4158020019531,442.2741394042969,482.070068359375,489.77752685546875
73,2.0,73.0,427.6923828125,442.84674072265625,483.1219787597656,490.0174865722656
74,2.0,73.0,428.2847595214844,442.6696472167969,484.4932556152344,489.93304443359375
75,2.0,73.0,429.4248962402344,443.9417724609375,485.6048889160156,490.33453369140625
76,2.0,73.0,430.17724609375,444.6850891113281,486.1239929199219,490.6024475097656
77,2.0,73.0,431.5201110839844,446.14398193359375,487.86456298828125,491.0601501464844
78,2.0,73.0,432.85919189453125,448.2613525390625,490.0206298828125,491.615234375
79,2.0,73.0,433.485107421875,451.20465087890625,491.6103515625,491.7159729003906
80,2.0,73.0,433.3228759765625,448.72930908203125,493.5555114746094,491.9032897949219
81,2.0,73.0,433.3231201171875,446.3883972167969,495.50494384765625,491.1768493652344
82,2.0,73.0,433.7897644042969,443.3498840332031,498.77862548828125,493.0945129394531
83,2.0,73.0,434.6389465332031,442.55499267578125,500.4061584472656,494.6907653808594
84,2.0,73.0,435.2552185058594,441.4251708984375,501.15655517578125,495.70562744140625
85,2.0,73.0,435.9245300292969,441.0539245605469,501.7035827636719,496.4869689941406
86,2.0,73.0,436.5107116699219,440.54266357421875,502.3358459472656,497.5251770019531
87,2.0,73.0,437.2865295410156,440.34619140625,503.1225891113281,497.91363525390625
88,2.0,73.0,437.8722229003906,439.602783203125,503.50885009765625,498.0368957519531
89,2.0,73.0,437.4403991699219,439.3423767089844,504.6039733886719,498.4085388183594
90,2.0,73.0,437.5090026855469,438.92108154296875,507.0798034667969,498.8473815917969
91,2.0,73.0,437.3809814453125,438.6963806152344,509.1475830078125,500.1251220703125
92,2.0,73.0,437.3422546386719,438.43511962890625,510.3373718261719,500.8478088378906
94,2.0,73.0,438.60357666015625,439.5926208496094,515.027099609375,501.1978454589844
95,2.0,73.0,439.91339111328125,439.6737365722656,516.4435424804688,502.08380126953125
96,2.0,73.0,442.0498046875,439.4539489746094,518.7027587890625,502.8062438964844
97,2.0,73.0,443.5491027832031,440.5348815917969,521.2601928710938,503.754150390625
98,2.0,73.0,443.759521484375,440.44775390625,522.4136962890625,504.0865173339844
100,2.0,73.0,446.61346435546875,439.1652526855469,526.7928466796875,504.7642517089844
101,2.0,73.0,447.59197998046875,438.6717224121094,528.5884399414062,504.87060546875
102,2.0,73.0,448.3984375,438.0241394042969,529.90966796875,504.824462890625
103,2.0,73.0,448.4853515625,436.5550537109375,532.75390625,504.7564697265625
104,2.0,73.0,449.8019104003906,435.0467529296875,536.3982543945312,505.2554016113281
105,2.0,73.0,451.2261047363281,434.5947265625,538.981689453125,506.3999328613281
106,2.0,73.0,453.34881591796875,435.125244140625,541.8424682617188,507.4716491699219
107,2.0,73.0,454.63092041015625,435.28558349609375,544.6919555664062,507.76788330078125
108,2.0,73.0,455.30230712890625,437.5989074707031,547.0272216796875,508.7371826171875
109,2.0,73.0,456.09222412109375,436.1842346191406,550.7205200195312,510.5536193847656
110,2.0,73.0,455.7136535644531,435.62567138671875,555.1812133789062,511.97186279296875
111,2.0,73.0,456.9143981933594,436.38372802734375,559.2964477539062,514.140869140625
112,2.0,73.0,459.1512756347656,436.025390625,563.4393920898438,516.0691528320312
113,2.0,73.0,459.98150634765625,435.91790771484375,565.8649291992188,518.4193725585938
114,2.0,73.0,461.53759765625,435.784423828125,569.5159912109375,519.6817016601562
115,2.0,73.0,465.0743103027344,435.6478576660156,573.5563354492188,521.6105346679688
116,2.0,73.0,466.24365234375,436.79071044921875,579.1986694335938,522.6242065429688
117,2.0,73.0,467.50518798828125,435.8306884765625,583.1371459960938,523.901611328125
118,2.0,73.0,469.6432189941406,435.91131591796875,587.2639770507812,525.4161376953125
119,2.0,73.0,471.9123840332031,434.1437072753906,592.2094116210938,526.1983642578125
120,2.0,73.0,476.07666015625,433.5622863769531,596.4336547851562,527.8772583007812
121,2.0,73.0,478.7530517578125,433.3706970214844,602.955078125,529.8878784179688
122,2.0,73.0,480.2503356933594,432.8465881347656,609.2723999023438,532.4357299804688
123,2.0,73.0,481.75469970703125,431.5273742675781,615.7491455078125,535.2683715820312
124,2.0,73.0,484.5387878417969,430.8714904785156,622.8615112304688,537.0957641601562
125,2.0,73.0,487.76446533203125,430.36505126953125,629.4965209960938,539.2635498046875
126,2.0,73.0,490.72967529296875,430.2929992675781,635.1292724609375,543.3186645507812
127,2.0,73.0,492.8494567871094,430.01123046875,643.9755859375,545.9608764648438
128,2.0,73.0,494.93853759765625,428.3620300292969,651.4456176757812,547.5545654296875
129,2.0,73.0,498.94635009765625,427.8886413574219,658.7615356445312,549.9952392578125
130,2.0,73.0,501.63409423828125,428.14849853515625,668.2337646484375,552.6671752929688
131,2.0,73.0,505.549560546875,426.5503234863281,676.946044921875,554.5808715820312
132,2.0,73.0,509.6579284667969,425.4270324707031,686.6739501953125,559.866943359375
133,2.0,73.0,513.3116455078125,423.8692321777344,697.801513671875,565.3364868164062
134,2.0,73.0,516.4285278320312,423.5753173828125,710.3544311523438,568.8224487304688
135,2.0,73.0,522.549560546875,420.64495849609375,722.5274047851562,572.9645385742188
136,2.0,73.0,526.9940185546875,419.7711181640625,734.9102783203125,577.93603515625
137,2.0,73.0,532.255615234375,420.0880126953125,749.2784423828125,581.4879760742188
138,2.0,73.0,537.369873046875,418.971435546875,764.8199462890625,586.9208984375
139,2.0,73.0,543.9208984375,417.19622802734375,783.0823364257812,592.2334594726562
140,2.0,73.0,550.581787109375,414.9398498535156,801.62158203125,599.1212158203125
141,2.0,73.0,558.7353515625,412.0760498046875,822.136474609375,605.1515502929688
142,2.0,73.0,566.8800659179688,409.1974182128906,844.929931640625,613.390625
143,2.0,73.0,573.8365478515625,407.31884765625,870.3408203125,623.3761596679688
144,2.0,73.0,583.7110595703125,405.5227355957031,898.803955078125,632.17529296875
145,2.0,73.0,592.7762451171875,402.19970703125,930.1851196289062,638.7420043945312
146,2.0,73.0,604.3670043945312,399.11517333984375,966.5159301757812,653.2171630859375
147,2.0,73.0,615.8765869140625,394.6639709472656,1007.47607421875,668.5393676757812
148,2.0,73.0,629.7546997070312,390.7840576171875,1054.88330078125,686.217041015625
149,2.0,73.0,642.6528930664062,388.3422546386719,1108.862548828125,705.126220703125
150,2.0,73.0,661.1310424804688,383.8281555175781,1173.414794921875,728.7018432617188
151,2.0,73.0,679.4757690429688,378.5185546875,1247.2086181640625,756.9775390625
152,2.0,73.0,701.7836303710938,372.72161865234375,1337.0723876953125,787.9622802734375
153,2.0,73.0,727.0151977539062,361.3460998535156,1445.4088134765625,829.5928955078125
154,2.0,73.0,757.1140747070312,353.7647399902344,1578.915283203125,880.314453125
155,2.0,73.0,791.6942749023438,345.1205139160156,1746.5302734375,947.1618041992188
156,2.0,73.0,835.8175659179688,336.7999572753906,1868.6737060546875,1027.5576171875
157,2.0,73.0,889.1124877929688,324.87518310546875,1918.2685546875,1061.3795166015625
158,2.0,73.0,961.8251953125,304.8551330566406,1920.0,1075.28759765625
159,2.0,73.0,1052.2374267578125,281.4664001464844,1920.0,1074.879150390625
160,2.0,73.0,1172.87548828125,249.6030731201172,1920.0,1077.5089111328125
161,2.0,73.0,1342.5040283203125,242.7802276611328,1920.0,1080.0
162,2.0,73.0,1599.867919921875,271.0156555175781,1920.0,1080.0
