36,2.0,68.0,529.7734985351562,449.3199157714844,586.4103393554688,494.445556640625
37,2.0,68.0,530.4466552734375,448.60089111328125,587.2750244140625,494.3394470214844
38,2.0,68.0,530.8701782226562,448.9085693359375,588.1210327148438,494.6279296875
39,2.0,68.0,530.6807861328125,448.8421325683594,589.1912841796875,495.3610534667969
40,2.0,68.0,530.9465942382812,447.8034362792969,591.4986572265625,496.38494873046875
41,2.0,68.0,531.73046875,448.00067138671875,593.825927734375,496.5665283203125
42,2.0,68.0,532.1470336914062,447.7032165527344,595.1066284179688,497.23492431640625
43,2.0,68.0,532.6837158203125,446.6084899902344,595.6417846679688,497.9212646484375
44,2.0,68.0,532.6611328125,446.26824951171875,596.4585571289062,497.61785888671875
45,2.0,68.0,532.3330688476562,445.5766296386719,597.121337890625,498.1004638671875
46,2.0,68.0,532.1085815429688,445.7061462402344,598.40234375,497.183349609375
47,2.0,68.0,533.0065307617188,445.15264892578125,598.2756958007812,497.98443603515625
48,2.0,68.0,533.6952514648438,444.87420654296875,599.2041015625,498.660400390625
59,2.0,68.0,545.0482177734375,448.8279724121094,614.1259155273438,501.8066711425781
60,2.0,68.0,546.824951171875,448.7658996582031,615.737548828125,501.6314392089844
61,2.0,68.0,547.4003295898438,446.83837890625,617.7655029296875,501.7135314941406
72,2.0,68.0,554.921630859375,443.04827880859375,640.2844848632812,513.3816528320312
77,2.0,68.0,563.3961181640625,446.9788513183594,651.4654541015625,515.2470703125
78,2.0,68.0,565.3497314453125,444.8152160644531,655.6392211914062,515.9402465820312
79,2.0,68.0,565.2749633789062,443.4281311035156,658.2608032226562,517.3666381835938
80,2.0,68.0,565.3604736328125,442.03271484375,660.6118774414062,518.3195190429688
81,2.0,68.0,566.1105346679688,440.63177490234375,662.9541015625,518.3236694335938
82,2.0,68.0,568.4463500976562,439.52935791015625,664.8133544921875,520.8494873046875
83,2.0,68.0,569.5079956054688,439.8680725097656,668.1700439453125,521.9872436523438
84,2.0,68.0,573.6312866210938,440.9332275390625,673.7139892578125,523.8145141601562
85,2.0,68.0,574.7568359375,441.65484619140625,678.091552734375,525.1981201171875
86,2.0,68.0,575.809326171875,441.0989074707031,681.25244140625,525.3489379882812
87,2.0,68.0,576.9061889648438,440.37701416015625,684.867431640625,526.7482299804688
88,2.0,68.0,578.214111328125,440.19415283203125,689.117431640625,528.2203979492188
89,2.0,68.0,579.9913330078125,439.0783996582031,692.227294921875,529.003662109375
90,2.0,68.0,581.92822265625,441.3805236816406,697.4224243164062,530.2484741210938
91,2.0,68.0,585.1652221679688,442.4314880371094,702.9281005859375,532.2039794921875
92,2.0,68.0,587.0280151367188,440.92303466796875,708.008544921875,534.8107299804688
93,2.0,68.0,588.418212890625,440.21221923828125,712.85205078125,536.427490234375
94,2.0,68.0,589.8723754882812,440.11871337890625,716.947021484375,536.9148559570312
95,2.0,68.0,594.177490234375,439.863525390625,721.9279174804688,537.5974731445312
96,2.0,68.0,596.541015625,439.2864685058594,727.0551147460938,538.6829223632812
98,2.0,68.0,600.8872680664062,437.7620544433594,739.722412109375,543.139892578125
99,2.0,68.0,601.8914794921875,437.25775146484375,744.552734375,545.556640625
100,2.0,68.0,605.0458374023438,436.4806823730469,750.758056640625,547.7781982421875
101,2.0,68.0,608.8795776367188,435.658935546875,759.7112426757812,550.19775390625
102,2.0,68.0,611.57861328125,435.1230163574219,766.6295776367188,552.6915283203125
103,2.0,68.0,612.9169921875,435.27093505859375,773.8179931640625,554.1495361328125
104,2.0,68.0,616.4055786132812,433.59002685546875,782.0914916992188,557.1751708984375
105,2.0,68.0,620.6973266601562,431.9464111328125,789.7020874023438,559.7749633789062
106,2.0,68.0,624.2142944335938,432.29620361328125,799.1171875,563.955322265625
107,2.0,68.0,627.7254028320312,432.59124755859375,808.922119140625,568.8800048828125
108,2.0,68.0,632.6572265625,432.3758544921875,817.6935424804688,571.7911376953125
109,2.0,68.0,637.0684814453125,433.0538024902344,828.921630859375,575.2545166015625
110,2.0,68.0,641.1170654296875,431.86480712890625,840.4038696289062,579.5612182617188
111,2.0,68.0,646.2061157226562,429.1485595703125,851.948486328125,582.553466796875
112,2.0,68.0,651.4581909179688,427.7298583984375,864.9105224609375,585.8754272460938
113,2.0,68.0,657.2000732421875,427.62164306640625,878.872802734375,590.7230834960938
114,2.0,68.0,663.1834106445312,426.5158996582031,894.84423828125,595.5025024414062
115,2.0,68.0,668.5227661132812,426.3791809082031,909.8113403320312,601.7462768554688
116,2.0,68.0,674.4061889648438,426.0035400390625,928.5716552734375,606.9325561523438
117,2.0,68.0,682.85400390625,424.7062072753906,946.3541259765625,612.7332763671875
118,2.0,68.0,692.0322265625,422.74041748046875,967.4254760742188,619.2158203125
119,2.0,68.0,699.277099609375,422.2095031738281,990.2894287109375,625.843505859375
120,2.0,68.0,706.3273315429688,419.0967102050781,1015.6851806640625,632.7888793945312
121,2.0,68.0,716.2735595703125,417.4967956542969,1041.3143310546875,640.5792236328125
122,2.0,68.0,724.10791015625,415.60357666015625,1072.648681640625,649.1972045898438
123,2.0,68.0,736.51416015625,412.5447692871094,1104.9383544921875,659.3175659179688
124,2.0,68.0,748.7054443359375,410.75494384765625,1142.8350830078125,674.1502075195312
125,2.0,68.0,762.1932983398438,409.5441589355469,1185.226806640625,686.4737548828125
126,2.0,68.0,775.746337890625,406.56597900390625,1231.6279296875,701.7799682617188
127,2.0,68.0,794.3489379882812,403.7828369140625,1285.0948486328125,719.638427734375
128,2.0,68.0,811.34033203125,401.22991943359375,1345.0767822265625,738.110595703125
129,2.0,68.0,831.2327270507812,398.67138671875,1417.183837890625,764.8900756835938
130,2.0,68.0,853.611328125,394.4478759765625,1499.668701171875,793.529052734375
131,2.0,68.0,879.0088500976562,384.991455078125,1596.467529296875,830.1567993164062
132,2.0,68.0,909.3934936523438,380.0954284667969,1712.350341796875,869.1983642578125
133,2.0,68.0,942.7005004882812,376.39581298828125,1849.60986328125,917.9929809570312
134,2.0,68.0,982.4840698242188,371.7007141113281,1910.527099609375,985.3717041015625
135,2.0,68.0,1030.613525390625,363.4099426269531,1920.0,1043.575439453125
136,2.0,68.0,1088.0802001953125,352.21099853515625,1920.0,1070.66748046875
137,2.0,68.0,1160.5948486328125,340.1018981933594,1920.0,1073.440185546875
138,2.0,68.0,1246.89599609375,326.5532531738281,1920.0,1060.91259765625
139,2.0,68.0,1359.66748046875,313.4378356933594,1920.0,1064.646728515625
140,2.0,68.0,1505.561767578125,319.61468505859375,1920.0,1074.732177734375
141,2.0,68.0,1704.6461181640625,383.775390625,1920.0,1079.62548828125
