3,2.0,42.0,459.3076171875,448.7685546875,532.8623046875,508.54998779296875
4,2.0,42.0,459.2910461425781,448.74530029296875,534.2310791015625,508.53729248046875
5,2.0,42.0,459.2744445800781,447.8157958984375,534.8921508789062,508.3431701660156
39,2.0,42.0,473.190673828125,448.685302734375,566.20166015625,522.0684814453125
40,2.0,42.0,473.2395324707031,448.3665771484375,568.3783569335938,522.5402221679688
43,2.0,42.0,477.25677490234375,446.57476806640625,570.9638061523438,522.7567749023438
45,2.0,42.0,478.9757385253906,446.8249206542969,573.2298583984375,523.5513916015625
46,2.0,42.0,480.02520751953125,447.43096923828125,574.7523193359375,524.5533447265625
47,2.0,42.0,480.6924133300781,447.60125732421875,578.334228515625,524.9698486328125
52,2.0,42.0,480.6108093261719,447.26129150390625,581.609619140625,527.0166625976562
53,2.0,42.0,481.2142639160156,446.4237365722656,583.1409912109375,527.6061401367188
54,2.0,42.0,480.23150634765625,444.8291015625,585.0900268554688,528.5773315429688
55,2.0,42.0,481.6292724609375,444.71429443359375,586.2156372070312,529.0128173828125
56,2.0,42.0,481.797119140625,443.42791748046875,587.8129272460938,529.4754028320312
57,2.0,42.0,483.1723937988281,443.6246337890625,589.5366821289062,528.9949951171875
58,2.0,42.0,484.5396423339844,443.7295837402344,593.05712890625,529.4921264648438
59,2.0,42.0,486.24139404296875,443.0535583496094,594.7366943359375,529.8990478515625
60,2.0,42.0,486.2520751953125,442.639892578125,596.5365600585938,530.8683471679688
61,2.0,42.0,485.3186950683594,442.3736267089844,596.6499633789062,532.7442016601562
62,2.0,42.0,485.66693115234375,441.9068298339844,597.48974609375,533.629150390625
63,2.0,42.0,487.2166442871094,442.0013122558594,598.693359375,533.4644165039062
64,2.0,42.0,488.3544616699219,441.7806396484375,600.9187622070312,533.1634521484375
65,2.0,42.0,489.2154235839844,441.2468566894531,603.551513671875,535.0383911132812
66,2.0,42.0,489.9854736328125,440.7789001464844,606.9903564453125,536.6507568359375
67,2.0,42.0,490.5814514160156,440.75225830078125,608.9144897460938,537.0654296875
68,2.0,42.0,491.37908935546875,441.075927734375,611.322265625,536.6829833984375
69,2.0,42.0,492.579833984375,440.75225830078125,612.7142333984375,536.3388671875
70,2.0,42.0,493.2434997558594,440.6610412597656,613.6218872070312,536.7255859375
71,2.0,42.0,493.3104248046875,440.54901123046875,615.9346923828125,537.7931518554688
72,2.0,42.0,493.8384704589844,439.7843933105469,617.6419067382812,538.4754028320312
73,2.0,42.0,495.1816711425781,439.3357238769531,620.455810546875,538.617431640625
74,2.0,42.0,495.9931640625,439.22967529296875,622.2294311523438,539.2481079101562
75,2.0,42.0,497.9222717285156,438.867919921875,623.6648559570312,540.2216186523438
76,2.0,42.0,499.68792724609375,439.10833740234375,626.356689453125,542.4293212890625
77,2.0,42.0,500.4405822753906,439.3691101074219,629.254150390625,542.5220947265625
78,2.0,42.0,501.0734558105469,439.11517333984375,631.0745849609375,543.2738037109375
79,2.0,42.0,502.83404541015625,439.6144104003906,632.0540161132812,545.1322021484375
80,2.0,42.0,502.9541320800781,440.31365966796875,634.6324462890625,546.7360229492188
81,2.0,42.0,503.72186279296875,439.9197082519531,636.7935791015625,547.771240234375
82,2.0,42.0,504.8828125,439.6463317871094,638.0377197265625,547.980224609375
83,2.0,42.0,504.3526916503906,440.1192626953125,639.2653198242188,548.7108764648438
84,2.0,42.0,504.2422180175781,440.1623840332031,642.4686889648438,549.1058959960938
85,2.0,42.0,505.080322265625,439.4466247558594,645.39306640625,549.0692749023438
86,2.0,42.0,506.05194091796875,439.9327087402344,648.466552734375,549.6881103515625
87,2.0,42.0,507.4361267089844,438.6658630371094,651.4913330078125,550.3030395507812
88,2.0,42.0,509.7015686035156,438.5376281738281,654.376953125,551.10693359375
89,2.0,42.0,510.0740661621094,438.9517517089844,656.7667236328125,551.4598999023438
90,2.0,42.0,511.26470947265625,438.86798095703125,658.7255249023438,553.0309448242188
91,2.0,42.0,513.1112060546875,438.7496337890625,663.7648315429688,553.4126586914062
92,2.0,42.0,514.2533569335938,438.1682434082031,667.094482421875,553.8652954101562
93,2.0,42.0,515.5377197265625,437.5775451660156,669.4810791015625,556.649658203125
94,2.0,42.0,516.3221435546875,437.5556640625,671.3507690429688,556.9965209960938
95,2.0,42.0,516.7904052734375,437.3736572265625,674.927001953125,558.843505859375
96,2.0,42.0,517.3353271484375,436.9039611816406,677.7820434570312,559.7943115234375
97,2.0,42.0,518.6765747070312,436.2565002441406,680.1117553710938,559.94970703125
98,2.0,42.0,520.57275390625,436.3861083984375,683.7938842773438,560.5836181640625
99,2.0,42.0,521.9240112304688,435.4425354003906,688.3350219726562,561.2749633789062
100,2.0,42.0,523.8966064453125,434.4716796875,693.0860595703125,562.0834350585938
101,2.0,42.0,525.5250854492188,434.44158935546875,695.6138305664062,565.088623046875
102,2.0,42.0,527.20849609375,433.9466247558594,699.6722412109375,567.1076049804688
105,2.0,42.0,530.0560913085938,435.217529296875,709.7264404296875,572.4380493164062
109,2.0,42.0,536.96728515625,433.8527526855469,728.7256469726562,579.3768920898438
110,2.0,42.0,539.0269775390625,433.54168701171875,732.5811157226562,580.3255615234375
111,2.0,42.0,540.4767456054688,433.6982421875,738.609619140625,582.7228393554688
112,2.0,42.0,542.05029296875,433.616943359375,743.5526733398438,584.099609375
113,2.0,42.0,543.524169921875,433.9549560546875,749.2240600585938,584.6443481445312
114,2.0,42.0,547.21630859375,433.1918029785156,755.122802734375,586.8807983398438
115,2.0,42.0,549.694580078125,433.6888427734375,761.0428466796875,587.6152954101562
116,2.0,42.0,551.1270141601562,433.61627197265625,765.362060546875,588.70849609375
117,2.0,42.0,552.6542358398438,433.4269104003906,770.0206298828125,591.888427734375
118,2.0,42.0,554.7379150390625,432.85894775390625,775.102294921875,594.7778930664062
119,2.0,42.0,556.7601318359375,430.07061767578125,780.6016235351562,597.88916015625
120,2.0,42.0,559.5042114257812,430.0849914550781,786.7484741210938,599.1188354492188
121,2.0,42.0,562.1248168945312,427.1015930175781,793.2427978515625,601.5023803710938
122,2.0,42.0,564.052001953125,425.41705322265625,801.5008544921875,603.0562133789062
123,2.0,42.0,566.621337890625,423.9923400878906,809.0809326171875,605.1000366210938
124,2.0,42.0,567.977294921875,424.3121643066406,814.033447265625,608.213623046875
125,2.0,42.0,571.859130859375,426.0472717285156,822.3622436523438,610.9987182617188
126,2.0,42.0,573.9085083007812,425.0489807128906,831.2701416015625,612.0223999023438
127,2.0,42.0,576.7020874023438,424.3797607421875,838.4210815429688,614.4622802734375
128,2.0,42.0,579.1795654296875,424.8057556152344,846.8429565429688,616.6971435546875
129,2.0,42.0,584.4525756835938,425.0472106933594,854.7661743164062,620.580810546875
130,2.0,42.0,588.6541748046875,423.9629211425781,863.7076416015625,623.83740234375
131,2.0,42.0,591.4096069335938,423.4683532714844,873.91796875,626.4432983398438
132,2.0,42.0,593.9381103515625,421.0483093261719,884.1670532226562,627.6248168945312
133,2.0,42.0,596.8084716796875,420.7024841308594,892.6578369140625,631.2796630859375
134,2.0,42.0,599.9993286132812,420.3675842285156,903.2938842773438,637.14501953125
135,2.0,42.0,603.830810546875,420.7605285644531,914.2454223632812,639.217529296875
136,2.0,42.0,608.543212890625,419.6856689453125,925.540283203125,641.1979370117188
137,2.0,42.0,611.3578491210938,418.14093017578125,937.80517578125,645.0552978515625
138,2.0,42.0,614.3847045898438,417.9413146972656,949.9664916992188,649.3076171875
139,2.0,42.0,618.6082153320312,417.6748962402344,962.8530883789062,650.9010009765625
140,2.0,42.0,623.21630859375,416.8294982910156,977.2347412109375,655.7666625976562
141,2.0,42.0,627.005615234375,416.0939636230469,990.1360473632812,660.8171997070312
142,2.0,42.0,632.5512084960938,415.3020324707031,1005.8154296875,668.2023315429688
143,2.0,42.0,636.676513671875,414.8747863769531,1021.384033203125,676.4348754882812
144,2.0,42.0,642.89892578125,414.7914123535156,1036.124755859375,681.0330200195312
145,2.0,42.0,648.052490234375,414.1737365722656,1054.320556640625,686.9282836914062
146,2.0,42.0,653.9965209960938,412.1893310546875,1071.53466796875,691.77685546875
147,2.0,42.0,657.7711791992188,412.39947509765625,1091.218505859375,696.4673461914062
148,2.0,42.0,664.1886596679688,412.0348815917969,1110.875732421875,704.9841918945312
150,2.0,42.0,677.0663452148438,406.2759094238281,1155.3792724609375,719.7853393554688
151,2.0,42.0,682.403076171875,405.1282043457031,1179.254150390625,728.4447021484375
152,2.0,42.0,691.5713500976562,402.19378662109375,1204.731689453125,735.1177978515625
153,2.0,42.0,701.014404296875,400.7116394042969,1232.0523681640625,742.4405517578125
154,2.0,42.0,708.5595092773438,400.5487060546875,1259.787841796875,751.6983642578125
155,2.0,42.0,715.7803955078125,399.78155517578125,1290.1923828125,766.3931274414062
156,2.0,42.0,724.3936767578125,398.2821350097656,1322.86279296875,777.025146484375
157,2.0,42.0,733.3404541015625,396.4818115234375,1357.25537109375,788.23291015625
158,2.0,42.0,742.5799560546875,393.51104736328125,1395.0216064453125,800.4359130859375
159,2.0,42.0,753.6301879882812,390.8802185058594,1433.124755859375,815.8212890625
160,2.0,42.0,765.6491088867188,388.5355529785156,1476.3560791015625,829.4494018554688
161,2.0,42.0,775.4530639648438,385.485107421875,1522.4991455078125,846.7010498046875
162,2.0,42.0,788.4693603515625,382.2126770019531,1571.9205322265625,862.7345581054688
163,2.0,42.0,802.833740234375,378.51580810546875,1627.028564453125,884.2804565429688
164,2.0,42.0,817.6468505859375,378.4506530761719,1685.1285400390625,906.32763671875
165,2.0,42.0,831.4166870117188,376.525634765625,1748.3536376953125,930.5108032226562
166,2.0,42.0,847.9605102539062,373.6060791015625,1814.6624755859375,957.8934936523438
167,2.0,42.0,864.68408203125,369.5960998535156,1891.923828125,986.6913452148438
168,2.0,42.0,883.7587280273438,367.1379089355469,1920.0,1017.5826416015625
169,2.0,42.0,904.0916137695312,364.05328369140625,1920.0,1049.893798828125
170,2.0,42.0,924.39501953125,358.4463806152344,1920.0,1068.4793701171875
171,2.0,42.0,946.345703125,352.65447998046875,1920.0,1074.657958984375
172,2.0,42.0,972.1952514648438,347.9099426269531,1920.0,1078.424560546875
173,2.0,42.0,1000.4981689453125,342.2669982910156,1920.0,1080.0
174,2.0,42.0,1030.4468994140625,337.39056396484375,1920.0,1079.5914306640625
175,2.0,42.0,1063.2642822265625,329.9609680175781,1920.0,1078.15869140625
176,2.0,42.0,1101.83349609375,322.8369140625,1920.0,1073.406982421875
177,2.0,42.0,1140.741943359375,318.630859375,1920.0,1068.0145263671875
178,2.0,42.0,1184.7354736328125,309.2679443359375,1920.0,1064.507080078125
179,2.0,42.0,1234.6129150390625,299.4513854980469,1920.0,1063.9185791015625
180,2.0,42.0,1290.5068359375,290.645751953125,1920.0,1068.6492919921875
181,2.0,42.0,1350.402099609375,289.6332092285156,1920.0,1071.2442626953125
182,2.0,42.0,1417.5606689453125,293.2552490234375,1920.0,1072.3367919921875
183,2.0,42.0,1497.1544189453125,303.98297119140625,1920.0,1073.4281005859375
184,2.0,42.0,1586.0496826171875,324.51739501953125,1920.0,1073.0865478515625
185,2.0,42.0,1690.1705322265625,379.6538391113281,1920.0,1073.92431640625
186,2.0,42.0,1810.350341796875,525.0475463867188,1919.8621826171875,1076.1136474609375
