82,2.0,76.0,415.00225830078125,449.4167785644531,466.38909912109375,486.6900329589844
83,2.0,76.0,415.90032958984375,447.9988098144531,467.66290283203125,486.5587158203125
84,2.0,76.0,416.10888671875,447.06781005859375,468.59814453125,487.8118591308594
85,2.0,76.0,416.2340087890625,447.6220703125,471.9438781738281,489.15869140625
86,2.0,76.0,416.8574523925781,448.5111083984375,473.1169128417969,489.3518981933594
87,2.0,76.0,417.05926513671875,448.62908935546875,474.1800537109375,490.11334228515625
88,2.0,76.0,418.38824462890625,450.32977294921875,475.7733459472656,491.2564392089844
89,2.0,76.0,418.65191650390625,450.341064453125,476.9090576171875,492.4919738769531
90,2.0,76.0,419.3870849609375,449.1371765136719,478.1459655761719,492.4219055175781
91,2.0,76.0,420.4677429199219,446.9669494628906,480.35064697265625,492.89752197265625
92,2.0,76.0,420.6312255859375,443.4754638671875,481.7063903808594,493.01275634765625
95,2.0,76.0,421.9178771972656,443.1612854003906,484.9043884277344,496.4934387207031
96,2.0,76.0,422.62451171875,444.85308837890625,487.1348571777344,497.8532409667969
97,2.0,76.0,423.16168212890625,444.1968688964844,490.0267639160156,498.4250183105469
98,2.0,76.0,423.5118103027344,443.4671630859375,491.8089294433594,498.94976806640625
99,2.0,76.0,424.0127258300781,443.42608642578125,494.5686340332031,498.9276428222656
100,2.0,76.0,424.9796447753906,442.6900329589844,498.0037841796875,498.9186096191406
104,2.0,76.0,430.4532470703125,439.57281494140625,503.9652099609375,502.5404052734375
105,2.0,76.0,431.38543701171875,438.7710266113281,505.2338562011719,503.6048889160156
106,2.0,76.0,431.91436767578125,439.8322448730469,506.5466003417969,504.4501647949219
107,2.0,76.0,433.08203125,439.8028564453125,508.91107177734375,505.16070556640625
108,2.0,76.0,433.5030212402344,439.52117919921875,511.6568908691406,505.6831970214844
109,2.0,76.0,434.2123107910156,440.1747741699219,514.458984375,505.5107727050781
110,2.0,76.0,435.9189453125,440.8679504394531,518.0197143554688,505.5732116699219
111,2.0,76.0,437.05621337890625,440.6097717285156,520.4075927734375,505.6865234375
112,2.0,76.0,437.46734619140625,439.8702087402344,522.3692626953125,506.4383544921875
113,2.0,76.0,437.8934020996094,437.5900573730469,526.0265502929688,506.841552734375
114,2.0,76.0,438.9002990722656,437.1195983886719,529.700927734375,507.2945556640625
115,2.0,76.0,441.5531311035156,437.804931640625,533.3824462890625,507.7613830566406
116,2.0,76.0,443.8679504394531,436.9448547363281,536.6132202148438,510.3805236816406
117,2.0,76.0,445.92828369140625,435.7169189453125,540.3023681640625,511.66162109375
118,2.0,76.0,447.1040344238281,435.2926940917969,543.3871459960938,513.3853149414062
119,2.0,76.0,447.7873840332031,437.06915283203125,547.8095092773438,515.782958984375
120,2.0,76.0,451.3675842285156,437.3647155761719,550.1279296875,517.1201171875
121,2.0,76.0,453.709716796875,436.05902099609375,554.5164794921875,519.1539306640625
122,2.0,76.0,453.83160400390625,435.34375,559.9600219726562,521.8633422851562
123,2.0,76.0,454.91204833984375,436.0496520996094,563.1378784179688,522.5078125
124,2.0,76.0,456.0468444824219,436.5876159667969,567.6464233398438,524.0115966796875
125,2.0,76.0,458.1913757324219,436.4447021484375,572.5577392578125,526.5573120117188
126,2.0,76.0,460.78253173828125,434.8969421386719,575.7251586914062,527.853759765625
127,2.0,76.0,461.65972900390625,434.0074768066406,582.0337524414062,529.2505493164062
128,2.0,76.0,463.29156494140625,433.0261535644531,589.4840087890625,531.4194946289062
129,2.0,76.0,466.21893310546875,432.3578796386719,596.1886596679688,534.4594116210938
130,2.0,76.0,467.8622131347656,432.5001525878906,602.5322875976562,536.2559204101562
131,2.0,76.0,471.4595642089844,432.2392883300781,608.7255859375,538.3509521484375
132,2.0,76.0,474.8046569824219,431.266357421875,616.4111328125,540.73974609375
133,2.0,76.0,477.2640686035156,430.3642578125,625.133544921875,545.236083984375
134,2.0,76.0,479.6458740234375,429.4028015136719,631.70556640625,547.771484375
135,2.0,76.0,482.9886169433594,428.595947265625,640.5367431640625,550.0953369140625
136,2.0,76.0,487.8707275390625,428.3984375,649.880615234375,552.728759765625
137,2.0,76.0,490.77996826171875,426.5490417480469,660.2230834960938,556.7423095703125
138,2.0,76.0,493.7807922363281,424.8323974609375,670.2783203125,560.3368530273438
139,2.0,76.0,498.2998962402344,424.55096435546875,681.4198608398438,564.6466674804688
140,2.0,76.0,502.4869689941406,421.8452453613281,693.0943603515625,568.1182861328125
141,2.0,76.0,507.2299499511719,420.6260986328125,706.7532348632812,572.8262329101562
142,2.0,76.0,511.90771484375,420.3580322265625,720.3819580078125,577.223876953125
143,2.0,76.0,518.915283203125,418.00396728515625,735.7622680664062,584.0703735351562
144,2.0,76.0,524.2866821289062,417.73040771484375,754.1153564453125,590.3530883789062
145,2.0,76.0,531.387939453125,417.76702880859375,772.0336303710938,596.2186279296875
146,2.0,76.0,538.85302734375,410.83319091796875,791.9089965820312,604.01708984375
147,2.0,76.0,547.40673828125,409.282958984375,814.3487548828125,611.787109375
148,2.0,76.0,554.9820556640625,408.3754577636719,840.1571655273438,620.7120361328125
149,2.0,76.0,564.9226684570312,407.7057800292969,870.081298828125,628.9124145507812
150,2.0,76.0,573.0919799804688,404.7855224609375,901.2286987304688,637.2230834960938
151,2.0,76.0,583.7144165039062,400.97003173828125,937.6964721679688,651.1205444335938
152,2.0,76.0,595.5352783203125,397.40264892578125,980.2224731445312,669.5433349609375
153,2.0,76.0,608.6283569335938,394.0052490234375,1030.1593017578125,686.7783203125
154,2.0,76.0,624.93798828125,389.0808410644531,1087.365478515625,707.8023071289062
155,2.0,76.0,642.3743896484375,384.1904602050781,1154.7274169921875,733.83251953125
156,2.0,76.0,662.798583984375,377.55426025390625,1236.2493896484375,763.4801635742188
157,2.0,76.0,686.9937744140625,370.5781555175781,1336.30322265625,800.1066284179688
158,2.0,76.0,714.6898193359375,360.5527038574219,1460.0999755859375,846.5338134765625
159,2.0,76.0,748.6854858398438,351.8031921386719,1615.6282958984375,908.88623046875
160,2.0,76.0,787.1002807617188,342.9718322753906,1811.8482666015625,991.943359375
161,2.0,76.0,838.28173828125,330.6729736328125,1895.157470703125,1045.4903564453125
162,2.0,76.0,903.0814208984375,310.4359436035156,1920.0,1067.3363037109375
163,2.0,76.0,989.7465209960938,284.9070739746094,1920.0,1075.439697265625
164,2.0,76.0,1107.357666015625,253.58517456054688,1920.0,1079.4117431640625
165,2.0,76.0,1276.6983642578125,232.2317657470703,1920.0,1080.0
166,2.0,76.0,1538.917236328125,255.8666534423828,1920.0,1080.0
