92,2.0,78.0,396.0758972167969,440.5393371582031,473.60064697265625,506.0738830566406
93,2.0,78.0,396.88006591796875,440.8231201171875,476.846435546875,506.26434326171875
94,2.0,78.0,397.3548889160156,440.4233093261719,478.98724365234375,506.4096984863281
95,2.0,78.0,399.6334533691406,439.4322509765625,481.2640380859375,507.6509094238281
96,2.0,78.0,399.97735595703125,438.5883483886719,484.2845764160156,508.3915710449219
103,2.0,78.0,406.170166015625,438.9287109375,507.7773132324219,517.837646484375
104,2.0,78.0,407.56390380859375,439.2033996582031,511.8314208984375,519.32470703125
105,2.0,78.0,409.776611328125,438.9320373535156,515.9862670898438,522.0009765625
106,2.0,78.0,411.1142883300781,438.27899169921875,519.4126586914062,523.8797607421875
108,2.0,78.0,415.4252014160156,438.2906188964844,529.1093139648438,526.5176391601562
109,2.0,78.0,418.3771057128906,437.5263671875,533.6250610351562,528.6397094726562
110,2.0,78.0,420.7608642578125,437.5307312011719,537.2294311523438,530.2296752929688
111,2.0,78.0,420.275390625,435.43994140625,543.4817504882812,534.1106567382812
112,2.0,78.0,422.4508361816406,434.0979309082031,548.7605590820312,536.161376953125
113,2.0,78.0,426.43804931640625,433.87127685546875,555.901611328125,538.14794921875
114,2.0,78.0,428.5786437988281,432.9712219238281,563.238037109375,539.4935302734375
115,2.0,78.0,428.80914306640625,432.2051086425781,570.8174438476562,543.8638305664062
116,2.0,78.0,432.5709228515625,432.3927001953125,577.9298095703125,546.5580444335938
117,2.0,78.0,437.5108337402344,432.1129150390625,584.8380126953125,548.8629150390625
118,2.0,78.0,441.3792419433594,431.1719970703125,595.2957153320312,552.0249633789062
119,2.0,78.0,444.2550964355469,430.7892150878906,604.1744384765625,555.6870727539062
120,2.0,78.0,446.7639465332031,430.6053466796875,615.3015747070312,559.1072387695312
121,2.0,78.0,450.9354248046875,428.7799072265625,624.529296875,563.5269775390625
122,2.0,78.0,455.28173828125,427.5260925292969,635.6004638671875,569.0477905273438
123,2.0,78.0,459.5589904785156,427.09417724609375,648.7918090820312,573.6030883789062
124,2.0,78.0,464.1270446777344,425.74224853515625,662.6062622070312,578.5182495117188
125,2.0,78.0,467.9888610839844,423.5567626953125,676.7428588867188,583.5307006835938
126,2.0,78.0,472.6396179199219,422.75067138671875,693.72119140625,591.0025024414062
127,2.0,78.0,478.3152770996094,420.777587890625,711.8679809570312,596.3143310546875
128,2.0,78.0,485.71142578125,418.9245300292969,731.5773315429688,604.9423217773438
129,2.0,78.0,493.7447814941406,417.0885009765625,755.0103149414062,613.298583984375
130,2.0,78.0,501.5418395996094,411.9279479980469,780.8345947265625,623.0037231445312
131,2.0,78.0,510.79730224609375,410.1972961425781,810.464111328125,631.435791015625
132,2.0,78.0,520.3767700195312,407.8238830566406,839.9918823242188,642.2561645507812
133,2.0,78.0,531.483642578125,408.1498718261719,878.4097900390625,653.73046875
134,2.0,78.0,541.8801879882812,404.0703125,921.2092895507812,672.895751953125
135,2.0,78.0,556.1384887695312,400.0990295410156,972.3658447265625,691.4953002929688
136,2.0,78.0,569.810791015625,394.28692626953125,1032.3173828125,713.3405151367188
137,2.0,78.0,587.10595703125,387.8478698730469,1104.552734375,741.8017578125
138,2.0,78.0,608.63037109375,382.1423645019531,1193.1239013671875,780.0098266601562
139,2.0,78.0,632.224853515625,373.7751159667969,1303.5343017578125,823.510986328125
140,2.0,78.0,660.4994506835938,364.0332946777344,1447.96142578125,881.4200439453125
141,2.0,78.0,693.7694702148438,354.2416076660156,1632.1177978515625,962.8408203125
142,2.0,78.0,739.3613891601562,341.38037109375,1819.7230224609375,1033.1025390625
143,2.0,78.0,795.2593994140625,323.3961486816406,1899.185546875,1064.234375
144,2.0,78.0,872.3151245117188,297.49810791015625,1920.0,1074.072998046875
145,2.0,78.0,983.734375,263.1348571777344,1920.0,1076.0472412109375
146,2.0,78.0,1147.0418701171875,223.99942016601562,1920.0,1079.02734375
147,2.0,78.0,1411.4473876953125,229.1242218017578,1920.0,1080.0
