43,2.0,69.0,522.8316650390625,454.26922607421875,569.6201782226562,491.5294189453125
44,2.0,69.0,523.2789916992188,454.6600341796875,570.3631591796875,491.515625
45,2.0,69.0,523.498046875,453.5102844238281,571.6148681640625,491.7046813964844
46,2.0,69.0,523.9105834960938,452.443359375,571.2875366210938,491.705810546875
47,2.0,69.0,524.5641479492188,452.81201171875,571.420166015625,491.8579406738281
48,2.0,69.0,526.7687377929688,451.6797180175781,572.0680541992188,492.10382080078125
49,2.0,69.0,528.2520751953125,453.2820129394531,572.5396118164062,491.8917541503906
50,2.0,69.0,528.8768920898438,454.4005126953125,574.1658935546875,491.8753967285156
51,2.0,69.0,528.7842407226562,455.26947021484375,575.4848022460938,491.8208312988281
52,2.0,69.0,528.6821899414062,455.51654052734375,576.7968139648438,491.85479736328125
53,2.0,69.0,528.476318359375,454.7554016113281,577.0989990234375,491.99334716796875
54,2.0,69.0,528.30615234375,454.98114013671875,577.0032958984375,492.4414978027344
55,2.0,69.0,528.6602172851562,455.2884216308594,577.565673828125,493.1336364746094
56,2.0,69.0,528.0642700195312,455.5321960449219,578.694580078125,494.3312683105469
57,2.0,69.0,527.989013671875,454.311279296875,580.3363037109375,494.6112060546875
58,2.0,69.0,528.9195556640625,453.30712890625,579.822509765625,494.2405700683594
59,2.0,69.0,529.7028198242188,453.6656188964844,580.0704345703125,493.6029357910156
60,2.0,69.0,529.8326416015625,453.23822021484375,583.2525024414062,493.547607421875
61,2.0,69.0,530.0314331054688,451.804443359375,585.66357421875,493.56915283203125
62,2.0,69.0,530.4215087890625,451.29364013671875,588.2807006835938,494.6617126464844
63,2.0,69.0,530.3917846679688,450.6593322753906,588.6011962890625,495.47503662109375
64,2.0,69.0,530.8632202148438,448.9648742675781,588.8546752929688,496.55853271484375
65,2.0,69.0,531.3919677734375,448.5164794921875,592.7189331054688,497.7944030761719
66,2.0,69.0,531.62744140625,448.11285400390625,594.3773193359375,497.7333068847656
67,2.0,69.0,531.9306640625,447.99884033203125,595.333740234375,497.7974853515625
68,2.0,69.0,532.3027954101562,447.69561767578125,595.6351928710938,497.3182678222656
69,2.0,69.0,533.08642578125,448.20562744140625,595.7152709960938,496.7539978027344
70,2.0,69.0,533.5751953125,448.39385986328125,597.4036865234375,496.725830078125
71,2.0,69.0,533.996337890625,446.9805603027344,599.2639770507812,498.8126220703125
72,2.0,69.0,534.5689086914062,446.1858215332031,598.8380737304688,499.72857666015625
74,2.0,69.0,536.2693481445312,445.3624267578125,600.68359375,500.8387145996094
75,2.0,69.0,537.287841796875,446.3251647949219,602.739013671875,501.3006896972656
76,2.0,69.0,536.809326171875,446.126220703125,604.7013549804688,501.59710693359375
77,2.0,69.0,536.9912719726562,445.969482421875,605.4606323242188,501.9779357910156
78,2.0,69.0,538.4575805664062,445.8774719238281,605.9920043945312,502.70391845703125
84,2.0,69.0,543.2175903320312,447.84295654296875,616.2500610351562,502.46429443359375
85,2.0,69.0,543.6192016601562,447.061767578125,617.9963989257812,503.35272216796875
86,2.0,69.0,544.9663696289062,446.57733154296875,618.4982299804688,504.3421936035156
87,2.0,69.0,546.0189208984375,446.20965576171875,621.44677734375,505.48443603515625
98,2.0,69.0,553.6369018554688,446.1422119140625,642.4689331054688,514.4029541015625
100,2.0,69.0,557.8755493164062,446.5732421875,647.993408203125,515.6443481445312
101,2.0,69.0,559.5545043945312,448.08856201171875,651.1543579101562,516.9259643554688
103,2.0,69.0,564.7071533203125,448.66082763671875,656.594970703125,518.724609375
104,2.0,69.0,565.897705078125,446.19537353515625,659.2662963867188,520.6104125976562
105,2.0,69.0,566.2614135742188,444.32806396484375,662.2469482421875,522.7371826171875
106,2.0,69.0,567.0689697265625,442.4437255859375,665.7252807617188,523.1624755859375
107,2.0,69.0,567.8794555664062,441.54559326171875,669.3988647460938,523.5089111328125
108,2.0,69.0,570.0870971679688,441.67547607421875,673.1304321289062,525.3011474609375
109,2.0,69.0,572.1127319335938,441.3857116699219,678.17236328125,526.7203979492188
110,2.0,69.0,574.3784790039062,441.14923095703125,680.8486328125,527.4498291015625
111,2.0,69.0,575.9239501953125,440.59710693359375,684.037353515625,528.0819702148438
112,2.0,69.0,577.171142578125,440.6628112792969,687.8009643554688,529.3914184570312
113,2.0,69.0,579.37841796875,440.4644470214844,691.665283203125,530.9484252929688
114,2.0,69.0,579.603759765625,439.6178894042969,695.8010864257812,534.1029052734375
115,2.0,69.0,582.1842041015625,440.3002624511719,701.1917724609375,535.99755859375
116,2.0,69.0,584.8065795898438,440.3014221191406,705.605224609375,537.06982421875
117,2.0,69.0,587.4554443359375,439.8567810058594,712.236328125,537.8567504882812
118,2.0,69.0,589.1290893554688,439.24749755859375,716.3778076171875,538.3109741210938
119,2.0,69.0,589.6614379882812,439.5372314453125,721.2862548828125,539.5936279296875
120,2.0,69.0,592.9359741210938,439.32269287109375,726.5260009765625,541.8189086914062
121,2.0,69.0,596.0796508789062,437.8694763183594,732.2578735351562,545.1560668945312
122,2.0,69.0,598.0099487304688,436.5528869628906,738.1862182617188,547.7406616210938
123,2.0,69.0,600.2359008789062,435.9005432128906,745.0241088867188,548.6751708984375
124,2.0,69.0,602.4228515625,435.85882568359375,751.2097778320312,550.8112182617188
125,2.0,69.0,605.8538818359375,434.8507995605469,759.7684326171875,553.7704467773438
126,2.0,69.0,609.2571411132812,434.9546813964844,767.143310546875,556.1865234375
127,2.0,69.0,612.4609375,433.70904541015625,774.8995971679688,558.8994140625
128,2.0,69.0,616.0353393554688,433.3838195800781,784.636962890625,561.6656494140625
129,2.0,69.0,619.5265502929688,432.107666015625,792.1793823242188,565.5307006835938
130,2.0,69.0,623.8153686523438,432.83148193359375,801.7055053710938,570.52099609375
131,2.0,69.0,627.6524658203125,433.4346923828125,812.5342407226562,573.1320190429688
132,2.0,69.0,631.3953247070312,432.69500732421875,822.9619750976562,576.0613403320312
133,2.0,69.0,635.879150390625,432.4365539550781,835.0379638671875,580.0376586914062
134,2.0,69.0,640.2627563476562,431.18292236328125,845.7135620117188,584.2160034179688
135,2.0,69.0,645.6505126953125,428.60784912109375,859.17431640625,588.3893432617188
136,2.0,69.0,649.9160766601562,426.4683532714844,873.831298828125,595.2369384765625
137,2.0,69.0,655.8804321289062,426.89764404296875,888.9887084960938,599.0271606445312
138,2.0,69.0,662.2554321289062,426.3285217285156,905.1699829101562,604.8225708007812
139,2.0,69.0,669.026611328125,425.69793701171875,924.039306640625,609.712646484375
140,2.0,69.0,676.2258911132812,425.5466003417969,943.052490234375,616.133544921875
141,2.0,69.0,684.1596069335938,424.06292724609375,964.5813598632812,623.4697265625
142,2.0,69.0,691.8331909179688,422.1510925292969,988.2982177734375,630.6277465820312
143,2.0,69.0,699.7630004882812,419.82843017578125,1014.11474609375,637.8721923828125
144,2.0,69.0,707.41162109375,416.7724914550781,1041.6634521484375,646.8095092773438
145,2.0,69.0,717.8911743164062,414.4324951171875,1074.100341796875,658.6857299804688
146,2.0,69.0,729.7705078125,412.1993103027344,1109.3162841796875,672.4078979492188
147,2.0,69.0,742.207763671875,410.58154296875,1148.0701904296875,684.804931640625
148,2.0,69.0,755.6996459960938,407.4516906738281,1195.1514892578125,699.2607421875
149,2.0,69.0,770.3839111328125,403.2940368652344,1244.783935546875,716.373779296875
150,2.0,69.0,787.4226684570312,402.259765625,1303.553466796875,736.0762939453125
151,2.0,69.0,806.0082397460938,400.31353759765625,1371.5513916015625,761.0835571289062
152,2.0,69.0,826.5873413085938,395.39453125,1450.099853515625,789.3779296875
153,2.0,69.0,851.053955078125,388.21234130859375,1543.7879638671875,822.3562622070312
154,2.0,69.0,878.0546264648438,380.8480529785156,1655.702880859375,864.193115234375
155,2.0,69.0,909.8363037109375,377.108154296875,1787.59033203125,915.5181884765625
156,2.0,69.0,946.6898193359375,370.8255310058594,1883.92919921875,982.0797729492188
157,2.0,69.0,990.5592041015625,363.37615966796875,1920.0,1041.680419921875
158,2.0,69.0,1043.646728515625,352.4859619140625,1920.0,1068.1990966796875
159,2.0,69.0,1112.017578125,340.2640380859375,1920.0,1077.9442138671875
160,2.0,69.0,1196.5960693359375,324.8836975097656,1920.0,1072.728515625
161,2.0,69.0,1305.783447265625,306.03192138671875,1920.0,1074.401123046875
162,2.0,69.0,1448.337890625,305.5962219238281,1920.0,1077.98974609375
163,2.0,69.0,1646.074462890625,330.6108703613281,1920.0,1080.0
