78,2.0,114.0,652.7439575195312,421.7326354980469,699.8253173828125,460.5406188964844
79,2.0,114.0,653.3949584960938,421.93939208984375,700.2561645507812,460.95703125
80,2.0,114.0,653.40625,422.65380859375,700.3375854492188,461.59124755859375
81,2.0,114.0,653.2720947265625,422.96331787109375,700.507080078125,461.4611511230469
82,2.0,114.0,653.4464111328125,422.3054504394531,702.0733642578125,461.6454772949219
83,2.0,114.0,654.445556640625,422.86480712890625,703.059326171875,462.36224365234375
84,2.0,114.0,655.5499877929688,424.6004638671875,703.6046142578125,463.106689453125
85,2.0,114.0,656.0838623046875,423.31866455078125,706.2188720703125,464.0
86,2.0,114.0,656.5306396484375,422.8150939941406,708.0259399414062,464.650146484375
87,2.0,114.0,656.9788818359375,422.04779052734375,709.944580078125,465.0440368652344
88,2.0,114.0,657.7312622070312,422.5267333984375,710.6380004882812,465.0030517578125
89,2.0,114.0,659.0050048828125,422.0382995605469,712.9518432617188,465.11309814453125
90,2.0,114.0,659.546630859375,421.7308349609375,714.1053466796875,464.72967529296875
91,2.0,114.0,660.4641723632812,421.4792175292969,715.2362670898438,464.6380615234375
92,2.0,114.0,661.2726440429688,420.0609130859375,716.1077880859375,464.2393798828125
93,2.0,114.0,662.5011596679688,420.11163330078125,717.7728881835938,465.0268859863281
94,2.0,114.0,662.9820556640625,419.9040832519531,720.1350708007812,465.1682434082031
95,2.0,114.0,663.422119140625,420.07489013671875,721.6688842773438,465.8569030761719
96,2.0,114.0,663.9990234375,419.6732177734375,723.1917724609375,466.2676086425781
97,2.0,114.0,664.2217407226562,420.5412902832031,724.29345703125,467.33203125
98,2.0,114.0,664.1138916015625,419.5962829589844,726.3995971679688,469.4602355957031
99,2.0,114.0,665.5088500976562,417.6831970214844,727.8980712890625,469.3202819824219
100,2.0,114.0,666.8773193359375,416.9254455566406,729.59228515625,469.8955993652344
101,2.0,114.0,668.07275390625,416.9224853515625,731.7284545898438,470.5336608886719
102,2.0,114.0,669.4495239257812,417.029541015625,733.4788818359375,469.8836364746094
103,2.0,114.0,670.0890502929688,417.5198974609375,735.6647338867188,470.313720703125
104,2.0,114.0,671.4827270507812,418.1799011230469,738.1595458984375,473.3451843261719
105,2.0,114.0,673.1228637695312,418.5120849609375,739.22216796875,474.5253601074219
106,2.0,114.0,674.1995239257812,417.2068786621094,740.9607543945312,474.7377624511719
107,2.0,114.0,675.1578979492188,416.6128845214844,743.0892944335938,474.9649658203125
108,2.0,114.0,675.6587524414062,416.8096008300781,746.1874389648438,474.7838134765625
109,2.0,114.0,676.1129760742188,416.56427001953125,750.2128295898438,476.11541748046875
110,2.0,114.0,677.1541137695312,415.28594970703125,752.7428588867188,476.8024597167969
111,2.0,114.0,677.9068603515625,414.23382568359375,754.167724609375,477.3671875
112,2.0,114.0,679.0594482421875,413.7497863769531,755.0701293945312,477.462646484375
113,2.0,114.0,681.1028442382812,413.8598937988281,756.7772216796875,477.7305603027344
114,2.0,114.0,683.1864013671875,414.2827453613281,758.6712646484375,478.0314636230469
115,2.0,114.0,684.3623046875,414.5061950683594,761.17529296875,478.137939453125
116,2.0,114.0,685.1747436523438,413.92987060546875,764.992919921875,478.4872741699219
117,2.0,114.0,685.7251586914062,412.6716613769531,768.2200317382812,479.16534423828125
118,2.0,114.0,686.0682373046875,412.0684814453125,771.6260375976562,480.32977294921875
119,2.0,114.0,686.8538818359375,411.34771728515625,775.0692138671875,481.3064270019531
120,2.0,114.0,687.9725952148438,410.3744812011719,778.84130859375,484.38507080078125
121,2.0,114.0,690.1846313476562,408.40625,782.373779296875,485.28887939453125
122,2.0,114.0,693.0875854492188,406.7239990234375,785.3092651367188,486.1402587890625
123,2.0,114.0,693.6427612304688,406.3575744628906,787.7943115234375,488.5051574707031
124,2.0,114.0,695.3922729492188,404.1733093261719,792.7273559570312,490.5082702636719
125,2.0,114.0,696.7542114257812,404.13671875,794.8261108398438,490.6366271972656
126,2.0,114.0,696.3527221679688,404.8365478515625,799.3059692382812,491.64898681640625
127,2.0,114.0,697.6577758789062,403.88409423828125,804.1770629882812,494.70086669921875
128,2.0,114.0,701.1347045898438,404.60235595703125,808.8950805664062,496.5746765136719
129,2.0,114.0,702.5960693359375,405.781005859375,814.3648681640625,497.7329406738281
130,2.0,114.0,703.52001953125,404.4378662109375,817.78369140625,500.1049499511719
131,2.0,114.0,706.4319458007812,402.1793212890625,823.2940063476562,501.58349609375
132,2.0,114.0,708.6044311523438,401.1446838378906,828.7805786132812,502.89910888671875
133,2.0,114.0,710.2577514648438,399.8884582519531,834.78759765625,504.06781005859375
134,2.0,114.0,714.532470703125,399.6452941894531,841.03076171875,506.0235290527344
135,2.0,114.0,718.302734375,400.63995361328125,846.6085205078125,507.9565124511719
136,2.0,114.0,719.166748046875,399.7000427246094,853.921875,510.4440612792969
137,2.0,114.0,721.4853515625,399.4783630371094,861.8783569335938,513.3320922851562
138,2.0,114.0,721.2067260742188,398.34686279296875,869.0105590820312,515.7015991210938
139,2.0,114.0,723.201904296875,397.85235595703125,877.4412841796875,519.365478515625
140,2.0,114.0,727.9965209960938,395.4629821777344,885.6783447265625,522.3843383789062
141,2.0,114.0,730.4349975585938,395.7677001953125,895.8355712890625,525.247314453125
142,2.0,114.0,734.4208374023438,395.6792297363281,905.8080444335938,527.03564453125
143,2.0,114.0,738.88134765625,393.4897766113281,916.27197265625,529.2757568359375
144,2.0,114.0,743.3975830078125,391.8947448730469,926.7306518554688,533.4118041992188
145,2.0,114.0,747.6962280273438,389.6043395996094,940.2164916992188,541.276123046875
146,2.0,114.0,753.300048828125,388.92974853515625,954.667724609375,545.0372924804688
147,2.0,114.0,757.387939453125,385.2068176269531,970.0435791015625,549.2058715820312
148,2.0,114.0,761.9683837890625,382.40289306640625,986.2798461914062,555.7135620117188
149,2.0,114.0,767.409423828125,380.0972900390625,1004.8330688476562,561.8480834960938
150,2.0,114.0,774.9658813476562,379.1920471191406,1024.787841796875,568.1807861328125
151,2.0,114.0,782.9220581054688,375.78485107421875,1047.55126953125,575.9050903320312
152,2.0,114.0,789.3098754882812,372.3664245605469,1073.6251220703125,582.7427978515625
153,2.0,114.0,799.9318237304688,366.46600341796875,1102.61181640625,593.9195556640625
154,2.0,114.0,808.4811401367188,359.1446228027344,1131.4036865234375,606.2071533203125
155,2.0,114.0,817.9750366210938,353.340576171875,1169.126708984375,615.2979736328125
156,2.0,114.0,828.1382446289062,351.3705139160156,1211.86376953125,631.764892578125
157,2.0,114.0,841.2608032226562,348.3444519042969,1262.9349365234375,649.829833984375
158,2.0,114.0,855.371337890625,346.22607421875,1319.9931640625,670.6680297851562
159,2.0,114.0,871.4552001953125,341.7096862792969,1390.661865234375,695.1697998046875
160,2.0,114.0,889.27392578125,333.11114501953125,1474.7335205078125,723.0277099609375
161,2.0,114.0,912.8457641601562,322.9336242675781,1579.9560546875,760.4467163085938
162,2.0,114.0,937.5706176757812,310.4554748535156,1713.81103515625,808.4942626953125
163,2.0,114.0,966.3941650390625,299.6995544433594,1851.877685546875,871.3888549804688
164,2.0,114.0,1006.2889404296875,282.06640625,1908.780517578125,963.820556640625
166,2.0,114.0,1118.9317626953125,230.79039001464844,1920.0,1070.5504150390625
167,2.0,114.0,1205.0853271484375,190.79733276367188,1920.0,1075.2012939453125
168,2.0,114.0,1322.1744384765625,151.0149688720703,1920.0,1075.248046875
169,2.0,114.0,1490.96142578125,153.61740112304688,1920.0,1080.0
