93,2.0,107.0,389.06304931640625,458.04486083984375,463.03619384765625,523.1292724609375
94,2.0,107.0,390.2597961425781,458.4142150878906,463.41973876953125,523.4366455078125
95,2.0,107.0,392.1892395019531,457.9561462402344,465.8481140136719,523.7477416992188
96,2.0,107.0,393.3463134765625,457.7881164550781,468.77508544921875,524.056884765625
97,2.0,107.0,395.17364501953125,458.3076477050781,470.0782165527344,524.6549072265625
98,2.0,107.0,396.32537841796875,457.9178771972656,471.2082214355469,524.38720703125
99,2.0,107.0,397.35723876953125,457.25848388671875,472.3126220703125,523.8803100585938
100,2.0,107.0,397.585693359375,456.819091796875,475.6786804199219,524.63134765625
101,2.0,107.0,398.89715576171875,456.94000244140625,479.8394470214844,525.5753784179688
102,2.0,107.0,400.20965576171875,456.6398620605469,482.8469543457031,526.4359741210938
103,2.0,107.0,401.5328674316406,456.1142578125,485.8246154785156,526.6883544921875
104,2.0,107.0,402.9841003417969,455.60516357421875,489.5938720703125,526.762939453125
105,2.0,107.0,405.2928161621094,455.5387268066406,492.09503173828125,527.0431518554688
107,2.0,107.0,408.22894287109375,453.6336364746094,497.16119384765625,529.9658203125
110,2.0,107.0,412.2793273925781,454.30462646484375,507.3033447265625,533.7349853515625
113,2.0,107.0,417.9610595703125,452.0780944824219,517.7313842773438,535.5291748046875
114,2.0,107.0,421.29449462890625,451.05279541015625,522.5642700195312,536.3405151367188
115,2.0,107.0,422.15625,450.4747009277344,527.0028686523438,536.68359375
116,2.0,107.0,423.3233642578125,450.53271484375,530.883544921875,538.6287231445312
117,2.0,107.0,425.02117919921875,449.1046142578125,534.1174926757812,538.9186401367188
118,2.0,107.0,426.07733154296875,447.29254150390625,539.599853515625,538.7474975585938
119,2.0,107.0,428.1012878417969,447.0947265625,544.4105224609375,540.6064453125
120,2.0,107.0,429.4533996582031,447.7206115722656,547.5020751953125,541.9857177734375
121,2.0,107.0,433.0286865234375,447.89013671875,553.9575805664062,542.32470703125
122,2.0,107.0,434.7947082519531,447.93304443359375,557.9747924804688,545.5406494140625
123,2.0,107.0,436.4478759765625,447.72979736328125,564.769287109375,546.3938598632812
124,2.0,107.0,438.008544921875,445.51678466796875,570.9978637695312,548.0370483398438
125,2.0,107.0,440.4339599609375,445.1011047363281,575.860107421875,549.606689453125
126,2.0,107.0,442.26885986328125,443.4311218261719,580.783203125,551.4586181640625
127,2.0,107.0,450.147705078125,441.6964111328125,587.00048828125,551.850341796875
128,2.0,107.0,452.9021911621094,441.4832763671875,593.8003540039062,552.9540405273438
129,2.0,107.0,455.1542663574219,438.6111145019531,601.7178344726562,554.5258178710938
130,2.0,107.0,457.4386291503906,437.840576171875,607.5631713867188,556.072998046875
131,2.0,107.0,457.2741394042969,437.3212585449219,615.0650634765625,557.8954467773438
132,2.0,107.0,459.9217224121094,436.6094970703125,624.9114990234375,561.7313842773438
133,2.0,107.0,464.14117431640625,435.5235595703125,633.374267578125,564.8162841796875
134,2.0,107.0,467.6290588378906,433.2712097167969,642.6312255859375,567.083740234375
135,2.0,107.0,472.0665588378906,433.0742492675781,651.1077880859375,569.626220703125
136,2.0,107.0,477.4468078613281,432.93994140625,662.3903198242188,571.7792358398438
137,2.0,107.0,481.2950134277344,431.7323913574219,673.3252563476562,573.2261962890625
138,2.0,107.0,485.78192138671875,430.80560302734375,683.3104248046875,574.5902709960938
139,2.0,107.0,490.0732116699219,428.9686584472656,696.2384033203125,577.6578979492188
140,2.0,107.0,496.2229309082031,426.8830871582031,708.5454711914062,582.7557983398438
141,2.0,107.0,502.1416320800781,426.10760498046875,721.9203491210938,586.0071411132812
142,2.0,107.0,506.92596435546875,423.817626953125,736.8790283203125,590.9052124023438
143,2.0,107.0,513.815673828125,422.0968322753906,753.3466796875,594.9476928710938
144,2.0,107.0,521.465576171875,417.66510009765625,770.7662353515625,598.3167114257812
145,2.0,107.0,526.9207763671875,413.94091796875,790.90966796875,606.46728515625
146,2.0,107.0,534.4025268554688,409.9488220214844,811.019775390625,612.4150390625
147,2.0,107.0,542.6011962890625,405.9271240234375,833.9942016601562,615.9720458984375
148,2.0,107.0,551.4971923828125,401.9989318847656,859.4521484375,622.1317749023438
149,2.0,107.0,561.0664672851562,398.68206787109375,887.248291015625,627.7828979492188
150,2.0,107.0,571.2830200195312,396.5924987792969,917.6467895507812,632.7950439453125
151,2.0,107.0,580.5692749023438,394.42877197265625,952.8451538085938,646.1114501953125
152,2.0,107.0,592.723876953125,390.6717224121094,989.3851318359375,656.6362915039062
153,2.0,107.0,605.1907348632812,387.0326843261719,1032.8883056640625,671.0576782226562
154,2.0,107.0,619.2227783203125,381.57928466796875,1082.7999267578125,684.109619140625
155,2.0,107.0,634.9337768554688,376.0346984863281,1138.7353515625,697.355712890625
156,2.0,107.0,653.173828125,366.6350402832031,1204.4755859375,716.0540771484375
157,2.0,107.0,673.7667846679688,357.4426574707031,1280.5418701171875,735.3435668945312
158,2.0,107.0,694.83203125,349.1962890625,1370.1976318359375,763.050048828125
159,2.0,107.0,721.4978637695312,337.5177001953125,1481.47265625,795.1083374023438
160,2.0,107.0,752.6915283203125,323.7622985839844,1612.9573974609375,834.3657836914062
161,2.0,107.0,787.1923828125,308.4288635253906,1771.75048828125,884.4744873046875
162,2.0,107.0,829.1748657226562,291.01934814453125,1879.8607177734375,947.6892700195312
163,2.0,107.0,879.5548706054688,269.16796875,1920.0,1024.9654541015625
164,2.0,107.0,938.9805297851562,236.58274841308594,1920.0,1060.2967529296875
165,2.0,107.0,1013.6647338867188,204.5471649169922,1920.0,1065.689697265625
166,2.0,107.0,1106.1021728515625,163.6141815185547,1920.0,1064.6842041015625
167,2.0,107.0,1224.3426513671875,115.06226348876953,1920.0,1065.8167724609375
168,2.0,107.0,1387.6871337890625,111.45805358886719,1920.0,1076.7066650390625
169,2.0,107.0,1611.79638671875,133.6002655029297,1920.0,1080.0
