23,2.0,44.0,460.6253356933594,451.8385314941406,534.5015258789062,507.4937744140625
24,2.0,44.0,461.5714111328125,450.7883605957031,535.0021362304688,507.3302917480469
25,2.0,44.0,462.05963134765625,450.2376708984375,536.1246337890625,507.7409362792969
26,2.0,44.0,462.36572265625,449.3907165527344,537.4954223632812,508.0970458984375
30,2.0,44.0,462.462646484375,448.9285888671875,541.1695556640625,508.838623046875
31,2.0,44.0,463.3192138671875,449.5947570800781,541.7164306640625,509.048095703125
32,2.0,44.0,464.5169372558594,449.55914306640625,542.3142700195312,509.165771484375
43,2.0,44.0,468.98638916015625,450.91058349609375,551.61669921875,512.7163696289062
47,2.0,44.0,469.6609191894531,451.80084228515625,556.6505126953125,514.7618408203125
66,2.0,44.0,481.1737060546875,447.1421813964844,581.8514404296875,525.0144653320312
67,2.0,44.0,480.64569091796875,448.5817565917969,583.0714721679688,525.2757568359375
69,2.0,44.0,483.6441650390625,446.25897216796875,585.2872924804688,526.3015747070312
70,2.0,44.0,484.0964050292969,444.7421875,586.688232421875,526.5479125976562
71,2.0,44.0,485.2950134277344,446.4886779785156,588.509521484375,527.187744140625
72,2.0,44.0,488.642822265625,445.8341064453125,590.5787963867188,527.4003295898438
73,2.0,44.0,490.7027587890625,445.1857604980469,592.8305053710938,527.3656616210938
74,2.0,44.0,492.2341613769531,445.1993408203125,594.00439453125,527.2518920898438
75,2.0,44.0,492.6671447753906,444.70697021484375,596.483642578125,528.8138427734375
76,2.0,44.0,493.5304260253906,444.5606994628906,597.110107421875,529.667724609375
77,2.0,44.0,493.66339111328125,444.4414367675781,597.4177856445312,531.7799072265625
78,2.0,44.0,494.86065673828125,445.5769958496094,601.03857421875,531.7689819335938
79,2.0,44.0,495.1030578613281,444.5283508300781,603.5232543945312,532.6490478515625
80,2.0,44.0,494.7843933105469,444.079833984375,606.3829345703125,533.1696166992188
81,2.0,44.0,494.64678955078125,443.80474853515625,607.93798828125,533.7249755859375
82,2.0,44.0,494.89605712890625,443.7866516113281,609.0368041992188,534.4382934570312
83,2.0,44.0,495.716552734375,443.7526550292969,612.02197265625,535.8458251953125
84,2.0,44.0,495.8247985839844,442.6895751953125,614.6327514648438,536.7608642578125
85,2.0,44.0,497.4540100097656,441.863037109375,616.6281127929688,536.4517211914062
86,2.0,44.0,499.081298828125,441.16473388671875,619.1156005859375,536.582275390625
87,2.0,44.0,500.3758239746094,440.6322326660156,621.37353515625,537.8726196289062
88,2.0,44.0,502.0982360839844,439.6248779296875,622.4930419921875,538.40283203125
89,2.0,44.0,502.9659118652344,439.8290710449219,624.45361328125,538.3860473632812
90,2.0,44.0,503.45196533203125,440.8975524902344,627.6759033203125,538.66015625
91,2.0,44.0,502.7960510253906,439.8963928222656,629.7115478515625,540.884521484375
92,2.0,44.0,504.74591064453125,439.6955261230469,631.6375732421875,542.4682006835938
93,2.0,44.0,504.04180908203125,438.9063415527344,633.7886962890625,543.4324951171875
94,2.0,44.0,505.9418640136719,438.71539306640625,635.434326171875,544.218017578125
96,2.0,44.0,508.5975646972656,438.29864501953125,641.2588500976562,547.246337890625
98,2.0,44.0,510.60003662109375,438.91595458984375,646.193359375,547.844482421875
99,2.0,44.0,512.2675170898438,439.533935546875,648.7247924804688,548.4198608398438
100,2.0,44.0,513.5303955078125,439.86602783203125,651.7108154296875,548.6033325195312
101,2.0,44.0,514.3985595703125,439.9241027832031,653.9951171875,548.9840087890625
102,2.0,44.0,515.1583251953125,440.14703369140625,657.2366333007812,550.1851806640625
103,2.0,44.0,516.1340942382812,439.8789978027344,661.22509765625,550.8433837890625
104,2.0,44.0,517.4502563476562,439.97613525390625,664.8921508789062,551.4058227539062
105,2.0,44.0,517.7755737304688,440.647705078125,667.5459594726562,553.2670288085938
106,2.0,44.0,519.4990234375,440.503173828125,670.3953247070312,554.219482421875
107,2.0,44.0,520.7554931640625,440.17059326171875,673.867431640625,556.4225463867188
108,2.0,44.0,521.385498046875,439.6231689453125,677.0046997070312,558.192626953125
109,2.0,44.0,524.3543701171875,439.2898254394531,679.5158081054688,558.0635375976562
110,2.0,44.0,526.2406005859375,438.13018798828125,682.37109375,559.4347534179688
111,2.0,44.0,528.5463256835938,437.1571350097656,687.307373046875,559.8325805664062
112,2.0,44.0,529.4579467773438,436.4580993652344,692.2593383789062,560.4142456054688
113,2.0,44.0,530.56298828125,435.6304626464844,695.2714233398438,561.8102416992188
114,2.0,44.0,532.2565307617188,435.3490295410156,699.103271484375,563.3234252929688
115,2.0,44.0,534.1503295898438,435.053955078125,703.7008666992188,564.4243774414062
118,2.0,44.0,537.9774169921875,436.0490417480469,716.282958984375,571.4639892578125
119,2.0,44.0,539.8798828125,435.41741943359375,720.3786010742188,573.0863037109375
121,2.0,44.0,543.8968505859375,435.0810546875,729.4962768554688,576.3770751953125
122,2.0,44.0,545.140869140625,435.0687255859375,735.2232055664062,577.8098754882812
123,2.0,44.0,547.1312866210938,435.4068298339844,740.9202880859375,579.7591552734375
124,2.0,44.0,549.2686157226562,435.4194030761719,745.7947387695312,582.0140991210938
125,2.0,44.0,551.728759765625,434.8601379394531,751.7653198242188,583.61767578125
126,2.0,44.0,553.3196411132812,435.2111511230469,758.8728637695312,585.3822631835938
127,2.0,44.0,554.03466796875,435.2015075683594,763.4366455078125,586.4808349609375
128,2.0,44.0,555.8656005859375,434.14984130859375,767.2337036132812,589.1382446289062
129,2.0,44.0,557.4512939453125,435.1064758300781,772.3050537109375,592.5396118164062
130,2.0,44.0,559.9093017578125,433.8479309082031,777.42822265625,595.3250122070312
131,2.0,44.0,561.8331909179688,432.4181823730469,784.2167358398438,597.165283203125
132,2.0,44.0,564.132568359375,430.39044189453125,789.6083984375,597.7659301757812
133,2.0,44.0,567.2936401367188,427.911865234375,797.799072265625,601.5660400390625
134,2.0,44.0,569.8253173828125,428.1786193847656,804.611572265625,604.658447265625
135,2.0,44.0,571.8464965820312,427.0223388671875,810.14453125,606.2548828125
136,2.0,44.0,574.201416015625,426.2971496582031,819.1329956054688,607.9915771484375
137,2.0,44.0,576.4043579101562,425.28485107421875,827.5391845703125,609.808349609375
138,2.0,44.0,579.9849853515625,424.7486877441406,835.7210693359375,613.2659301757812
139,2.0,44.0,583.4859008789062,425.21258544921875,843.9226684570312,615.9766845703125
140,2.0,44.0,588.4603881835938,424.61163330078125,852.7592163085938,619.8101196289062
141,2.0,44.0,591.5593872070312,424.3580322265625,861.5223999023438,622.77978515625
142,2.0,44.0,593.7106323242188,424.4599609375,872.1011962890625,625.28271484375
143,2.0,44.0,597.4667358398438,423.0802917480469,882.8582153320312,627.5366821289062
144,2.0,44.0,600.71875,423.0735168457031,892.0488891601562,630.3375244140625
145,2.0,44.0,604.13916015625,421.6045227050781,903.779296875,635.2066040039062
146,2.0,44.0,608.4653930664062,420.7445068359375,913.8583984375,638.310546875
147,2.0,44.0,612.4189453125,420.5345153808594,926.8984375,641.21435546875
148,2.0,44.0,614.8948974609375,420.0132751464844,940.4799194335938,647.1212158203125
149,2.0,44.0,620.4329223632812,419.2431945800781,952.6778564453125,650.3165893554688
150,2.0,44.0,624.0399169921875,418.4920959472656,966.6383056640625,654.4566040039062
151,2.0,44.0,627.7156372070312,417.4342956542969,981.5430908203125,658.072509765625
152,2.0,44.0,631.0845336914062,415.69085693359375,995.7240600585938,662.9198608398438
153,2.0,44.0,636.7999267578125,414.9386901855469,1012.0082397460938,672.5796508789062
154,2.0,44.0,643.1898803710938,414.9225769042969,1028.59619140625,680.3381958007812
155,2.0,44.0,648.4476928710938,414.589111328125,1047.049072265625,685.7659912109375
156,2.0,44.0,655.2523193359375,413.32818603515625,1065.6597900390625,689.7413940429688
157,2.0,44.0,658.7091064453125,413.81036376953125,1085.92236328125,696.6056518554688
158,2.0,44.0,665.1946411132812,411.8133850097656,1107.0557861328125,705.1795043945312
159,2.0,44.0,671.5160522460938,408.6229553222656,1130.9207763671875,711.0381469726562
160,2.0,44.0,678.5659790039062,406.54742431640625,1154.3289794921875,720.6971435546875
161,2.0,44.0,685.1416625976562,405.48419189453125,1180.0902099609375,730.146240234375
162,2.0,44.0,693.8289794921875,401.5016174316406,1207.468017578125,738.5732421875
163,2.0,44.0,702.8223876953125,400.8901672363281,1237.3780517578125,746.9390258789062
164,2.0,44.0,710.806640625,401.0970764160156,1267.041015625,758.2926635742188
165,2.0,44.0,718.7862548828125,399.6604309082031,1301.19091796875,772.20556640625
166,2.0,44.0,728.096923828125,397.74365234375,1337.1297607421875,784.4107055664062
167,2.0,44.0,737.9180908203125,394.90557861328125,1374.85498046875,798.630615234375
168,2.0,44.0,749.8470458984375,392.20941162109375,1417.718994140625,814.867919921875
169,2.0,44.0,761.402587890625,389.0874938964844,1463.8701171875,829.1099853515625
170,2.0,44.0,772.65869140625,385.3014221191406,1513.70849609375,848.4002685546875
171,2.0,44.0,784.689453125,382.4230041503906,1565.8671875,867.5074462890625
172,2.0,44.0,800.400634765625,379.99273681640625,1622.7711181640625,888.0478515625
173,2.0,44.0,814.9918823242188,379.5283203125,1684.9615478515625,910.24609375
174,2.0,44.0,829.0344848632812,376.53924560546875,1754.0919189453125,938.4359741210938
175,2.0,44.0,847.610595703125,373.18560791015625,1826.484375,968.997802734375
176,2.0,44.0,864.0374145507812,369.2508239746094,1899.222900390625,1002.5961303710938
177,2.0,44.0,883.4143676757812,365.875244140625,1920.0,1037.4864501953125
178,2.0,44.0,906.121826171875,361.7715759277344,1920.0,1063.60205078125
179,2.0,44.0,929.1043701171875,356.0537109375,1920.0,1074.0609130859375
180,2.0,44.0,952.7929077148438,350.31317138671875,1920.0,1079.49267578125
181,2.0,44.0,985.4141845703125,344.577392578125,1920.0,1080.0
182,2.0,44.0,1013.8923950195312,338.66058349609375,1920.0,1080.0
183,2.0,44.0,1047.3521728515625,330.92816162109375,1920.0,1079.2264404296875
184,2.0,44.0,1085.9227294921875,324.7946472167969,1920.0,1076.1435546875
185,2.0,44.0,1128.019287109375,318.7532958984375,1920.0,1073.7049560546875
186,2.0,44.0,1176.4757080078125,308.78955078125,1920.0,1069.63623046875
187,2.0,44.0,1226.447265625,297.580322265625,1920.0,1067.458251953125
188,2.0,44.0,1287.2357177734375,288.1780700683594,1920.0,1070.7763671875
189,2.0,44.0,1353.1318359375,287.47711181640625,1920.0,1071.6876220703125
190,2.0,44.0,1428.86767578125,287.70880126953125,1920.0,1072.189453125
191,2.0,44.0,1515.40966796875,301.1901550292969,1920.0,1073.3060302734375
192,2.0,44.0,1616.1954345703125,325.279296875,1920.0,1074.5233154296875
193,2.0,44.0,1734.393310546875,444.08697509765625,1920.0,1075.6798095703125
