20,2.0,56.0,552.8711547851562,430.7253112792969,621.507568359375,490.0215148925781
21,2.0,56.0,553.7606201171875,431.78631591796875,622.6591796875,489.2062072753906
22,2.0,56.0,554.6597900390625,432.0089416503906,622.9100341796875,490.03369140625
23,2.0,56.0,555.4133911132812,431.72796630859375,623.6656494140625,490.6263427734375
24,2.0,56.0,554.9879760742188,431.1051330566406,623.9502563476562,491.4487609863281
25,2.0,56.0,554.6444702148438,431.03021240234375,625.1477661132812,491.46502685546875
26,2.0,56.0,554.9249877929688,431.30517578125,627.0264282226562,491.3667297363281
27,2.0,56.0,554.9976196289062,430.9466552734375,627.5350341796875,491.2055358886719
28,2.0,56.0,555.705078125,431.6439514160156,628.8455810546875,491.672607421875
29,2.0,56.0,555.7628784179688,431.8796081542969,629.83154296875,492.6075134277344
30,2.0,56.0,556.030029296875,431.95892333984375,629.8640747070312,493.41021728515625
31,2.0,56.0,557.3309936523438,432.07421875,629.7566528320312,494.4787292480469
53,2.0,56.0,566.5748901367188,428.9399108886719,659.9853515625,509.49761962890625
54,2.0,56.0,567.6747436523438,428.6230773925781,662.4014282226562,509.6462707519531
59,2.0,56.0,570.126708984375,426.39385986328125,671.6844482421875,515.0460205078125
60,2.0,56.0,570.36083984375,426.05364990234375,674.7990112304688,515.5608520507812
61,2.0,56.0,570.552001953125,425.5351867675781,677.253662109375,515.8004760742188
62,2.0,56.0,570.87744140625,424.9790344238281,679.7598266601562,516.4293212890625
63,2.0,56.0,570.5039672851562,424.50823974609375,681.5588989257812,517.7468872070312
64,2.0,56.0,570.9689331054688,424.792236328125,683.1590576171875,517.9613037109375
65,2.0,56.0,571.44140625,424.5893249511719,685.4010620117188,518.0789794921875
66,2.0,56.0,572.2357177734375,423.8422546386719,687.0867919921875,519.5621337890625
67,2.0,56.0,573.2279663085938,424.73883056640625,691.0895385742188,520.6962280273438
68,2.0,56.0,574.915283203125,424.1804504394531,692.9434204101562,521.1194458007812
69,2.0,56.0,575.4444580078125,424.71466064453125,695.0748291015625,523.1880493164062
70,2.0,56.0,575.9097900390625,425.02056884765625,698.1400146484375,523.9823608398438
71,2.0,56.0,576.7725830078125,425.4001770019531,701.2349243164062,524.9409790039062
72,2.0,56.0,577.7177124023438,425.183837890625,704.6174926757812,527.1378173828125
73,2.0,56.0,578.2098388671875,425.52264404296875,708.2944946289062,529.355224609375
74,2.0,56.0,579.935791015625,425.9255676269531,711.3429565429688,532.0185546875
75,2.0,56.0,579.4445190429688,426.05322265625,714.9529418945312,535.4407958984375
76,2.0,56.0,579.0863037109375,425.42657470703125,718.4389038085938,536.7728271484375
77,2.0,56.0,579.5044555664062,425.3013610839844,722.4141845703125,538.1170654296875
79,2.0,56.0,583.8973999023438,423.75177001953125,728.5296630859375,539.9749145507812
80,2.0,56.0,583.6122436523438,423.4900207519531,732.1416015625,542.3694458007812
81,2.0,56.0,586.4473876953125,423.1788635253906,736.036376953125,546.7830200195312
82,2.0,56.0,585.9798583984375,422.6325988769531,740.3177490234375,549.0704345703125
83,2.0,56.0,587.2571411132812,422.4278869628906,745.0194702148438,549.56884765625
84,2.0,56.0,587.5966186523438,422.61004638671875,749.7222290039062,550.6461181640625
85,2.0,56.0,589.0267944335938,421.77349853515625,754.8284912109375,551.7191772460938
86,2.0,56.0,590.4844970703125,421.55328369140625,760.0416870117188,553.3239135742188
87,2.0,56.0,592.2560424804688,419.85003662109375,765.6629028320312,556.1907958984375
88,2.0,56.0,593.9912109375,419.16815185546875,768.8682861328125,558.2236938476562
89,2.0,56.0,596.7754516601562,416.8249206542969,775.3853149414062,560.560546875
90,2.0,56.0,599.4409790039062,417.32861328125,781.7859497070312,562.8887329101562
91,2.0,56.0,599.7919921875,416.943115234375,788.3509521484375,566.2040405273438
92,2.0,56.0,600.9035034179688,416.7578430175781,793.3355712890625,569.60498046875
93,2.0,56.0,602.1851196289062,415.9226379394531,800.6052856445312,572.0316162109375
94,2.0,56.0,604.5874633789062,415.9026794433594,808.0874633789062,574.2998657226562
95,2.0,56.0,607.0826416015625,415.5035400390625,815.7247314453125,576.5200805664062
96,2.0,56.0,608.82861328125,414.9981689453125,823.9973754882812,580.4175415039062
97,2.0,56.0,610.4014282226562,412.8555908203125,831.9815673828125,583.2744750976562
98,2.0,56.0,612.5614013671875,411.9724426269531,840.0466918945312,586.8670043945312
99,2.0,56.0,614.9674682617188,410.40411376953125,849.798095703125,591.4517822265625
100,2.0,56.0,617.0536499023438,409.246337890625,859.8975219726562,594.6387939453125
101,2.0,56.0,619.6770629882812,407.68280029296875,870.0328979492188,598.8577270507812
102,2.0,56.0,622.7223510742188,406.71856689453125,881.8742065429688,604.9082641601562
103,2.0,56.0,624.6495971679688,406.3210144042969,892.2449951171875,609.5712280273438
104,2.0,56.0,629.63623046875,405.755859375,903.5682983398438,613.492431640625
105,2.0,56.0,633.3216552734375,404.56494140625,917.4180908203125,616.9566040039062
106,2.0,56.0,637.5647583007812,403.5773620605469,931.760986328125,623.558837890625
107,2.0,56.0,641.9057006835938,401.692626953125,946.0751953125,628.8956298828125
108,2.0,56.0,645.2459106445312,400.8439025878906,962.1500854492188,635.6438598632812
109,2.0,56.0,647.9739379882812,399.1707763671875,979.283447265625,639.4234008789062
110,2.0,56.0,654.9533081054688,397.557861328125,996.84228515625,647.6853637695312
111,2.0,56.0,660.0342407226562,396.6114807128906,1017.7083740234375,657.7042236328125
112,2.0,56.0,662.9761962890625,395.2156677246094,1038.4638671875,669.2911376953125
113,2.0,56.0,668.5986328125,391.956787109375,1062.0728759765625,680.1382446289062
114,2.0,56.0,673.582763671875,390.1139831542969,1089.6409912109375,692.2617797851562
115,2.0,56.0,678.8721313476562,387.6431579589844,1118.2232666015625,703.280517578125
116,2.0,56.0,684.5608520507812,386.4481506347656,1148.20068359375,718.1029663085938
117,2.0,56.0,692.2504272460938,385.73193359375,1182.9547119140625,732.6264038085938
118,2.0,56.0,700.187255859375,383.0281982421875,1220.5162353515625,748.0460205078125
119,2.0,56.0,707.2689819335938,379.9928894042969,1263.090087890625,767.4017944335938
120,2.0,56.0,717.14599609375,375.5858154296875,1311.2325439453125,788.979736328125
121,2.0,56.0,727.2631225585938,370.8020324707031,1366.1566162109375,812.9937744140625
122,2.0,56.0,737.5957641601562,366.1116638183594,1428.560302734375,839.8363037109375
123,2.0,56.0,749.6284790039062,360.00726318359375,1501.9075927734375,873.0042724609375
124,2.0,56.0,761.3731079101562,355.92547607421875,1584.476318359375,912.310791015625
125,2.0,56.0,775.9095458984375,349.9136962890625,1678.565185546875,958.8591918945312
126,2.0,56.0,791.086669921875,342.88055419921875,1791.1707763671875,1013.8956298828125
127,2.0,56.0,809.4166870117188,336.9178466796875,1885.637939453125,1054.3604736328125
128,2.0,56.0,830.2276000976562,330.6666259765625,1920.0,1070.576416015625
129,2.0,56.0,853.7357788085938,320.2655029296875,1920.0,1077.591552734375
130,2.0,56.0,883.57275390625,303.92242431640625,1920.0,1080.0
131,2.0,56.0,916.8134765625,289.1697082519531,1920.0,1079.2513427734375
132,2.0,56.0,954.3514404296875,271.45452880859375,1920.0,1078.4962158203125
133,2.0,56.0,1001.5846557617188,252.8079376220703,1920.0,1077.290771484375
134,2.0,56.0,1059.8016357421875,225.70571899414062,1920.0,1076.0206298828125
135,2.0,56.0,1132.1822509765625,197.059326171875,1920.0,1074.4962158203125
136,2.0,56.0,1224.640869140625,186.3455810546875,1920.0,1074.1802978515625
137,2.0,56.0,1348.728759765625,194.79855346679688,1920.0,1074.3092041015625
138,2.0,56.0,1517.4879150390625,241.38772583007812,1920.0,1072.36669921875
