5,2.0,63.0,528.6829223632812,449.9214782714844,575.7393798828125,490.9725036621094
6,2.0,63.0,528.8619995117188,449.97357177734375,576.1968383789062,490.9949645996094
7,2.0,63.0,529.2921142578125,450.6379089355469,576.5048217773438,491.0743408203125
8,2.0,63.0,529.1814575195312,450.9786682128906,577.7181396484375,491.01007080078125
9,2.0,63.0,529.27685546875,450.91583251953125,577.701904296875,491.0533752441406
10,2.0,63.0,529.593017578125,450.85986328125,578.2311401367188,491.0446472167969
11,2.0,63.0,530.1827392578125,450.9464416503906,579.5370483398438,491.033203125
12,2.0,63.0,530.4468383789062,451.169921875,580.5100708007812,491.02667236328125
13,2.0,63.0,530.6205444335938,450.9861145019531,582.3084106445312,491.07794189453125
14,2.0,63.0,530.4136962890625,450.7212219238281,582.7213134765625,491.1326904296875
15,2.0,63.0,530.7695922851562,450.9566955566406,583.3236083984375,491.0403747558594
16,2.0,63.0,531.444580078125,450.2773132324219,583.7503051757812,491.0268249511719
17,2.0,63.0,531.7852172851562,449.6307373046875,586.3335571289062,491.0574645996094
18,2.0,63.0,531.743896484375,448.862060546875,588.0221557617188,491.1885986328125
19,2.0,63.0,531.837646484375,447.99578857421875,589.4655151367188,491.7032470703125
20,2.0,63.0,532.0786743164062,446.5017395019531,589.6470947265625,494.2502136230469
21,2.0,63.0,532.7312622070312,446.52557373046875,590.0950317382812,495.199462890625
22,2.0,63.0,533.261962890625,446.8224182128906,590.6870727539062,493.7603454589844
23,2.0,63.0,532.7767944335938,445.8333435058594,590.6317749023438,495.4913330078125
28,2.0,63.0,534.1455078125,447.4364318847656,595.8936767578125,495.4642028808594
29,2.0,63.0,535.0275268554688,446.2694091796875,596.735107421875,496.1367492675781
30,2.0,63.0,535.5783081054688,445.8880310058594,597.961669921875,496.309814453125
31,2.0,63.0,537.1882934570312,445.926025390625,599.2760009765625,496.7404479980469
32,2.0,63.0,537.8497924804688,445.7762145996094,600.2333984375,498.0702819824219
33,2.0,63.0,538.3442993164062,446.1236572265625,601.31005859375,498.5450439453125
43,2.0,63.0,543.4054565429688,447.1003112792969,612.7307739257812,499.35546875
59,2.0,63.0,560.9695434570312,443.14471435546875,637.466552734375,506.0349426269531
60,2.0,63.0,563.134033203125,442.8967590332031,639.323974609375,507.2257995605469
61,2.0,63.0,564.2628784179688,441.6800537109375,641.2821044921875,507.7723693847656
62,2.0,63.0,564.919677734375,442.5489196777344,645.3201904296875,507.829345703125
63,2.0,63.0,564.9782104492188,442.6460876464844,647.7885131835938,508.5561218261719
65,2.0,63.0,566.1157836914062,445.2112121582031,650.9994506835938,511.0181579589844
66,2.0,63.0,568.0639038085938,443.2646179199219,652.8251953125,510.9530029296875
67,2.0,63.0,568.7157592773438,441.9314270019531,654.79638671875,511.970947265625
68,2.0,63.0,569.707275390625,440.466064453125,658.5530395507812,512.4794921875
69,2.0,63.0,570.3251342773438,439.7203063964844,661.058837890625,513.8553466796875
70,2.0,63.0,573.1173706054688,439.72119140625,664.2535400390625,514.9554443359375
71,2.0,63.0,573.7955932617188,440.1733703613281,666.9317626953125,515.4347534179688
72,2.0,63.0,574.7037963867188,440.25079345703125,668.76025390625,515.8359375
73,2.0,63.0,575.8838500976562,440.83349609375,672.5787963867188,517.0003051757812
74,2.0,63.0,577.4718627929688,441.03948974609375,676.3602905273438,518.0062255859375
75,2.0,63.0,578.9338989257812,439.5101013183594,678.833251953125,518.0797119140625
76,2.0,63.0,580.1097412109375,439.3744812011719,681.2680053710938,519.5311279296875
77,2.0,63.0,582.6882934570312,439.2900695800781,683.139892578125,522.1851196289062
78,2.0,63.0,585.5462036132812,439.9891662597656,685.7811279296875,523.4569702148438
79,2.0,63.0,586.8841552734375,440.1243896484375,688.2215576171875,523.675537109375
80,2.0,63.0,587.6079711914062,440.3041687011719,693.1380004882812,525.0460205078125
81,2.0,63.0,588.62158203125,440.9420471191406,697.8780517578125,526.2506103515625
82,2.0,63.0,590.9339599609375,442.46636962890625,702.5111694335938,527.010009765625
83,2.0,63.0,593.3496704101562,442.2994384765625,705.8898315429688,528.0172729492188
84,2.0,63.0,594.1588745117188,441.23486328125,709.744384765625,528.6241455078125
85,2.0,63.0,597.2000732421875,441.11419677734375,713.2257690429688,529.4484252929688
86,2.0,63.0,599.3313598632812,440.0566101074219,716.94482421875,530.5645141601562
87,2.0,63.0,601.00634765625,439.8285217285156,719.9073486328125,532.2792358398438
88,2.0,63.0,600.542724609375,439.2025146484375,725.551025390625,534.6474609375
89,2.0,63.0,603.0374755859375,439.2011413574219,730.8532104492188,536.2958984375
90,2.0,63.0,606.00390625,438.4217834472656,735.7813720703125,536.6663818359375
91,2.0,63.0,609.7144775390625,438.188720703125,741.3951416015625,537.7914428710938
92,2.0,63.0,611.6068115234375,438.12579345703125,746.76318359375,538.2399291992188
94,2.0,63.0,617.147216796875,437.02178955078125,757.4071655273438,542.1260986328125
95,2.0,63.0,621.1713256835938,436.6876220703125,764.1201782226562,544.8349609375
96,2.0,63.0,622.1731567382812,434.1025390625,768.7390747070312,546.987060546875
97,2.0,63.0,623.3458862304688,433.2321472167969,775.4102172851562,548.442138671875
98,2.0,63.0,626.8626098632812,433.3666076660156,782.1441040039062,550.075927734375
99,2.0,63.0,630.9158935546875,432.50860595703125,789.4700317382812,551.7251586914062
100,2.0,63.0,634.9072875976562,431.91864013671875,796.8109741210938,553.7528686523438
101,2.0,63.0,638.05615234375,432.42657470703125,803.1057739257812,556.5424194335938
102,2.0,63.0,641.3702392578125,432.2996520996094,812.5179443359375,559.4222412109375
103,2.0,63.0,645.8248901367188,432.7334289550781,820.6068725585938,560.6148071289062
104,2.0,63.0,649.8241577148438,432.7576904296875,830.9761962890625,563.3424682617188
105,2.0,63.0,653.9198608398438,432.61651611328125,839.41162109375,566.4774780273438
106,2.0,63.0,658.717041015625,430.98492431640625,847.3980712890625,571.1277465820312
107,2.0,63.0,663.0374755859375,430.8590393066406,858.9161987304688,573.9010620117188
108,2.0,63.0,668.28955078125,428.27899169921875,870.4652099609375,577.1184692382812
109,2.0,63.0,671.7738647460938,427.04345703125,881.1863403320312,580.6734008789062
110,2.0,63.0,676.25,424.611083984375,893.6359252929688,583.6416625976562
111,2.0,63.0,682.8086547851562,424.5708923339844,906.4540405273438,587.4376831054688
112,2.0,63.0,688.0413208007812,425.612060546875,921.0391845703125,592.0916748046875
113,2.0,63.0,694.2630615234375,425.23590087890625,936.0443115234375,596.5159301757812
114,2.0,63.0,700.7684326171875,426.5567626953125,951.584716796875,602.6300659179688
115,2.0,63.0,707.3914184570312,426.7486877441406,968.1882934570312,607.4696044921875
116,2.0,63.0,715.3665161132812,424.5507507324219,987.3380126953125,612.95703125
117,2.0,63.0,722.2764892578125,423.03814697265625,1007.243408203125,618.9041137695312
118,2.0,63.0,730.2957763671875,422.2545166015625,1029.395751953125,624.3650512695312
119,2.0,63.0,739.3617553710938,418.7981262207031,1052.266357421875,631.1564331054688
120,2.0,63.0,748.8571166992188,417.8298645019531,1077.52490234375,636.971435546875
121,2.0,63.0,758.2931518554688,415.14404296875,1105.954833984375,644.5086059570312
122,2.0,63.0,768.5386962890625,412.0830383300781,1134.1707763671875,652.261474609375
123,2.0,63.0,779.5692749023438,410.15435791015625,1167.234375,661.5794067382812
124,2.0,63.0,792.2133178710938,408.0384521484375,1202.9947509765625,673.8765258789062
125,2.0,63.0,806.3651123046875,404.9163513183594,1243.359619140625,685.8289184570312
126,2.0,63.0,821.4358520507812,404.4838562011719,1287.5943603515625,698.80810546875
127,2.0,63.0,837.7807006835938,405.53057861328125,1335.5811767578125,716.095703125
128,2.0,63.0,856.24609375,403.5927429199219,1392.552734375,731.6861572265625
129,2.0,63.0,876.75341796875,400.095458984375,1454.7091064453125,750.8802490234375
130,2.0,63.0,897.861572265625,397.0073547363281,1526.4984130859375,774.158447265625
131,2.0,63.0,920.8880615234375,386.7471923828125,1607.0250244140625,800.3096313476562
132,2.0,63.0,948.5430297851562,381.1211242675781,1699.765869140625,830.9066162109375
133,2.0,63.0,978.250732421875,378.8888854980469,1807.050048828125,866.0950927734375
134,2.0,63.0,1013.0911865234375,377.37994384765625,1892.739990234375,908.5148315429688
135,2.0,63.0,1052.7486572265625,373.0194396972656,1920.0,962.2929077148438
136,2.0,63.0,1097.9691162109375,365.8938903808594,1920.0,1023.6445922851562
137,2.0,63.0,1153.379150390625,356.6760559082031,1920.0,1060.4794921875
138,2.0,63.0,1216.456298828125,346.435302734375,1920.0,1064.3529052734375
139,2.0,63.0,1292.482666015625,339.8998107910156,1920.0,1011.9579467773438
140,2.0,63.0,1383.916748046875,328.2971496582031,1920.0,1002.9015502929688
141,2.0,63.0,1496.7230224609375,320.1316223144531,1920.0,1038.721435546875
142,2.0,63.0,1640.054931640625,343.3738708496094,1920.0,1065.552978515625
