61,2.0,74.0,421.04132080078125,442.40765380859375,463.0275573730469,479.63983154296875
62,2.0,74.0,420.5592956542969,442.287353515625,463.7752685546875,481.07763671875
63,2.0,74.0,419.72601318359375,442.2078857421875,465.5849914550781,482.29937744140625
64,2.0,74.0,419.5013732910156,441.7274475097656,466.596923828125,482.4302978515625
65,2.0,74.0,420.25921630859375,440.7618408203125,467.14483642578125,482.83868408203125
66,2.0,74.0,420.3524475097656,440.6708679199219,467.84259033203125,483.4348449707031
67,2.0,74.0,421.1228942871094,440.3935241699219,467.9520568847656,483.7333679199219
68,2.0,74.0,421.6623840332031,440.3663330078125,468.51922607421875,483.48779296875
69,2.0,74.0,421.9230651855469,440.6872253417969,470.48272705078125,482.9170837402344
70,2.0,74.0,423.2062683105469,439.8168640136719,471.9263610839844,482.729248046875
71,2.0,74.0,424.112548828125,440.34912109375,473.3545837402344,483.6493225097656
72,2.0,74.0,424.5292053222656,441.22027587890625,474.6468505859375,484.791259765625
73,2.0,74.0,424.8384704589844,441.7007751464844,475.64788818359375,485.3771057128906
74,2.0,74.0,425.95013427734375,442.28411865234375,477.1077880859375,485.3064880371094
75,2.0,74.0,426.61785888671875,442.31927490234375,479.587646484375,485.5287780761719
76,2.0,74.0,426.9784851074219,442.7279052734375,479.49578857421875,485.48748779296875
77,2.0,74.0,428.2095947265625,441.70831298828125,480.0752868652344,485.3818664550781
78,2.0,74.0,428.5220031738281,440.2786560058594,480.8602294921875,485.6607360839844
79,2.0,74.0,428.9278869628906,439.5509033203125,481.36126708984375,486.5818176269531
80,2.0,74.0,429.2868347167969,438.8336486816406,483.327880859375,487.1494445800781
81,2.0,74.0,429.9080810546875,439.6759033203125,484.3642883300781,488.5492248535156
82,2.0,74.0,430.7249755859375,441.3817138671875,485.2287902832031,489.4754333496094
83,2.0,74.0,432.01849365234375,440.4950866699219,487.0875549316406,489.41021728515625
84,2.0,74.0,432.69769287109375,440.7771301269531,488.8759460449219,489.5284423828125
85,2.0,74.0,432.9877014160156,443.2369689941406,491.13079833984375,490.1940002441406
86,2.0,74.0,432.8726501464844,441.37994384765625,494.73028564453125,490.1301574707031
87,2.0,74.0,433.9609375,441.0800476074219,496.5456848144531,490.6868896484375
88,2.0,74.0,434.65948486328125,440.6125183105469,498.32891845703125,491.0677490234375
89,2.0,74.0,434.8582458496094,439.8703918457031,499.8056640625,492.7695617675781
90,2.0,74.0,435.3177490234375,439.5163879394531,500.8198547363281,494.042236328125
91,2.0,74.0,435.9650573730469,439.37493896484375,502.2937927246094,493.43975830078125
92,2.0,74.0,436.2786865234375,440.02618408203125,503.2522277832031,493.56390380859375
93,2.0,74.0,436.69793701171875,439.59271240234375,504.1215515136719,493.9384765625
94,2.0,74.0,437.3786926269531,439.4934387207031,504.72418212890625,494.6612243652344
95,2.0,74.0,437.333251953125,439.1033020019531,506.6187744140625,496.478515625
96,2.0,74.0,437.61468505859375,439.4797668457031,509.0390930175781,497.973388671875
98,2.0,74.0,443.4444580078125,439.692138671875,514.114501953125,498.26177978515625
99,2.0,74.0,444.5429992675781,438.7989807128906,516.2489624023438,499.75701904296875
100,2.0,74.0,445.9415283203125,439.4622497558594,519.0723266601562,499.4885559082031
101,2.0,74.0,447.64166259765625,438.3493957519531,520.6438598632812,499.1685485839844
102,2.0,74.0,447.8486633300781,437.19268798828125,522.421142578125,499.6489562988281
103,2.0,74.0,447.443603515625,436.0282897949219,524.9043579101562,500.8932189941406
104,2.0,74.0,448.9762268066406,436.47503662109375,527.5481567382812,501.9294738769531
105,2.0,74.0,450.768798828125,437.6500549316406,528.3660278320312,503.00848388671875
106,2.0,74.0,452.50799560546875,437.0774230957031,532.0465087890625,503.41680908203125
107,2.0,74.0,454.1946716308594,438.4918518066406,535.5108032226562,503.2416687011719
108,2.0,74.0,455.5898132324219,438.5218811035156,539.3019409179688,503.3174743652344
109,2.0,74.0,457.39996337890625,437.44769287109375,542.2587280273438,504.3499450683594
110,2.0,74.0,457.66778564453125,438.10284423828125,544.2311401367188,504.0096130371094
111,2.0,74.0,458.85675048828125,436.58905029296875,546.6345825195312,504.2780456542969
112,2.0,74.0,459.5928039550781,435.85601806640625,549.1067504882812,505.9299621582031
113,2.0,74.0,460.813232421875,436.2668762207031,552.809326171875,507.4186096191406
114,2.0,74.0,463.0337829589844,435.40423583984375,557.1779174804688,508.5901794433594
115,2.0,74.0,466.4930725097656,435.2524108886719,561.4075317382812,509.6456298828125
116,2.0,74.0,466.8055114746094,435.43310546875,565.5433349609375,510.95684814453125
117,2.0,74.0,468.2819519042969,436.0190734863281,569.9122924804688,512.5670776367188
118,2.0,74.0,469.09234619140625,434.9770812988281,572.5980834960938,514.2203979492188
119,2.0,74.0,471.60546875,434.76904296875,576.3658447265625,515.4719848632812
120,2.0,74.0,474.89727783203125,434.10577392578125,582.120849609375,517.977783203125
121,2.0,74.0,478.10430908203125,434.157958984375,586.061767578125,519.4827880859375
122,2.0,74.0,481.49652099609375,434.09967041015625,589.7365112304688,520.3916625976562
123,2.0,74.0,482.9782409667969,434.1622619628906,594.6046142578125,522.9264526367188
124,2.0,74.0,485.1839294433594,434.7281799316406,600.2901611328125,524.1472778320312
125,2.0,74.0,487.70721435546875,434.2666931152344,606.775390625,525.4061889648438
126,2.0,74.0,490.3377685546875,433.74749755859375,611.4769287109375,526.25439453125
127,2.0,74.0,491.0395202636719,432.1969909667969,617.6788940429688,528.0355834960938
128,2.0,74.0,493.0287170410156,431.0832214355469,623.7162475585938,530.0498657226562
129,2.0,74.0,496.2473449707031,431.1567687988281,630.1343994140625,532.6575927734375
130,2.0,74.0,500.58282470703125,430.9427795410156,638.9564819335938,535.298095703125
131,2.0,74.0,504.4781494140625,429.93365478515625,645.6919555664062,536.4056396484375
132,2.0,74.0,506.18115234375,429.5583190917969,653.6904296875,538.8218994140625
133,2.0,74.0,511.7228088378906,428.6385498046875,664.4647216796875,541.2901000976562
134,2.0,74.0,515.4801025390625,427.3929138183594,670.6209106445312,545.601806640625
135,2.0,74.0,518.67919921875,426.2782287597656,679.072509765625,547.7178955078125
136,2.0,74.0,523.397216796875,423.287353515625,691.2262573242188,550.0895385742188
137,2.0,74.0,527.330810546875,422.7408142089844,700.4696655273438,552.5177001953125
138,2.0,74.0,532.6170043945312,422.05322265625,712.0549926757812,556.2868041992188
139,2.0,74.0,537.20703125,422.2629699707031,724.0189819335938,558.7059936523438
140,2.0,74.0,541.5010986328125,423.5353088378906,737.5280151367188,561.3193969726562
141,2.0,74.0,549.0855102539062,422.44158935546875,750.2218627929688,566.7540283203125
142,2.0,74.0,555.615478515625,421.8486022949219,765.2918090820312,571.47607421875
143,2.0,74.0,562.09423828125,419.8692321777344,781.9117431640625,575.5028076171875
144,2.0,74.0,570.3485717773438,416.506591796875,798.4352416992188,580.4435424804688
145,2.0,74.0,577.0932006835938,413.9964599609375,819.9595947265625,586.803466796875
146,2.0,74.0,585.4923095703125,410.13909912109375,840.8441162109375,592.2528686523438
147,2.0,74.0,594.8980712890625,408.9187316894531,862.6466064453125,598.7009887695312
148,2.0,74.0,605.583984375,406.31182861328125,888.6047973632812,605.2515869140625
149,2.0,74.0,616.0614013671875,405.8955993652344,918.4466552734375,614.0528564453125
150,2.0,74.0,626.9724731445312,402.1003112792969,949.115478515625,624.0805053710938
151,2.0,74.0,638.314453125,398.02496337890625,984.4226684570312,634.1181640625
152,2.0,74.0,653.8313598632812,395.3561706542969,1022.2445068359375,644.8324584960938
153,2.0,74.0,667.9618530273438,392.6019287109375,1069.427001953125,659.0602416992188
154,2.0,74.0,684.0283203125,389.6766662597656,1121.9964599609375,676.8828125
155,2.0,74.0,703.6483764648438,387.4854736328125,1182.0521240234375,694.58056640625
156,2.0,74.0,725.171142578125,382.36163330078125,1251.7020263671875,715.4078369140625
157,2.0,74.0,751.449462890625,376.79833984375,1333.2626953125,741.7650146484375
158,2.0,74.0,779.603759765625,370.5938720703125,1431.0384521484375,772.9585571289062
159,2.0,74.0,812.1873168945312,360.5604553222656,1547.6922607421875,812.7842407226562
160,2.0,74.0,851.2969970703125,352.0083312988281,1688.62646484375,860.149169921875
161,2.0,74.0,896.8878173828125,344.1545104980469,1844.294189453125,920.688232421875
162,2.0,74.0,949.6804809570312,336.4788513183594,1909.725830078125,1000.0003662109375
163,2.0,74.0,1021.1106567382812,325.8186950683594,1920.0,1049.553466796875
164,2.0,74.0,1107.241455078125,308.15142822265625,1920.0,1059.1475830078125
165,2.0,74.0,1219.7847900390625,288.13739013671875,1920.0,1032.0504150390625
166,2.0,74.0,1369.737548828125,274.3206787109375,1920.0,1057.603759765625
167,2.0,74.0,1579.966064453125,288.0464782714844,1920.0,1072.8714599609375
