24,2.0,61.0,520.8269653320312,446.72283935546875,574.7897338867188,495.74114990234375
25,2.0,61.0,521.413330078125,446.0151672363281,576.368408203125,496.24981689453125
26,2.0,61.0,521.8809204101562,445.4979553222656,576.9879760742188,496.9649353027344
27,2.0,61.0,522.775146484375,444.7479553222656,576.7659912109375,497.2327575683594
28,2.0,61.0,523.412841796875,444.8270263671875,576.7796020507812,496.95147705078125
29,2.0,61.0,523.6817626953125,445.72198486328125,578.3779907226562,496.86865234375
30,2.0,61.0,524.0968017578125,446.56396484375,579.2066650390625,496.4695129394531
36,2.0,61.0,523.8831176757812,447.2576599121094,587.9405517578125,499.7015075683594
37,2.0,61.0,524.6157836914062,448.7821960449219,588.70849609375,499.4638977050781
38,2.0,61.0,524.7705078125,449.0558776855469,590.4141235351562,499.36566162109375
39,2.0,61.0,525.3060302734375,449.8243408203125,590.5300903320312,499.0462646484375
40,2.0,61.0,525.6469116210938,450.1202697753906,591.6410522460938,499.3288269042969
41,2.0,61.0,526.401611328125,450.7826843261719,592.3056640625,499.9722900390625
42,2.0,61.0,527.0234375,450.4261779785156,593.7744140625,500.52508544921875
43,2.0,61.0,527.6083374023438,449.87835693359375,594.633056640625,500.9545593261719
44,2.0,61.0,527.9671630859375,449.91351318359375,595.0736083984375,501.525146484375
45,2.0,61.0,528.1928100585938,449.9696350097656,595.474609375,501.9984130859375
46,2.0,61.0,529.9635620117188,449.9962158203125,594.9674072265625,501.81494140625
77,2.0,61.0,542.10546875,442.5728759765625,641.0891723632812,521.4691772460938
78,2.0,61.0,544.176513671875,442.2811279296875,643.2581176757812,522.165283203125
80,2.0,61.0,547.0675659179688,442.6951599121094,646.5731201171875,523.5316162109375
82,2.0,61.0,550.3217163085938,444.20556640625,650.9120483398438,525.8741455078125
83,2.0,61.0,551.8560791015625,444.35595703125,654.2168579101562,527.0678100585938
84,2.0,61.0,552.1334228515625,442.71734619140625,655.8439331054688,527.8449096679688
85,2.0,61.0,552.0319213867188,441.96234130859375,658.7405395507812,528.6397705078125
86,2.0,61.0,551.7775268554688,440.9279479980469,661.351318359375,529.3484497070312
87,2.0,61.0,553.229248046875,440.4399719238281,665.7947387695312,530.6552124023438
88,2.0,61.0,553.8017578125,439.92926025390625,668.8497924804688,532.6001586914062
89,2.0,61.0,555.1802978515625,439.6698303222656,670.348876953125,534.4996948242188
90,2.0,61.0,556.5441284179688,440.25579833984375,671.6954345703125,535.453369140625
91,2.0,61.0,557.78955078125,440.39593505859375,675.3375244140625,536.2238159179688
92,2.0,61.0,559.1326293945312,439.9464416503906,679.55126953125,535.9118041992188
93,2.0,61.0,558.8067016601562,439.2899169921875,683.6978759765625,537.4354248046875
94,2.0,61.0,560.638671875,438.4154968261719,686.8346557617188,538.1217651367188
95,2.0,61.0,562.138427734375,437.71551513671875,689.7010498046875,540.4154052734375
96,2.0,61.0,564.4776611328125,437.80731201171875,693.9004516601562,541.3035278320312
97,2.0,61.0,566.0980834960938,436.634521484375,697.6246337890625,543.3961791992188
98,2.0,61.0,566.5405883789062,435.99627685546875,702.3181762695312,545.637451171875
99,2.0,61.0,567.6278686523438,433.9321594238281,706.5536499023438,547.725341796875
100,2.0,61.0,568.9092407226562,434.064697265625,710.5573120117188,548.2041015625
101,2.0,61.0,569.7186279296875,433.5150146484375,714.686279296875,550.3215942382812
102,2.0,61.0,573.05810546875,433.677490234375,718.9742431640625,551.6617431640625
103,2.0,61.0,574.9563598632812,432.7350769042969,723.998046875,552.8583984375
104,2.0,61.0,576.3350830078125,432.57196044921875,728.1865234375,555.4903564453125
105,2.0,61.0,578.0713500976562,432.3293151855469,735.7980346679688,558.3036499023438
106,2.0,61.0,578.9007568359375,431.9210510253906,741.4241943359375,559.7880249023438
107,2.0,61.0,579.552978515625,432.633544921875,747.5584716796875,563.2302856445312
108,2.0,61.0,581.5682983398438,432.4676513671875,753.3733520507812,567.0977783203125
109,2.0,61.0,583.2354125976562,433.3631286621094,759.5358276367188,570.4913940429688
110,2.0,61.0,587.6182861328125,433.10699462890625,766.2385864257812,571.1671142578125
114,2.0,61.0,597.2039184570312,430.4034729003906,795.5113525390625,584.4522705078125
115,2.0,61.0,599.7703857421875,430.0175476074219,804.4605102539062,587.4293212890625
116,2.0,61.0,603.1876831054688,429.8176574707031,812.1956787109375,592.029296875
117,2.0,61.0,605.7930908203125,428.6296691894531,821.499267578125,596.2083129882812
118,2.0,61.0,609.3439331054688,427.3707275390625,832.6184692382812,599.1737060546875
119,2.0,61.0,612.511962890625,427.1140441894531,843.3448486328125,603.0696411132812
120,2.0,61.0,615.5235595703125,426.5231628417969,853.8859252929688,607.524169921875
121,2.0,61.0,619.8843383789062,424.082275390625,867.4967041015625,612.3539428710938
122,2.0,61.0,623.401123046875,420.8410339355469,879.8718872070312,617.3931884765625
123,2.0,61.0,626.7439575195312,420.7706604003906,892.3134155273438,620.8795776367188
124,2.0,61.0,631.241455078125,417.6708679199219,907.3719482421875,626.6054077148438
125,2.0,61.0,636.4810180664062,417.69110107421875,924.7477416992188,631.6922607421875
126,2.0,61.0,642.2670288085938,416.68194580078125,941.7384643554688,637.9358520507812
127,2.0,61.0,645.4249877929688,416.01641845703125,960.3719482421875,644.7802734375
128,2.0,61.0,651.6249389648438,415.3560791015625,981.5758666992188,650.5254516601562
129,2.0,61.0,657.0332641601562,413.44464111328125,1001.885498046875,658.2842407226562
130,2.0,61.0,663.3848876953125,411.76947021484375,1024.8475341796875,668.7710571289062
131,2.0,61.0,669.9439086914062,410.1285095214844,1052.4395751953125,681.2293701171875
132,2.0,61.0,677.4058837890625,407.757080078125,1081.3143310546875,691.200927734375
133,2.0,61.0,685.5694580078125,405.595947265625,1113.390380859375,701.8334350585938
134,2.0,61.0,693.428955078125,404.7743835449219,1148.1392822265625,715.9669189453125
135,2.0,61.0,703.5258178710938,402.15850830078125,1187.1217041015625,731.6095581054688
136,2.0,61.0,713.9814453125,398.3582458496094,1231.0692138671875,747.4971923828125
138,2.0,61.0,737.944091796875,389.85888671875,1335.001220703125,791.9456787109375
139,2.0,61.0,751.8508911132812,386.7540588378906,1402.6500244140625,818.4860229492188
140,2.0,61.0,767.3646850585938,380.6409606933594,1474.5186767578125,847.9954223632812
141,2.0,61.0,782.8474731445312,376.7251281738281,1559.3636474609375,883.2383422851562
142,2.0,61.0,802.0946655273438,372.195556640625,1659.6201171875,926.1766357421875
143,2.0,61.0,822.8345947265625,366.1322326660156,1776.311279296875,980.088623046875
144,2.0,61.0,847.3740234375,358.8779602050781,1879.677001953125,1039.278564453125
145,2.0,61.0,876.9151611328125,353.8963623046875,1920.0,1065.4930419921875
146,2.0,61.0,909.03662109375,344.1051025390625,1920.0,1076.4146728515625
147,2.0,61.0,946.8212890625,331.93634033203125,1920.0,1080.0
148,2.0,61.0,992.76220703125,316.8051452636719,1920.0,1079.65673828125
149,2.0,61.0,1050.576171875,301.0589294433594,1920.0,1078.5933837890625
150,2.0,61.0,1120.7572021484375,279.2497253417969,1920.0,1078.156982421875
151,2.0,61.0,1207.0916748046875,255.06944274902344,1920.0,1077.7103271484375
152,2.0,61.0,1318.720458984375,252.4312286376953,1920.0,1077.3614501953125
153,2.0,61.0,1468.7193603515625,270.009033203125,1920.0,1077.6910400390625
154,2.0,61.0,1678.2625732421875,416.96441650390625,1920.0,1078.832763671875
