52,2.0,81.0,559.3614501953125,437.3906555175781,607.0046997070312,472.2200622558594
53,2.0,81.0,561.131103515625,436.7026062011719,608.0086669921875,472.22711181640625
54,2.0,81.0,563.507080078125,436.1728210449219,609.280517578125,472.92529296875
55,2.0,81.0,563.7413940429688,436.048095703125,611.157470703125,473.4330749511719
56,2.0,81.0,564.3133544921875,436.24847412109375,612.2528686523438,473.6065368652344
57,2.0,81.0,565.0697631835938,435.9394836425781,613.8817749023438,473.7414245605469
58,2.0,81.0,565.0905151367188,435.528076171875,615.8721923828125,474.2012634277344
59,2.0,81.0,565.3831176757812,435.8753967285156,617.7495727539062,475.68450927734375
60,2.0,81.0,565.5130615234375,436.3616638183594,618.9679565429688,476.4814758300781
61,2.0,81.0,565.6292724609375,436.2108459472656,619.801513671875,476.9496765136719
62,2.0,81.0,566.2576293945312,435.2001953125,620.9412841796875,477.324951171875
63,2.0,81.0,567.1878662109375,433.8608093261719,622.5081787109375,477.83221435546875
64,2.0,81.0,567.10791015625,433.02239990234375,625.0430908203125,478.3589782714844
65,2.0,81.0,568.0225219726562,431.4696044921875,626.3602905273438,477.8174743652344
66,2.0,81.0,569.0452270507812,430.59112548828125,627.6328125,478.2503662109375
67,2.0,81.0,569.7086181640625,430.1268615722656,628.9445190429688,478.57647705078125
68,2.0,81.0,570.2786865234375,429.99310302734375,629.92578125,478.4637451171875
69,2.0,81.0,572.5558471679688,430.95843505859375,631.4356689453125,478.73046875
71,2.0,81.0,574.896484375,430.9197692871094,635.9429321289062,479.8208923339844
77,2.0,81.0,579.4710693359375,429.34259033203125,649.0946044921875,485.5647888183594
81,2.0,81.0,587.5552978515625,428.38568115234375,658.3782958984375,489.5627136230469
84,2.0,81.0,592.779052734375,428.17413330078125,664.3899536132812,489.3554382324219
85,2.0,81.0,594.2620239257812,428.2413024902344,668.794677734375,491.4943542480469
86,2.0,81.0,595.45458984375,428.3892822265625,672.3897094726562,490.5575866699219
87,2.0,81.0,596.5573120117188,428.4888610839844,674.7398681640625,490.9762268066406
89,2.0,81.0,599.8099365234375,428.1117858886719,680.4369506835938,492.7991638183594
90,2.0,81.0,600.4403076171875,427.8136901855469,685.3607788085938,495.91241455078125
92,2.0,81.0,603.2046508789062,428.0413818359375,691.0787963867188,498.44384765625
93,2.0,81.0,604.376220703125,427.9844665527344,695.5809326171875,498.8551025390625
96,2.0,81.0,612.2047119140625,427.7445068359375,709.9090576171875,505.25506591796875
98,2.0,81.0,615.6242065429688,427.0233459472656,719.225341796875,509.7576599121094
99,2.0,81.0,619.2865600585938,426.76556396484375,724.2529907226562,509.08892822265625
100,2.0,81.0,622.3809814453125,427.4921875,730.2296752929688,511.48724365234375
101,2.0,81.0,625.581298828125,427.2016296386719,736.6002807617188,512.9690551757812
103,2.0,81.0,633.3320922851562,427.83331298828125,753.3816528320312,520.3707275390625
104,2.0,81.0,635.1976928710938,427.4062805175781,759.7151489257812,521.4265747070312
105,2.0,81.0,638.4354858398438,426.3758850097656,766.2172241210938,523.000732421875
106,2.0,81.0,642.6092529296875,425.7449035644531,774.76904296875,525.439208984375
107,2.0,81.0,648.0044555664062,425.2110290527344,783.1614990234375,527.5966796875
108,2.0,81.0,651.0885620117188,424.8813781738281,791.3824462890625,531.9708251953125
109,2.0,81.0,656.1823120117188,425.2533874511719,803.71728515625,535.9862670898438
110,2.0,81.0,660.3760986328125,425.5991516113281,815.2857055664062,538.3558959960938
111,2.0,81.0,664.1721801757812,424.5158996582031,825.992431640625,544.4578247070312
112,2.0,81.0,670.21044921875,422.2845764160156,837.5829467773438,548.82373046875
113,2.0,81.0,675.0684814453125,418.5020446777344,852.345703125,552.209228515625
114,2.0,81.0,680.4802856445312,418.3254089355469,867.8862915039062,556.4683837890625
115,2.0,81.0,688.613525390625,416.6687927246094,883.7858276367188,560.365234375
116,2.0,81.0,695.8235473632812,416.1146545410156,901.4843139648438,565.5060424804688
117,2.0,81.0,703.5555419921875,415.66900634765625,920.0172729492188,570.7944946289062
118,2.0,81.0,714.39697265625,414.5681457519531,941.4085083007812,577.3954467773438
119,2.0,81.0,722.8837280273438,413.4918518066406,965.082763671875,584.5184326171875
120,2.0,81.0,733.0961303710938,411.9047546386719,990.5227661132812,591.854248046875
121,2.0,81.0,745.2064208984375,408.4352722167969,1020.2042236328125,600.9642333984375
122,2.0,81.0,758.056640625,406.71734619140625,1054.4228515625,610.46435546875
123,2.0,81.0,772.1686401367188,404.9449768066406,1090.383056640625,621.267822265625
124,2.0,81.0,787.0643920898438,400.63995361328125,1132.9686279296875,632.4095458984375
125,2.0,81.0,805.068603515625,396.1344299316406,1185.5435791015625,647.532958984375
126,2.0,81.0,825.8091430664062,394.9592590332031,1244.6600341796875,666.370849609375
127,2.0,81.0,850.00048828125,392.197265625,1314.327880859375,688.3967895507812
128,2.0,81.0,875.8212890625,388.110107421875,1398.3778076171875,714.158935546875
129,2.0,81.0,907.2611083984375,381.85321044921875,1499.1744384765625,745.000732421875
130,2.0,81.0,944.6407470703125,376.265869140625,1625.285400390625,784.9751586914062
131,2.0,81.0,988.2687377929688,368.87835693359375,1782.749755859375,838.6754760742188
132,2.0,81.0,1039.4969482421875,360.0150146484375,1881.9769287109375,909.5208129882812
133,2.0,81.0,1110.480712890625,349.121826171875,1920.0,1005.04150390625
134,2.0,81.0,1201.4764404296875,335.1577453613281,1920.0,1040.146728515625
135,2.0,81.0,1321.80712890625,321.31097412109375,1920.0,995.8543090820312
136,2.0,81.0,1489.8472900390625,313.6327209472656,1920.0,1033.39404296875
