7,2.0,49.0,447.0248718261719,453.4903869628906,506.9205017089844,502.464111328125
8,2.0,49.0,448.6787109375,453.5057373046875,506.08428955078125,501.5993957519531
9,2.0,49.0,449.82122802734375,453.6598205566406,506.03265380859375,501.4058532714844
10,2.0,49.0,450.1976013183594,455.920166015625,506.6511535644531,502.2972717285156
11,2.0,49.0,449.68170166015625,457.68060302734375,507.7568054199219,502.2801513671875
12,2.0,49.0,449.2311096191406,459.0307312011719,507.5025634765625,502.4103698730469
13,2.0,49.0,450.008056640625,457.0356140136719,508.5490417480469,502.1231994628906
14,2.0,49.0,450.52484130859375,456.2796936035156,509.4019470214844,502.04205322265625
15,2.0,49.0,450.7514343261719,455.5456237792969,510.9850158691406,501.5462951660156
16,2.0,49.0,451.53265380859375,455.14532470703125,511.7974548339844,501.01806640625
17,2.0,49.0,452.23431396484375,455.1244812011719,512.8792114257812,500.8699645996094
18,2.0,49.0,452.78936767578125,454.39056396484375,514.5697021484375,501.9432373046875
19,2.0,49.0,452.8131408691406,453.7654724121094,516.1491088867188,502.3249206542969
20,2.0,49.0,453.03369140625,453.6078796386719,517.346435546875,503.66497802734375
21,2.0,49.0,452.9305725097656,453.4094543457031,518.914794921875,504.4621887207031
22,2.0,49.0,453.5928955078125,452.7853698730469,520.331787109375,505.1172180175781
23,2.0,49.0,454.2379455566406,452.8540344238281,520.7705688476562,505.34393310546875
24,2.0,49.0,455.5018615722656,452.7665710449219,521.13818359375,505.95404052734375
25,2.0,49.0,456.581298828125,452.95562744140625,522.1561889648438,505.6889343261719
26,2.0,49.0,457.273193359375,452.9147033691406,522.6992797851562,505.367431640625
27,2.0,49.0,457.94232177734375,452.94964599609375,522.9819946289062,505.246826171875
28,2.0,49.0,457.93487548828125,452.530029296875,523.9819946289062,504.98468017578125
29,2.0,49.0,457.93505859375,452.1226806640625,524.610107421875,504.60650634765625
31,2.0,49.0,457.08197021484375,453.07720947265625,525.6635131835938,506.6769104003906
32,2.0,49.0,458.2463073730469,452.24676513671875,526.1470336914062,507.0213928222656
33,2.0,49.0,458.68218994140625,452.961669921875,527.1754760742188,507.7929382324219
34,2.0,49.0,458.85357666015625,453.5306701660156,529.04443359375,507.8971252441406
35,2.0,49.0,458.88232421875,453.4828796386719,531.006591796875,508.729248046875
36,2.0,49.0,458.9119873046875,453.3652648925781,531.94775390625,508.8204040527344
37,2.0,49.0,458.83740234375,453.1614074707031,533.205078125,508.724365234375
38,2.0,49.0,458.9512023925781,453.1868896484375,534.320068359375,508.5382385253906
39,2.0,49.0,459.6375427246094,453.1103210449219,536.0465698242188,509.7478942871094
46,2.0,49.0,461.7949523925781,450.1556396484375,543.50732421875,513.321533203125
57,2.0,49.0,467.6543273925781,451.74285888671875,554.0933227539062,517.7679443359375
58,2.0,49.0,468.0133361816406,452.03021240234375,555.4957885742188,518.0029907226562
59,2.0,49.0,468.9775085449219,453.2254333496094,557.1165771484375,518.1116943359375
60,2.0,49.0,469.55389404296875,452.3000183105469,556.2145385742188,518.069580078125
69,2.0,49.0,478.0317687988281,451.4320373535156,572.5712280273438,523.0328979492188
70,2.0,49.0,478.5622863769531,450.3398132324219,573.7353515625,524.4957885742188
71,2.0,49.0,478.8066711425781,449.9796142578125,574.980224609375,525.529052734375
72,2.0,49.0,479.2729797363281,449.659423828125,576.28955078125,526.0975952148438
74,2.0,49.0,477.95068359375,446.7641906738281,580.9374389648438,527.2353515625
75,2.0,49.0,477.5578918457031,445.7056579589844,582.0531005859375,527.1107788085938
76,2.0,49.0,479.9668884277344,446.7357482910156,583.1593627929688,527.9546508789062
77,2.0,49.0,481.38983154296875,446.4641418457031,585.555419921875,529.2803344726562
78,2.0,49.0,482.5500793457031,445.4915771484375,587.6779174804688,530.4680786132812
79,2.0,49.0,483.84112548828125,445.1392517089844,589.6709594726562,530.3743896484375
80,2.0,49.0,484.9013366699219,445.3986511230469,591.699951171875,531.3970336914062
81,2.0,49.0,484.921875,445.1884765625,593.9749755859375,532.4639892578125
82,2.0,49.0,485.5513610839844,445.6902160644531,595.2529907226562,532.5761108398438
83,2.0,49.0,488.1162109375,444.7422180175781,596.795654296875,533.6336669921875
84,2.0,49.0,489.0199890136719,444.2868347167969,597.9255981445312,535.8705444335938
85,2.0,49.0,489.89703369140625,444.2806701660156,601.40478515625,536.8800659179688
86,2.0,49.0,489.9969787597656,443.97955322265625,604.7994384765625,537.0859375
87,2.0,49.0,490.9126281738281,443.2707214355469,606.9749755859375,537.3101196289062
88,2.0,49.0,491.90130615234375,443.0060729980469,609.3614501953125,538.0891723632812
89,2.0,49.0,492.8177795410156,442.928955078125,611.98583984375,538.5556030273438
90,2.0,49.0,492.9357604980469,441.88214111328125,615.4435424804688,538.720947265625
91,2.0,49.0,494.4472351074219,441.4077453613281,617.4009399414062,539.7803955078125
92,2.0,49.0,495.5957946777344,441.0640563964844,618.7035522460938,542.1727294921875
93,2.0,49.0,497.07989501953125,442.00897216796875,621.0821533203125,542.2964477539062
94,2.0,49.0,499.1964111328125,441.2203674316406,624.03271484375,543.9125366210938
95,2.0,49.0,498.8614501953125,441.6138610839844,628.18603515625,545.8446655273438
96,2.0,49.0,500.3364562988281,441.6048278808594,631.3970947265625,547.0576782226562
97,2.0,49.0,501.2876281738281,441.5871887207031,633.7877197265625,548.410888671875
98,2.0,49.0,502.1825866699219,441.6983337402344,636.7174072265625,549.0724487304688
99,2.0,49.0,502.9981689453125,441.7587890625,639.2607421875,549.4216918945312
100,2.0,49.0,504.2090148925781,441.3440856933594,642.6971435546875,550.1699829101562
101,2.0,49.0,505.4326477050781,440.4147033691406,645.883544921875,550.391845703125
102,2.0,49.0,506.6894226074219,440.1995849609375,649.139404296875,551.0803833007812
103,2.0,49.0,508.6519470214844,440.41851806640625,652.7575073242188,551.2788696289062
104,2.0,49.0,509.9215087890625,440.1559753417969,656.2796630859375,553.6585693359375
105,2.0,49.0,511.9180603027344,439.6323547363281,662.0853271484375,556.7975463867188
106,2.0,49.0,513.9371948242188,439.6645202636719,667.9830322265625,559.4374389648438
107,2.0,49.0,515.82373046875,439.62127685546875,670.379638671875,560.1259765625
108,2.0,49.0,516.7785034179688,439.4151611328125,673.8045654296875,560.5936889648438
109,2.0,49.0,517.8666381835938,439.72393798828125,678.2904663085938,561.6835327148438
110,2.0,49.0,518.3366088867188,438.7186279296875,681.925537109375,562.4967041015625
111,2.0,49.0,519.9161987304688,438.2955322265625,687.8562622070312,566.1597290039062
112,2.0,49.0,521.4756469726562,437.86370849609375,693.192626953125,569.0430908203125
113,2.0,49.0,523.6958618164062,437.0957336425781,696.4024047851562,570.5728759765625
116,2.0,49.0,528.8088989257812,435.6228942871094,713.1680297851562,577.5465087890625
117,2.0,49.0,530.4282836914062,435.7504577636719,718.3462524414062,579.080810546875
118,2.0,49.0,533.40869140625,435.1208801269531,724.3797607421875,581.8936157226562
119,2.0,49.0,535.8838500976562,434.3150939941406,729.9420776367188,584.278564453125
120,2.0,49.0,537.4342651367188,434.1241455078125,737.8523559570312,588.9542846679688
121,2.0,49.0,539.182861328125,434.6414794921875,744.4086303710938,591.2791137695312
122,2.0,49.0,542.1497192382812,433.7376403808594,750.6608276367188,591.6909790039062
123,2.0,49.0,545.1986694335938,432.3423767089844,760.3989868164062,592.9039306640625
124,2.0,49.0,547.8154907226562,432.884765625,766.7581787109375,595.7147216796875
125,2.0,49.0,550.715576171875,431.9660339355469,775.162841796875,601.0155639648438
126,2.0,49.0,552.6646118164062,431.3064270019531,782.9188842773438,604.749755859375
127,2.0,49.0,556.5789184570312,428.42144775390625,790.4530639648438,606.9520263671875
128,2.0,49.0,559.7400512695312,426.7554626464844,800.856689453125,610.2826538085938
129,2.0,49.0,562.7982788085938,426.19171142578125,809.9367065429688,613.4848022460938
130,2.0,49.0,565.951171875,427.0700988769531,820.04248046875,616.9205322265625
131,2.0,49.0,567.7232666015625,427.7354431152344,830.6124267578125,619.510986328125
132,2.0,49.0,571.6171875,426.2852478027344,841.8621215820312,623.8151245117188
133,2.0,49.0,574.3826904296875,425.5459899902344,853.3324584960938,627.7940063476562
134,2.0,49.0,579.7498168945312,424.41351318359375,866.3990478515625,631.4850463867188
135,2.0,49.0,586.1150512695312,423.06744384765625,880.9926147460938,634.9617919921875
136,2.0,49.0,590.1759643554688,421.2794494628906,894.7224731445312,638.9036254882812
137,2.0,49.0,594.2661743164062,420.7197570800781,908.93115234375,643.2855834960938
138,2.0,49.0,599.1011352539062,419.03009033203125,925.00732421875,647.6759643554688
139,2.0,49.0,603.1050415039062,417.4698791503906,942.2009887695312,655.5631713867188
140,2.0,49.0,608.9493408203125,416.2468566894531,960.5650634765625,661.5220947265625
141,2.0,49.0,614.348388671875,414.8263244628906,979.7806396484375,672.1648559570312
142,2.0,49.0,620.1340942382812,413.9834899902344,1000.7610473632812,682.1625366210938
143,2.0,49.0,625.9276123046875,413.3353576660156,1022.6943359375,688.8563842773438
144,2.0,49.0,633.07373046875,412.801025390625,1046.2333984375,697.6934814453125
145,2.0,49.0,640.47900390625,412.2974548339844,1072.199462890625,704.714111328125
146,2.0,49.0,647.333740234375,411.0811462402344,1100.6163330078125,715.7019653320312
147,2.0,49.0,655.9944458007812,408.0272521972656,1131.054931640625,726.684326171875
148,2.0,49.0,664.6434326171875,404.9596862792969,1163.0029296875,736.7892456054688
149,2.0,49.0,672.043701171875,403.53533935546875,1198.773193359375,750.326904296875
150,2.0,49.0,680.4011840820312,401.534912109375,1236.71875,766.67236328125
151,2.0,49.0,692.7745361328125,399.4203796386719,1280.5379638671875,784.4033203125
152,2.0,49.0,703.303466796875,395.3608703613281,1326.5130615234375,801.819580078125
153,2.0,49.0,715.1327514648438,390.6728820800781,1377.326171875,821.3743286132812
154,2.0,49.0,728.2556762695312,386.8493957519531,1434.0775146484375,842.9962158203125
155,2.0,49.0,744.430419921875,383.2613525390625,1497.9913330078125,867.3942260742188
156,2.0,49.0,758.7223510742188,378.4768981933594,1569.403564453125,892.9046630859375
157,2.0,49.0,774.032470703125,375.300537109375,1651.48388671875,929.6651611328125
158,2.0,49.0,794.0418090820312,370.5984191894531,1742.8414306640625,967.7013549804688
159,2.0,49.0,813.96435546875,365.38348388671875,1842.6478271484375,1009.990966796875
160,2.0,49.0,837.17529296875,361.4444274902344,1907.048828125,1052.7294921875
161,2.0,49.0,864.4737548828125,356.63134765625,1920.0,1071.200927734375
162,2.0,49.0,892.6143188476562,348.6185302734375,1920.0,1078.0626220703125
163,2.0,49.0,924.0,340.92034912109375,1920.0,1079.7528076171875
164,2.0,49.0,958.35986328125,330.3515930175781,1920.0,1080.0
165,2.0,49.0,1000.718994140625,319.8622131347656,1920.0,1077.6668701171875
166,2.0,49.0,1050.0455322265625,309.41650390625,1920.0,1074.93896484375
167,2.0,49.0,1105.403564453125,295.41717529296875,1920.0,1074.64892578125
168,2.0,49.0,1171.493896484375,277.8659362792969,1920.0,1075.928466796875
169,2.0,49.0,1247.2000732421875,265.7958679199219,1920.0,1074.9031982421875
170,2.0,49.0,1341.40087890625,264.6275939941406,1920.0,1074.7701416015625
171,2.0,49.0,1457.1312255859375,276.3289794921875,1920.0,1076.834228515625
172,2.0,49.0,1600.929931640625,305.1854248046875,1920.0,1077.046875
