59,2.0,70.0,532.7462768554688,450.1790771484375,596.3031005859375,497.4345703125
60,2.0,70.0,535.1909790039062,447.6471252441406,596.4620971679688,498.10528564453125
61,2.0,70.0,536.3233642578125,446.436279296875,598.8566284179688,499.0910339355469
62,2.0,70.0,536.8148193359375,446.2899169921875,599.7115478515625,499.163330078125
63,2.0,70.0,537.5001220703125,446.7124938964844,601.007568359375,498.6426086425781
64,2.0,70.0,538.8270874023438,446.755126953125,601.8301391601562,499.16033935546875
65,2.0,70.0,539.6553344726562,449.0302429199219,602.2697143554688,499.5196228027344
66,2.0,70.0,539.7225341796875,447.27764892578125,603.322021484375,500.1423034667969
67,2.0,70.0,540.2128295898438,446.4414367675781,604.7252807617188,500.7220764160156
68,2.0,70.0,541.3331909179688,446.4146423339844,606.3831176757812,501.0731201171875
69,2.0,70.0,542.701904296875,446.322998046875,607.5611572265625,501.16259765625
70,2.0,70.0,544.0095825195312,446.8050537109375,609.2664794921875,501.4906311035156
71,2.0,70.0,544.9942626953125,447.8807678222656,610.7388916015625,502.43145751953125
72,2.0,70.0,546.1239624023438,448.9212341308594,612.518310546875,503.16754150390625
73,2.0,70.0,546.8876953125,448.6690979003906,614.6695556640625,503.8144836425781
74,2.0,70.0,546.5037841796875,449.5016174316406,615.2164916992188,503.2364501953125
75,2.0,70.0,548.0281372070312,449.8565979003906,616.344970703125,501.93682861328125
77,2.0,70.0,551.512939453125,450.9074401855469,621.0409545898438,502.12115478515625
79,2.0,70.0,552.5589599609375,452.52520751953125,624.6290283203125,505.90008544921875
82,2.0,70.0,553.6783447265625,452.8310852050781,629.3853759765625,506.5647888183594
83,2.0,70.0,553.80322265625,453.6983337402344,631.3245239257812,507.6994934082031
84,2.0,70.0,554.5034790039062,452.7933349609375,634.1311645507812,508.66180419921875
85,2.0,70.0,556.380126953125,450.07269287109375,636.3615112304688,509.8634338378906
86,2.0,70.0,556.452392578125,447.57293701171875,638.6654663085938,510.0553894042969
87,2.0,70.0,558.3029174804688,447.5935363769531,641.2305297851562,511.43792724609375
88,2.0,70.0,561.0816040039062,446.2789306640625,644.9976806640625,512.332275390625
90,2.0,70.0,563.9715576171875,449.0499267578125,649.421142578125,513.6609497070312
91,2.0,70.0,564.5546875,452.1368103027344,651.72119140625,514.1019287109375
92,2.0,70.0,565.332275390625,451.64459228515625,653.7175903320312,515.150390625
93,2.0,70.0,566.579345703125,448.8654479980469,657.9573364257812,515.1761474609375
94,2.0,70.0,568.1619262695312,447.09063720703125,660.5986328125,516.2191162109375
95,2.0,70.0,569.427978515625,445.48565673828125,663.8418579101562,517.9352416992188
96,2.0,70.0,572.7103881835938,445.1231994628906,666.5916748046875,518.0413208007812
97,2.0,70.0,575.3358154296875,445.0962219238281,669.128662109375,518.9721069335938
98,2.0,70.0,576.3363647460938,444.32830810546875,672.5138549804688,521.9601440429688
99,2.0,70.0,576.5997314453125,443.95281982421875,676.57861328125,522.8434448242188
100,2.0,70.0,577.4633178710938,442.49554443359375,680.3040161132812,523.5380859375
101,2.0,70.0,579.1573486328125,441.22027587890625,683.682373046875,524.8350219726562
102,2.0,70.0,582.5201416015625,441.1545104980469,687.4005737304688,525.775390625
103,2.0,70.0,584.7006225585938,441.36279296875,691.0517578125,527.2423095703125
104,2.0,70.0,587.0986328125,441.85504150390625,694.96826171875,528.735107421875
105,2.0,70.0,588.8342895507812,443.2497863769531,701.126220703125,530.055419921875
106,2.0,70.0,589.5127563476562,442.32684326171875,706.3452758789062,531.4395751953125
107,2.0,70.0,590.2034301757812,441.4208984375,710.6697998046875,533.311767578125
108,2.0,70.0,592.8433837890625,440.8967590332031,716.5272827148438,534.9251098632812
109,2.0,70.0,597.1080932617188,440.14801025390625,719.4603271484375,536.375
110,2.0,70.0,600.5166625976562,440.7515869140625,725.473876953125,537.4912109375
111,2.0,70.0,603.74072265625,440.37396240234375,729.3858032226562,538.197021484375
113,2.0,70.0,607.397705078125,439.114501953125,742.0797729492188,542.54248046875
114,2.0,70.0,610.15673828125,438.79876708984375,748.5751953125,545.4114990234375
115,2.0,70.0,612.6341552734375,437.7110595703125,756.2890625,547.849609375
116,2.0,70.0,615.7535400390625,437.7763977050781,764.4141845703125,549.3541870117188
117,2.0,70.0,619.3116455078125,436.57891845703125,771.3631591796875,551.3231811523438
118,2.0,70.0,623.1156005859375,435.2619323730469,778.52001953125,553.8010864257812
119,2.0,70.0,626.079833984375,433.7882385253906,787.5084838867188,557.2783203125
120,2.0,70.0,629.3355102539062,434.3225402832031,795.7939453125,560.6522827148438
121,2.0,70.0,633.472412109375,434.7046203613281,807.0059204101562,563.6531372070312
122,2.0,70.0,638.5745849609375,434.2646789550781,815.7092895507812,566.6541137695312
123,2.0,70.0,644.0706176757812,433.4268493652344,825.6114501953125,571.0625610351562
124,2.0,70.0,648.438720703125,433.6717529296875,837.3264770507812,574.7835693359375
125,2.0,70.0,652.912353515625,432.5974426269531,850.0195922851562,578.1692504882812
126,2.0,70.0,656.90478515625,429.9939880371094,862.519287109375,582.134765625
127,2.0,70.0,663.3528442382812,427.2775573730469,877.3451538085938,586.5186767578125
128,2.0,70.0,668.1126708984375,427.4795837402344,892.0984497070312,591.462158203125
129,2.0,70.0,674.1844482421875,428.1605224609375,906.8079833984375,595.681396484375
130,2.0,70.0,681.1087646484375,426.3144226074219,924.6901245117188,602.639404296875
131,2.0,70.0,690.4111328125,425.79248046875,944.8052978515625,606.5491333007812
132,2.0,70.0,697.6991577148438,425.3194580078125,967.0452880859375,613.2266845703125
133,2.0,70.0,705.3687744140625,424.15032958984375,988.7057495117188,620.7105712890625
134,2.0,70.0,714.7886962890625,423.1907958984375,1014.7020263671875,627.3500366210938
135,2.0,70.0,724.89404296875,421.6053771972656,1040.4024658203125,635.390380859375
136,2.0,70.0,734.8197021484375,418.3448486328125,1070.9478759765625,643.48828125
137,2.0,70.0,745.5474853515625,415.55560302734375,1104.6697998046875,654.4525146484375
138,2.0,70.0,759.0418701171875,413.50360107421875,1141.3524169921875,667.8272094726562
139,2.0,70.0,772.6593017578125,411.3491516113281,1185.2020263671875,682.3773193359375
140,2.0,70.0,787.6445922851562,407.91412353515625,1232.9942626953125,696.9469604492188
141,2.0,70.0,806.14111328125,404.4378662109375,1289.0782470703125,714.8724975585938
142,2.0,70.0,825.4457397460938,403.6736145019531,1351.5870361328125,733.9461059570312
143,2.0,70.0,847.5185546875,401.021728515625,1423.8370361328125,758.0852661132812
144,2.0,70.0,871.8932495117188,395.8616638183594,1509.2613525390625,786.1292724609375
145,2.0,70.0,899.162841796875,387.3493347167969,1612.3717041015625,823.1251831054688
146,2.0,70.0,931.1210327148438,381.5083923339844,1731.982421875,864.4051513671875
147,2.0,70.0,966.8637084960938,377.8382263183594,1861.68701171875,915.91552734375
148,2.0,70.0,1012.4237670898438,373.1031494140625,1915.0643310546875,985.3792114257812
149,2.0,70.0,1067.3367919921875,363.09210205078125,1920.0,1044.8065185546875
150,2.0,70.0,1131.424072265625,350.2811279296875,1920.0,1067.1783447265625
151,2.0,70.0,1211.2701416015625,340.4605712890625,1920.0,1055.778564453125
152,2.0,70.0,1313.870361328125,325.9057922363281,1920.0,1040.9903564453125
153,2.0,70.0,1447.62353515625,318.42388916015625,1920.0,1064.3564453125
154,2.0,70.0,1624.7066650390625,339.6526794433594,1920.0,1076.147216796875
