27,2.0,99.0,417.2272644042969,422.9403991699219,469.9316101074219,467.7091979980469
28,2.0,99.0,418.0824279785156,422.1310119628906,471.84759521484375,467.5118408203125
29,2.0,99.0,418.277099609375,421.1927795410156,471.73089599609375,467.91668701171875
30,2.0,99.0,418.97552490234375,420.9384765625,470.5626220703125,467.7198486328125
31,2.0,99.0,419.5182189941406,421.13031005859375,472.58349609375,468.3049011230469
32,2.0,99.0,419.89434814453125,419.9428405761719,473.8170471191406,468.0793762207031
33,2.0,99.0,419.64398193359375,419.8612060546875,474.20849609375,468.1531677246094
34,2.0,99.0,419.734619140625,419.1134338378906,474.1049499511719,468.28485107421875
35,2.0,99.0,419.81109619140625,420.4559020996094,474.8356018066406,467.7869567871094
36,2.0,99.0,420.4169921875,421.0174560546875,475.1359558105469,468.1094970703125
37,2.0,99.0,420.9470520019531,420.9006042480469,475.6579284667969,468.6310729980469
38,2.0,99.0,421.0843811035156,420.9641418457031,476.4476013183594,470.4267578125
39,2.0,99.0,421.7691650390625,420.54180908203125,478.2677917480469,471.0335388183594
40,2.0,99.0,422.5137939453125,418.70306396484375,478.8888244628906,470.49432373046875
41,2.0,99.0,422.9176025390625,417.8207092285156,480.3598327636719,470.32476806640625
42,2.0,99.0,423.3778991699219,421.26397705078125,481.1138610839844,469.9851379394531
43,2.0,99.0,423.42730712890625,422.44586181640625,482.06317138671875,470.0775146484375
44,2.0,99.0,423.8858947753906,420.8211669921875,483.1617126464844,469.332275390625
45,2.0,99.0,424.3328857421875,417.9666748046875,484.696044921875,468.9913330078125
46,2.0,99.0,425.2330627441406,417.1252746582031,485.4688720703125,470.1643371582031
47,2.0,99.0,425.4665832519531,418.1888427734375,486.2019348144531,471.4209899902344
48,2.0,99.0,426.6925964355469,418.3661193847656,487.04290771484375,472.4814147949219
49,2.0,99.0,427.8092346191406,418.64794921875,487.76531982421875,473.00115966796875
50,2.0,99.0,428.50628662109375,418.6542663574219,489.22088623046875,473.5818786621094
51,2.0,99.0,429.0722961425781,418.1415710449219,491.3631286621094,474.0328063964844
52,2.0,99.0,429.3108215332031,417.6041564941406,492.56451416015625,474.42425537109375
53,2.0,99.0,429.22027587890625,417.79803466796875,493.3799133300781,474.5780334472656
54,2.0,99.0,429.6864013671875,416.2268981933594,494.5038757324219,474.7069396972656
55,2.0,99.0,430.3704528808594,416.1786804199219,494.6370849609375,474.54180908203125
56,2.0,99.0,431.2342529296875,414.4527587890625,495.6756286621094,474.78411865234375
57,2.0,99.0,431.2306823730469,418.711669921875,497.376220703125,475.5813293457031
58,2.0,99.0,431.6951599121094,418.67816162109375,499.2235412597656,476.0323791503906
59,2.0,99.0,432.302978515625,418.14239501953125,500.6614990234375,476.3426818847656
60,2.0,99.0,432.286376953125,417.50335693359375,502.9787292480469,476.5776062011719
61,2.0,99.0,433.1151123046875,417.7021484375,502.8247375488281,476.71429443359375
62,2.0,99.0,434.21905517578125,419.003173828125,504.76947021484375,476.7452087402344
63,2.0,99.0,434.9497375488281,417.79205322265625,506.1115417480469,476.81011962890625
64,2.0,99.0,435.62567138671875,416.296142578125,507.980224609375,477.3255920410156
65,2.0,99.0,435.9832458496094,415.2314147949219,509.66888427734375,477.8204345703125
66,2.0,99.0,435.8629455566406,414.6663818359375,511.9804992675781,477.9597473144531
67,2.0,99.0,436.0409240722656,415.0604248046875,513.6009521484375,477.9814453125
68,2.0,99.0,437.41363525390625,415.2330322265625,513.560546875,477.89251708984375
69,2.0,99.0,439.07928466796875,414.1512756347656,515.25,478.46868896484375
70,2.0,99.0,440.0201110839844,415.7267761230469,516.593994140625,479.8700256347656
71,2.0,99.0,439.697021484375,416.8935852050781,518.0421752929688,480.5948486328125
72,2.0,99.0,440.1995544433594,416.4871826171875,520.0714111328125,480.97222900390625
73,2.0,99.0,442.58404541015625,415.4964599609375,521.1950073242188,480.8375244140625
74,2.0,99.0,443.82244873046875,414.5811462402344,523.6910400390625,480.84271240234375
75,2.0,99.0,444.6308898925781,414.9008483886719,526.0623168945312,481.5605163574219
76,2.0,99.0,444.5596008300781,414.82769775390625,526.865966796875,482.4050598144531
77,2.0,99.0,445.8050231933594,415.3587341308594,529.0023803710938,483.33837890625
78,2.0,99.0,446.6630859375,415.813232421875,530.71435546875,484.5494384765625
79,2.0,99.0,447.1075439453125,413.7652587890625,532.1251220703125,484.49853515625
80,2.0,99.0,448.29595947265625,414.7713317871094,534.330322265625,484.7965393066406
81,2.0,99.0,448.1487731933594,415.141357421875,539.0783081054688,486.6322021484375
82,2.0,99.0,448.8140563964844,414.42706298828125,541.1529541015625,487.7839660644531
83,2.0,99.0,450.3467712402344,413.4156494140625,542.852294921875,488.7689208984375
84,2.0,99.0,451.0049743652344,412.6875915527344,545.8933715820312,489.3956604003906
85,2.0,99.0,452.9036865234375,412.12396240234375,547.6505126953125,489.6214294433594
86,2.0,99.0,454.29022216796875,411.5392761230469,549.3298950195312,489.9688720703125
87,2.0,99.0,454.4748840332031,411.55718994140625,552.5545654296875,490.34515380859375
88,2.0,99.0,456.30889892578125,409.9693603515625,554.4180297851562,491.72320556640625
89,2.0,99.0,457.02569580078125,407.5006408691406,557.6187744140625,492.5626525878906
90,2.0,99.0,458.0943298339844,407.1365661621094,560.3497314453125,494.73095703125
91,2.0,99.0,459.45745849609375,406.94818115234375,563.7379150390625,495.9609069824219
92,2.0,99.0,459.5442199707031,407.0748291015625,566.954833984375,497.50726318359375
93,2.0,99.0,460.3574523925781,408.33465576171875,568.4846801757812,498.5571594238281
94,2.0,99.0,461.5800476074219,406.4809265136719,571.5872802734375,499.5659484863281
95,2.0,99.0,461.15277099609375,406.5198669433594,575.8131713867188,500.3994445800781
96,2.0,99.0,463.7438659667969,406.2770690917969,578.6853637695312,501.06732177734375
97,2.0,99.0,464.4838562011719,405.28857421875,582.87353515625,501.7916564941406
98,2.0,99.0,468.38861083984375,405.53851318359375,586.5643920898438,502.36328125
99,2.0,99.0,469.01837158203125,404.0479431152344,590.1525268554688,503.099365234375
100,2.0,99.0,471.47650146484375,404.18841552734375,594.4697265625,503.591064453125
101,2.0,99.0,472.600341796875,403.5465393066406,597.4935913085938,505.2967834472656
102,2.0,99.0,474.0762634277344,402.2268371582031,602.3101806640625,505.9205322265625
103,2.0,99.0,477.012451171875,401.6567687988281,605.1827392578125,506.1092529296875
104,2.0,99.0,476.46368408203125,401.59808349609375,609.9027709960938,507.78369140625
105,2.0,99.0,477.8353271484375,401.42706298828125,615.2527465820312,510.11248779296875
106,2.0,99.0,479.38800048828125,400.8572082519531,620.6361694335938,512.0913696289062
107,2.0,99.0,481.3104553222656,399.92425537109375,625.20751953125,513.5142822265625
108,2.0,99.0,483.2975158691406,398.9096984863281,629.4429931640625,514.5447998046875
109,2.0,99.0,484.7372131347656,398.10748291015625,634.9622802734375,516.1917114257812
110,2.0,99.0,486.9762878417969,398.67047119140625,639.824462890625,517.852294921875
111,2.0,99.0,490.5277099609375,397.1290588378906,645.701904296875,520.39306640625
112,2.0,99.0,492.6290588378906,396.1999816894531,650.6815185546875,522.3968505859375
113,2.0,99.0,495.192626953125,395.6427917480469,657.7626953125,524.750732421875
114,2.0,99.0,495.4973449707031,395.3310241699219,664.7025146484375,525.4494018554688
115,2.0,99.0,499.6955261230469,395.43133544921875,671.7765502929688,527.1578369140625
116,2.0,99.0,503.0293884277344,394.50494384765625,679.0890502929688,528.5125732421875
117,2.0,99.0,505.1434326171875,392.9420471191406,687.051025390625,531.4883422851562
118,2.0,99.0,507.47015380859375,391.5101013183594,693.5903930664062,533.3041381835938
119,2.0,99.0,510.2138366699219,392.2796936035156,699.899169921875,536.1516723632812
120,2.0,99.0,514.4552001953125,389.31744384765625,710.0150146484375,538.4109497070312
121,2.0,99.0,516.4899291992188,387.6170654296875,718.2816772460938,541.301513671875
122,2.0,99.0,520.25634765625,387.3436584472656,726.9231567382812,544.542236328125
123,2.0,99.0,524.6326293945312,383.9895324707031,737.5691528320312,546.7630615234375
124,2.0,99.0,528.0873413085938,381.0133361816406,748.4891357421875,549.9579467773438
125,2.0,99.0,530.8048095703125,379.69635009765625,760.00830078125,553.0874633789062
126,2.0,99.0,536.5427856445312,378.9548034667969,770.34423828125,557.1077270507812
127,2.0,99.0,541.42822265625,379.1543884277344,783.3921508789062,561.1460571289062
128,2.0,99.0,546.3585815429688,377.67291259765625,796.940185546875,566.1348876953125
129,2.0,99.0,550.9107055664062,375.9503173828125,811.0818481445312,569.1103515625
130,2.0,99.0,555.511962890625,373.5901794433594,826.4607543945312,572.5640258789062
131,2.0,99.0,561.8856811523438,369.8129577636719,842.736572265625,578.629638671875
132,2.0,99.0,568.0502319335938,366.1734619140625,860.6741333007812,584.4832763671875
133,2.0,99.0,574.375732421875,362.3619689941406,879.5791015625,590.87744140625
134,2.0,99.0,580.911376953125,357.1054382324219,899.1610717773438,597.4797973632812
135,2.0,99.0,586.7053833007812,353.142333984375,920.7428588867188,603.9528198242188
136,2.0,99.0,590.8882446289062,351.222412109375,943.7490844726562,612.2239990234375
137,2.0,99.0,599.9130249023438,350.53387451171875,971.3502197265625,620.3103637695312
138,2.0,99.0,608.5955200195312,350.5995178222656,999.6402587890625,629.104736328125
139,2.0,99.0,619.3084716796875,350.1929626464844,1032.3040771484375,638.69384765625
140,2.0,99.0,627.1229248046875,348.4847717285156,1067.2098388671875,651.3842163085938
141,2.0,99.0,635.886962890625,344.0406188964844,1103.9085693359375,662.9151611328125
142,2.0,99.0,648.1443481445312,341.3358154296875,1146.2242431640625,678.7073364257812
143,2.0,99.0,659.7971801757812,336.9111633300781,1194.5791015625,694.5518798828125
144,2.0,99.0,673.7283935546875,331.7596435546875,1249.400634765625,710.6271362304688
145,2.0,99.0,687.1807250976562,322.86785888671875,1311.6900634765625,730.5313720703125
146,2.0,99.0,703.8862915039062,313.8893127441406,1383.7479248046875,753.216552734375
147,2.0,99.0,723.7021484375,307.4858093261719,1464.58544921875,780.7034912109375
148,2.0,99.0,741.5878295898438,300.0674133300781,1558.499267578125,811.3567504882812
149,2.0,99.0,763.7041625976562,290.2760925292969,1674.177490234375,850.1348876953125
150,2.0,99.0,789.4453125,279.370849609375,1807.0718994140625,897.6693115234375
151,2.0,99.0,817.7042846679688,265.6478576660156,1893.2044677734375,955.1195678710938
152,2.0,99.0,851.6532592773438,250.4048614501953,1920.0,1023.129638671875
153,2.0,99.0,894.02734375,234.6608123779297,1920.0,1065.693359375
154,2.0,99.0,933.1060180664062,214.41616821289062,1920.0,1080.0
155,2.0,99.0,990.9113159179688,188.2845001220703,1920.0,1079.085693359375
156,2.0,99.0,1058.6712646484375,159.6967010498047,1920.0,1078.4375
157,2.0,99.0,1138.5001220703125,120.5140609741211,1920.0,1077.28662109375
158,2.0,99.0,1237.2786865234375,102.01010131835938,1920.0,1075.6395263671875
159,2.0,99.0,1361.554443359375,98.88187408447266,1920.0,1077.9459228515625
160,2.0,99.0,1528.728759765625,121.07657623291016,1920.0,1079.50146484375
