100,2.0,79.0,401.3542175292969,443.2084045410156,484.3889465332031,508.302490234375
104,2.0,79.0,405.1903076171875,439.9413146972656,497.315673828125,514.6461791992188
106,2.0,79.0,408.8564147949219,439.2135925292969,506.48675537109375,516.73193359375
107,2.0,79.0,409.61859130859375,438.74578857421875,511.0788269042969,517.837646484375
109,2.0,79.0,415.15869140625,437.1424865722656,518.2826538085938,521.8715209960938
110,2.0,79.0,416.8988952636719,436.9403076171875,522.177978515625,524.302490234375
113,2.0,79.0,422.06585693359375,440.50506591796875,536.718994140625,528.9210205078125
114,2.0,79.0,423.181396484375,438.9865417480469,542.2841186523438,530.0913696289062
115,2.0,79.0,426.8883972167969,437.09429931640625,547.711669921875,532.658447265625
116,2.0,79.0,428.9458312988281,436.5049743652344,554.6546630859375,536.0098876953125
117,2.0,79.0,430.85101318359375,435.93878173828125,561.9374389648438,537.6968383789062
118,2.0,79.0,433.5204162597656,435.3944396972656,568.7178344726562,538.8565063476562
119,2.0,79.0,437.7298278808594,434.67840576171875,575.8170776367188,542.0072021484375
120,2.0,79.0,442.2027893066406,434.5694580078125,583.1105346679688,545.5892333984375
121,2.0,79.0,444.6532897949219,433.3736572265625,592.8955688476562,549.0120239257812
122,2.0,79.0,446.5677795410156,432.2255554199219,600.80419921875,552.004638671875
123,2.0,79.0,451.0777587890625,431.609619140625,610.9459228515625,555.0672607421875
124,2.0,79.0,454.72406005859375,431.3629150390625,621.3515625,558.4647827148438
125,2.0,79.0,459.4217529296875,431.0339050292969,632.5661010742188,562.041748046875
126,2.0,79.0,463.7579345703125,429.9305725097656,643.7518920898438,567.4637451171875
127,2.0,79.0,467.9292907714844,429.0141296386719,658.6231079101562,571.6754150390625
128,2.0,79.0,473.2650451660156,428.0426025390625,673.0940551757812,576.9733276367188
129,2.0,79.0,478.6822814941406,426.6055603027344,688.3806762695312,582.568115234375
130,2.0,79.0,485.4649658203125,423.7977600097656,707.0173950195312,589.4374389648438
131,2.0,79.0,491.58984375,422.67742919921875,725.9720458984375,595.783203125
132,2.0,79.0,499.8608703613281,421.9082336425781,747.32763671875,603.8841552734375
133,2.0,79.0,508.2919921875,420.0917053222656,771.1712646484375,611.9569702148438
134,2.0,79.0,518.5498657226562,417.4284973144531,796.7437744140625,621.0604248046875
135,2.0,79.0,526.757568359375,414.7001037597656,827.2875366210938,631.9195556640625
136,2.0,79.0,538.05224609375,412.0901794433594,861.873779296875,640.367431640625
137,2.0,79.0,548.1160888671875,407.8954162597656,901.4552612304688,652.798095703125
138,2.0,79.0,562.2605590820312,405.00897216796875,947.4889526367188,669.5667724609375
139,2.0,79.0,576.9697265625,399.1976318359375,1000.4764404296875,689.7969360351562
140,2.0,79.0,594.5042724609375,394.3504638671875,1063.491943359375,711.5054931640625
141,2.0,79.0,615.5025024414062,389.0904541015625,1140.6083984375,739.3557739257812
142,2.0,79.0,639.7045288085938,381.43365478515625,1234.25244140625,775.79638671875
143,2.0,79.0,667.7236328125,374.9079284667969,1348.325927734375,819.38818359375
144,2.0,79.0,700.3187255859375,363.7478942871094,1498.070068359375,876.0934448242188
145,2.0,79.0,741.2948608398438,354.19989013671875,1691.51220703125,955.6182250976562
146,2.0,79.0,789.4318237304688,344.2305908203125,1845.1552734375,1030.754150390625
147,2.0,79.0,860.666748046875,324.7406005859375,1909.778564453125,1063.26318359375
148,2.0,79.0,951.7933349609375,299.6512451171875,1920.0,1072.588623046875
149,2.0,79.0,1080.47021484375,267.45196533203125,1920.0,1078.9036865234375
150,2.0,79.0,1270.174560546875,242.7186279296875,1920.0,1080.0
151,2.0,79.0,1580.124267578125,274.7795715332031,1920.0,1080.0
