28,2.0,66.0,531.1848754882812,451.74365234375,583.7545776367188,491.2940673828125
29,2.0,66.0,531.1080932617188,451.5855712890625,585.9310302734375,491.8846435546875
30,2.0,66.0,531.50244140625,451.1976623535156,588.1004028320312,492.5539245605469
31,2.0,66.0,532.3511962890625,450.0057678222656,589.442626953125,493.6885681152344
32,2.0,66.0,532.7688598632812,449.9841003417969,590.514892578125,494.347412109375
33,2.0,66.0,532.9447631835938,448.9651184082031,591.361083984375,494.73486328125
34,2.0,66.0,532.966796875,447.72174072265625,592.1924438476562,494.5318908691406
35,2.0,66.0,532.6369018554688,447.1046447753906,591.35693359375,494.80548095703125
36,2.0,66.0,532.8579711914062,446.314697265625,592.280029296875,494.46624755859375
37,2.0,66.0,533.392333984375,446.7953186035156,593.1826782226562,494.3365173339844
38,2.0,66.0,534.775146484375,446.6418762207031,594.88232421875,496.0268249511719
39,2.0,66.0,535.0556640625,446.4460144042969,596.2574462890625,497.260986328125
40,2.0,66.0,536.1263427734375,446.5341796875,596.3279418945312,497.3288269042969
41,2.0,66.0,536.3695678710938,446.2340087890625,598.8765258789062,498.2832336425781
42,2.0,66.0,536.8421020507812,445.8847961425781,600.1189575195312,498.8958435058594
43,2.0,66.0,538.073486328125,445.902099609375,600.7322998046875,499.27386474609375
44,2.0,66.0,539.03857421875,445.83868408203125,601.5521240234375,499.2591552734375
45,2.0,66.0,539.5492553710938,446.0378723144531,602.5504150390625,498.8650817871094
50,2.0,66.0,545.8453979492188,446.5096435546875,608.1176147460938,500.14788818359375
52,2.0,66.0,547.896728515625,448.9545593261719,610.0558471679688,499.50054931640625
53,2.0,66.0,548.2688598632812,449.9913330078125,610.9622192382812,499.06964111328125
54,2.0,66.0,548.529052734375,451.3677062988281,612.7509765625,499.9899597167969
55,2.0,66.0,549.6748046875,452.04815673828125,613.6978759765625,500.0643615722656
56,2.0,66.0,551.4020385742188,451.9286804199219,614.7213134765625,500.6150207519531
57,2.0,66.0,552.0178833007812,452.112060546875,616.84130859375,501.13079833984375
58,2.0,66.0,552.2699584960938,451.3980407714844,620.9515380859375,501.6585388183594
59,2.0,66.0,553.068115234375,448.95458984375,622.9302978515625,502.19085693359375
60,2.0,66.0,553.3013305664062,449.81707763671875,624.187744140625,502.7979431152344
65,2.0,66.0,555.4552001953125,445.9952392578125,632.5142211914062,505.18109130859375
69,2.0,66.0,561.3186645507812,444.25732421875,641.016845703125,508.1967468261719
71,2.0,66.0,563.8565063476562,444.0604553222656,645.3021850585938,508.5537109375
72,2.0,66.0,564.1307373046875,448.3095703125,646.6494140625,509.9598388671875
73,2.0,66.0,563.948974609375,450.1274719238281,648.1609497070312,511.3566589355469
76,2.0,66.0,566.6735229492188,445.25347900390625,656.7901000976562,513.7488403320312
77,2.0,66.0,567.8554077148438,443.1929626464844,659.3553466796875,515.1329956054688
78,2.0,66.0,569.4580078125,442.1384582519531,660.8269653320312,516.2859497070312
79,2.0,66.0,571.6617431640625,440.95428466796875,662.9768676757812,516.4627075195312
80,2.0,66.0,574.6173706054688,440.5745849609375,664.5103149414062,516.6875610351562
81,2.0,66.0,575.2477416992188,441.7231140136719,668.9459838867188,517.5487670898438
82,2.0,66.0,575.6375122070312,441.3066101074219,672.591064453125,518.5338745117188
83,2.0,66.0,576.3865356445312,441.1779479980469,676.1422729492188,519.6052856445312
84,2.0,66.0,576.9742431640625,440.7766418457031,678.5289916992188,521.76123046875
85,2.0,66.0,577.3458862304688,439.989990234375,680.9507446289062,522.2359619140625
86,2.0,66.0,579.3334350585938,439.59442138671875,684.12255859375,523.3884887695312
87,2.0,66.0,582.8677368164062,440.56463623046875,687.479248046875,525.5291748046875
88,2.0,66.0,586.0042724609375,442.0411376953125,690.3833618164062,526.2210083007812
89,2.0,66.0,587.7949829101562,441.2934875488281,692.5243530273438,527.649169921875
90,2.0,66.0,589.7146606445312,442.40350341796875,698.3896484375,528.3107299804688
91,2.0,66.0,591.2748413085938,442.6903381347656,701.7434692382812,528.7711791992188
92,2.0,66.0,591.296630859375,442.6669616699219,706.127685546875,530.0175170898438
93,2.0,66.0,593.4240112304688,441.0914001464844,711.319580078125,531.4993896484375
94,2.0,66.0,594.9133911132812,440.13818359375,715.7164306640625,533.2762451171875
95,2.0,66.0,597.3206787109375,439.74591064453125,719.1705932617188,534.9843139648438
96,2.0,66.0,599.55712890625,439.6269226074219,721.199951171875,536.3702392578125
97,2.0,66.0,602.1676025390625,439.3359680175781,727.1030883789062,536.3735961914062
98,2.0,66.0,601.7911376953125,439.0173034667969,733.1353149414062,537.75439453125
99,2.0,66.0,604.6777954101562,438.27960205078125,737.8780517578125,539.7545166015625
100,2.0,66.0,608.1036987304688,437.7873840332031,743.5736694335938,542.5784912109375
101,2.0,66.0,611.208984375,437.5873107910156,749.722900390625,544.8545532226562
102,2.0,66.0,612.5471801757812,437.02276611328125,755.6187133789062,546.7581787109375
103,2.0,66.0,614.402099609375,435.9703369140625,762.12841796875,548.661865234375
104,2.0,66.0,617.404296875,434.2578125,768.8980712890625,549.9549560546875
105,2.0,66.0,621.4179077148438,433.6217041015625,775.2206420898438,551.6473999023438
106,2.0,66.0,623.8539428710938,433.54388427734375,782.052490234375,553.7941284179688
107,2.0,66.0,626.7775268554688,432.4248962402344,788.96533203125,557.6857299804688
108,2.0,66.0,629.0738525390625,433.6934509277344,797.0525512695312,561.05322265625
109,2.0,66.0,634.7728881835938,433.2398681640625,805.7747192382812,562.9263305664062
110,2.0,66.0,637.4814453125,433.51055908203125,813.8573608398438,565.822998046875
111,2.0,66.0,640.4501953125,433.4076232910156,824.6380615234375,570.3370971679688
112,2.0,66.0,645.2999267578125,432.4620056152344,834.4064331054688,572.4243774414062
113,2.0,66.0,649.37841796875,431.69232177734375,843.3770141601562,575.9306030273438
114,2.0,66.0,653.235107421875,430.08758544921875,854.366943359375,579.7216796875
115,2.0,66.0,657.5394897460938,427.75408935546875,866.166748046875,583.5195922851562
116,2.0,66.0,662.71630859375,425.776611328125,878.3392944335938,587.0862426757812
117,2.0,66.0,668.5765991210938,424.6768493652344,892.4231567382812,591.4104614257812
118,2.0,66.0,672.4544067382812,425.07574462890625,905.8079833984375,596.1172485351562
119,2.0,66.0,678.7366333007812,424.5348815917969,920.4346313476562,602.6909790039062
120,2.0,66.0,685.906982421875,424.3477783203125,937.6284790039062,607.0778198242188
121,2.0,66.0,693.050537109375,424.05877685546875,955.2362060546875,612.5791625976562
122,2.0,66.0,699.5172729492188,422.0838623046875,975.6734619140625,617.9232788085938
123,2.0,66.0,706.3714599609375,421.7079772949219,995.5264892578125,624.736328125
124,2.0,66.0,714.7492065429688,420.5741271972656,1019.6542358398438,630.9739990234375
125,2.0,66.0,723.0756225585938,418.268798828125,1043.7718505859375,638.1761474609375
126,2.0,66.0,731.878173828125,416.09295654296875,1072.0887451171875,647.1111450195312
127,2.0,66.0,741.6699829101562,412.947998046875,1100.602783203125,656.644775390625
128,2.0,66.0,752.8328857421875,411.8454284667969,1133.5682373046875,669.1536865234375
129,2.0,66.0,764.303955078125,409.98321533203125,1170.7796630859375,681.1749267578125
130,2.0,66.0,776.88232421875,407.68304443359375,1212.75537109375,694.6485595703125
131,2.0,66.0,792.5411987304688,404.6297302246094,1258.527587890625,707.6845703125
132,2.0,66.0,808.6119995117188,403.581787109375,1310.9102783203125,725.3306884765625
133,2.0,66.0,825.7991943359375,402.01611328125,1371.9149169921875,744.5194091796875
134,2.0,66.0,845.443603515625,398.34625244140625,1438.7320556640625,769.9586791992188
135,2.0,66.0,867.948974609375,394.1672058105469,1518.9986572265625,795.7382202148438
136,2.0,66.0,892.2050170898438,385.4631042480469,1611.5411376953125,829.7447509765625
137,2.0,66.0,919.2183837890625,380.7345886230469,1720.8701171875,865.5814819335938
138,2.0,66.0,951.91650390625,376.31597900390625,1841.941650390625,913.969970703125
139,2.0,66.0,988.4373168945312,371.23077392578125,1906.7001953125,972.2650756835938
140,2.0,66.0,1031.34619140625,365.2023620605469,1920.0,1036.4112548828125
141,2.0,66.0,1082.598876953125,354.59375,1920.0,1065.5443115234375
142,2.0,66.0,1147.9547119140625,343.5973205566406,1920.0,1073.378173828125
143,2.0,66.0,1223.58056640625,332.8566589355469,1920.0,1056.5972900390625
144,2.0,66.0,1316.7252197265625,317.8839416503906,1920.0,1052.8714599609375
145,2.0,66.0,1435.1729736328125,313.12408447265625,1920.0,1068.58154296875
146,2.0,66.0,1591.51953125,328.3314514160156,1920.0,1077.77001953125
