35,2.0,60.0,566.2649536132812,448.93621826171875,627.1407470703125,498.5889587402344
37,2.0,60.0,567.4407348632812,447.8092041015625,628.9871215820312,498.43267822265625
39,2.0,60.0,570.4052124023438,446.3229064941406,630.418701171875,497.1410217285156
40,2.0,60.0,571.4021606445312,446.4772033691406,631.429443359375,497.3332824707031
41,2.0,60.0,572.09619140625,446.66497802734375,632.3529663085938,497.35589599609375
42,2.0,60.0,573.1965942382812,449.4788818359375,634.3046264648438,496.8076477050781
43,2.0,60.0,574.26513671875,451.7623291015625,635.6212768554688,497.2464599609375
44,2.0,60.0,573.9330444335938,449.6302490234375,636.6726684570312,498.3459777832031
45,2.0,60.0,574.1795043945312,449.4085388183594,637.2841796875,498.4627990722656
46,2.0,60.0,575.5985107421875,450.7129211425781,639.7561645507812,498.3953552246094
50,2.0,60.0,578.0469360351562,451.55413818359375,645.8460083007812,498.9553527832031
51,2.0,60.0,578.0956420898438,453.0679931640625,647.0369873046875,500.28326416015625
52,2.0,60.0,578.5860595703125,451.2779235839844,648.2294921875,500.9342346191406
53,2.0,60.0,579.82763671875,452.4223937988281,649.982666015625,501.5821228027344
54,2.0,60.0,580.59912109375,452.7493896484375,651.5249633789062,502.6006164550781
55,2.0,60.0,581.8583374023438,451.5342712402344,653.3065185546875,502.4239807128906
59,2.0,60.0,586.7376098632812,443.29388427734375,660.1626586914062,502.5374450683594
62,2.0,60.0,590.3075561523438,442.17816162109375,663.4606323242188,504.7891845703125
63,2.0,60.0,589.61962890625,442.0233459472656,664.4631958007812,504.76611328125
64,2.0,60.0,590.3755493164062,442.9867858886719,666.1382446289062,504.83526611328125
65,2.0,60.0,590.6471557617188,443.3544006347656,668.83740234375,505.4458923339844
66,2.0,60.0,590.4686279296875,444.0064697265625,670.7024536132812,506.3628234863281
67,2.0,60.0,592.1007690429688,444.12823486328125,673.9676513671875,508.23272705078125
71,2.0,60.0,598.0584716796875,442.810546875,683.6272583007812,509.9995422363281
73,2.0,60.0,600.7951049804688,443.1824951171875,686.3934326171875,511.0582580566406
74,2.0,60.0,601.3734741210938,443.4446716308594,687.379638671875,511.55035400390625
75,2.0,60.0,602.4994506835938,442.88299560546875,688.7344360351562,512.254638671875
76,2.0,60.0,603.2341918945312,443.1268615722656,692.366455078125,512.6824951171875
77,2.0,60.0,604.276611328125,443.2064514160156,695.1898193359375,513.2809448242188
78,2.0,60.0,605.721435546875,442.5784606933594,699.020263671875,513.694091796875
79,2.0,60.0,607.0328369140625,442.632568359375,700.632568359375,514.2993774414062
80,2.0,60.0,609.08154296875,443.2763671875,701.4144287109375,514.770263671875
83,2.0,60.0,612.2342529296875,443.79290771484375,710.0628662109375,517.3336791992188
88,2.0,60.0,621.8031616210938,444.23876953125,726.3756103515625,522.6652221679688
89,2.0,60.0,623.576416015625,443.93060302734375,729.2825317382812,523.0911254882812
90,2.0,60.0,624.4437255859375,443.19342041015625,731.76123046875,523.881591796875
91,2.0,60.0,625.3927612304688,441.7928161621094,734.28173828125,524.7643432617188
92,2.0,60.0,626.5693359375,442.16265869140625,738.3289794921875,524.9766235351562
93,2.0,60.0,629.1671142578125,441.6806945800781,741.2386474609375,525.1591186523438
94,2.0,60.0,629.9495849609375,441.073486328125,744.0928344726562,525.6419677734375
95,2.0,60.0,633.1485595703125,440.9488220214844,749.3778076171875,526.99658203125
96,2.0,60.0,634.9120483398438,441.5580139160156,752.3671875,527.7573852539062
97,2.0,60.0,636.447021484375,441.45074462890625,756.3182983398438,528.5233764648438
98,2.0,60.0,637.5418090820312,441.44427490234375,761.85986328125,530.8412475585938
99,2.0,60.0,640.5960083007812,441.4701843261719,765.6526489257812,531.5676879882812
100,2.0,60.0,643.1874389648438,440.05572509765625,768.9840087890625,534.2371215820312
101,2.0,60.0,645.8033447265625,439.0462341308594,774.7673950195312,535.4971923828125
102,2.0,60.0,648.469482421875,435.4909973144531,779.7485961914062,535.9637451171875
103,2.0,60.0,650.442626953125,433.8145751953125,783.9746704101562,536.6820068359375
104,2.0,60.0,653.0574340820312,434.5357971191406,789.7584838867188,537.9801025390625
105,2.0,60.0,655.527099609375,435.53076171875,793.6552734375,538.837158203125
106,2.0,60.0,658.9614868164062,436.19976806640625,799.1605224609375,539.9334716796875
107,2.0,60.0,661.4689331054688,436.78167724609375,804.28515625,543.32763671875
108,2.0,60.0,665.0106811523438,433.65704345703125,812.3363037109375,544.1571655273438
109,2.0,60.0,667.5613403320312,431.68475341796875,817.6756591796875,546.0278930664062
110,2.0,60.0,670.4088745117188,430.6414794921875,826.45654296875,547.43212890625
111,2.0,60.0,673.8143920898438,430.7225341796875,834.760986328125,549.2894897460938
112,2.0,60.0,676.7742919921875,430.0168151855469,839.613037109375,549.7456665039062
113,2.0,60.0,680.5777587890625,430.0984802246094,843.6890258789062,551.642578125
114,2.0,60.0,683.5977172851562,428.8795471191406,848.4134521484375,552.8405151367188
115,2.0,60.0,686.4319458007812,429.6744384765625,855.86865234375,554.60009765625
116,2.0,60.0,691.2402954101562,430.05230712890625,863.9317626953125,556.682373046875
117,2.0,60.0,695.66357421875,429.4010925292969,872.0466918945312,558.3988647460938
118,2.0,60.0,698.9423217773438,428.3694152832031,880.414794921875,559.5038452148438
120,2.0,60.0,707.7642211914062,426.7606506347656,900.0090942382812,565.0670776367188
121,2.0,60.0,712.9038696289062,428.5859375,909.0064086914062,568.6492309570312
122,2.0,60.0,718.2578125,428.9395446777344,918.8186645507812,571.2592163085938
123,2.0,60.0,722.8214721679688,430.1703796386719,929.6463623046875,571.99072265625
124,2.0,60.0,727.914306640625,429.8080749511719,939.8103637695312,577.0767211914062
125,2.0,60.0,732.6236572265625,430.0843505859375,953.1181030273438,581.513671875
126,2.0,60.0,739.4077758789062,429.7441711425781,962.4801635742188,585.14306640625
127,2.0,60.0,745.1369018554688,429.04388427734375,976.7810668945312,588.0971069335938
128,2.0,60.0,751.7131958007812,428.3353576660156,989.8387451171875,590.0760498046875
129,2.0,60.0,758.3029174804688,427.07037353515625,1004.3728637695312,592.4386596679688
130,2.0,60.0,764.9055786132812,426.6136169433594,1019.24462890625,595.7486572265625
131,2.0,60.0,771.923583984375,426.20501708984375,1035.6314697265625,598.7947998046875
132,2.0,60.0,778.056884765625,426.4019470214844,1052.7093505859375,603.7448120117188
133,2.0,60.0,787.31689453125,425.5680847167969,1071.3968505859375,608.2923583984375
134,2.0,60.0,796.006591796875,425.5522766113281,1088.1156005859375,614.5477905273438
135,2.0,60.0,803.7453002929688,425.43609619140625,1110.0335693359375,619.3948364257812
136,2.0,60.0,813.0640869140625,423.878173828125,1130.880859375,624.6109008789062
137,2.0,60.0,823.57470703125,420.7698059082031,1153.5460205078125,629.3501586914062
138,2.0,60.0,834.4627075195312,421.0414733886719,1179.9168701171875,634.7039184570312
139,2.0,60.0,845.386962890625,418.95806884765625,1206.27294921875,641.538818359375
140,2.0,60.0,857.921875,415.8937683105469,1232.841796875,647.5780029296875
141,2.0,60.0,870.0035400390625,412.35418701171875,1264.1639404296875,654.1871337890625
142,2.0,60.0,883.6642456054688,410.2660827636719,1295.3299560546875,662.1156616210938
143,2.0,60.0,897.1702270507812,409.6825866699219,1330.906005859375,673.6697998046875
144,2.0,60.0,912.18359375,408.4239501953125,1370.1083984375,684.486328125
145,2.0,60.0,929.4557495117188,407.7220153808594,1411.26806640625,695.8704223632812
146,2.0,60.0,947.6251831054688,406.6366882324219,1457.369873046875,707.7086791992188
147,2.0,60.0,966.4895629882812,404.9896240234375,1510.551025390625,720.0042724609375
148,2.0,60.0,988.784423828125,402.9944152832031,1563.7996826171875,732.5401000976562
149,2.0,60.0,1011.2403564453125,397.831298828125,1624.22314453125,747.9675903320312
150,2.0,60.0,1034.9688720703125,391.9096984863281,1690.2822265625,765.7862548828125
151,2.0,60.0,1058.8258056640625,392.769287109375,1764.8294677734375,785.781494140625
152,2.0,60.0,1088.160400390625,392.9935607910156,1843.2490234375,808.218994140625
153,2.0,60.0,1120.379638671875,390.61968994140625,1905.3580322265625,834.4364624023438
154,2.0,60.0,1154.4794921875,386.6176452636719,1920.0,864.8615112304688
155,2.0,60.0,1195.61376953125,384.3647766113281,1920.0,898.8639526367188
156,2.0,60.0,1238.3363037109375,378.14666748046875,1920.0,935.4044189453125
157,2.0,60.0,1288.531982421875,373.80169677734375,1920.0,976.540771484375
158,2.0,60.0,1345.199462890625,369.853271484375,1920.0,938.3807373046875
159,2.0,60.0,1406.343994140625,366.4886169433594,1920.0,892.2777709960938
160,2.0,60.0,1478.8173828125,361.0553894042969,1920.0,901.4486083984375
161,2.0,60.0,1560.8594970703125,359.35955810546875,1920.0,915.5075073242188
162,2.0,60.0,1655.3433837890625,367.69866943359375,1920.0,940.3587646484375
