4,40,361.5009460449219,441.9100646972656,409.1520080566406,475.0691223144531
5,40,361.71002197265625,442.6309509277344,409.4548034667969,475.0722351074219
6,40,363.0393371582031,443.0841064453125,409.7596130371094,475.6312561035156
7,40,363.56915283203125,444.0165100097656,410.5206604003906,475.8935241699219
8,40,364.9241638183594,444.9156188964844,410.0669250488281,475.9826354980469
9,40,364.8225402832031,444.8431396484375,410.2254943847656,476.285888671875
10,40,364.8191833496094,444.9546813964844,410.92327880859375,476.4417419433594
11,40,363.9930114746094,445.5153503417969,410.8697204589844,476.4093322753906
12,40,363.523193359375,445.0651550292969,411.0579833984375,476.44146728515625
13,40,363.7080993652344,444.8732604980469,411.9078369140625,476.0349426269531
14,40,363.8564453125,444.8755798339844,412.63812255859375,476.1659240722656
15,40,363.9873046875,444.2222900390625,413.0599670410156,476.6014404296875
16,40,365.0867614746094,445.16119384765625,413.4345703125,477.5066833496094
17,40,365.75213623046875,444.88818359375,413.9242248535156,476.7237854003906
18,40,366.14996337890625,444.0709533691406,414.677001953125,476.861572265625
19,40,366.3774108886719,442.9443664550781,414.8075256347656,476.5238037109375
20,40,366.5556945800781,445.052734375,415.068603515625,476.4383544921875
21,40,367.0229187011719,444.5894470214844,416.2260437011719,476.6194763183594
22,40,367.2033386230469,444.2153625488281,417.1375732421875,477.1354064941406
23,40,367.2880859375,443.1873779296875,417.5658874511719,477.7920837402344
24,40,367.20672607421875,442.80194091796875,417.6476745605469,477.80712890625
25,40,367.49847412109375,443.3866271972656,418.8310241699219,477.8329162597656
26,40,367.765625,442.855712890625,419.26934814453125,478.2991027832031
27,40,368.2199401855469,442.4493713378906,419.4439697265625,478.2456359863281
28,40,368.916259765625,441.71734619140625,419.38800048828125,478.621826171875
29,40,368.90570068359375,442.16510009765625,420.7215881347656,479.027587890625
30,40,368.8656311035156,441.95159912109375,422.7718811035156,479.7894287109375
31,40,368.95751953125,441.78424072265625,424.2836608886719,480.6504211425781
32,40,368.8845520019531,441.6730651855469,425.86865234375,481.4373779296875
33,40,369.24267578125,441.817626953125,426.40948486328125,481.7807922363281
34,40,369.03125,443.5804138183594,427.6767883300781,482.2664489746094
35,40,368.9235534667969,445.1402893066406,429.256591796875,483.063232421875
36,40,368.958740234375,443.9037780761719,430.67388916015625,483.058349609375
37,40,369.9949951171875,441.4757385253906,431.6636047363281,482.7538757324219
38,40,370.9832458496094,440.2220458984375,433.333251953125,483.0133972167969
39,40,371.5882568359375,440.1881103515625,434.4880676269531,483.4120178222656
40,40,372.46588134765625,440.1845397949219,435.1113586425781,483.8174133300781
41,40,372.8927917480469,439.97540283203125,436.1354675292969,484.6145935058594
42,40,372.615234375,441.26617431640625,435.36651611328125,484.7290344238281
43,40,372.712890625,442.3865966796875,435.80096435546875,485.119873046875
44,40,373.5440673828125,441.7635803222656,437.5561218261719,485.4256286621094
45,40,374.3812255859375,440.2983093261719,438.34515380859375,485.0420227050781
46,40,374.5648193359375,438.0482177734375,439.7767639160156,485.2598571777344
47,40,374.7469787597656,437.07073974609375,441.0452880859375,485.330322265625
48,40,374.8750915527344,436.0436096191406,443.32318115234375,486.40106201171875
49,40,375.42303466796875,435.4877014160156,444.9410705566406,487.8433837890625
50,40,375.78857421875,435.4010925292969,445.7113342285156,488.67327880859375
51,40,376.1619873046875,436.4404602050781,446.5283203125,489.3335266113281
52,40,376.3853759765625,436.5113220214844,446.8207702636719,489.81732177734375
53,40,375.6599426269531,434.89532470703125,448.0559997558594,489.98944091796875
54,40,376.1414489746094,432.93292236328125,449.4996032714844,490.3544616699219
55,40,376.6820373535156,432.9299011230469,451.8808288574219,490.6645812988281
56,40,377.004150390625,432.65228271484375,452.7972412109375,490.79998779296875
57,40,378.1614074707031,433.3414306640625,454.39605712890625,490.9400939941406
58,40,378.9259338378906,431.7381896972656,455.7007141113281,490.83380126953125
59,40,379.8569641113281,430.9718322753906,456.8426208496094,490.86663818359375
60,40,381.07867431640625,431.9205627441406,458.140625,490.8056335449219
61,40,382.3199768066406,431.88189697265625,459.3869323730469,490.31243896484375
62,40,383.8814697265625,431.65899658203125,460.49188232421875,491.07855224609375
63,40,385.06414794921875,432.7817687988281,461.7161560058594,492.05242919921875
64,40,385.4886474609375,432.9329528808594,462.7138366699219,492.22869873046875
65,40,386.0148620605469,433.0054626464844,463.99078369140625,492.28106689453125
66,40,386.16741943359375,433.2145080566406,467.5641174316406,493.51702880859375
67,40,386.4722900390625,433.569091796875,469.6054382324219,494.3621826171875
68,40,386.4830017089844,434.2862548828125,471.6856689453125,495.362548828125
69,40,387.60614013671875,434.1723937988281,472.7937927246094,496.8224182128906
70,40,388.0526428222656,433.0379333496094,473.9591979980469,497.75042724609375
71,40,387.66253662109375,431.9293212890625,476.6027526855469,498.0559387207031
72,40,388.420166015625,430.6085205078125,478.0794982910156,498.35260009765625
73,40,389.7272644042969,430.9940490722656,479.8940124511719,499.51220703125
74,40,390.7654724121094,430.6658935546875,481.77496337890625,500.57061767578125
75,40,391.6319885253906,430.1981201171875,483.5147399902344,501.4422302246094
76,40,393.6424560546875,430.6799621582031,485.5129699707031,501.6033020019531
77,40,395.6732482910156,430.6953125,487.49945068359375,501.4412536621094
78,40,396.38543701171875,430.8580017089844,490.2090759277344,501.9485778808594
79,40,397.7892761230469,430.9775695800781,492.3096923828125,501.8743896484375
80,40,397.97723388671875,430.7430419921875,494.0211486816406,502.21185302734375
81,40,397.7896728515625,431.3743896484375,495.7807922363281,502.3218078613281
82,40,398.7711486816406,431.01611328125,498.2821044921875,502.6127624511719
83,40,400.7004089355469,431.6331481933594,499.14068603515625,503.9394836425781
84,40,402.5450134277344,432.5023193359375,500.4584045410156,504.5063171386719
85,40,403.5509033203125,432.12762451171875,501.8830261230469,505.1605529785156
86,40,405.32470703125,431.3981018066406,504.7943115234375,505.7178649902344
87,40,406.1597900390625,430.59393310546875,507.94537353515625,506.74188232421875
88,40,405.3110656738281,429.4759521484375,511.5071105957031,507.8860168457031
89,40,406.990966796875,429.3605041503906,514.5735473632812,508.7615051269531
90,40,407.14862060546875,429.02667236328125,516.86181640625,509.4513854980469
91,40,408.32476806640625,429.1317443847656,519.0770874023438,512.010498046875
92,40,408.9492492675781,429.4977722167969,520.7252807617188,513.3204345703125
93,40,408.3484191894531,428.21435546875,522.7899169921875,514.2926635742188
94,40,410.5841064453125,429.59954833984375,526.3016357421875,515.0565795898438
95,40,411.3628234863281,430.4109802246094,529.3073120117188,515.0576782226562
96,40,411.29510498046875,429.7363586425781,532.119873046875,516.0480346679688
97,40,411.95477294921875,428.66876220703125,534.7515258789062,518.016845703125
98,40,414.0124816894531,429.975341796875,538.541748046875,520.2417602539062
99,40,416.544677734375,429.94073486328125,541.9093017578125,521.6907348632812
100,40,419.30718994140625,428.9761657714844,545.2181396484375,523.6070556640625
101,40,418.92938232421875,429.2374267578125,549.406494140625,523.6658325195312
102,40,423.1713562011719,428.0657043457031,551.7828979492188,523.9556274414062
103,40,426.4180908203125,427.5975646972656,554.4938354492188,524.80078125
104,40,425.8739929199219,427.6112060546875,558.8062133789062,525.4108276367188
105,40,428.4227294921875,428.1138000488281,563.4624633789062,527.20751953125
106,40,430.0824279785156,427.6773376464844,567.2993774414062,527.9329833984375
107,40,432.1734924316406,427.8796691894531,572.126953125,529.6889038085938
108,40,433.3966369628906,427.68170166015625,575.4468383789062,530.9664916992188
109,40,433.0104064941406,427.2738952636719,580.0497436523438,534.56103515625
110,40,434.85235595703125,427.2213439941406,584.8668823242188,534.6072998046875
111,40,435.0860595703125,426.2108154296875,589.6520385742188,537.1730346679688
112,40,435.3735656738281,425.486328125,593.6508178710938,538.4761352539062
113,40,436.3589172363281,425.37335205078125,599.1641235351562,540.113037109375
114,40,441.0782165527344,425.78912353515625,604.5287475585938,542.6575927734375
115,40,444.8280334472656,425.3711242675781,610.1878051757812,545.039306640625
116,40,445.8850402832031,425.69805908203125,615.0208129882812,547.69873046875
117,40,448.9989013671875,426.2087707519531,621.5836181640625,549.6450805664062
118,40,451.2167053222656,425.74615478515625,626.8612670898438,550.0985107421875
119,40,454.46087646484375,425.0060119628906,633.2654418945312,550.446044921875
120,40,456.4781799316406,424.3254089355469,639.22998046875,551.7116088867188
121,40,458.664306640625,423.3985290527344,646.9593505859375,554.3093872070312
122,40,461.5236511230469,423.5166015625,653.3461303710938,557.2315063476562
123,40,463.5325012207031,423.4342041015625,662.5322265625,559.5017700195312
124,40,466.6620178222656,422.5984802246094,669.9488525390625,562.415283203125
125,40,468.93658447265625,421.63958740234375,676.6732788085938,564.8353271484375
126,40,472.8889465332031,420.7681884765625,685.7188110351562,568.8621826171875
127,40,476.7485656738281,419.64898681640625,693.70263671875,572.4017333984375
128,40,479.2304992675781,419.21331787109375,702.9839477539062,574.5406494140625
129,40,482.5973205566406,417.8782958984375,713.5529174804688,576.6390991210938
130,40,485.06982421875,416.8324279785156,722.7413330078125,581.6004028320312
131,40,488.6566467285156,415.7865905761719,734.6941528320312,586.3743896484375
132,40,493.92523193359375,414.8973083496094,745.9310302734375,589.5064697265625
133,40,498.1739807128906,414.5246276855469,758.5394287109375,592.7060546875
134,40,502.9109802246094,412.8827209472656,769.2149658203125,597.4140014648438
135,40,507.50439453125,411.1446533203125,783.6358032226562,603.75341796875
136,40,512.5308227539062,409.9575500488281,797.8734130859375,609.1124877929688
137,40,518.2236328125,409.1387023925781,813.0711669921875,613.970947265625
138,40,524.5181274414062,408.3656005859375,829.696533203125,618.6519775390625
139,40,529.0134887695312,407.69903564453125,845.5831298828125,623.8114013671875
140,40,535.5206298828125,406.5366516113281,864.5728149414062,630.1682739257812
141,40,540.8082885742188,406.2102966308594,884.76123046875,635.9666137695312
142,40,548.685546875,405.3612976074219,906.6677856445312,642.15625
143,40,555.5531616210938,405.13531494140625,929.6723022460938,650.1932373046875
144,40,564.7503051757812,406.3177490234375,954.4996337890625,658.2376708984375
145,40,572.3326416015625,405.24969482421875,983.048095703125,667.6248168945312
146,40,580.473388671875,405.2171325683594,1012.12841796875,677.3004760742188
147,40,588.2757568359375,403.6595153808594,1042.855224609375,687.041748046875
148,40,598.7249755859375,401.5185852050781,1079.2418212890625,699.5814819335938
149,40,608.5023803710938,398.583740234375,1118.4285888671875,712.3973388671875
150,40,619.5133056640625,395.7892150878906,1159.01318359375,724.4694213867188
151,40,631.8590698242188,392.3138427734375,1206.4285888671875,740.7485961914062
152,40,645.301025390625,392.70867919921875,1260.6512451171875,760.1893310546875
153,40,659.728271484375,392.3649597167969,1318.7181396484375,779.025634765625
154,40,676.370849609375,391.3534240722656,1382.1370849609375,801.8621215820312
155,40,693.7343139648438,389.4238586425781,1458.0191650390625,827.580810546875
156,40,712.3900146484375,385.4330139160156,1543.736083984375,857.824462890625
157,40,733.3767700195312,380.3767395019531,1642.65283203125,892.5452270507812
158,40,755.2828369140625,375.2247619628906,1758.004150390625,934.3096313476562
159,40,780.7672119140625,369.1214904785156,1874.7991943359375,984.8900146484375
160,40,805.7857666015625,365.6246643066406,1920.0,1039.617919921875
161,40,836.3394775390625,360.6796875,1920.0,1067.35986328125
162,40,870.7389526367188,353.8641357421875,1920.0,1078.268310546875
163,40,909.7137451171875,347.4215087890625,1920.0,1080.0
164,40,954.8468627929688,340.0619201660156,1920.0,1080.0
165,40,1005.290771484375,332.00042724609375,1920.0,1076.4200439453125
166,40,1068.5938720703125,319.07904052734375,1920.0,1071.6541748046875
167,40,1141.6243896484375,306.157470703125,1920.0,1074.3594970703125
168,40,1231.487548828125,303.6221923828125,1920.0,1076.0650634765625
169,40,1337.739990234375,323.5007019042969,1920.0,1078.4012451171875
170,40,1474.388671875,391.8340148925781,1920.0,1078.9058837890625
171,40,1643.5072021484375,489.908447265625,1920.0,1077.8011474609375
