60,57,358.880615234375,441.8210144042969,407.3921203613281,473.80853271484375
61,57,359.2221984863281,441.06103515625,408.7218322753906,474.38592529296875
62,57,359.7528381347656,441.5639953613281,409.8693542480469,474.5372314453125
63,57,361.0661315917969,441.67919921875,411.02789306640625,474.0303955078125
64,57,361.99432373046875,440.90966796875,411.89617919921875,473.8623046875
65,57,362.3635559082031,440.4601135253906,413.21026611328125,474.0025939941406
66,57,363.24444580078125,439.6117858886719,413.56103515625,474.80279541015625
67,57,362.6773986816406,438.5059509277344,414.0072937011719,475.51953125
68,57,363.10113525390625,438.41143798828125,413.5718994140625,476.2071228027344
69,57,363.73016357421875,437.9067687988281,413.5916442871094,476.6476745605469
70,57,363.5713195800781,438.3524169921875,414.0694885253906,476.9723205566406
71,57,365.3443908691406,440.24615478515625,415.35040283203125,477.0725402832031
72,57,366.00469970703125,441.356689453125,416.3977355957031,475.9799499511719
73,57,366.23590087890625,441.4589538574219,418.4530029296875,475.9944152832031
74,57,366.9079895019531,441.2263488769531,418.3918762207031,475.76544189453125
75,57,367.419189453125,439.9778747558594,420.72021484375,476.2843017578125
76,57,367.848388671875,438.7664794921875,422.09503173828125,476.6549377441406
77,57,368.18353271484375,437.7107238769531,422.38446044921875,477.160400390625
78,57,368.6527404785156,437.4859924316406,424.08319091796875,477.71441650390625
79,57,369.0480651855469,437.1822204589844,425.19976806640625,477.9273376464844
80,57,369.223388671875,436.6628112792969,426.3653869628906,478.6377258300781
81,57,369.70062255859375,436.5857849121094,427.7044372558594,479.0481262207031
82,57,370.042236328125,436.99505615234375,429.6736755371094,480.4030456542969
83,57,371.193359375,436.9736328125,431.8927307128906,481.2622375488281
84,57,371.8168029785156,436.25543212890625,433.4862060546875,481.8175048828125
85,57,372.5846252441406,435.4571838378906,433.93841552734375,482.05511474609375
86,57,373.01007080078125,434.7134094238281,434.952392578125,482.2696533203125
87,57,373.14447021484375,433.53704833984375,435.95709228515625,482.4586486816406
88,57,373.97332763671875,432.4538879394531,438.1517639160156,482.8839416503906
89,57,375.1001281738281,431.6882019042969,439.5299377441406,483.9157409667969
90,57,374.8791198730469,431.5116882324219,441.0736389160156,484.8862609863281
91,57,375.2429504394531,431.5748291015625,443.1101989746094,486.2922668457031
92,57,375.4839782714844,431.4259338378906,444.3634033203125,486.0423889160156
93,57,375.8005065917969,431.0707092285156,445.8089904785156,486.5372619628906
94,57,376.4794006347656,431.7237243652344,447.29864501953125,487.8983459472656
95,57,376.9935302734375,431.8706970214844,449.1363525390625,489.0921325683594
96,57,377.5811462402344,431.8327331542969,451.0075378417969,489.592041015625
97,57,378.26153564453125,432.6250915527344,452.350341796875,490.07440185546875
98,57,380.2560119628906,431.41485595703125,455.9896545410156,490.1813659667969
99,57,381.993408203125,431.2730407714844,458.1398620605469,490.3427429199219
100,57,382.7264099121094,432.3478088378906,459.72088623046875,490.37432861328125
101,57,383.8395080566406,431.9241638183594,461.0787658691406,490.3102722167969
102,57,384.35076904296875,431.591796875,465.51123046875,491.1986389160156
103,57,385.1986083984375,431.0306396484375,467.83782958984375,491.85638427734375
104,57,386.21124267578125,430.6484680175781,469.50640869140625,491.8201599121094
105,57,386.8574523925781,430.58575439453125,472.7143859863281,494.34478759765625
106,57,388.0609130859375,431.5987854003906,472.8660583496094,495.0783386230469
107,57,388.01995849609375,431.6017150878906,474.4934387207031,496.9354553222656
108,57,388.4607238769531,430.0515441894531,476.0823059082031,498.0469055175781
109,57,390.2060241699219,429.1919250488281,479.8532409667969,499.6540222167969
110,57,391.2998046875,429.3149719238281,483.7527770996094,500.4125061035156
111,57,393.1158447265625,427.8284606933594,485.4880065917969,501.5631408691406
112,57,395.79986572265625,427.2818298339844,489.2521667480469,501.8377380371094
113,57,397.38214111328125,427.52777099609375,491.651611328125,501.668212890625
114,57,398.3003845214844,427.1988830566406,494.3336181640625,502.00347900390625
115,57,398.8203430175781,428.4939270019531,498.4744567871094,502.6552734375
116,57,400.4775085449219,427.3641662597656,502.5475769042969,502.0882263183594
117,57,403.4508361816406,428.0357666015625,504.94561767578125,504.0340881347656
118,57,405.4435119628906,427.42547607421875,508.8404846191406,505.6436462402344
119,57,405.7239074707031,427.8489074707031,512.7069091796875,507.4660949707031
120,57,406.8025207519531,427.2687072753906,516.1295166015625,510.1662292480469
121,57,408.115234375,426.76654052734375,520.3244018554688,511.2539978027344
122,57,409.578369140625,426.67803955078125,524.1275634765625,513.3706665039062
123,57,409.64813232421875,426.0341491699219,527.5136108398438,514.7139892578125
124,57,408.63885498046875,426.2268981933594,531.7869262695312,516.302490234375
125,57,410.5953369140625,425.6671447753906,536.2384033203125,519.347900390625
126,57,414.4819641113281,425.9054260253906,541.893798828125,522.3670043945312
127,57,416.54931640625,425.1883544921875,546.022216796875,523.648193359375
128,57,418.9092712402344,425.1670837402344,551.2855834960938,524.8008422851562
129,57,423.3824157714844,424.7540588378906,555.1759033203125,525.486572265625
130,57,425.40435791015625,424.3606262207031,562.4048461914062,527.0451049804688
131,57,426.54449462890625,424.62701416015625,567.9033813476562,529.35693359375
132,57,429.6993103027344,424.9105529785156,573.9535522460938,532.6187744140625
133,57,432.9065856933594,425.17486572265625,580.9386596679688,534.365234375
134,57,433.538330078125,425.0190124511719,588.2031860351562,537.592041015625
135,57,435.9319763183594,423.49542236328125,596.499267578125,540.6280517578125
136,57,440.14508056640625,423.26751708984375,604.010986328125,544.56201171875
137,57,443.29205322265625,422.1142272949219,611.8762817382812,548.0289916992188
138,57,446.1629638671875,421.22869873046875,620.7109375,550.74072265625
139,57,449.2677307128906,420.7675476074219,628.8004150390625,552.4826049804688
140,57,453.58575439453125,420.0606689453125,638.9654541015625,555.1248168945312
141,57,456.7724914550781,419.1754150390625,649.6361694335938,558.230712890625
142,57,460.5428466796875,418.0168151855469,662.1246337890625,562.2702026367188
143,57,463.732177734375,417.4856872558594,673.1067504882812,568.2072143554688
144,57,468.3656311035156,416.42578125,686.8909912109375,572.3731079101562
145,57,473.7693176269531,415.73614501953125,699.6032104492188,576.142333984375
146,57,479.2840576171875,415.07196044921875,715.0377197265625,583.1477661132812
147,57,482.44097900390625,413.0040588378906,733.2808837890625,589.5453491210938
148,57,488.5757141113281,411.8283996582031,750.9227294921875,594.8289184570312
149,57,494.7778625488281,409.6319580078125,769.3997192382812,603.18408203125
150,57,501.1207580566406,407.086181640625,790.1190795898438,611.4395751953125
151,57,507.7293701171875,404.8984069824219,814.1729125976562,619.3571166992188
152,57,516.2080078125,403.3229675292969,840.084228515625,628.8927612304688
153,57,525.173828125,402.8532409667969,870.5941162109375,638.945068359375
154,57,535.5645751953125,403.2876892089844,903.999755859375,651.62353515625
155,57,548.0303955078125,402.78057861328125,941.5628051757812,662.5145263671875
156,57,558.4312744140625,403.7999572753906,984.2373657226562,677.2032470703125
157,57,570.355712890625,400.5107116699219,1032.01416015625,696.1084594726562
158,57,583.060791015625,394.6162109375,1088.156005859375,715.7518920898438
159,57,598.9574584960938,391.4188232421875,1154.0504150390625,738.2100219726562
160,57,618.0435791015625,387.7216796875,1232.7225341796875,766.4689331054688
161,57,638.4678955078125,387.81121826171875,1327.1343994140625,799.7896118164062
162,57,662.6806640625,385.0003356933594,1439.048828125,841.9937744140625
163,57,690.5073852539062,379.7776184082031,1581.2186279296875,895.2342529296875
164,57,722.6505737304688,369.5558776855469,1767.9534912109375,968.4403686523438
165,57,756.748046875,361.0030822753906,1878.6015625,1037.929931640625
166,57,801.0823974609375,351.9765625,1920.0,1067.4783935546875
167,57,853.2581176757812,340.8167419433594,1920.0,1079.317138671875
168,57,922.2268676757812,324.51568603515625,1920.0,1078.25537109375
169,57,1010.401611328125,300.5865783691406,1920.0,1078.2750244140625
170,57,1128.9755859375,281.0597229003906,1920.0,1079.198974609375
171,57,1295.22119140625,307.2159423828125,1920.0,1080.0
172,57,1539.5938720703125,445.1570739746094,1920.0,1080.0
