15,38.0,357.7183532714844,441.2437744140625,402.13232421875,473.4752502441406
16,38.0,357.22607421875,442.0244445800781,402.9065856933594,474.3711242675781
17,38.0,357.593017578125,442.3262634277344,403.41656494140625,474.3065490722656
18,38.0,357.8764343261719,442.41082763671875,404.08544921875,473.997802734375
19,38.0,357.67254638671875,442.73406982421875,404.86236572265625,473.80853271484375
20,38.0,357.4212341308594,441.8242492675781,404.8114318847656,473.6529235839844
21,38.0,356.7809143066406,442.1511535644531,404.522705078125,473.4758605957031
22,38.0,356.4468688964844,442.5503234863281,405.5184020996094,473.54827880859375
23,38.0,356.4457702636719,442.7970886230469,406.31689453125,473.8872985839844
24,38.0,358.33282470703125,443.9529724121094,407.1041259765625,474.4098815917969
25,38.0,359.1217346191406,444.2662658691406,407.9346008300781,474.9714050292969
26,38.0,359.9630432128906,444.5051574707031,408.7409362792969,474.928955078125
27,38.0,360.86029052734375,443.5703430175781,409.2939147949219,475.5261535644531
28,38.0,361.4569396972656,443.78778076171875,410.0955810546875,475.6516418457031
29,38.0,361.4968566894531,443.20623779296875,409.8976135253906,476.1669616699219
30,38.0,362.5517578125,443.76153564453125,410.3291931152344,476.7344665527344
31,38.0,362.8592529296875,442.9753112792969,410.8512268066406,476.8993225097656
32,38.0,362.4207458496094,442.9571838378906,411.19232177734375,477.2172546386719
33,38.0,361.95611572265625,443.09356689453125,411.41497802734375,476.98858642578125
34,38.0,362.50738525390625,443.21466064453125,411.45654296875,476.8621520996094
35,38.0,362.47509765625,443.8419189453125,412.0305480957031,476.8065185546875
36,38.0,362.3196105957031,444.3550720214844,412.0887756347656,477.0678405761719
37,38.0,362.49322509765625,443.8889465332031,412.7732238769531,476.39532470703125
38,38.0,361.72021484375,443.0099182128906,413.034912109375,476.8311767578125
39,38.0,362.83740234375,443.14495849609375,413.053466796875,477.5571594238281
40,38.0,362.5616455078125,441.75177001953125,413.0962829589844,477.37066650390625
41,38.0,364.2357177734375,442.2510681152344,413.7220153808594,477.0140380859375
42,38.0,365.24151611328125,442.6006774902344,414.65167236328125,477.0343017578125
43,38.0,364.9234313964844,441.4774169921875,415.1266784667969,477.42474365234375
44,38.0,365.98565673828125,443.1900634765625,414.9300842285156,476.986572265625
45,38.0,366.5798034667969,443.8619689941406,415.1512145996094,476.79736328125
46,38.0,366.6933898925781,443.9906311035156,415.7929992675781,477.34521484375
47,38.0,366.82098388671875,444.3475646972656,416.4139404296875,477.932373046875
48,38.0,366.71185302734375,443.70587158203125,417.044189453125,478.04376220703125
49,38.0,366.8303527832031,443.2679138183594,417.5476379394531,478.3562927246094
50,38.0,366.07196044921875,442.3699645996094,418.798583984375,478.7235107421875
51,38.0,366.7965087890625,442.93084716796875,419.6081848144531,479.2159729003906
52,38.0,366.9167175292969,441.5467224121094,420.57879638671875,479.4944152832031
53,38.0,367.8603820800781,442.3255310058594,421.36187744140625,479.6743469238281
54,38.0,368.1097717285156,442.34075927734375,422.4766845703125,479.89373779296875
55,38.0,367.8719787597656,443.61260986328125,423.2390441894531,480.5325012207031
56,38.0,367.1195983886719,443.2160949707031,424.5335388183594,481.3192443847656
57,38.0,367.3254699707031,442.3911437988281,425.087890625,481.9071044921875
58,38.0,367.5984191894531,443.22216796875,426.1976013183594,482.3030090332031
59,38.0,367.95941162109375,442.7774353027344,426.3369140625,482.1324462890625
60,38.0,368.68194580078125,443.6608581542969,427.40374755859375,481.97991943359375
61,38.0,369.0102844238281,444.7477111816406,428.60845947265625,482.3363342285156
62,38.0,369.3136291503906,442.5928039550781,430.0984802246094,482.3824157714844
63,38.0,369.5602111816406,442.3722229003906,431.4002380371094,482.40484619140625
64,38.0,369.82696533203125,442.6481628417969,432.17901611328125,482.4380798339844
65,38.0,370.8318176269531,441.0940856933594,433.4472961425781,482.7357177734375
66,38.0,371.88238525390625,440.0372619628906,434.018310546875,482.9222106933594
67,38.0,372.2286376953125,440.29425048828125,434.6181640625,483.890625
68,38.0,372.5030822753906,440.3926086425781,435.5176086425781,484.34173583984375
69,38.0,372.8687438964844,440.9366455078125,435.90167236328125,484.9830322265625
70,38.0,373.3576354980469,440.71624755859375,436.21533203125,484.7712097167969
71,38.0,373.68377685546875,439.45074462890625,437.3800048828125,484.8383483886719
72,38.0,374.3489074707031,438.6629638671875,438.4742126464844,484.6336975097656
73,38.0,374.9278259277344,437.95556640625,439.6498718261719,484.7518005371094
74,38.0,375.39337158203125,437.2432556152344,440.6224365234375,484.7790222167969
75,38.0,375.07177734375,436.5266418457031,441.4998474121094,485.0293884277344
76,38.0,375.0343017578125,436.7304992675781,442.94207763671875,486.4061279296875
77,38.0,375.5591735839844,436.51251220703125,444.2544860839844,487.97271728515625
78,38.0,375.9074401855469,435.961669921875,445.2215881347656,488.918212890625
79,38.0,376.5833740234375,435.65936279296875,445.3123779296875,489.3963623046875
80,38.0,376.44903564453125,434.867919921875,446.06591796875,489.5302734375
81,38.0,376.3746337890625,434.0830383300781,447.5408630371094,489.93927001953125
82,38.0,376.6023254394531,434.66961669921875,449.2626953125,490.34112548828125
83,38.0,376.3810729980469,434.66522216796875,450.9819641113281,490.7151794433594
84,38.0,376.0307312011719,433.37725830078125,452.29998779296875,490.7396240234375
85,38.0,376.7687072753906,433.1379699707031,453.1207275390625,490.6900939941406
86,38.0,377.3093566894531,432.82501220703125,453.91650390625,490.73907470703125
87,38.0,378.2968444824219,433.9394226074219,456.68011474609375,490.7152404785156
88,38.0,379.2004699707031,433.636474609375,457.6840515136719,490.6563415527344
89,38.0,380.41839599609375,433.38134765625,458.3943176269531,490.84259033203125
90,38.0,381.4102478027344,433.49688720703125,459.11175537109375,491.2542724609375
91,38.0,382.18072509765625,433.5291748046875,459.2591247558594,491.15985107421875
92,38.0,382.5150146484375,433.773681640625,459.9778747558594,490.99871826171875
93,38.0,382.9048767089844,433.8069152832031,460.2522277832031,491.016357421875
94,38.0,383.9141845703125,433.8065490722656,460.595947265625,491.3831787109375
95,38.0,383.91204833984375,433.681640625,462.12835693359375,491.8195495605469
96,38.0,384.3558044433594,433.5543212890625,464.52801513671875,492.5151672363281
97,38.0,384.4317626953125,433.22998046875,467.792236328125,495.10369873046875
98,38.0,385.2785949707031,433.9634704589844,470.0580749511719,496.6959533691406
99,38.0,386.2010803222656,433.90167236328125,471.5124206542969,497.3293151855469
100,38.0,386.4391174316406,433.45953369140625,472.26177978515625,497.5695495605469
101,38.0,386.7390441894531,433.7562561035156,472.7183532714844,497.8027648925781
102,38.0,387.06170654296875,433.631591796875,473.77166748046875,498.55633544921875
103,38.0,387.97119140625,433.4042663574219,474.7341613769531,498.58636474609375
104,38.0,387.51910400390625,432.39947509765625,476.90069580078125,499.1856689453125
105,38.0,387.87030029296875,431.2356872558594,477.49786376953125,500.1224670410156
106,38.0,388.4466247558594,430.11773681640625,479.3103942871094,500.60870361328125
107,38.0,390.56634521484375,429.6880187988281,480.61065673828125,501.0115661621094
108,38.0,390.5704345703125,430.5851745605469,482.6183166503906,501.63140869140625
109,38.0,391.44793701171875,431.44122314453125,484.9602966308594,501.6864318847656
110,38.0,392.68463134765625,431.19903564453125,487.01544189453125,501.6235656738281
111,38.0,394.6440124511719,430.4322509765625,487.30859375,501.8857116699219
112,38.0,395.3769226074219,430.4374084472656,490.0609130859375,501.558837890625
113,38.0,396.1800842285156,429.9512023925781,491.3655700683594,501.7530822753906
114,38.0,396.5379333496094,430.2374267578125,493.0715637207031,502.61798095703125
115,38.0,397.1748046875,430.83160400390625,494.2180480957031,502.96514892578125
116,38.0,398.819091796875,431.4730529785156,496.05242919921875,504.1199951171875
117,38.0,399.5596618652344,431.3111572265625,498.0198974609375,504.6911926269531
118,38.0,400.17926025390625,432.25341796875,499.32861328125,505.3502502441406
119,38.0,400.1413269042969,432.6349792480469,500.5453796386719,506.0790100097656
120,38.0,400.9162902832031,432.2427673339844,501.6327209472656,507.0392150878906
121,38.0,400.8414001464844,432.3548889160156,503.5318908691406,508.01519775390625
122,38.0,401.01373291015625,431.27227783203125,507.0492248535156,508.5801696777344
123,38.0,403.1933898925781,429.4066467285156,509.1468505859375,509.76715087890625
124,38.0,404.5110778808594,429.3260498046875,511.81671142578125,511.0393371582031
125,38.0,404.31243896484375,428.89892578125,514.2652587890625,511.641845703125
126,38.0,405.329345703125,428.8345947265625,516.3761596679688,512.5341796875
127,38.0,405.90618896484375,428.5350341796875,518.3613891601562,514.4714965820312
128,38.0,406.1885986328125,428.3771667480469,520.3826904296875,515.500244140625
129,38.0,407.2208557128906,428.2095031738281,522.664794921875,516.2152099609375
130,38.0,407.2561950683594,428.1082763671875,525.356689453125,517.1159057617188
131,38.0,408.05950927734375,427.7879333496094,527.7518920898438,517.301025390625
132,38.0,408.6637878417969,427.5391540527344,530.0567626953125,518.572509765625
133,38.0,409.10748291015625,426.66070556640625,532.21533203125,520.3134155273438
134,38.0,410.1866149902344,426.5901184082031,534.2274780273438,521.6808471679688
135,38.0,411.47119140625,427.536376953125,537.159912109375,522.2255249023438
136,38.0,413.1633605957031,427.1575927734375,540.9552612304688,523.5399169921875
137,38.0,414.3590393066406,426.8712158203125,543.544189453125,524.3121337890625
138,38.0,414.6147155761719,427.5410461425781,545.4010009765625,525.095947265625
139,38.0,416.3739013671875,426.83416748046875,549.5504760742188,525.76806640625
140,38.0,417.2174377441406,427.479248046875,552.4207763671875,525.599609375
141,38.0,418.7903747558594,428.0285339355469,555.435791015625,526.7943115234375
142,38.0,418.54388427734375,428.2767028808594,558.4213256835938,527.5119018554688
143,38.0,420.3056335449219,428.0204772949219,562.2012939453125,528.6114501953125
144,38.0,420.8258972167969,427.82342529296875,564.9811401367188,529.9876708984375
145,38.0,422.0051574707031,426.8431701660156,569.3790893554688,533.6392822265625
146,38.0,422.15435791015625,426.9222106933594,573.1939086914062,535.6209716796875
147,38.0,425.7117614746094,426.7018737792969,576.8240966796875,536.5185546875
148,38.0,427.4217224121094,426.75775146484375,580.3800048828125,537.6575927734375
149,38.0,429.74615478515625,426.2754211425781,583.7591552734375,538.8338012695312
150,38.0,431.6425476074219,425.5968322753906,588.4212036132812,540.3114013671875
151,38.0,433.2976989746094,424.9490051269531,591.614990234375,543.7169799804688
152,38.0,433.6656494140625,424.2453308105469,596.3109741210938,545.8965454101562
153,38.0,433.47845458984375,423.56671142578125,599.78271484375,547.18896484375
154,38.0,434.93255615234375,422.6683654785156,604.7989501953125,549.0375366210938
155,38.0,435.7281494140625,422.317138671875,610.9793701171875,550.107177734375
156,38.0,438.49822998046875,422.750732421875,615.3919067382812,551.69921875
157,38.0,441.15313720703125,422.25152587890625,620.26904296875,552.8271484375
158,38.0,442.5742492675781,422.8585205078125,625.530517578125,554.1441040039062
159,38.0,446.23590087890625,422.7981262207031,631.1273803710938,556.5436401367188
160,38.0,447.2565612792969,422.5148620605469,637.3314819335938,557.2498779296875
161,38.0,452.1360168457031,422.3558349609375,642.40185546875,559.3223876953125
162,38.0,454.81890869140625,422.1750793457031,649.0036010742188,561.2036743164062
163,38.0,456.7535095214844,421.2099304199219,656.10205078125,563.7836303710938
164,38.0,459.19964599609375,420.5434875488281,663.4717407226562,567.8433227539062
165,38.0,459.47412109375,419.6075134277344,670.0885009765625,570.8265991210938
166,38.0,460.16009521484375,418.2861328125,677.508056640625,572.8226928710938
167,38.0,461.8678283691406,418.0407409667969,684.7083740234375,574.7069702148438
168,38.0,465.1327209472656,417.6659851074219,691.9185180664062,576.4788208007812
169,38.0,467.3417663574219,417.0166931152344,700.384033203125,580.8156127929688
170,38.0,470.371826171875,416.25518798828125,709.9937133789062,584.5707397460938
171,38.0,473.3446960449219,415.9283752441406,718.3472290039062,588.2523803710938
172,38.0,477.0234069824219,414.9946594238281,728.7451782226562,591.3919067382812
173,38.0,478.9800109863281,413.68719482421875,738.6781616210938,594.8075561523438
174,38.0,482.0880126953125,412.45574951171875,749.1220092773438,598.3142700195312
175,38.0,485.5209655761719,411.1712341308594,759.9174194335938,603.81884765625
176,38.0,490.2260437011719,409.79547119140625,771.5564575195312,608.3245239257812
177,38.0,495.35101318359375,408.6500244140625,784.6790771484375,613.0507202148438
178,38.0,498.96484375,407.48095703125,796.740966796875,616.607421875
179,38.0,502.4859619140625,406.1780700683594,810.2086791992188,621.5888061523438
180,38.0,506.6664123535156,405.7439270019531,825.4951782226562,627.0550537109375
181,38.0,510.7163391113281,404.51763916015625,841.6446533203125,633.607177734375
182,38.0,515.6422729492188,404.3504943847656,858.3937377929688,639.0430908203125
183,38.0,520.8377685546875,404.1656188964844,876.73486328125,645.6600952148438
184,38.0,526.0436401367188,404.0484313964844,894.6800537109375,652.0542602539062
185,38.0,532.231201171875,403.57989501953125,914.9830322265625,657.7344970703125
186,38.0,538.5057373046875,403.80084228515625,937.5574951171875,664.9325561523438
187,38.0,544.11083984375,404.2489013671875,960.1373291015625,674.1262817382812
188,38.0,551.5806884765625,404.06585693359375,985.6322021484375,681.4871215820312
189,38.0,558.5436401367188,403.3711242675781,1013.10400390625,692.9437866210938
190,38.0,565.239013671875,401.39239501953125,1041.9752197265625,703.7227172851562
191,38.0,573.0828247070312,397.6644287109375,1076.088623046875,712.966796875
192,38.0,581.0830688476562,392.6920471191406,1112.637939453125,726.3994750976562
193,38.0,591.334716796875,390.36956787109375,1149.210205078125,740.4996948242188
194,38.0,601.8603515625,389.67962646484375,1192.1910400390625,756.3699340820312
195,38.0,611.7450561523438,389.5487365722656,1237.9493408203125,772.9794311523438
196,38.0,622.5382080078125,388.1182861328125,1288.6051025390625,791.3724975585938
197,38.0,634.7407836914062,386.6166687011719,1347.11865234375,814.1071166992188
198,38.0,647.000244140625,385.14544677734375,1413.740966796875,837.1390991210938
199,38.0,662.4701538085938,381.9864807128906,1486.44091796875,864.2061157226562
200,38.0,677.265625,378.3011169433594,1569.737060546875,894.3890991210938
201,38.0,696.1209106445312,373.7471923828125,1667.761962890625,931.6541748046875
202,38.0,714.7469482421875,368.542724609375,1778.4212646484375,975.8211059570312
203,38.0,732.9452514648438,361.6267395019531,1883.0997314453125,1026.4417724609375
204,38.0,755.08837890625,357.9070739746094,1920.0,1061.114013671875
205,38.0,783.6689453125,352.6941223144531,1920.0,1075.122802734375
206,38.0,807.69580078125,345.9985046386719,1920.0,1080.0
207,38.0,836.245361328125,338.45050048828125,1920.0,1080.0
208,38.0,870.30322265625,330.1150207519531,1920.0,1080.0
209,38.0,909.0859985351562,320.826904296875,1920.0,1076.1614990234375
210,38.0,955.364990234375,309.2248229980469,1920.0,1072.784423828125
211,38.0,1005.6024169921875,295.2809753417969,1920.0,1071.250732421875
212,38.0,1068.1751708984375,279.215087890625,1920.0,1073.0921630859375
213,38.0,1141.1571044921875,271.9784851074219,1920.0,1073.57666015625
214,38.0,1227.9857177734375,283.52899169921875,1920.0,1074.3743896484375
215,38.0,1335.7906494140625,328.0896301269531,1920.0,1075.85498046875
216,38.0,1470.0628662109375,412.68951416015625,1920.0,1075.0736083984375
217,38.0,1638.6007080078125,504.2576904296875,1920.0,1075.515625
