69,59,681.6250610351562,446.9359130859375,723.333984375,475.4036865234375
70,59,681.89306640625,447.2648620605469,724.0943603515625,475.3739929199219
71,59,681.9871215820312,447.16162109375,725.4478149414062,474.8260803222656
72,59,682.2523193359375,447.56463623046875,726.1368408203125,475.31353759765625
73,59,682.3208618164062,447.23248291015625,726.4464721679688,475.03497314453125
74,59,682.5234985351562,446.87451171875,726.7472534179688,475.6038513183594
75,59,682.2531127929688,446.2320556640625,727.1962890625,475.66497802734375
76,59,682.9009399414062,446.9962158203125,727.624267578125,475.4383544921875
77,59,683.150634765625,447.5104675292969,728.3546142578125,475.34381103515625
78,59,683.0947875976562,448.4058532714844,728.823974609375,475.1214294433594
79,59,683.2924194335938,448.69915771484375,729.6233520507812,475.06463623046875
80,59,683.8077392578125,449.76007080078125,730.5497436523438,476.1416931152344
81,59,684.0521850585938,448.7133483886719,731.24169921875,476.4459533691406
82,59,684.1782836914062,447.1081848144531,732.5902099609375,476.38006591796875
83,59,684.900146484375,445.68939208984375,734.1327514648438,476.1717529296875
84,59,685.4322509765625,445.4255065917969,734.940673828125,476.2777404785156
85,59,685.4406127929688,444.34075927734375,736.1541137695312,476.94842529296875
86,59,685.3117065429688,443.4410705566406,739.3204345703125,477.4761657714844
87,59,685.5020751953125,443.0137023925781,740.8426513671875,478.33294677734375
88,59,686.1544799804688,443.0264587402344,741.4678955078125,478.87445068359375
89,59,686.4798583984375,442.6722717285156,741.9791870117188,479.16900634765625
90,59,687.5930786132812,442.17388916015625,742.2112426757812,480.3570251464844
91,59,689.93310546875,442.641357421875,743.162109375,481.57244873046875
92,59,691.1372680664062,442.119140625,743.91455078125,482.2213439941406
93,59,691.647705078125,441.60284423828125,744.88720703125,482.35955810546875
94,59,691.7604370117188,440.8565979003906,746.479248046875,482.4666748046875
95,59,692.7811279296875,441.1897888183594,747.6687622070312,482.3489074707031
96,59,693.6647338867188,441.368408203125,748.9592895507812,482.224609375
97,59,693.7564086914062,440.9667053222656,749.9083862304688,482.4797058105469
98,59,693.8079223632812,441.35479736328125,750.4127807617188,483.397705078125
99,59,693.4970703125,441.8135070800781,751.5296020507812,484.7996520996094
100,59,693.822265625,442.2125244140625,752.6290283203125,485.21795654296875
101,59,694.3682250976562,441.8219909667969,753.5120849609375,485.3903503417969
102,59,694.7109985351562,442.0589294433594,754.26904296875,485.6540832519531
103,59,695.674560546875,441.11199951171875,755.81103515625,485.7132568359375
104,59,696.3701171875,440.65838623046875,757.2296142578125,485.4040832519531
105,59,697.595703125,440.5876770019531,759.904052734375,486.9830322265625
106,59,697.8026733398438,441.08441162109375,761.8047485351562,487.8790283203125
107,59,698.0567016601562,441.38250732421875,764.272705078125,488.8783264160156
108,59,697.7820434570312,441.79241943359375,766.1810913085938,489.3476867675781
109,59,698.0851440429688,442.06365966796875,767.5982055664062,489.9623107910156
110,59,699.3013916015625,441.4169006347656,768.9257202148438,490.20648193359375
111,59,700.5706176757812,442.1372375488281,770.317138671875,490.116943359375
112,59,701.1687622070312,441.7382507324219,771.8796997070312,490.2823486328125
113,59,702.1035766601562,440.5750732421875,773.4157104492188,490.2318420410156
114,59,701.9905395507812,439.9056701660156,776.23046875,490.4896545410156
115,59,702.2272338867188,439.5755920410156,778.32080078125,490.639404296875
116,59,703.4153442382812,438.38262939453125,780.1962890625,491.3217468261719
117,59,704.5648193359375,437.2995300292969,781.9108276367188,491.74884033203125
118,59,706.0695190429688,437.33258056640625,783.5460205078125,492.9404602050781
119,59,706.8823852539062,436.7535095214844,785.8727416992188,493.454345703125
120,59,707.406494140625,436.9926452636719,788.2980346679688,494.5575256347656
121,59,710.4541625976562,436.5528869628906,790.7772827148438,495.24774169921875
122,59,710.8009643554688,435.51226806640625,793.1163940429688,495.85443115234375
123,59,712.2050170898438,434.07098388671875,795.6109008789062,496.4272766113281
124,59,712.71826171875,433.8143005371094,796.9798583984375,497.1568603515625
125,59,714.0200805664062,433.2731018066406,800.8218994140625,497.9156188964844
126,59,716.1165161132812,433.4435119628906,804.4386596679688,499.2031555175781
127,59,717.7685546875,433.378173828125,806.8683471679688,499.5974426269531
128,59,718.2578125,433.3615417480469,810.2205200195312,499.80682373046875
129,59,719.67138671875,433.1159973144531,812.2130126953125,501.15338134765625
130,59,720.511962890625,432.7435607910156,814.0361938476562,502.42071533203125
131,59,721.6600341796875,432.5037841796875,817.0123901367188,502.6926574707031
132,59,722.9805297851562,431.8992614746094,820.590087890625,502.6361083984375
133,59,723.8565673828125,431.10552978515625,824.1898193359375,503.5284118652344
134,59,724.5097045898438,430.6956481933594,827.1297607421875,504.5835876464844
135,59,726.263916015625,430.03509521484375,831.1415405273438,505.8646240234375
136,59,728.351806640625,429.3376770019531,835.142333984375,506.73828125
137,59,730.5160522460938,429.3584289550781,838.7360229492188,508.2361145019531
138,59,732.147216796875,429.15374755859375,842.1947021484375,511.27081298828125
139,59,733.8514404296875,429.2208251953125,848.9024658203125,512.5291748046875
140,59,734.5089721679688,428.1336975097656,851.5374755859375,513.243408203125
141,59,736.1878051757812,427.30560302734375,855.44775390625,514.6611938476562
142,59,737.6080932617188,428.1501159667969,861.3727416992188,516.53271484375
143,59,739.4183959960938,427.4521179199219,866.264404296875,519.0408325195312
144,59,743.4821166992188,427.5429382324219,871.9786987304688,520.81494140625
145,59,746.1478881835938,427.25714111328125,877.1158447265625,523.2838134765625
146,59,746.2854614257812,426.021240234375,882.2972412109375,525.250732421875
147,59,748.2621459960938,425.264892578125,888.659423828125,526.8004150390625
148,59,749.17041015625,424.83074951171875,895.96337890625,527.737548828125
149,59,752.284423828125,424.45782470703125,902.1414794921875,529.498291015625
150,59,755.6574096679688,423.00531005859375,909.172119140625,532.3237915039062
151,59,757.9817504882812,424.0145568847656,917.1869506835938,534.820068359375
152,59,759.9511108398438,424.4242858886719,925.8973999023438,536.872314453125
153,59,764.2799072265625,422.85662841796875,933.6288452148438,540.4531860351562
154,59,767.2852172851562,419.40338134765625,944.93310546875,544.3225708007812
155,59,768.8648681640625,418.8431396484375,952.9346923828125,547.0374755859375
156,59,774.1785278320312,417.8879699707031,963.0491943359375,549.1895751953125
157,59,778.4811401367188,416.4145202636719,974.4802856445312,552.6251220703125
158,59,784.2445068359375,415.0957336425781,986.6954956054688,556.3201904296875
159,59,789.3126220703125,412.9302062988281,999.9346313476562,560.3704833984375
160,59,793.4569091796875,413.6522521972656,1013.7127685546875,564.3826293945312
161,59,796.6061401367188,411.9093017578125,1028.1025390625,568.1452026367188
162,59,802.1923828125,411.1156921386719,1044.2330322265625,575.1431884765625
163,59,806.8146362304688,408.3317565917969,1061.940185546875,581.875
164,59,813.9058227539062,406.64581298828125,1081.0191650390625,587.0477905273438
165,59,823.3389282226562,404.580810546875,1103.4969482421875,593.753662109375
166,59,829.8590698242188,402.25201416015625,1128.5364990234375,601.873779296875
167,59,837.9027099609375,401.2535095214844,1154.89208984375,609.021240234375
168,59,846.047119140625,399.0738830566406,1185.3692626953125,619.5319213867188
169,59,856.935791015625,396.0143127441406,1219.6280517578125,629.2255859375
170,59,867.624267578125,392.5145263671875,1257.7501220703125,638.9024658203125
171,59,880.640380859375,390.89996337890625,1301.0325927734375,652.698974609375
172,59,893.09619140625,388.4457092285156,1351.148681640625,669.337890625
173,59,907.7799682617188,385.2802429199219,1408.9111328125,686.9560546875
174,59,923.6569213867188,380.5110168457031,1477.5313720703125,708.3282470703125
175,59,942.5731201171875,373.64752197265625,1557.625244140625,735.294921875
176,59,963.4443969726562,366.334228515625,1655.2960205078125,766.6746826171875
177,59,988.29931640625,358.44769287109375,1774.366943359375,805.0122680664062
178,59,1015.2927856445312,348.8068542480469,1876.8619384765625,856.4478759765625
179,59,1047.72216796875,334.14642333984375,1919.719970703125,922.6983642578125
180,59,1086.7384033203125,319.7132568359375,1920.0,1013.1331176757812
181,59,1133.005126953125,301.20782470703125,1920.0,1056.54248046875
182,59,1193.29296875,278.02099609375,1920.0,1065.001953125
183,59,1267.2027587890625,240.28762817382812,1920.0,1068.99169921875
184,59,1364.486083984375,221.86485290527344,1920.0,1065.43896484375
185,59,1498.0902099609375,262.3032531738281,1920.0,1075.7015380859375
186,59,1690.470947265625,374.3113708496094,1920.0,1056.4246826171875
