21,50,683.3041381835938,443.9958190917969,725.4810180664062,474.1365966796875
22,50,683.62255859375,444.6513671875,725.9457397460938,474.15960693359375
23,50,684.0039672851562,445.08953857421875,726.7897338867188,473.9643859863281
24,50,684.2826538085938,445.2568664550781,727.1680297851562,473.8438415527344
25,50,684.383056640625,446.3323974609375,727.7230834960938,473.67626953125
26,50,684.7744750976562,446.24249267578125,728.0512084960938,473.344482421875
27,50,685.135986328125,445.66888427734375,728.2450561523438,473.0707702636719
28,50,685.1044921875,446.3280944824219,728.2025146484375,473.1885681152344
29,50,685.523193359375,446.8013916015625,728.3909301757812,473.83428955078125
30,50,685.2440185546875,446.1493835449219,728.6470336914062,474.2254333496094
31,50,685.3857421875,447.03265380859375,729.02099609375,474.6575622558594
32,50,685.0304565429688,447.71514892578125,729.2800903320312,474.8204040527344
33,50,684.613525390625,447.20867919921875,729.7369384765625,474.949462890625
34,50,684.5068359375,446.89520263671875,730.2909545898438,475.1673583984375
35,50,684.1397705078125,446.53802490234375,731.6885375976562,475.02606201171875
36,50,684.9456787109375,446.073486328125,733.5089721679688,475.1514587402344
37,50,685.4953002929688,446.3018798828125,734.5121459960938,475.75946044921875
38,50,685.662353515625,445.40618896484375,734.8447875976562,476.3821105957031
39,50,685.9560546875,445.0505065917969,735.354248046875,476.5445251464844
40,50,686.0703735351562,444.51959228515625,737.2177124023438,476.54034423828125
41,50,686.4668579101562,444.41461181640625,739.5082397460938,476.6368103027344
42,50,687.1240234375,444.2229919433594,740.6044921875,477.64813232421875
43,50,687.1278076171875,443.53753662109375,741.297607421875,477.7730407714844
44,50,687.3695678710938,443.6671142578125,741.6193237304688,478.6618957519531
45,50,687.774169921875,443.9666748046875,742.2410278320312,479.9061584472656
46,50,688.4136352539062,443.44219970703125,742.1846923828125,481.1889953613281
47,50,689.5794677734375,443.81231689453125,742.2600708007812,481.52117919921875
48,50,691.1409301757812,443.8607177734375,743.8027954101562,481.9504699707031
49,50,691.8907470703125,444.1567077636719,744.1889038085938,482.31939697265625
50,50,691.9290771484375,444.68609619140625,744.6614379882812,482.5440368652344
51,50,692.3142700195312,444.75177001953125,745.9141845703125,482.67596435546875
52,50,692.622802734375,443.7915954589844,746.7975463867188,482.3999938964844
53,50,693.0244140625,443.3023376464844,747.6692504882812,482.4315185546875
54,50,693.2489624023438,442.34808349609375,748.3746948242188,482.4414978027344
55,50,693.5371704101562,441.508544921875,749.2865600585938,482.1380920410156
56,50,694.2167358398438,441.1398010253906,749.4963989257812,481.9696044921875
57,50,694.2507934570312,441.85479736328125,750.2000732421875,482.388427734375
58,50,693.9238891601562,441.52587890625,750.8042602539062,482.786376953125
59,50,693.9689331054688,442.1996154785156,751.14599609375,483.69384765625
60,50,694.845703125,442.7936706542969,751.72705078125,484.699462890625
61,50,696.1204833984375,443.2133483886719,753.45947265625,485.3681640625
62,50,697.1666870117188,442.98681640625,754.446533203125,485.2823791503906
63,50,698.0205078125,442.6368103027344,755.2080078125,485.40069580078125
64,50,697.9230346679688,442.38427734375,755.9855346679688,485.380859375
65,50,697.670654296875,442.04486083984375,757.0604248046875,485.5698547363281
66,50,698.1837158203125,441.72650146484375,757.939453125,486.2447814941406
67,50,698.9796752929688,441.85675048828125,760.4989624023438,487.57562255859375
68,50,699.0067138671875,441.7977294921875,763.1934204101562,488.51776123046875
69,50,699.5578002929688,442.4588623046875,764.9783935546875,489.18133544921875
70,50,699.7073364257812,441.7209167480469,766.359130859375,490.09149169921875
71,50,700.5272216796875,443.4624938964844,767.5240478515625,489.8590393066406
72,50,700.53173828125,443.8020324707031,768.4075317382812,490.32745361328125
73,50,701.0136108398438,442.0170593261719,769.1646728515625,490.3753967285156
74,50,701.7438354492188,442.1585388183594,769.9227294921875,490.1130065917969
75,50,701.8642578125,441.3871154785156,770.7709350585938,489.6246643066406
76,50,701.9573364257812,441.19744873046875,772.504638671875,489.9435119628906
77,50,702.0784912109375,441.2999572753906,774.2296752929688,490.16607666015625
78,50,702.2814331054688,440.7848205566406,776.0587768554688,490.3669128417969
79,50,702.0685424804688,442.2471618652344,778.0877685546875,490.2790832519531
80,50,702.9927368164062,440.7055969238281,779.8543701171875,490.6012878417969
81,50,703.7792358398438,439.6839599609375,781.3360595703125,491.12799072265625
82,50,704.4790649414062,438.71673583984375,782.489501953125,491.3621826171875
83,50,705.3446044921875,438.490966796875,784.2763061523438,492.3268737792969
84,50,706.8306274414062,438.6831970214844,785.254150390625,492.3304443359375
85,50,707.359619140625,438.7602844238281,787.7344360351562,493.6272277832031
86,50,708.7489624023438,437.08343505859375,788.9234619140625,493.4662780761719
87,50,710.0517578125,442.0950622558594,790.6119384765625,493.0218505859375
88,50,710.4615478515625,437.80908203125,792.6947021484375,494.5429992675781
89,50,711.99755859375,435.2128601074219,794.8949584960938,495.8517761230469
90,50,713.0501098632812,435.025390625,797.6464233398438,497.113525390625
91,50,714.4749145507812,434.1822509765625,799.4461669921875,497.7583312988281
92,50,714.3822631835938,434.0420837402344,800.8883056640625,498.6073913574219
93,50,713.7908935546875,434.7793884277344,804.2850341796875,499.5854797363281
94,50,715.0924682617188,434.3167724609375,806.38525390625,500.4395751953125
95,50,716.2221069335938,434.7961120605469,808.6299438476562,500.6055603027344
96,50,717.1326293945312,434.44970703125,810.3260498046875,500.2859802246094
97,50,719.8047485351562,434.64178466796875,812.29638671875,499.40264892578125
98,50,720.780029296875,434.703857421875,814.5750732421875,500.1136779785156
99,50,721.4347534179688,434.4346923828125,816.1630249023438,501.0660095214844
100,50,721.6783447265625,433.5983581542969,818.1971435546875,502.18011474609375
101,50,722.1683959960938,432.501708984375,820.6951293945312,502.6199951171875
102,50,722.8399658203125,431.7222900390625,823.154052734375,502.9361267089844
103,50,723.0948486328125,431.2716064453125,825.869140625,503.4692687988281
104,50,725.0490112304688,430.6880187988281,827.9080200195312,504.3387145996094
105,50,725.9649047851562,430.0775451660156,831.8604125976562,505.8584289550781
106,50,728.4852294921875,429.9847106933594,834.984130859375,506.4597473144531
107,50,730.4369506835938,429.0820617675781,837.5300903320312,507.95068359375
108,50,731.4058227539062,429.54254150390625,841.026123046875,509.8866882324219
109,50,732.1847534179688,429.11370849609375,845.081298828125,510.8587341308594
110,50,732.256103515625,427.9848327636719,848.6599731445312,512.2115478515625
111,50,733.0389404296875,427.8456726074219,852.073974609375,513.559326171875
112,50,735.0875854492188,428.1005554199219,857.366943359375,514.7716064453125
113,50,737.7952880859375,427.8267517089844,861.5770263671875,515.9990234375
114,50,739.56103515625,427.55255126953125,863.98486328125,518.57080078125
115,50,740.9859619140625,427.00933837890625,868.7623291015625,519.8032836914062
116,50,744.0340576171875,426.8148498535156,874.1766967773438,521.4303588867188
117,50,745.5241088867188,426.0765686035156,877.5884399414062,523.0549926757812
118,50,744.8368530273438,426.1909484863281,880.2024536132812,524.8152465820312
119,50,746.1239013671875,424.6518859863281,885.4342651367188,525.8064575195312
120,50,747.3588256835938,424.4932861328125,892.2430419921875,527.0022583007812
121,50,748.247314453125,424.424072265625,898.05224609375,527.8663940429688
122,50,751.6471557617188,422.8482360839844,902.7371215820312,529.2008056640625
123,50,754.6358642578125,422.93426513671875,909.5159912109375,533.4559326171875
124,50,756.7388305664062,421.9964294433594,915.0335083007812,534.9718627929688
125,50,757.6002807617188,423.055908203125,921.354736328125,536.720458984375
126,50,760.0779418945312,422.7081298828125,928.1992797851562,537.9771118164062
127,50,764.320556640625,421.89349365234375,934.1534423828125,541.2398071289062
128,50,766.80615234375,420.4561462402344,943.062255859375,543.0713500976562
129,50,769.9292602539062,418.821533203125,949.4781494140625,545.7151489257812
130,50,772.0303344726562,416.0347595214844,956.6749877929688,548.268310546875
131,50,776.5751342773438,415.1654968261719,965.525390625,549.5792846679688
132,50,779.7372436523438,414.1564636230469,974.263916015625,553.3822021484375
133,50,783.6898803710938,413.2637634277344,984.330078125,556.1830444335938
134,50,787.9149780273438,412.76141357421875,994.1502685546875,559.0032958984375
135,50,791.956787109375,413.5294189453125,1004.9545288085938,562.7214965820312
136,50,795.0886840820312,412.65936279296875,1016.5786743164062,566.105712890625
137,50,798.8683471679688,411.31341552734375,1028.5552978515625,570.2251586914062
138,50,802.3823852539062,410.1560974121094,1041.8623046875,573.1994018554688
139,50,806.1444702148438,409.5651550292969,1056.086669921875,579.31640625
140,50,811.6621704101562,407.9867858886719,1071.4024658203125,584.9151611328125
141,50,816.030517578125,406.8497619628906,1087.3433837890625,590.824951171875
142,50,823.352783203125,405.1769104003906,1104.385009765625,595.2246704101562
143,50,829.881591796875,404.576904296875,1123.239990234375,599.5390625
144,50,835.3377685546875,402.7784118652344,1144.6644287109375,607.2129516601562
145,50,841.7357788085938,398.09942626953125,1167.44384765625,614.9871215820312
146,50,848.161865234375,397.1676330566406,1192.00732421875,621.3121948242188
147,50,855.6541137695312,395.54888916015625,1219.102783203125,629.2098999023438
148,50,864.0787963867188,393.69390869140625,1248.42626953125,636.2820434570312
149,50,873.2308959960938,391.8028564453125,1283.0555419921875,649.6130981445312
150,50,884.8502197265625,388.72796630859375,1320.412841796875,658.6958618164062
151,50,896.20556640625,388.64080810546875,1362.9083251953125,672.3736572265625
152,50,908.4244995117188,384.6807556152344,1409.7884521484375,686.8976440429688
153,50,920.972412109375,379.9789733886719,1464.447998046875,704.7404174804688
154,50,935.50048828125,375.0970764160156,1524.6640625,725.7719116210938
155,50,951.9259033203125,368.97052001953125,1595.86474609375,747.7741088867188
156,50,969.6705932617188,362.5292053222656,1681.18310546875,775.591064453125
157,50,988.959228515625,356.5020446777344,1780.974853515625,809.45849609375
158,50,1010.5352172851562,347.9097900390625,1879.75341796875,851.1531372070312
159,50,1036.1737060546875,336.24267578125,1920.0,903.4578247070312
160,50,1058.9493408203125,324.24981689453125,1920.0,968.3134765625
161,50,1093.7662353515625,308.6593933105469,1920.0,1036.53173828125
162,50,1129.9393310546875,295.9288330078125,1920.0,1067.2086181640625
163,50,1176.2935791015625,274.2976379394531,1920.0,1073.2132568359375
164,50,1228.47607421875,254.10446166992188,1920.0,1073.5069580078125
165,50,1295.5450439453125,229.76051330566406,1920.0,1070.0665283203125
166,50,1380.2933349609375,218.07070922851562,1920.0,1075.4071044921875
167,50,1490.571533203125,252.7397918701172,1920.0,1078.364013671875
168,50,1638.462158203125,349.8088684082031,1920.0,1080.0
