46,58,367.97857666015625,442.8381652832031,411.87152099609375,475.5187683105469
47,58,369.0569152832031,442.1203308105469,411.8193054199219,475.8102111816406
48,58,370.0045166015625,441.7033996582031,412.0506591796875,475.9976806640625
49,58,370.6402587890625,442.72869873046875,412.5396423339844,475.9590148925781
50,58,370.62396240234375,443.1908874511719,413.1021728515625,476.2661437988281
51,58,370.5650634765625,443.6807556152344,413.1172180175781,476.4013366699219
52,58,370.0502014160156,443.6286315917969,413.36724853515625,476.35198974609375
53,58,369.52764892578125,444.2799072265625,413.6384582519531,475.6695556640625
54,58,368.9940490722656,444.40447998046875,413.8959045410156,475.862548828125
55,58,369.0782775878906,444.4608154296875,414.6162109375,475.72332763671875
56,58,369.3550109863281,444.5117492675781,415.2674865722656,475.4294128417969
57,58,369.7366027832031,444.4831237792969,415.5048522949219,475.12646484375
58,58,370.4089050292969,443.7503967285156,415.5985412597656,475.02569580078125
59,58,370.7112731933594,443.5070495605469,416.2596740722656,475.74615478515625
60,58,371.0904846191406,443.41021728515625,417.0227355957031,476.1097106933594
61,58,371.4654846191406,443.31134033203125,418.1423645019531,476.8194274902344
62,58,372.158447265625,442.59368896484375,419.758056640625,477.53973388671875
63,58,372.4489440917969,442.7315368652344,420.24798583984375,477.8197937011719
64,58,372.3968200683594,441.8181457519531,421.13641357421875,478.1570739746094
65,58,372.3672180175781,442.0985412597656,420.9989929199219,478.7174377441406
66,58,372.33184814453125,441.9818420410156,422.01190185546875,478.9762878417969
67,58,372.345703125,441.9394226074219,422.164306640625,478.8246765136719
68,58,372.7837829589844,441.278564453125,422.7469177246094,479.214111328125
69,58,373.25848388671875,440.5267333984375,423.19561767578125,480.3671875
70,58,374.25921630859375,439.50445556640625,426.1848449707031,481.2806091308594
71,58,374.3320007324219,439.3037109375,427.7494812011719,481.3638000488281
72,58,374.5952453613281,439.0432434082031,429.12396240234375,481.8990783691406
73,58,374.8567199707031,439.1777648925781,430.1780090332031,482.3595275878906
74,58,375.32281494140625,438.4991760253906,431.0901794433594,482.4370422363281
75,58,376.248779296875,438.5129699707031,432.2044982910156,482.8429260253906
76,58,377.4162292480469,439.5371398925781,433.6097717285156,483.97149658203125
77,58,377.5430908203125,439.13653564453125,434.67376708984375,484.9407653808594
78,58,377.3829650878906,439.416748046875,435.1747131347656,485.9154052734375
79,58,377.382080078125,439.14215087890625,435.012939453125,485.4553527832031
80,58,377.4222412109375,439.7366638183594,436.05621337890625,485.2875061035156
81,58,377.6783142089844,439.80462646484375,437.6686096191406,485.5172424316406
82,58,378.1891784667969,439.3419494628906,438.9010925292969,485.832275390625
83,58,378.4241943359375,439.8240661621094,439.8769836425781,486.59765625
84,58,379.4765930175781,439.8901062011719,441.1291198730469,486.92706298828125
85,58,380.1617431640625,439.6893310546875,442.90850830078125,488.0271911621094
86,58,379.4260559082031,447.1783447265625,444.37921142578125,489.38720703125
87,58,379.92388916015625,449.6942443847656,446.0206298828125,490.2193298339844
88,58,381.733154296875,442.805419921875,446.7263488769531,490.00787353515625
89,58,382.39404296875,439.81536865234375,448.9286804199219,490.2463073730469
90,58,382.8920593261719,437.80096435546875,450.4685363769531,490.3743896484375
91,58,383.6308898925781,435.4459228515625,452.8863525390625,490.79986572265625
92,58,384.7564697265625,436.29998779296875,455.50958251953125,490.9183044433594
93,58,386.1980895996094,435.720703125,457.8097229003906,491.0787658691406
94,58,386.6065368652344,436.72125244140625,459.42230224609375,491.2484130859375
95,58,387.0225524902344,437.3504638671875,459.8810729980469,491.4117736816406
96,58,387.0667724609375,437.62713623046875,460.6958312988281,492.7599182128906
97,58,387.47772216796875,437.95831298828125,464.3637390136719,494.1053466796875
98,58,388.0307312011719,438.9964294433594,467.24957275390625,494.9585266113281
99,58,387.7835693359375,439.6366271972656,469.47210693359375,496.2574157714844
100,58,388.2265930175781,439.91973876953125,473.2504577636719,497.535400390625
101,58,389.8804016113281,439.5265197753906,475.1337890625,498.1583251953125
102,58,390.04150390625,439.65631103515625,477.5049743652344,499.08404541015625
103,58,393.31768798828125,440.0077209472656,478.8194580078125,500.0683288574219
104,58,394.5888366699219,441.349853515625,480.0752868652344,501.00958251953125
105,58,395.9138488769531,439.0949401855469,482.71820068359375,501.60882568359375
106,58,397.02423095703125,438.03741455078125,485.6380920410156,501.8370056152344
107,58,397.80914306640625,436.37664794921875,487.010009765625,502.04925537109375
108,58,398.0262756347656,435.2377624511719,490.190673828125,502.07550048828125
109,58,399.068359375,435.3444519042969,494.8472900390625,502.45751953125
110,58,399.7053527832031,434.47467041015625,497.87921142578125,503.6864318847656
111,58,401.9868469238281,433.20892333984375,500.5792541503906,504.4508972167969
112,58,404.5652770996094,433.9248046875,500.98699951171875,506.00750732421875
113,58,406.63079833984375,435.9035949707031,504.2003479003906,507.35797119140625
114,58,407.69219970703125,436.2440185546875,506.8644714355469,508.2165832519531
115,58,408.8795166015625,435.0643310546875,511.45294189453125,510.1022644042969
116,58,408.9075012207031,434.6828308105469,515.8421020507812,512.8638305664062
117,58,409.9541931152344,434.5842590332031,519.1171875,514.7406616210938
118,58,411.4830627441406,433.80816650390625,523.7788696289062,515.5007934570312
119,58,411.722900390625,431.313720703125,526.0682983398438,517.5462036132812
120,58,412.9925537109375,430.5074157714844,529.7652587890625,519.0724487304688
121,58,413.09503173828125,430.9360046386719,533.9359130859375,521.36474609375
122,58,416.9803771972656,430.9546203613281,539.2652587890625,523.366943359375
123,58,419.3278503417969,430.61334228515625,544.0643310546875,524.654052734375
124,58,419.17547607421875,429.92193603515625,548.83544921875,525.4632568359375
125,58,422.5408630371094,429.0686340332031,554.7073974609375,526.5250854492188
126,58,424.01885986328125,428.7246398925781,558.4799194335938,527.73388671875
127,58,426.7749328613281,427.7685241699219,564.4909057617188,530.3056030273438
128,58,428.8149108886719,426.8542175292969,569.4990234375,534.1644897460938
129,58,431.1618957519531,426.6324462890625,577.2291870117188,537.0796508789062
130,58,434.5439147949219,427.0583801269531,583.5257568359375,538.434326171875
131,58,435.66595458984375,426.8196716308594,589.9286499023438,542.2459716796875
132,58,438.2286682128906,427.0145568847656,597.576904296875,545.643798828125
133,58,438.8031005859375,427.0400390625,606.0839233398438,547.992919921875
134,58,443.11358642578125,426.2264404296875,613.0453491210938,551.10888671875
135,58,447.1366271972656,425.2066955566406,621.5493774414062,553.0054931640625
136,58,451.27288818359375,424.9123229980469,631.825439453125,556.2092895507812
137,58,456.1739196777344,424.50897216796875,641.1290283203125,559.0328979492188
138,58,459.0050354003906,423.8041076660156,650.8380126953125,562.2442626953125
139,58,461.711181640625,423.1460266113281,662.43408203125,567.8571166992188
140,58,464.5207214355469,422.178955078125,673.3833618164062,571.5349731445312
141,58,468.05792236328125,419.8078308105469,686.1567993164062,575.4943237304688
142,58,473.3301696777344,418.9852600097656,700.52685546875,581.4337768554688
143,58,477.93927001953125,417.456787109375,715.5330810546875,586.9632568359375
144,58,482.8040466308594,415.0601501464844,733.81591796875,592.8541259765625
145,58,488.18670654296875,414.0069274902344,751.12548828125,599.8405151367188
146,58,494.9089660644531,411.8245849609375,769.77685546875,607.2447509765625
147,58,501.3626403808594,409.9454040527344,790.6787109375,615.8342895507812
148,58,507.6616516113281,407.3134460449219,813.8314208984375,622.4862060546875
149,58,516.8773193359375,406.5882873535156,839.8231811523438,632.410888671875
150,58,524.3848266601562,405.1968688964844,871.0369262695312,643.2203369140625
151,58,533.8787231445312,405.6085205078125,904.6314697265625,654.019287109375
152,58,544.57958984375,405.081787109375,942.2777709960938,666.5562744140625
153,58,555.1913452148438,405.4172668457031,985.8399658203125,683.5098266601562
154,58,568.0626220703125,403.70458984375,1033.6539306640625,700.8153076171875
155,58,580.30810546875,397.4447021484375,1091.2978515625,721.3887939453125
156,58,597.7157592773438,393.43890380859375,1159.724609375,745.1500244140625
157,58,616.16357421875,390.2929992675781,1239.9063720703125,774.6092529296875
158,58,635.8670654296875,388.49371337890625,1336.974609375,810.3118896484375
159,58,659.5659790039062,384.69354248046875,1455.7838134765625,855.2635498046875
160,58,685.06640625,376.9571838378906,1605.9886474609375,912.8697509765625
161,58,717.8099365234375,366.477783203125,1796.370849609375,990.7251586914062
162,58,752.9802856445312,356.20465087890625,1889.0010986328125,1045.9337158203125
163,58,797.47998046875,348.1597900390625,1920.0,1070.4674072265625
164,58,852.0967407226562,331.873291015625,1920.0,1078.8876953125
165,58,922.0465087890625,312.3889465332031,1920.0,1076.210205078125
166,58,1013.1709594726562,283.89337158203125,1920.0,1077.4183349609375
167,58,1138.6163330078125,265.6070251464844,1920.0,1078.3126220703125
168,58,1317.4759521484375,313.0473327636719,1920.0,1080.0
169,58,1590.071044921875,454.1666259765625,1920.0,1080.0
