13,37.0,682.7603149414062,441.9954833984375,730.6610107421875,477.86016845703125
14,37.0,683.2871704101562,442.0129089355469,730.6669311523438,476.8806457519531
15,37.0,683.2969970703125,441.7773742675781,731.2999877929688,476.84130859375
16,37.0,683.4710083007812,441.6725158691406,731.7291870117188,477.05462646484375
17,37.0,683.6469116210938,441.2495422363281,731.6887817382812,477.55084228515625
18,37.0,683.8634033203125,441.0221862792969,732.4857177734375,478.1207580566406
19,37.0,683.8097534179688,440.91729736328125,733.3682861328125,477.3695373535156
20,37.0,683.6519775390625,440.2493591308594,734.27978515625,476.68182373046875
21,37.0,683.600830078125,439.4401550292969,735.7725219726562,476.19744873046875
22,37.0,683.4684448242188,438.7710876464844,736.8175659179688,477.2117004394531
23,37.0,683.262451171875,438.9076232910156,737.5538940429688,479.4863586425781
24,37.0,683.1096801757812,439.3808898925781,738.3495483398438,480.71563720703125
25,37.0,682.8516845703125,439.25439453125,739.3099365234375,482.50286865234375
26,37.0,682.35693359375,439.16864013671875,740.8358154296875,483.6809387207031
27,37.0,682.179443359375,438.7379455566406,741.6787719726562,484.7674255371094
28,37.0,682.1451416015625,439.0614318847656,741.9156494140625,485.302490234375
29,37.0,681.487548828125,439.81512451171875,741.766845703125,486.0732116699219
30,37.0,681.7774047851562,440.2265625,741.3765869140625,486.3123779296875
31,37.0,682.2223510742188,441.2707214355469,741.4286499023438,486.825439453125
32,37.0,682.144775390625,441.67938232421875,742.1954345703125,486.6772766113281
33,37.0,682.4780883789062,439.6370849609375,742.4627075195312,486.2130126953125
34,37.0,682.716064453125,439.0707092285156,742.5798950195312,485.8893737792969
35,37.0,683.1213989257812,438.198974609375,742.6170654296875,485.39532470703125
36,37.0,683.3659057617188,437.7901611328125,742.77099609375,485.3638610839844
37,37.0,683.5595092773438,438.7618103027344,743.2008666992188,485.42950439453125
38,37.0,683.5411987304688,441.1580810546875,744.4395751953125,486.1605224609375
39,37.0,683.6175537109375,440.47760009765625,745.09716796875,486.8317565917969
40,37.0,683.6737060546875,439.3796691894531,745.9720458984375,487.69732666015625
41,37.0,684.0979614257812,438.7593994140625,747.2085571289062,488.489990234375
42,37.0,684.6110229492188,438.3542785644531,748.4532470703125,489.200439453125
43,37.0,684.8502197265625,438.6077575683594,749.4964599609375,489.47332763671875
44,37.0,685.1246337890625,438.7655944824219,749.8362426757812,489.7776794433594
45,37.0,685.7289428710938,437.7275695800781,750.1812133789062,489.34136962890625
46,37.0,686.0432739257812,437.192626953125,750.155029296875,489.3380432128906
47,37.0,686.0822143554688,436.8840637207031,750.6967163085938,489.6874694824219
48,37.0,686.0446166992188,436.31182861328125,752.781005859375,490.13262939453125
49,37.0,686.1884765625,436.0045471191406,752.7110595703125,489.96710205078125
50,37.0,686.020751953125,435.993408203125,752.410400390625,489.6432800292969
51,37.0,686.3134765625,436.207763671875,752.5826416015625,489.795654296875
52,37.0,686.3486938476562,436.5457763671875,752.5982055664062,489.7935791015625
53,37.0,686.194091796875,436.6038513183594,754.0966796875,490.39935302734375
54,37.0,686.2081298828125,436.95111083984375,754.8519287109375,491.0958557128906
55,37.0,687.1612548828125,436.745361328125,755.1495971679688,491.4534606933594
56,37.0,687.1444091796875,436.895751953125,756.9781494140625,491.87445068359375
57,37.0,687.306640625,437.4095458984375,758.4088745117188,492.2608642578125
58,37.0,687.21435546875,437.098388671875,758.5955200195312,492.3887939453125
59,37.0,687.1762084960938,436.8773193359375,758.9864501953125,492.354248046875
60,37.0,687.1807861328125,437.1864013671875,760.8245849609375,491.6354675292969
61,37.0,687.9304809570312,438.02178955078125,762.5469970703125,491.7910461425781
62,37.0,688.1336059570312,437.8724365234375,762.7744750976562,491.93084716796875
63,37.0,688.4159545898438,437.6751708984375,762.0263061523438,491.8335266113281
64,37.0,689.3138427734375,437.5489501953125,764.9070434570312,492.0328369140625
65,37.0,690.0640258789062,437.70001220703125,766.5523681640625,492.77313232421875
66,37.0,690.0209350585938,437.72113037109375,767.6757202148438,493.2313232421875
67,37.0,689.88037109375,437.25750732421875,769.4781494140625,493.74517822265625
68,37.0,689.9110107421875,436.5318298339844,770.4793701171875,494.2772521972656
69,37.0,689.803466796875,436.0442199707031,770.2848510742188,494.9960632324219
70,37.0,690.1703491210938,435.7591552734375,771.136474609375,495.81243896484375
71,37.0,690.2327880859375,434.51373291015625,771.649169921875,496.4852600097656
72,37.0,691.1663818359375,435.7546081542969,772.4163818359375,497.4071960449219
73,37.0,691.4888916015625,436.1596374511719,773.9563598632812,498.0947265625
74,37.0,691.82275390625,435.2805480957031,774.7077026367188,498.66278076171875
75,37.0,692.1083374023438,435.8789978027344,776.6221313476562,498.9754943847656
76,37.0,692.2646484375,436.0910949707031,778.6822509765625,499.3983154296875
77,37.0,692.2096557617188,434.68780517578125,778.9534301757812,500.0059814453125
78,37.0,691.5374755859375,434.31622314453125,780.5042114257812,500.26947021484375
79,37.0,691.9639282226562,434.3893737792969,781.4613037109375,500.4570007324219
80,37.0,692.65966796875,433.4951171875,781.90283203125,500.4342956542969
81,37.0,693.611572265625,433.7762756347656,783.6098022460938,500.55645751953125
82,37.0,694.2362670898438,433.7246398925781,784.5752563476562,500.5230407714844
83,37.0,694.3684692382812,433.7171936035156,786.4754638671875,500.6097717285156
84,37.0,694.8076782226562,433.7359619140625,787.853271484375,500.93072509765625
85,37.0,695.27099609375,434.0266418457031,789.2021484375,500.65771484375
86,37.0,695.8858642578125,434.3138122558594,790.4450073242188,500.7330322265625
87,37.0,695.5772705078125,434.1571350097656,790.1480102539062,501.76007080078125
88,37.0,695.9226684570312,434.2027282714844,791.7171020507812,502.4248046875
89,37.0,696.9235229492188,433.5040588378906,793.79443359375,502.48724365234375
90,37.0,697.5767822265625,433.2412414550781,796.3444213867188,502.9614562988281
91,37.0,698.6017456054688,433.09161376953125,797.7813720703125,504.0201110839844
92,37.0,698.7730712890625,432.52728271484375,799.6649780273438,504.4415588378906
93,37.0,698.7445678710938,431.9774475097656,800.456298828125,505.0093078613281
94,37.0,698.9187622070312,431.8215026855469,802.1367797851562,505.7478332519531
95,37.0,698.774658203125,431.66754150390625,803.7061157226562,506.2736511230469
96,37.0,698.9244384765625,431.5770263671875,805.8079833984375,507.6470031738281
97,37.0,699.1295166015625,431.62701416015625,807.6055297851562,508.724853515625
98,37.0,700.015869140625,431.4735412597656,809.5202026367188,509.01153564453125
99,37.0,700.0291137695312,431.59759521484375,810.8645629882812,510.0343322753906
100,37.0,700.6636962890625,430.93939208984375,811.7696533203125,510.9472961425781
101,37.0,701.217529296875,430.3716125488281,812.87890625,511.9243469238281
102,37.0,702.3024291992188,430.2378845214844,815.3714599609375,512.0137939453125
103,37.0,702.8099365234375,430.0137023925781,816.1112060546875,512.3519897460938
104,37.0,703.4985961914062,429.41864013671875,819.0186767578125,513.2103881835938
105,37.0,705.3201904296875,429.1422424316406,820.9747314453125,513.9995727539062
106,37.0,706.52734375,428.5469055175781,822.4420776367188,514.5164184570312
107,37.0,707.2938232421875,428.1614990234375,826.1110229492188,514.9009399414062
108,37.0,708.2747192382812,427.9358215332031,828.7308349609375,515.4518432617188
109,37.0,708.840576171875,428.0726318359375,830.36279296875,517.1512451171875
110,37.0,709.0177001953125,428.1156311035156,831.3589477539062,519.0590209960938
111,37.0,710.1961669921875,427.9161071777344,832.8344116210938,519.9375
112,37.0,711.16357421875,427.528076171875,835.2999267578125,520.2108764648438
113,37.0,711.7078857421875,428.0452880859375,839.1098022460938,521.00244140625
114,37.0,711.6407470703125,427.174560546875,842.1121215820312,522.25390625
115,37.0,713.147216796875,426.45367431640625,844.3847045898438,523.1464233398438
116,37.0,714.7142333984375,426.1976318359375,846.91943359375,523.8914184570312
117,37.0,716.3826904296875,425.6937561035156,850.346435546875,524.7257690429688
118,37.0,717.128173828125,425.40386962890625,853.4669799804688,525.5281982421875
119,37.0,718.8230590820312,425.0404052734375,856.0757446289062,526.2092895507812
120,37.0,720.9276123046875,424.8170471191406,857.9332885742188,526.7060546875
121,37.0,721.786865234375,424.72784423828125,861.8676147460938,527.4721069335938
122,37.0,721.5277709960938,425.1413269042969,865.2899169921875,528.4833374023438
123,37.0,721.8017578125,424.3088684082031,868.29296875,529.3304443359375
124,37.0,722.953857421875,424.23101806640625,870.6317138671875,529.8030395507812
125,37.0,724.1737670898438,424.2381896972656,874.0299682617188,531.1734619140625
126,37.0,725.758056640625,423.30316162109375,877.3785400390625,532.748291015625
127,37.0,726.0689086914062,422.52923583984375,882.150390625,534.2606201171875
128,37.0,727.280517578125,423.7786560058594,885.49609375,536.7782592773438
129,37.0,731.0973510742188,422.7488098144531,887.81396484375,536.994384765625
130,37.0,733.1290283203125,423.1296081542969,892.664794921875,538.7628173828125
131,37.0,735.8817138671875,421.73626708984375,897.332275390625,541.5746459960938
132,37.0,735.1062622070312,419.7486572265625,900.970947265625,543.6527709960938
133,37.0,735.475341796875,417.8514709472656,904.5753784179688,545.624267578125
134,37.0,736.570556640625,416.5780334472656,909.8045043945312,547.7615356445312
135,37.0,737.0014038085938,416.5538330078125,913.1121215820312,548.6699829101562
136,37.0,738.3079833984375,416.66265869140625,918.4505004882812,550.06103515625
137,37.0,739.8736572265625,416.3218078613281,923.5429077148438,549.3798828125
138,37.0,739.4923095703125,413.3023986816406,926.5233764648438,550.8616333007812
139,37.0,742.7208862304688,410.78753662109375,931.9979858398438,552.78759765625
140,37.0,742.9901733398438,410.5304870605469,937.1683349609375,554.9392700195312
142,37.0,745.4276123046875,405.5751953125,950.6275634765625,558.5036010742188
143,37.0,747.3706665039062,410.1856384277344,956.1943359375,561.9065551757812
144,37.0,748.7753295898438,411.44293212890625,962.3504638671875,565.192138671875
145,37.0,750.9506225585938,411.0759582519531,968.3206176757812,567.6924438476562
146,37.0,753.1565551757812,410.23895263671875,974.6259155273438,569.4110107421875
147,37.0,753.1079711914062,410.30322265625,981.5189208984375,570.4281616210938
148,37.0,754.5022583007812,409.8525390625,988.8095092773438,572.4194946289062
149,37.0,757.6926879882812,410.0020751953125,997.3914184570312,577.6036376953125
150,37.0,759.4083251953125,408.3185119628906,1005.3909912109375,580.0744018554688
151,37.0,763.6011352539062,406.76385498046875,1013.7080078125,583.3909912109375
152,37.0,765.3916625976562,406.3077697753906,1022.9205932617188,587.1266479492188
153,37.0,767.6160888671875,404.9988098144531,1032.629638671875,588.68701171875
154,37.0,771.0242919921875,403.9075927734375,1041.7889404296875,593.3245849609375
155,37.0,774.5394287109375,403.8569641113281,1053.0804443359375,597.1792602539062
156,37.0,777.8751831054688,402.7142028808594,1063.2171630859375,601.1553344726562
157,37.0,781.462890625,401.7639465332031,1073.9517822265625,606.0763549804688
158,37.0,785.3051147460938,401.44598388671875,1085.402099609375,611.6129760742188
159,37.0,787.9381713867188,399.7510681152344,1098.7403564453125,615.8132934570312
160,37.0,790.5072631835938,398.55780029296875,1112.8607177734375,621.0802001953125
161,37.0,794.3826293945312,397.5566711425781,1128.100341796875,624.591796875
162,37.0,799.1302490234375,396.8549499511719,1144.2685546875,628.978271484375
163,37.0,802.6919555664062,394.3705139160156,1159.56982421875,633.7293090820312
164,37.0,806.081298828125,391.56927490234375,1176.2122802734375,638.4854736328125
165,37.0,812.7435302734375,390.7189636230469,1195.7572021484375,645.5316772460938
166,37.0,817.8624877929688,389.8498840332031,1215.1644287109375,653.1026611328125
167,37.0,822.4297485351562,388.4041748046875,1237.7784423828125,659.4157104492188
168,37.0,827.1851806640625,385.6841735839844,1261.506103515625,666.1229248046875
169,37.0,830.9180908203125,383.03924560546875,1285.8642578125,675.9468383789062
170,37.0,837.4124755859375,380.47662353515625,1312.6358642578125,685.3292846679688
171,37.0,843.0504150390625,378.61968994140625,1340.905029296875,695.9226684570312
172,37.0,849.1363525390625,375.7481689453125,1373.7493896484375,706.65869140625
173,37.0,858.762451171875,374.1157531738281,1408.534912109375,720.10205078125
174,37.0,865.948486328125,370.3031005859375,1446.8751220703125,732.158203125
175,37.0,873.251953125,366.0898132324219,1488.7340087890625,747.8222045898438
176,37.0,883.7940063476562,363.74359130859375,1534.9088134765625,767.6917114257812
177,37.0,891.4168701171875,359.07708740234375,1586.6319580078125,784.8731689453125
178,37.0,899.9361572265625,353.63653564453125,1645.1976318359375,804.7406616210938
179,37.0,910.0908813476562,349.7013854980469,1709.1888427734375,829.3529663085938
180,37.0,921.6781005859375,343.5908203125,1780.9000244140625,857.476318359375
181,37.0,935.201416015625,337.386474609375,1863.8048095703125,888.1703491210938
182,37.0,948.88330078125,329.3078918457031,1912.128173828125,926.0425415039062
183,37.0,959.0872192382812,322.1918029785156,1920.0,968.7662963867188
184,37.0,976.893798828125,314.12548828125,1920.0,1022.492919921875
185,37.0,998.4388427734375,304.7183837890625,1920.0,1059.7349853515625
186,37.0,1018.1350708007812,294.1238708496094,1920.0,1072.9039306640625
187,37.0,1039.65673828125,281.6412048339844,1920.0,1079.79052734375
188,37.0,1061.66064453125,271.4263000488281,1920.0,1080.0
189,37.0,1090.0316162109375,252.8459930419922,1920.0,1078.493896484375
190,37.0,1120.927001953125,243.35980224609375,1920.0,1072.4306640625
191,37.0,1157.42431640625,222.95999145507812,1920.0,1071.82861328125
192,37.0,1197.5775146484375,198.6322479248047,1920.0,1066.951416015625
193,37.0,1244.800048828125,176.97930908203125,1920.0,1071.7388916015625
194,37.0,1299.298095703125,172.2594757080078,1920.0,1073.7042236328125
195,37.0,1366.2607421875,184.59205627441406,1920.0,1074.59619140625
196,37.0,1448.650634765625,233.86386108398438,1920.0,1075.2564697265625
197,37.0,1548.6925048828125,321.8094177246094,1920.0,1074.7724609375
198,37.0,1675.5413818359375,410.4407653808594,1920.0,1073.0531005859375
