58,56,359.5718994140625,442.7684020996094,405.9199523925781,473.7913818359375
59,56,359.99249267578125,443.851318359375,406.95013427734375,472.8221740722656
60,56,360.3768005371094,442.53265380859375,407.6753845214844,472.943359375
61,56,361.8631896972656,441.51409912109375,409.2520446777344,472.87530517578125
62,56,362.38372802734375,440.13226318359375,409.9772033691406,472.71099853515625
63,56,363.0819396972656,439.5262145996094,411.0340576171875,474.3670959472656
64,56,363.7723693847656,440.1531066894531,411.386962890625,475.38189697265625
65,56,362.8190612792969,440.2102966308594,411.1693115234375,475.6996765136719
66,56,363.8320007324219,441.06549072265625,411.2138977050781,476.1222229003906
67,56,364.54345703125,442.26220703125,411.4212646484375,476.451416015625
68,56,364.5753173828125,441.9375305175781,412.60723876953125,476.46722412109375
69,56,363.7408142089844,441.0308532714844,413.07977294921875,476.53009033203125
70,56,364.447021484375,441.5482177734375,413.823974609375,476.3704528808594
71,56,365.03936767578125,442.73773193359375,414.510986328125,476.2292175292969
72,56,364.6109313964844,441.5879821777344,414.2322082519531,476.6892395019531
73,56,365.5914306640625,442.6544189453125,414.78228759765625,476.4871520996094
74,56,366.2524719238281,442.8863220214844,416.1759338378906,477.1256408691406
75,56,366.9208984375,443.1930236816406,417.3368835449219,477.58380126953125
76,56,367.30145263671875,442.81146240234375,417.7640380859375,478.1795959472656
77,56,367.47137451171875,442.68731689453125,418.9832763671875,478.0987243652344
78,56,367.54498291015625,442.7514343261719,419.8774719238281,477.8699035644531
79,56,367.52301025390625,441.6072082519531,420.78863525390625,479.208251953125
80,56,368.03936767578125,441.6465759277344,421.5467224121094,479.5723571777344
81,56,367.9532775878906,442.0000915527344,425.0997619628906,480.4314270019531
82,56,368.02838134765625,442.72412109375,426.58184814453125,481.26055908203125
83,56,367.9346618652344,441.5609436035156,427.093017578125,481.7362365722656
84,56,368.0075988769531,440.8553161621094,427.4044189453125,481.85858154296875
85,56,368.0508728027344,440.9681396484375,429.42071533203125,482.1080627441406
86,56,368.72174072265625,441.487548828125,431.01849365234375,482.4095153808594
87,56,369.1405334472656,441.5342712402344,432.7160339355469,483.1230163574219
88,56,369.55487060546875,439.7908020019531,434.3157653808594,483.9533386230469
89,56,370.1241149902344,438.7816467285156,434.9638671875,484.2409973144531
90,56,371.58978271484375,437.5685119628906,435.71710205078125,485.11065673828125
91,56,372.2689514160156,436.58428955078125,436.59307861328125,485.2149658203125
92,56,372.9266052246094,435.5220642089844,438.2883605957031,485.13189697265625
93,56,373.53546142578125,434.6772766113281,439.5236511230469,485.33367919921875
94,56,373.9208984375,434.53167724609375,440.4522705078125,486.60125732421875
95,56,374.34796142578125,434.0807800292969,442.592529296875,487.9744873046875
96,56,375.18963623046875,433.6545715332031,443.6461486816406,488.82366943359375
97,56,375.43414306640625,433.74774169921875,445.5904541015625,489.6645202636719
98,56,375.2638854980469,434.51397705078125,447.5895080566406,490.3363342285156
99,56,375.0693054199219,433.9313049316406,448.9289245605469,490.52740478515625
100,56,374.7911071777344,433.6199951171875,449.0815124511719,490.67578125
101,56,375.473876953125,433.6773681640625,453.0752258300781,491.0589294433594
102,56,375.84423828125,432.4833068847656,454.83612060546875,491.216552734375
103,56,375.8330383300781,431.677978515625,455.8447265625,491.4761657714844
104,56,376.63067626953125,431.0862121582031,456.7055969238281,492.0730285644531
105,56,377.4067077636719,431.2335510253906,458.5721740722656,492.55938720703125
106,56,378.2667541503906,432.9692687988281,460.1980895996094,493.3995666503906
107,56,379.1206359863281,432.1109924316406,462.43548583984375,495.4792175292969
108,56,380.5439147949219,431.65081787109375,465.0489807128906,496.2838439941406
109,56,381.2275390625,431.06207275390625,468.66650390625,497.50982666015625
110,56,382.40704345703125,429.8957824707031,472.7228088378906,498.9299011230469
111,56,382.99566650390625,430.9717102050781,474.6287841796875,499.77264404296875
112,56,383.6813049316406,429.94879150390625,475.8623352050781,500.6865234375
113,56,386.3140563964844,430.349609375,476.9348449707031,500.7956237792969
114,56,387.00701904296875,430.0956726074219,479.42999267578125,501.4936828613281
115,56,387.3201904296875,428.9367370605469,482.13238525390625,502.3688659667969
116,56,388.43121337890625,429.4269714355469,485.0440368652344,503.15423583984375
117,56,389.1975402832031,429.12139892578125,487.5696105957031,504.4261474609375
118,56,390.37811279296875,429.331298828125,490.9342956542969,504.8376770019531
119,56,391.43487548828125,428.8869323730469,494.5529479980469,506.1877136230469
120,56,392.8747253417969,429.4627380371094,497.2372741699219,507.9753723144531
121,56,395.24676513671875,428.8566589355469,499.91339111328125,509.46282958984375
122,56,395.82666015625,428.5076599121094,503.7249450683594,511.1907653808594
123,56,397.40557861328125,428.89642333984375,507.8066101074219,513.080322265625
124,56,397.16400146484375,427.2027282714844,511.4254455566406,514.3845825195312
125,56,397.7087097167969,427.1191101074219,515.71875,516.1924438476562
126,56,400.1331787109375,427.1081848144531,519.1572875976562,517.9802856445312
127,56,401.6285095214844,426.9718017578125,523.8954467773438,520.104248046875
128,56,403.66424560546875,426.1280822753906,527.9507446289062,522.6964721679688
129,56,404.5556945800781,425.1553955078125,532.0404052734375,523.8341064453125
130,56,406.12115478515625,423.8267517089844,536.8717651367188,525.4541625976562
131,56,408.5052185058594,423.2999267578125,542.3760375976562,526.2525024414062
132,56,409.9911804199219,423.5532531738281,547.336669921875,527.8668212890625
133,56,410.77569580078125,423.51068115234375,553.3639526367188,529.6008911132812
134,56,411.4510803222656,423.69775390625,557.9472045898438,533.4625244140625
135,56,412.6651611328125,424.03912353515625,564.9055786132812,537.0557250976562
136,56,416.2748718261719,423.614990234375,572.4515991210938,539.2847290039062
137,56,419.2872619628906,423.16168212890625,578.8388671875,542.3944091796875
138,56,420.4908752441406,422.9536437988281,586.0382080078125,545.9293823242188
139,56,422.926025390625,420.54632568359375,593.1378784179688,548.5984497070312
140,56,427.761962890625,420.35955810546875,601.1720581054688,550.931396484375
141,56,430.9242248535156,420.89105224609375,609.8621215820312,553.3435668945312
142,56,433.55755615234375,420.0649719238281,619.6287841796875,557.0272216796875
143,56,435.5493469238281,418.5712890625,628.2698364257812,560.5623168945312
144,56,440.1061706542969,417.9037170410156,638.6342163085938,564.7091674804688
145,56,447.3241271972656,417.3064880371094,649.8778686523438,569.2417602539062
146,56,449.4036865234375,416.3043212890625,663.5433349609375,573.595703125
147,56,453.8717041015625,415.3133850097656,675.4203491210938,577.708984375
148,56,456.5421142578125,414.70147705078125,689.6327514648438,583.4873046875
149,56,459.8020324707031,413.24505615234375,705.608642578125,589.0934448242188
150,56,464.859619140625,411.7538757324219,720.9238891601562,594.6829223632812
151,56,470.2234191894531,409.5631103515625,739.5189819335938,603.926513671875
152,56,476.3179931640625,408.07635498046875,760.01416015625,611.2056884765625
153,56,481.7460632324219,406.3540344238281,782.8912353515625,619.73681640625
154,56,489.8968811035156,404.0040283203125,806.7174072265625,627.6802368164062
155,56,496.70428466796875,402.0091247558594,833.30419921875,638.5490112304688
156,56,504.7862243652344,400.6640930175781,864.2523803710938,650.6815185546875
157,56,514.9751586914062,401.5064697265625,899.0283813476562,662.8536987304688
158,56,524.0867919921875,402.39898681640625,939.3450317382812,675.2251586914062
159,56,534.978271484375,401.0669250488281,984.0529174804688,691.8636474609375
160,56,547.2044677734375,398.0957946777344,1032.9581298828125,711.2916870117188
161,56,559.3314819335938,393.8454284667969,1093.6199951171875,732.4237670898438
162,56,573.431396484375,390.5444641113281,1164.6358642578125,760.2599487304688
163,56,592.0076293945312,387.06585693359375,1249.11572265625,791.55078125
164,56,613.153076171875,384.4228210449219,1350.1251220703125,830.5916748046875
165,56,637.0117797851562,379.22552490234375,1479.2906494140625,879.8961791992188
166,56,662.6282958984375,371.321044921875,1643.3427734375,945.8775024414062
167,56,695.5242919921875,362.8398742675781,1824.9619140625,1027.044921875
168,56,732.072998046875,352.1043701171875,1903.05419921875,1062.029541015625
169,56,776.1971435546875,339.6324768066406,1920.0,1080.0
170,56,831.9780883789062,323.084228515625,1920.0,1078.1513671875
171,56,900.2920532226562,302.48382568359375,1920.0,1076.1900634765625
172,56,994.1174926757812,270.7446594238281,1920.0,1077.1036376953125
173,56,1124.893798828125,257.1796875,1920.0,1078.7415771484375
174,56,1311.883544921875,323.5070495605469,1920.0,1079.8450927734375
175,56,1603.2064208984375,464.0122375488281,1920.0,1080.0
