32,52,362.34246826171875,444.8067626953125,409.7935485839844,473.37451171875
33,52,363.5328063964844,444.2260437011719,411.29864501953125,473.3392639160156
34,52,363.7821044921875,442.5561218261719,411.9792785644531,473.2166748046875
35,52,364.71234130859375,441.859130859375,412.4728698730469,474.3678283691406
36,52,365.1735534667969,440.0393981933594,413.2205810546875,475.1643371582031
37,52,365.87652587890625,439.2147521972656,413.0880126953125,475.40118408203125
38,52,366.42437744140625,440.0243835449219,412.9969787597656,476.1560363769531
39,52,366.66552734375,441.12335205078125,413.2685546875,476.62396240234375
40,52,366.3774719238281,440.8092956542969,413.5102844238281,476.6694030761719
41,52,365.4306945800781,440.7157287597656,413.39556884765625,476.75152587890625
42,52,365.3739929199219,440.2594909667969,414.0520324707031,476.6342468261719
43,52,366.6662902832031,440.7968444824219,414.9166564941406,476.009765625
44,52,367.5032653808594,440.0793151855469,415.7178955078125,475.82379150390625
45,52,368.23236083984375,439.7143249511719,417.40985107421875,476.142333984375
46,52,368.60772705078125,439.888427734375,418.0919189453125,476.5273132324219
47,52,368.6209411621094,440.51275634765625,419.7317199707031,476.91827392578125
48,52,368.6304016113281,440.602294921875,420.78509521484375,477.1709899902344
49,52,369.1600036621094,439.6123962402344,422.57952880859375,477.4915466308594
50,52,369.3594970703125,440.118896484375,421.8987121582031,477.7043151855469
51,52,369.8359375,440.32452392578125,422.1747131347656,477.70806884765625
52,52,370.16815185546875,439.7830810546875,423.3154602050781,478.00274658203125
53,52,370.5873107910156,440.6417541503906,424.28094482421875,478.50787353515625
54,52,370.7215576171875,440.333740234375,426.25103759765625,479.49151611328125
55,52,370.566650390625,440.20098876953125,427.83843994140625,480.12945556640625
56,52,370.9252624511719,439.3620910644531,429.68792724609375,480.4349670410156
57,52,371.65765380859375,438.14208984375,431.0341796875,481.0838928222656
58,52,372.27520751953125,438.4686584472656,432.314697265625,481.8150634765625
59,52,372.9840393066406,438.01190185546875,433.33056640625,481.8401794433594
60,52,373.1274719238281,437.574462890625,435.31280517578125,482.2648010253906
61,52,373.5755920410156,436.8243103027344,436.5475769042969,482.66552734375
62,52,374.5340881347656,435.9156494140625,437.7458190917969,483.54718017578125
63,52,375.06982421875,434.3266906738281,438.6774597167969,484.46923828125
64,52,375.6726379394531,433.4045104980469,440.2860412597656,485.3688049316406
65,52,376.5560607910156,433.8816833496094,442.3291931152344,485.4580383300781
66,52,377.0132141113281,433.03668212890625,443.4925842285156,485.8531799316406
67,52,377.60772705078125,434.0291748046875,445.3277282714844,486.44805908203125
68,52,377.1950378417969,434.22344970703125,447.7142333984375,487.6202087402344
69,52,378.10009765625,433.4410705566406,448.30450439453125,488.79290771484375
70,52,378.7243957519531,432.14569091796875,449.3529052734375,489.60943603515625
71,52,379.0458068847656,432.32696533203125,451.75732421875,489.9258728027344
72,52,380.1823425292969,432.7515563964844,454.6249084472656,490.2913818359375
73,52,381.502197265625,432.55670166015625,457.2232971191406,490.4848327636719
74,52,382.9161071777344,432.6686096191406,458.6070861816406,490.6479187011719
75,52,383.4513244628906,433.428466796875,458.96893310546875,490.74566650390625
76,52,384.2104797363281,433.9256286621094,461.3607177734375,490.7996826171875
77,52,384.9815673828125,433.90301513671875,465.0596923828125,491.5604248046875
78,52,385.7657165527344,434.0440979003906,466.53778076171875,491.8489685058594
79,52,386.6811828613281,433.6851806640625,468.1502380371094,492.32080078125
80,52,386.863525390625,433.1407470703125,469.87109375,493.1005554199219
81,52,387.56451416015625,433.9017028808594,471.0856628417969,495.27227783203125
82,52,388.4031066894531,432.90985107421875,472.9960021972656,496.5234069824219
83,52,388.008544921875,432.33880615234375,475.6028137207031,497.3690490722656
84,52,389.851806640625,432.2230224609375,476.7108154296875,497.9504699707031
85,52,390.5511779785156,431.2507019042969,479.9718017578125,499.1083984375
86,52,392.11041259765625,430.7830505371094,483.43072509765625,499.8883056640625
87,52,394.9278564453125,430.67523193359375,485.9073791503906,500.2355041503906
88,52,395.9455871582031,430.3315124511719,487.9018249511719,500.8343811035156
89,52,397.43927001953125,430.3739929199219,492.07403564453125,500.76580810546875
90,52,398.9373474121094,430.54541015625,494.6045227050781,501.427001953125
91,52,400.8276062011719,431.6927185058594,497.4727478027344,502.0603942871094
92,52,401.11279296875,431.4023742675781,501.1093444824219,501.97174072265625
93,52,403.7658386230469,431.9079895019531,502.99420166015625,503.9300537109375
94,52,404.9890441894531,431.2783508300781,505.19171142578125,504.7912902832031
95,52,405.9758605957031,430.12811279296875,509.22760009765625,506.0426940917969
96,52,407.5760192871094,429.5943603515625,512.3173828125,507.61798095703125
97,52,407.7626647949219,430.1031494140625,515.857177734375,509.0653076171875
98,52,409.0481872558594,430.2698974609375,519.158447265625,512.141357421875
99,52,409.48095703125,428.8769836425781,522.2024536132812,513.6292724609375
100,52,409.6681213378906,429.1917419433594,525.686279296875,514.5953369140625
101,52,410.5969543457031,429.4823913574219,530.0591430664062,515.1513671875
102,52,411.6341857910156,428.76629638671875,534.1844482421875,516.5912475585938
103,52,413.4913330078125,428.75927734375,539.1739501953125,519.5884399414062
104,52,414.9518737792969,428.5811462402344,543.7033081054688,521.6753540039062
105,52,420.75286865234375,428.6531066894531,549.468505859375,523.3589477539062
106,52,425.3467712402344,428.2578125,552.5979614257812,524.0053100585938
107,52,427.1827392578125,427.4959411621094,558.3593139648438,525.0203857421875
108,52,429.42559814453125,426.8233337402344,563.5856323242188,526.1005859375
109,52,432.0545654296875,427.11895751953125,568.1162109375,527.437744140625
110,52,434.9018859863281,427.4745178222656,574.0245361328125,528.990478515625
111,52,434.2312316894531,426.5123596191406,580.4926147460938,531.65771484375
112,52,436.51593017578125,426.0121765136719,587.4070434570312,535.3312377929688
113,52,437.9787902832031,425.3830261230469,593.9335327148438,537.8082885742188
114,52,441.7430419921875,425.3197021484375,601.7869262695312,539.2492065429688
115,52,445.1327819824219,425.0322570800781,608.3461303710938,542.0962524414062
116,52,447.84027099609375,425.748291015625,615.3656005859375,546.151611328125
117,52,451.2881774902344,425.7196044921875,622.5154418945312,548.79931640625
118,52,454.49847412109375,424.8433837890625,631.760009765625,549.8101196289062
119,52,456.8961181640625,423.7345275878906,639.60888671875,551.3533325195312
120,52,460.87451171875,423.37994384765625,650.1586303710938,554.5993041992188
121,52,464.35687255859375,423.55914306640625,661.3005981445312,557.8195190429688
122,52,468.1568603515625,421.826904296875,671.438232421875,561.0563354492188
123,52,473.3618469238281,420.1623229980469,683.1080322265625,565.4083251953125
124,52,478.5796813964844,419.0706787109375,694.4683227539062,570.9458618164062
125,52,483.1626281738281,418.2829284667969,707.5670166015625,575.0184936523438
126,52,488.097412109375,416.8851318359375,720.5946044921875,578.9896240234375
127,52,492.79364013671875,415.2923583984375,735.87548828125,584.2234497070312
128,52,499.410400390625,414.95452880859375,753.0900268554688,588.8665161132812
129,52,505.35003662109375,414.1890563964844,768.4091796875,594.5811767578125
130,52,511.4983825683594,411.52679443359375,787.7366333007812,600.0433349609375
131,52,519.4632568359375,410.1055603027344,808.8853149414062,607.7737426757812
132,52,526.1393432617188,408.6905517578125,831.8175048828125,616.608642578125
133,52,535.6301879882812,407.20513916015625,855.4026489257812,622.662841796875
134,52,544.2498779296875,407.4246520996094,881.9840698242188,630.6494750976562
135,52,554.1446533203125,406.1862487792969,910.4447021484375,638.1964111328125
136,52,563.2871704101562,405.8535461425781,942.0372924804688,650.15576171875
137,52,574.2179565429688,405.4898681640625,979.9979858398438,660.7064819335938
138,52,586.666748046875,404.3096923828125,1020.1806030273438,674.7623291015625
139,52,601.1029663085938,402.8983459472656,1066.3465576171875,687.677978515625
140,52,617.3916015625,400.8045654296875,1116.3341064453125,701.5054931640625
141,52,633.5274658203125,395.1341857910156,1172.0953369140625,720.506103515625
142,52,650.6767578125,392.89739990234375,1237.20166015625,741.0257568359375
143,52,670.9140014648438,392.4255065917969,1312.331787109375,767.0020141601562
144,52,694.5857543945312,393.69219970703125,1401.7686767578125,795.403564453125
145,52,721.52587890625,391.01806640625,1504.61865234375,830.4321899414062
146,52,749.8910522460938,386.7925109863281,1631.3782958984375,871.8590087890625
147,52,782.1388549804688,382.38232421875,1786.6087646484375,923.8684692382812
148,52,815.9814453125,376.2869873046875,1886.22216796875,990.3192138671875
149,52,856.612060546875,371.2334289550781,1920.0,1046.785888671875
150,52,907.40087890625,366.79345703125,1920.0,1071.93994140625
151,52,967.2097778320312,355.9140319824219,1920.0,1079.3448486328125
152,52,1041.828857421875,342.96795654296875,1920.0,1078.831298828125
153,52,1130.85595703125,329.87091064453125,1920.0,1075.3619384765625
154,52,1246.738525390625,322.19708251953125,1920.0,1079.16455078125
155,52,1395.7242431640625,358.4076843261719,1920.0,1080.0
