2,35.0,364.44537353515625,439.47705078125,419.0739440917969,481.6090393066406
3,35.0,364.60601806640625,439.7893371582031,419.2893981933594,481.7388610839844
4,35.0,364.7678527832031,439.0306701660156,419.5486755371094,481.8456726074219
5,35.0,364.767578125,438.6739501953125,419.7588195800781,482.103759765625
6,35.0,364.8201599121094,438.4911804199219,420.9519958496094,482.75115966796875
7,35.0,364.947509765625,438.644287109375,421.2539978027344,482.98590087890625
8,35.0,365.28009033203125,439.3047790527344,420.6483459472656,482.7414855957031
9,35.0,364.9894714355469,439.86566162109375,420.505859375,483.00634765625
10,35.0,365.1018371582031,439.8322448730469,421.75469970703125,483.3880615234375
11,35.0,365.53155517578125,441.589599609375,423.22784423828125,484.0113830566406
12,35.0,365.6591796875,440.0937805175781,424.3848571777344,484.0907897949219
13,35.0,366.2588806152344,440.27752685546875,424.19915771484375,484.34417724609375
14,35.0,366.4620056152344,439.33270263671875,426.1298522949219,484.6200256347656
15,35.0,366.6221618652344,438.8182678222656,427.9512023925781,484.65997314453125
16,35.0,366.6737060546875,439.41741943359375,428.2393798828125,484.9991760253906
17,35.0,366.2743225097656,441.75360107421875,429.57684326171875,485.18280029296875
18,35.0,365.92547607421875,441.2515563964844,430.3505859375,485.3468322753906
19,35.0,366.3496398925781,440.9048767089844,431.1011047363281,485.0858154296875
20,35.0,366.2919921875,440.1612243652344,432.4504089355469,485.3868713378906
21,35.0,366.23565673828125,440.3219909667969,432.7613830566406,485.46630859375
22,35.0,366.6551818847656,440.2569580078125,432.57159423828125,486.8656311035156
23,35.0,367.07525634765625,439.1168212890625,433.18548583984375,486.7530822753906
24,35.0,367.1009521484375,439.97845458984375,433.8131103515625,487.20068359375
25,35.0,367.279296875,439.75091552734375,434.3564758300781,487.3244934082031
26,35.0,367.5621643066406,439.806884765625,434.8615417480469,487.5811462402344
27,35.0,367.57470703125,438.9866638183594,435.4748840332031,487.74713134765625
28,35.0,368.0664367675781,439.1781311035156,435.6681213378906,487.76312255859375
29,35.0,368.1673889160156,439.24224853515625,436.29949951171875,487.65704345703125
30,35.0,368.1825866699219,438.1021728515625,437.4581298828125,487.9438781738281
31,35.0,368.3203430175781,437.3849182128906,438.6297302246094,488.3980712890625
32,35.0,368.422119140625,439.1068420410156,438.88616943359375,488.431396484375
33,35.0,368.5718078613281,440.3329772949219,438.750244140625,488.52984619140625
34,35.0,368.84637451171875,438.0210876464844,440.3747863769531,488.2832336425781
35,35.0,369.5254211425781,435.523193359375,440.0818786621094,489.4594421386719
36,35.0,368.9281311035156,436.3501281738281,441.0587463378906,489.49456787109375
37,35.0,368.7892761230469,438.6933898925781,441.45770263671875,489.4021911621094
38,35.0,368.90380859375,442.6034851074219,441.8753356933594,489.5168762207031
39,35.0,369.6363220214844,440.53338623046875,443.25982666015625,490.8377990722656
40,35.0,370.7230529785156,437.7913513183594,444.4916076660156,491.36474609375
41,35.0,371.46624755859375,435.2422790527344,444.84246826171875,491.81964111328125
42,35.0,372.1330261230469,433.9217834472656,445.35028076171875,492.184326171875
43,35.0,372.35467529296875,433.4013671875,446.1037902832031,491.9632568359375
44,35.0,372.51312255859375,434.3303527832031,446.7567443847656,492.60455322265625
45,35.0,372.3462829589844,434.4550476074219,446.67230224609375,492.18389892578125
46,35.0,372.4230041503906,434.43548583984375,447.17193603515625,492.24432373046875
47,35.0,372.49591064453125,434.9522705078125,448.47607421875,492.71612548828125
48,35.0,372.7249450683594,434.5838317871094,448.8170166015625,493.10089111328125
49,35.0,372.9403991699219,435.42547607421875,450.0173034667969,493.5544128417969
50,35.0,373.4753723144531,434.93701171875,451.7508850097656,494.1465759277344
51,35.0,374.0199890136719,434.4080505371094,452.7919006347656,494.33062744140625
52,35.0,374.0221862792969,433.6069641113281,453.4225769042969,494.9151306152344
53,35.0,374.1875305175781,433.6007080078125,454.93902587890625,495.8017578125
54,35.0,374.38427734375,433.410888671875,456.20587158203125,496.4913024902344
55,35.0,374.2976379394531,432.599853515625,456.6939697265625,497.0321960449219
56,35.0,374.4211120605469,431.5163269042969,457.8683166503906,497.6363220214844
57,35.0,374.5411376953125,430.6023864746094,459.3406066894531,498.11676025390625
58,35.0,375.00244140625,429.92388916015625,460.21484375,498.97528076171875
59,35.0,375.5160827636719,430.0632019042969,460.8659362792969,499.0028381347656
60,35.0,376.0388488769531,430.80084228515625,461.9668273925781,499.5012512207031
61,35.0,376.1677551269531,430.4436340332031,461.6287841796875,499.5938720703125
62,35.0,376.0476379394531,429.9529113769531,462.8507995605469,500.14019775390625
63,35.0,376.2586364746094,429.958251953125,464.91680908203125,500.26422119140625
64,35.0,376.55517578125,430.3788757324219,465.7513427734375,500.40911865234375
65,35.0,377.4420166015625,431.3054504394531,468.4234619140625,500.7483825683594
66,35.0,378.20697021484375,431.9314270019531,469.6559753417969,501.33563232421875
67,35.0,378.9510192871094,432.0477600097656,470.79541015625,501.3880615234375
68,35.0,379.552734375,432.24322509765625,472.7216491699219,502.2242431640625
69,35.0,380.5151062011719,431.52191162109375,473.67193603515625,502.3560485839844
70,35.0,381.27490234375,431.7849426269531,474.50457763671875,502.7601013183594
71,35.0,381.4396057128906,431.55914306640625,476.0084228515625,503.50189208984375
72,35.0,382.2090148925781,431.6099853515625,477.2712097167969,503.9231872558594
73,35.0,382.2957458496094,431.6467590332031,477.6205139160156,504.5585632324219
74,35.0,382.8428039550781,430.663330078125,477.730224609375,505.4344787597656
75,35.0,383.63189697265625,429.68109130859375,479.00677490234375,505.37554931640625
76,35.0,383.9156188964844,429.0466613769531,480.744873046875,505.49334716796875
77,35.0,384.27532958984375,428.7518310546875,482.8000183105469,505.47503662109375
78,35.0,384.25555419921875,428.9137878417969,484.85125732421875,506.22119140625
79,35.0,384.1545104980469,428.93841552734375,487.25543212890625,506.5447082519531
80,35.0,385.0787048339844,428.2575378417969,489.0950622558594,507.9542541503906
81,35.0,385.5981140136719,428.042724609375,490.5359802246094,508.6370544433594
82,35.0,386.0070495605469,428.2294616699219,492.1753234863281,509.7156066894531
83,35.0,385.8494873046875,429.09912109375,493.4868469238281,510.39581298828125
84,35.0,385.9294128417969,429.5133361816406,495.3187561035156,512.0379028320312
85,35.0,386.6177673339844,428.3816833496094,496.59954833984375,512.8666381835938
86,35.0,388.12213134765625,427.4544372558594,497.98663330078125,513.4673461914062
87,35.0,388.1999206542969,427.2329406738281,499.5324401855469,514.0891723632812
88,35.0,388.10333251953125,426.08453369140625,500.9194641113281,514.4234008789062
89,35.0,389.9346008300781,426.6421203613281,502.4289245605469,514.3346557617188
90,35.0,391.9389343261719,427.5704040527344,504.73516845703125,514.8975219726562
91,35.0,392.3702392578125,428.0419006347656,507.48284912109375,515.8853759765625
92,35.0,392.1925354003906,428.137451171875,508.8306579589844,517.304443359375
93,35.0,391.5987854003906,428.0547790527344,510.5176696777344,519.2021484375
94,35.0,393.2291259765625,427.8174133300781,513.4807739257812,520.52099609375
95,35.0,394.52838134765625,428.6950988769531,516.833740234375,521.58056640625
96,35.0,396.2646789550781,428.606201171875,518.2948608398438,523.1401977539062
97,35.0,398.0871276855469,428.6360168457031,521.6090698242188,523.8353881835938
98,35.0,399.3941345214844,428.3815002441406,524.2105102539062,523.7733154296875
99,35.0,399.79718017578125,427.8968505859375,526.8455200195312,523.85791015625
100,35.0,400.78277587890625,427.595458984375,527.75927734375,525.2394409179688
101,35.0,401.26971435546875,426.91156005859375,528.36376953125,525.1578369140625
102,35.0,401.7892150878906,426.89825439453125,530.785888671875,525.74853515625
103,35.0,403.2227783203125,427.5337829589844,533.8589477539062,525.8613891601562
104,35.0,403.69549560546875,427.0179443359375,537.0973510742188,526.5270385742188
105,35.0,403.89093017578125,427.0777587890625,539.9590454101562,527.425048828125
106,35.0,404.96331787109375,427.8341064453125,542.87841796875,528.669189453125
107,35.0,405.6007385253906,428.1183166503906,545.3408813476562,529.6338500976562
108,35.0,406.5523986816406,427.5933532714844,548.400146484375,531.183349609375
109,35.0,408.1891784667969,426.7846984863281,551.1617431640625,534.050048828125
110,35.0,408.54150390625,426.69561767578125,555.451904296875,534.1578979492188
111,35.0,409.453857421875,426.4109802246094,558.0479736328125,535.3790893554688
112,35.0,409.7861328125,426.5595703125,561.4957885742188,537.2809448242188
113,35.0,410.2314147949219,426.7684020996094,564.5442504882812,538.1668701171875
114,35.0,410.8301086425781,426.23675537109375,568.3955078125,539.2534790039062
115,35.0,410.53399658203125,425.3753662109375,572.6091918945312,541.1232299804688
116,35.0,411.5321350097656,424.8190612792969,575.6679077148438,543.0311889648438
117,35.0,415.0496826171875,426.1634826660156,579.2471313476562,544.8280029296875
118,35.0,417.65509033203125,426.4520263671875,582.4147338867188,546.7485961914062
119,35.0,418.4584045410156,426.3151550292969,586.4020385742188,548.1018676757812
120,35.0,419.829833984375,426.6439514160156,589.9589233398438,549.1928100585938
121,35.0,421.846923828125,426.041748046875,594.2310180664062,549.7523803710938
122,35.0,423.3450012207031,425.62591552734375,598.0896606445312,550.6963500976562
123,35.0,425.7304382324219,425.8670349121094,603.4302368164062,552.125732421875
124,35.0,428.71136474609375,424.5997314453125,608.427001953125,553.15771484375
125,35.0,430.7875061035156,423.3173522949219,612.5633544921875,553.6988525390625
126,35.0,431.686767578125,423.6676025390625,617.1475219726562,556.453369140625
127,35.0,431.9110412597656,422.98748779296875,622.33642578125,558.150390625
128,35.0,432.9689025878906,423.1021728515625,626.312255859375,559.5767822265625
129,35.0,435.55010986328125,422.34991455078125,631.339111328125,561.60302734375
130,35.0,439.96441650390625,421.815185546875,636.4532470703125,563.4307250976562
131,35.0,445.9894714355469,421.9397277832031,641.5706787109375,566.306884765625
132,35.0,451.4755554199219,421.0819396972656,646.9972534179688,569.3945922851562
133,35.0,453.2143249511719,420.7749328613281,653.4212036132812,570.6103515625
134,35.0,451.01654052734375,419.9342041015625,659.7207641601562,572.0687255859375
135,35.0,450.72540283203125,418.6539306640625,666.8392333984375,573.4212036132812
136,35.0,451.4161071777344,417.8271789550781,672.322509765625,575.6799926757812
137,35.0,453.6783752441406,417.41656494140625,679.2338256835938,577.7863159179688
138,35.0,455.05401611328125,416.12530517578125,686.5641479492188,581.8187866210938
139,35.0,456.81842041015625,415.6319885253906,693.7701416015625,583.2828369140625
140,35.0,458.2899169921875,415.91162109375,701.062744140625,586.2359619140625
141,35.0,461.1730651855469,416.1261291503906,709.96044921875,589.3775024414062
142,35.0,465.38287353515625,415.5721435546875,717.259033203125,593.0592041015625
143,35.0,467.6666564941406,415.27996826171875,724.2059326171875,595.3008422851562
144,35.0,469.8033752441406,414.7803649902344,733.7936401367188,597.9199829101562
145,35.0,473.95001220703125,413.4559020996094,743.570068359375,602.0493774414062
146,35.0,477.0340576171875,413.33734130859375,752.7820434570312,605.8355712890625
147,35.0,479.2563171386719,412.2482604980469,762.7136840820312,609.317138671875
148,35.0,482.00823974609375,411.5401306152344,773.661865234375,613.2097778320312
149,35.0,485.22296142578125,411.00762939453125,786.348876953125,618.1165161132812
150,35.0,490.8471984863281,408.8152770996094,796.6289672851562,621.569580078125
151,35.0,494.7911682128906,408.3678283691406,809.4222412109375,624.6868896484375
152,35.0,497.541748046875,406.9478454589844,821.2117919921875,629.3924560546875
153,35.0,502.18792724609375,405.61334228515625,835.9872436523438,633.9994506835938
154,35.0,505.14251708984375,404.1973876953125,848.2293701171875,638.7051391601562
155,35.0,510.9017639160156,404.0873718261719,864.6559448242188,644.6316528320312
156,35.0,516.247314453125,404.3936462402344,880.1785888671875,651.4177856445312
157,35.0,520.2544555664062,405.0326232910156,897.3103637695312,655.665283203125
158,35.0,526.0044555664062,404.0404052734375,915.3379516601562,663.1644897460938
159,35.0,530.6961669921875,404.6703186035156,934.9996337890625,668.0570068359375
160,35.0,537.1810302734375,404.5535888671875,953.9686889648438,675.507080078125
161,35.0,541.226806640625,404.90576171875,975.8997802734375,681.347412109375
162,35.0,546.8694458007812,405.01776123046875,999.1633911132812,690.4649658203125
163,35.0,553.0653076171875,404.29046630859375,1024.843017578125,700.3026733398438
164,35.0,559.6923828125,401.7848205566406,1048.9547119140625,710.0681762695312
165,35.0,566.22216796875,399.0015869140625,1078.4425048828125,718.8819580078125
166,35.0,573.8244018554688,394.6168518066406,1107.8995361328125,730.2752685546875
167,35.0,581.5135498046875,393.2580261230469,1139.05908203125,739.3502807617188
168,35.0,589.9785766601562,392.2151794433594,1175.5443115234375,753.4390258789062
169,35.0,599.63525390625,391.0399169921875,1213.2081298828125,768.9760131835938
170,35.0,608.0437622070312,390.33935546875,1255.4581298828125,784.4818725585938
171,35.0,618.8434448242188,388.69781494140625,1300.7835693359375,800.7508544921875
172,35.0,628.5349731445312,388.94647216796875,1351.728271484375,818.817138671875
173,35.0,639.7085571289062,388.0675964355469,1405.8697509765625,838.8900146484375
174,35.0,651.7819213867188,385.13470458984375,1465.5579833984375,862.8488159179688
175,35.0,665.8637084960938,378.741455078125,1532.31201171875,888.2645263671875
176,35.0,679.2158203125,374.2451171875,1609.8629150390625,917.78076171875
177,35.0,692.6570434570312,366.8238830566406,1697.996826171875,951.0576171875
178,35.0,709.0392456054688,361.8294982910156,1796.5281982421875,991.1907958984375
179,35.0,726.677490234375,358.4211120605469,1883.502197265625,1032.435791015625
180,35.0,744.5359497070312,353.6335754394531,1920.0,1062.8887939453125
181,35.0,763.7047119140625,351.1795959472656,1920.0,1074.436767578125
182,35.0,786.0831298828125,345.9612121582031,1920.0,1079.6212158203125
183,35.0,808.1715087890625,341.4665832519531,1920.0,1080.0
184,35.0,831.7464599609375,334.55718994140625,1920.0,1080.0
185,35.0,862.1041870117188,325.9953308105469,1920.0,1080.0
186,35.0,895.7039184570312,318.7664489746094,1920.0,1074.93994140625
187,35.0,931.5433959960938,309.6627197265625,1920.0,1071.60400390625
188,35.0,971.701171875,297.73602294921875,1920.0,1068.700439453125
189,35.0,1018.1097412109375,283.3025817871094,1920.0,1070.026123046875
190,35.0,1074.5167236328125,270.20343017578125,1920.0,1071.16064453125
191,35.0,1138.2178955078125,266.3456726074219,1920.0,1071.72705078125
192,35.0,1210.553466796875,275.1028137207031,1920.0,1073.1319580078125
193,35.0,1296.7724609375,308.7144470214844,1920.0,1075.2288818359375
194,35.0,1403.1591796875,374.19696044921875,1920.0,1074.8427734375
195,35.0,1531.8603515625,475.88165283203125,1920.0,1074.276123046875
196,35.0,1691.2227783203125,543.9013061523438,1920.0,1072.7271728515625
