42,51,364.1436462402344,443.6643371582031,412.0574035644531,473.61431884765625
43,51,364.59979248046875,444.4340515136719,411.96527099609375,473.12518310546875
44,51,364.8939514160156,444.7859802246094,412.007568359375,473.2098693847656
45,51,365.2431945800781,444.15167236328125,412.26397705078125,473.0936584472656
46,51,366.1044616699219,440.3844909667969,412.8344421386719,472.7658996582031
47,51,366.8353576660156,440.4989929199219,413.04510498046875,473.9600524902344
48,51,367.3848876953125,441.4058532714844,412.9450988769531,474.88623046875
49,51,367.8931579589844,442.3927917480469,412.9932861328125,475.51849365234375
50,51,368.1742248535156,442.6741027832031,412.8327331542969,475.5791320800781
51,51,368.7157897949219,443.4228210449219,413.21209716796875,475.8527526855469
52,51,367.4956359863281,441.8245849609375,412.9696350097656,476.029052734375
53,51,368.0068359375,442.84759521484375,413.5458068847656,476.06781005859375
54,51,367.8579406738281,443.2933349609375,414.4223327636719,475.6607666015625
55,51,367.9181823730469,443.39788818359375,415.1302490234375,475.4316711425781
56,51,367.5828857421875,443.6462097167969,416.59906005859375,475.03106689453125
57,51,367.652099609375,443.974365234375,417.0989990234375,475.2195129394531
58,51,367.9564208984375,442.9929504394531,418.0062561035156,475.53900146484375
59,51,368.1094665527344,442.5634460449219,418.7015686035156,475.9834899902344
60,51,368.1838684082031,442.4540100097656,420.29461669921875,476.27923583984375
61,51,368.1031188964844,441.547119140625,421.1573486328125,476.69598388671875
62,51,368.0670471191406,442.22705078125,421.4306335449219,476.8315124511719
63,51,368.4267272949219,442.4742126464844,421.2138977050781,477.194091796875
64,51,368.7725830078125,442.7472229003906,420.34246826171875,477.66778564453125
65,51,368.7533264160156,442.95892333984375,421.43438720703125,477.9266052246094
66,51,369.23291015625,441.401123046875,422.4323425292969,478.3643798828125
67,51,369.4924621582031,440.8648681640625,423.9130859375,478.5867614746094
68,51,369.7641906738281,440.08880615234375,424.46173095703125,479.340087890625
69,51,369.8282775878906,439.7192077636719,425.9841003417969,479.7301330566406
70,51,369.813232421875,440.03936767578125,426.8567199707031,480.062255859375
71,51,369.62841796875,440.19366455078125,428.6304626464844,480.8556213378906
72,51,369.759765625,439.7932434082031,429.6182556152344,481.40673828125
73,51,369.7811584472656,439.704833984375,430.8695068359375,481.88116455078125
74,51,370.1876220703125,439.1087951660156,431.8643493652344,481.93841552734375
75,51,370.69451904296875,438.4903869628906,433.0523986816406,481.8912048339844
76,51,371.7073974609375,436.2950744628906,434.5782470703125,482.4826965332031
77,51,372.076416015625,436.2297668457031,435.1389465332031,483.5599060058594
78,51,372.3687438964844,435.948486328125,436.3271484375,484.46087646484375
79,51,372.8622741699219,435.804443359375,437.1141357421875,484.7278137207031
80,51,372.9554443359375,435.48236083984375,438.3521423339844,484.77734375
81,51,373.1662292480469,435.009765625,438.9226989746094,484.92529296875
82,51,373.5168762207031,434.5804138183594,440.4656982421875,485.5988464355469
83,51,374.031982421875,434.2054138183594,442.54144287109375,487.0091247558594
84,51,374.40643310546875,434.14434814453125,443.724609375,488.1933288574219
85,51,374.4057312011719,433.6556396484375,443.7364807128906,488.6480712890625
86,51,374.5909423828125,432.76739501953125,445.40667724609375,488.9959716796875
87,51,374.53192138671875,433.4037780761719,446.9577941894531,489.9189758300781
88,51,374.89361572265625,434.1843566894531,449.2061767578125,490.796142578125
89,51,375.84100341796875,434.0638427734375,449.9485778808594,490.7810974121094
90,51,376.0475158691406,434.6242980957031,451.28631591796875,490.7759704589844
91,51,375.7961730957031,434.1060791015625,452.8082275390625,490.92315673828125
92,51,375.97564697265625,433.904541015625,455.7357482910156,491.12054443359375
93,51,377.2477722167969,433.77032470703125,457.29815673828125,491.35498046875
94,51,378.5535888671875,434.4110107421875,458.2778015136719,491.8053283691406
95,51,378.61944580078125,434.564697265625,459.04962158203125,492.0248107910156
96,51,378.9305725097656,434.0176696777344,459.7528076171875,492.4777526855469
97,51,381.25238037109375,433.0274658203125,462.9998779296875,495.0829162597656
98,51,382.03375244140625,432.9732360839844,466.4311828613281,496.7109069824219
99,51,381.6554260253906,432.9583435058594,469.1993408203125,497.4571838378906
100,51,383.85394287109375,433.5865783691406,470.21759033203125,498.1736755371094
101,51,385.35504150390625,434.0132751464844,472.0164794921875,498.90106201171875
102,51,385.7426452636719,433.90386962890625,473.2975769042969,499.0603942871094
103,51,386.9481506347656,433.41558837890625,474.7950744628906,499.9678649902344
104,51,387.8692321777344,431.8475036621094,475.7725524902344,499.9652099609375
105,51,387.69427490234375,431.08056640625,479.1554260253906,500.047119140625
106,51,387.92791748046875,430.2445983886719,482.309326171875,501.2273254394531
107,51,388.19366455078125,429.7816467285156,483.9102783203125,502.35009765625
108,51,389.4243469238281,429.1871337890625,486.16827392578125,503.1145935058594
109,51,391.1502990722656,428.83660888671875,490.3235168457031,503.4988708496094
110,51,392.6360168457031,428.5362243652344,493.3863830566406,504.42669677734375
111,51,392.99591064453125,429.4962463378906,495.961669921875,505.5536804199219
112,51,395.0480041503906,429.5867919921875,498.3008117675781,506.2725524902344
113,51,395.8678283691406,430.0577087402344,500.2735595703125,507.5601501464844
114,51,398.3773498535156,430.17242431640625,502.8461608886719,508.4559631347656
115,51,398.7467956542969,429.6861267089844,506.53375244140625,510.42071533203125
116,51,399.7427062988281,428.6379089355469,510.8992614746094,512.432373046875
117,51,401.0729064941406,428.78070068359375,514.2822265625,514.5608520507812
118,51,400.6382141113281,428.60260009765625,518.0272216796875,516.1406860351562
119,51,402.4911193847656,428.4226379394531,521.9865112304688,516.9522705078125
120,51,403.5719909667969,427.73162841796875,525.4227905273438,518.1478271484375
121,51,404.9041748046875,426.3813171386719,529.7330322265625,520.4049682617188
122,51,407.0592956542969,426.2552185058594,533.3043212890625,522.4633178710938
123,51,409.3160400390625,425.6492919921875,538.0118408203125,523.8648681640625
124,51,410.810302734375,425.9336853027344,542.7311401367188,524.9270629882812
125,51,410.81201171875,426.04949951171875,547.5752563476562,526.0601806640625
126,51,411.7398986816406,426.06829833984375,553.0079956054688,526.8143310546875
127,51,413.08221435546875,426.572265625,557.1067504882812,527.7925415039062
128,51,416.5872802734375,426.2124328613281,562.8466186523438,529.9395751953125
129,51,418.1649169921875,426.3758850097656,568.0823364257812,534.4425659179688
130,51,421.2237854003906,426.09661865234375,574.47607421875,536.66845703125
131,51,424.8796081542969,425.87371826171875,579.6864624023438,538.0576171875
132,51,428.85760498046875,425.4533996582031,586.8831787109375,539.8886108398438
133,51,433.4361267089844,424.1745910644531,593.28955078125,543.5198974609375
134,51,434.5951843261719,423.12347412109375,599.0680541992188,546.5677490234375
135,51,435.1533508300781,422.2096862792969,607.6632080078125,548.6959228515625
136,51,437.9651184082031,421.6208190917969,614.5504760742188,551.3203735351562
137,51,441.21197509765625,421.92987060546875,621.9639282226562,553.1862182617188
138,51,445.99505615234375,422.35198974609375,631.0983276367188,555.8545532226562
139,51,448.9356994628906,421.3408203125,639.9739990234375,558.0796508789062
140,51,453.6813049316406,420.0023193359375,649.4529418945312,560.698486328125
141,51,455.711669921875,418.4730529785156,660.838623046875,564.4456787109375
142,51,458.22833251953125,417.9051513671875,670.4283447265625,570.0472412109375
143,51,460.5366516113281,417.8346252441406,681.7417602539062,573.132080078125
144,51,465.2379150390625,416.741943359375,693.56298828125,576.3822021484375
145,51,469.5107421875,416.16448974609375,706.2012939453125,582.2317504882812
146,51,473.4316711425781,414.9486999511719,719.1021118164062,587.194580078125
147,51,478.2498474121094,412.7254333496094,736.0563354492188,593.6907348632812
148,51,482.7193298339844,411.5322265625,751.802490234375,598.9025268554688
149,51,489.92181396484375,410.111328125,767.8262329101562,605.2201538085938
150,51,496.1792297363281,408.5922546386719,786.9088134765625,612.9127197265625
151,51,501.1177062988281,404.8331298828125,806.6839599609375,619.8941040039062
152,51,508.2552185058594,403.6222229003906,830.0042724609375,627.61962890625
153,51,515.7221069335938,403.04925537109375,854.6908569335938,634.250732421875
154,51,523.6874389648438,403.12158203125,881.167236328125,643.0413818359375
155,51,532.9275512695312,403.0859069824219,909.15478515625,653.4439086914062
156,51,542.00244140625,403.80389404296875,942.5882568359375,663.025390625
157,51,551.3336791992188,404.6479187011719,978.5574951171875,676.4429321289062
158,51,561.5257568359375,403.07196044921875,1019.730712890625,691.9931030273438
159,51,573.3780517578125,398.5425109863281,1064.8192138671875,708.7557373046875
160,51,586.2991333007812,392.6468200683594,1117.309326171875,724.007080078125
161,51,602.5857543945312,391.0794677734375,1175.9617919921875,743.3570556640625
162,51,618.8718872070312,389.6850280761719,1245.1217041015625,769.092529296875
163,51,635.9097900390625,389.1866149902344,1322.8876953125,797.71484375
164,51,656.2368774414062,386.8318786621094,1415.238037109375,831.9552612304688
165,51,678.5308227539062,382.7330627441406,1532.93359375,874.5095825195312
166,51,704.486572265625,376.8309020996094,1670.244873046875,926.72412109375
167,51,735.768798828125,368.0813293457031,1832.772216796875,993.1171875
168,51,767.2432861328125,360.0890808105469,1906.029052734375,1048.4324951171875
169,51,803.393798828125,352.4580078125,1920.0,1070.68212890625
170,51,844.8350830078125,345.0213623046875,1920.0,1080.0
171,51,900.272216796875,331.81121826171875,1920.0,1078.6851806640625
172,51,970.34375,315.9398193359375,1920.0,1074.813232421875
173,51,1054.4356689453125,294.322509765625,1920.0,1076.9666748046875
174,51,1160.3448486328125,281.073486328125,1920.0,1078.1134033203125
175,51,1304.2845458984375,310.41412353515625,1920.0,1080.0
