71,2.0,298.0,569.7696533203125,469.48687744140625,621.1476440429688,500.7826232910156
72,2.0,298.0,569.9769287109375,469.4270935058594,622.039306640625,500.7944030761719
73,2.0,298.0,570.4149780273438,469.82916259765625,622.6817626953125,500.6009826660156
74,2.0,298.0,570.7514038085938,468.4974670410156,624.2569580078125,499.9796142578125
75,2.0,298.0,571.7744140625,468.3598937988281,625.1188354492188,499.3169250488281
76,2.0,298.0,572.0130615234375,467.1565856933594,625.5286865234375,499.1898193359375
77,2.0,298.0,572.4009399414062,467.1734619140625,626.621337890625,499.0879211425781
78,2.0,298.0,573.5734252929688,467.4078674316406,626.9864501953125,500.463134765625
79,2.0,298.0,574.2651977539062,467.0341796875,626.9653930664062,500.51446533203125
80,2.0,298.0,576.707763671875,467.33642578125,627.5652465820312,501.1602783203125
81,2.0,298.0,577.7693481445312,467.1389465332031,628.353515625,501.52801513671875
82,2.0,298.0,578.3875122070312,466.8196105957031,628.6166381835938,501.0953369140625
83,2.0,298.0,578.6774291992188,467.4417419433594,629.14990234375,500.75372314453125
84,2.0,298.0,578.5255126953125,467.5412292480469,629.794189453125,500.6355895996094
85,2.0,298.0,578.3300170898438,467.7419738769531,630.3809204101562,500.93341064453125
86,2.0,298.0,579.2784423828125,467.6727600097656,631.57275390625,501.4230041503906
87,2.0,298.0,580.8487548828125,467.1410217285156,632.7930908203125,501.7549743652344
88,2.0,298.0,582.0355224609375,466.8731689453125,633.7388916015625,502.0934143066406
89,2.0,298.0,582.9864501953125,466.83868408203125,634.607666015625,502.4632873535156
90,2.0,298.0,582.5061645507812,467.9034118652344,635.8014526367188,502.79840087890625
91,2.0,298.0,583.1154174804688,467.5433044433594,636.3992919921875,502.9759521484375
92,2.0,298.0,584.1204223632812,467.8249206542969,637.7232666015625,503.673095703125
93,2.0,298.0,584.160888671875,466.8468017578125,639.1260986328125,503.3721008300781
94,2.0,298.0,585.5353393554688,465.8626708984375,641.2350463867188,503.54095458984375
95,2.0,298.0,587.3624267578125,464.6944274902344,644.1104736328125,503.9654541015625
96,2.0,298.0,588.7271118164062,463.1971435546875,646.0206298828125,504.1666564941406
97,2.0,298.0,589.2178955078125,463.7807922363281,648.2267456054688,504.86285400390625
98,2.0,298.0,589.7691040039062,464.4935302734375,649.53515625,505.1768798828125
99,2.0,298.0,591.4219970703125,461.2123718261719,650.9102172851562,505.44873046875
100,2.0,298.0,590.7759399414062,460.9034118652344,651.9215698242188,505.830322265625
101,2.0,298.0,590.44580078125,460.8445739746094,652.8399047851562,506.04547119140625
102,2.0,298.0,590.57958984375,459.9932556152344,654.1437377929688,507.04168701171875
103,2.0,298.0,592.486083984375,459.04168701171875,655.913330078125,507.5857238769531
104,2.0,298.0,593.6322631835938,457.7158508300781,657.6123046875,507.5055236816406
105,2.0,298.0,594.6989135742188,458.21026611328125,659.924560546875,507.464599609375
106,2.0,298.0,596.67724609375,458.4417419433594,661.5834350585938,507.6574401855469
107,2.0,298.0,598.0917358398438,458.6105651855469,662.6572265625,508.29559326171875
108,2.0,298.0,598.7999877929688,458.9945068359375,665.899658203125,509.8139343261719
109,2.0,298.0,599.1407470703125,458.33038330078125,669.0781860351562,511.42620849609375
110,2.0,298.0,599.807373046875,458.56866455078125,672.570068359375,512.6788330078125
111,2.0,298.0,600.94970703125,458.5787048339844,674.71875,513.5047607421875
112,2.0,298.0,602.6800537109375,457.7723083496094,676.4606323242188,513.8314819335938
113,2.0,298.0,602.8886108398438,457.3061218261719,678.6749267578125,514.423095703125
114,2.0,298.0,604.1759033203125,456.98614501953125,682.3070678710938,514.6996459960938
115,2.0,298.0,605.5916748046875,456.505615234375,684.2840576171875,515.10009765625
116,2.0,298.0,606.1040649414062,456.0512390136719,686.84228515625,516.3008422851562
117,2.0,298.0,607.4147338867188,456.1139221191406,689.244384765625,516.6520385742188
118,2.0,298.0,607.8484497070312,455.34954833984375,692.8801879882812,516.5589599609375
119,2.0,298.0,609.3793334960938,455.003173828125,695.944580078125,516.6475219726562
120,2.0,298.0,610.4804077148438,454.3758239746094,698.693115234375,518.6229248046875
121,2.0,298.0,611.7341918945312,453.9541015625,701.9141845703125,521.18701171875
122,2.0,298.0,613.5120849609375,453.82684326171875,706.5396118164062,522.4454345703125
123,2.0,298.0,614.5319213867188,453.4567565917969,709.420654296875,523.5643310546875
124,2.0,298.0,615.70068359375,452.5345458984375,713.254638671875,524.304931640625
125,2.0,298.0,617.7516479492188,452.1728515625,717.5128173828125,525.0480346679688
126,2.0,298.0,621.0531005859375,451.8616638183594,721.834716796875,526.45703125
127,2.0,298.0,622.153564453125,450.78204345703125,726.5662231445312,526.567626953125
128,2.0,298.0,623.5839233398438,450.1475524902344,731.0995483398438,527.5270385742188
129,2.0,298.0,624.311767578125,448.20166015625,736.1549072265625,528.5549926757812
130,2.0,298.0,627.3451538085938,446.37274169921875,740.7665405273438,529.9736328125
131,2.0,298.0,629.421875,446.2364196777344,747.5884399414062,531.9448852539062
132,2.0,298.0,633.0384521484375,446.8438720703125,753.2747802734375,533.8099975585938
133,2.0,298.0,635.0866088867188,447.1556701660156,759.8457641601562,535.7689819335938
134,2.0,298.0,638.4811401367188,445.9508361816406,767.31298828125,536.958984375
135,2.0,298.0,640.4091186523438,445.13299560546875,773.9253540039062,538.8616943359375
136,2.0,298.0,643.6485595703125,444.32366943359375,781.3067016601562,541.4901123046875
137,2.0,298.0,646.6895751953125,444.033935546875,788.899658203125,544.6740112304688
138,2.0,298.0,649.7008666992188,443.9327392578125,796.8334350585938,547.161865234375
139,2.0,298.0,650.9849243164062,442.1435241699219,806.5853271484375,549.1633911132812
140,2.0,298.0,654.305908203125,440.5829162597656,814.5457153320312,550.711181640625
141,2.0,298.0,659.3555908203125,439.3937072753906,824.917724609375,552.7079467773438
142,2.0,298.0,663.3794555664062,438.7066955566406,836.47021484375,554.6448364257812
143,2.0,298.0,667.5927124023438,436.38043212890625,848.1209106445312,558.9034423828125
144,2.0,298.0,672.5612182617188,435.46722412109375,861.2195434570312,561.2322998046875
145,2.0,298.0,680.1707763671875,433.5318908691406,876.6898803710938,566.7774658203125
146,2.0,298.0,685.492431640625,433.6217041015625,890.6022338867188,571.1527099609375
147,2.0,298.0,692.5409545898438,432.6191711425781,906.8688354492188,575.9794921875
148,2.0,298.0,698.4046020507812,430.8937072753906,925.25390625,581.43798828125
149,2.0,298.0,704.8887329101562,425.41949462890625,946.887451171875,589.8924560546875
150,2.0,298.0,714.1553955078125,422.1365661621094,969.2630615234375,596.3262939453125
151,2.0,298.0,722.1224975585938,421.6611328125,995.4276123046875,604.5477294921875
152,2.0,298.0,731.883056640625,418.4858093261719,1023.54736328125,612.063720703125
153,2.0,298.0,744.195068359375,416.3754577636719,1056.1103515625,619.123779296875
154,2.0,298.0,753.3572387695312,411.52813720703125,1094.40185546875,629.6194458007812
155,2.0,298.0,766.3095092773438,406.4482116699219,1138.237060546875,642.16015625
156,2.0,298.0,783.6807861328125,402.6029968261719,1188.8702392578125,656.08154296875
157,2.0,298.0,798.1812133789062,397.5144958496094,1248.4722900390625,673.2644653320312
158,2.0,298.0,817.3834228515625,389.7243957519531,1320.26904296875,694.3037719726562
159,2.0,298.0,840.1582641601562,382.7025146484375,1408.1817626953125,719.2281494140625
160,2.0,298.0,867.4887084960938,372.0672912597656,1517.28466796875,753.5744018554688
161,2.0,298.0,897.752197265625,360.7425537109375,1655.2384033203125,795.95654296875
162,2.0,298.0,933.649658203125,347.1936950683594,1828.050537109375,853.254150390625
163,2.0,298.0,975.9405517578125,327.0650939941406,1901.0079345703125,934.9063720703125
164,2.0,298.0,1027.914794921875,303.9384460449219,1920.0,1021.3751831054688
165,2.0,298.0,1098.0223388671875,274.89190673828125,1920.0,1048.065185546875
166,2.0,298.0,1193.5076904296875,235.76425170898438,1920.0,1054.0552978515625
167,2.0,298.0,1326.5677490234375,208.49073791503906,1920.0,1067.6810302734375
168,2.0,298.0,1527.371826171875,274.05841064453125,1920.0,1076.2125244140625
