72,2.0,297.0,363.2265625,427.5272521972656,412.74945068359375,465.27569580078125
73,2.0,297.0,363.78668212890625,426.6597900390625,412.7049560546875,465.2252197265625
74,2.0,297.0,364.4388122558594,426.67840576171875,414.04522705078125,465.481201171875
75,2.0,297.0,364.9349060058594,426.46380615234375,416.278564453125,465.9105529785156
76,2.0,297.0,365.45465087890625,425.8164367675781,418.54449462890625,466.62884521484375
77,2.0,297.0,365.6960144042969,425.63958740234375,420.2182312011719,466.69427490234375
78,2.0,297.0,366.26348876953125,427.2912902832031,421.3258972167969,467.0559997558594
79,2.0,297.0,366.6257629394531,427.8267517089844,423.6235656738281,467.59954833984375
80,2.0,297.0,367.2835388183594,428.490478515625,424.697998046875,467.8760070800781
81,2.0,297.0,367.7403259277344,429.5337829589844,425.52105712890625,468.4201965332031
82,2.0,297.0,367.07659912109375,429.329345703125,426.6141052246094,468.60791015625
83,2.0,297.0,367.0460510253906,428.55535888671875,428.0566711425781,469.566162109375
84,2.0,297.0,368.172607421875,428.6700744628906,428.8094177246094,470.16778564453125
85,2.0,297.0,369.5223083496094,428.4060974121094,430.20086669921875,469.9031066894531
86,2.0,297.0,371.5722351074219,428.3914794921875,430.7640075683594,469.5806884765625
87,2.0,297.0,372.81048583984375,428.49688720703125,431.4212341308594,469.563232421875
88,2.0,297.0,373.8551025390625,428.51580810546875,432.92449951171875,470.6209716796875
89,2.0,297.0,374.84759521484375,429.26263427734375,434.2201843261719,472.37060546875
90,2.0,297.0,374.6363220214844,426.5322265625,437.88153076171875,473.00567626953125
91,2.0,297.0,374.52398681640625,424.1917724609375,441.6074523925781,473.7387390136719
92,2.0,297.0,375.3466796875,422.61468505859375,443.5152282714844,473.81982421875
93,2.0,297.0,376.4425354003906,422.39752197265625,445.97833251953125,474.1190490722656
94,2.0,297.0,378.6978454589844,421.7783203125,448.04888916015625,475.2508239746094
95,2.0,297.0,379.57855224609375,421.46807861328125,450.4766540527344,476.07073974609375
96,2.0,297.0,381.4101867675781,421.63177490234375,452.1402587890625,476.1869812011719
97,2.0,297.0,383.5670166015625,422.7380065917969,453.6219177246094,476.86505126953125
98,2.0,297.0,384.20306396484375,422.7903747558594,456.5647888183594,477.0115051269531
99,2.0,297.0,385.66583251953125,421.32318115234375,460.1501159667969,477.9237060546875
100,2.0,297.0,386.4801330566406,421.2899475097656,462.8097229003906,478.6761169433594
101,2.0,297.0,387.6281433105469,421.49609375,465.8127746582031,479.422119140625
102,2.0,297.0,387.9809875488281,421.7896423339844,468.3602600097656,480.50482177734375
103,2.0,297.0,387.8901672363281,421.841552734375,470.8912658691406,482.0862731933594
104,2.0,297.0,389.1905212402344,421.865966796875,473.1918029785156,483.5434875488281
105,2.0,297.0,390.8055114746094,421.5488586425781,477.4491882324219,484.7644348144531
106,2.0,297.0,392.6601867675781,421.7025146484375,480.5248107910156,486.0180969238281
107,2.0,297.0,395.4104309082031,421.59307861328125,484.9822082519531,486.9998474121094
108,2.0,297.0,397.34173583984375,420.9662780761719,490.0093994140625,488.4350280761719
109,2.0,297.0,398.7793884277344,420.1454162597656,495.3326416015625,489.29888916015625
110,2.0,297.0,399.6483154296875,419.9101257324219,497.8840026855469,490.03448486328125
111,2.0,297.0,402.3768005371094,417.7521057128906,501.3487854003906,491.2086486816406
112,2.0,297.0,403.9894104003906,417.9940490722656,506.2633361816406,492.2879638671875
113,2.0,297.0,406.9247131347656,418.43603515625,512.361328125,493.5589904785156
114,2.0,297.0,408.9185485839844,418.001953125,516.3803100585938,495.19573974609375
115,2.0,297.0,410.5052490234375,418.4526062011719,519.3234252929688,497.28167724609375
116,2.0,297.0,412.2370910644531,418.08026123046875,527.171630859375,499.2056579589844
117,2.0,297.0,412.1820983886719,416.8465881347656,533.0496215820312,500.72161865234375
118,2.0,297.0,415.3955078125,415.7526550292969,539.4740600585938,502.1591491699219
119,2.0,297.0,420.5608215332031,415.5140686035156,546.359375,503.568359375
120,2.0,297.0,422.5404357910156,415.98504638671875,552.0686645507812,505.404052734375
121,2.0,297.0,427.427001953125,415.5030517578125,558.7966918945312,509.6365051269531
122,2.0,297.0,432.4562683105469,415.08941650390625,568.1145629882812,512.5536499023438
123,2.0,297.0,435.9436340332031,413.4357604980469,574.96533203125,514.3155517578125
124,2.0,297.0,438.7168273925781,412.7107849121094,583.0685424804688,516.0602416992188
125,2.0,297.0,442.02105712890625,412.1758728027344,590.1577758789062,519.1002197265625
126,2.0,297.0,446.03155517578125,411.8537902832031,600.9583740234375,521.7278442382812
127,2.0,297.0,451.2613830566406,411.8461608886719,612.49169921875,525.281494140625
128,2.0,297.0,456.0068359375,410.45758056640625,623.5692749023438,526.659912109375
129,2.0,297.0,459.2259826660156,408.8497009277344,635.8784790039062,530.6464233398438
130,2.0,297.0,465.8851623535156,408.2657775878906,648.3500366210938,536.021728515625
131,2.0,297.0,471.3744201660156,407.87176513671875,662.6204833984375,539.7296752929688
132,2.0,297.0,476.7855529785156,405.6991882324219,677.4628295898438,545.0217895507812
133,2.0,297.0,483.1460876464844,404.11102294921875,694.331787109375,549.4614868164062
134,2.0,297.0,490.563232421875,403.29827880859375,712.1986694335938,554.4593505859375
135,2.0,297.0,499.6758728027344,400.6950378417969,731.642578125,559.140869140625
136,2.0,297.0,507.1966552734375,400.7456970214844,754.1192016601562,567.6221923828125
137,2.0,297.0,516.6429443359375,398.5431213378906,777.3125610351562,574.27734375
138,2.0,297.0,526.2762451171875,396.8662109375,804.1082763671875,582.2386474609375
139,2.0,297.0,536.3660888671875,394.16229248046875,833.776611328125,592.1858520507812
140,2.0,297.0,548.9620971679688,393.4200439453125,867.6282958984375,601.1756591796875
141,2.0,297.0,561.3807983398438,392.1164245605469,905.0427856445312,612.2485961914062
142,2.0,297.0,577.189453125,389.6921081542969,948.9698486328125,626.4190673828125
143,2.0,297.0,594.073974609375,387.2638244628906,998.5177001953125,639.738037109375
144,2.0,297.0,613.075927734375,386.5353698730469,1058.772216796875,656.7755737304688
145,2.0,297.0,633.2235107421875,379.71185302734375,1127.3099365234375,680.251953125
146,2.0,297.0,657.3042602539062,378.3443298339844,1209.7379150390625,705.6929931640625
147,2.0,297.0,686.99755859375,374.4952697753906,1308.8739013671875,735.0958251953125
148,2.0,297.0,719.2291870117188,372.1106872558594,1431.3544921875,775.110107421875
149,2.0,297.0,756.0084838867188,364.1588439941406,1590.4573974609375,824.8897705078125
150,2.0,297.0,800.0278930664062,358.2982177734375,1794.8643798828125,892.2852172851562
151,2.0,297.0,848.7094116210938,351.3129577636719,1889.15869140625,985.2550659179688
152,2.0,297.0,916.91943359375,341.80230712890625,1920.0,1044.32958984375
153,2.0,297.0,1002.63916015625,326.5028991699219,1920.0,1064.0888671875
154,2.0,297.0,1118.9361572265625,303.0917053222656,1920.0,1069.100341796875
155,2.0,297.0,1277.6474609375,295.59136962890625,1920.0,1078.145263671875
156,2.0,297.0,1509.6224365234375,373.0747375488281,1920.0,1080.0
