2,2.0,266.0,365.1714172363281,440.25823974609375,427.2666320800781,484.7196044921875
3,2.0,266.0,365.1011657714844,440.5375671386719,428.6187438964844,485.01434326171875
4,2.0,266.0,365.3164978027344,441.5954895019531,429.9350891113281,485.0509948730469
5,2.0,266.0,365.6630554199219,442.29718017578125,431.5550842285156,485.1289367675781
6,2.0,266.0,366.2550964355469,441.2900085449219,432.6162109375,485.011962890625
7,2.0,266.0,366.5793151855469,442.7738342285156,432.8478698730469,484.7544250488281
8,2.0,266.0,366.4894104003906,441.65606689453125,433.4062805175781,485.03753662109375
9,2.0,266.0,366.52960205078125,441.0384521484375,434.60723876953125,485.5511474609375
10,2.0,266.0,366.3533020019531,441.1077880859375,435.7747497558594,486.4804992675781
11,2.0,266.0,366.6527099609375,441.3712158203125,436.18670654296875,487.5931396484375
12,2.0,266.0,366.44091796875,439.5437927246094,436.5807800292969,488.0396728515625
13,2.0,266.0,366.6390380859375,438.0672607421875,437.138671875,488.4322814941406
14,2.0,266.0,367.0937194824219,436.87799072265625,437.1374206542969,489.2796630859375
15,2.0,266.0,368.1154479980469,436.3003234863281,438.0443420410156,489.49871826171875
16,2.0,266.0,368.8133850097656,435.4394226074219,438.86444091796875,489.4722595214844
17,2.0,266.0,369.0847473144531,434.09765625,440.14764404296875,489.740478515625
18,2.0,266.0,369.0520324707031,434.44427490234375,441.00115966796875,489.905029296875
19,2.0,266.0,369.47222900390625,434.7247314453125,441.4879150390625,490.0279846191406
20,2.0,266.0,370.20751953125,434.08123779296875,442.81256103515625,490.1263427734375
21,2.0,266.0,371.2489929199219,434.0513916015625,443.66015625,490.2121887207031
22,2.0,266.0,371.7317810058594,433.6094970703125,444.8089599609375,490.3363342285156
23,2.0,266.0,372.3918762207031,432.44708251953125,444.7402038574219,490.3934631347656
24,2.0,266.0,372.467041015625,431.9886779785156,446.32733154296875,491.3080749511719
25,2.0,266.0,372.4908142089844,431.96002197265625,447.2976989746094,491.5798034667969
26,2.0,266.0,373.119140625,432.529296875,447.9297790527344,491.8092041015625
27,2.0,266.0,373.197998046875,432.2081298828125,449.05877685546875,492.34686279296875
28,2.0,266.0,373.4591064453125,432.46063232421875,449.2212219238281,492.39678955078125
29,2.0,266.0,373.8295593261719,432.65948486328125,450.7373352050781,492.86444091796875
30,2.0,266.0,373.9028625488281,432.0523681640625,451.0419921875,493.6524963378906
31,2.0,266.0,374.28973388671875,431.2106018066406,451.4925537109375,494.0227355957031
32,2.0,266.0,374.17864990234375,430.4228210449219,453.3463134765625,493.82220458984375
33,2.0,266.0,374.3683166503906,430.1413879394531,454.92987060546875,493.9339599609375
34,2.0,266.0,374.447265625,429.20660400390625,455.81768798828125,494.2261962890625
35,2.0,266.0,374.80316162109375,429.06024169921875,457.4873352050781,495.2392578125
36,2.0,266.0,375.318115234375,429.73193359375,458.06134033203125,495.9338684082031
37,2.0,266.0,375.8123474121094,430.0885314941406,459.0523376464844,496.3676452636719
38,2.0,266.0,376.022705078125,430.450927734375,460.9533996582031,497.5265808105469
39,2.0,266.0,376.3126220703125,430.63592529296875,461.9893493652344,498.0903625488281
40,2.0,266.0,376.7018737792969,430.35455322265625,462.89117431640625,498.095703125
41,2.0,266.0,376.371826171875,430.54644775390625,464.47467041015625,499.2630615234375
42,2.0,266.0,377.0381164550781,430.5138244628906,466.2956237792969,500.1045837402344
43,2.0,266.0,378.7080078125,430.0195007324219,467.9845886230469,500.1807556152344
44,2.0,266.0,379.3520202636719,429.89581298828125,470.9481506347656,500.76422119140625
45,2.0,266.0,380.4446105957031,430.37060546875,472.2240905761719,500.5598449707031
46,2.0,266.0,381.43133544921875,430.7857360839844,474.0472717285156,501.3841857910156
47,2.0,266.0,382.2757263183594,431.11077880859375,475.22723388671875,501.77606201171875
48,2.0,266.0,383.20037841796875,432.1616516113281,475.2085266113281,502.1301574707031
49,2.0,266.0,383.6761474609375,432.6540222167969,476.9864807128906,501.8878479003906
50,2.0,266.0,384.27154541015625,432.03167724609375,477.2506103515625,502.04046630859375
51,2.0,266.0,384.72393798828125,431.8973388671875,478.1693115234375,502.5281066894531
52,2.0,266.0,385.2560119628906,431.3386535644531,479.4076232910156,503.26116943359375
53,2.0,266.0,385.515869140625,430.7134704589844,482.9095153808594,504.32666015625
54,2.0,266.0,385.9775695800781,429.91717529296875,484.2555236816406,504.62384033203125
55,2.0,266.0,385.923828125,429.9879455566406,486.3553161621094,505.0853271484375
56,2.0,266.0,386.3056335449219,429.52618408203125,488.0595397949219,505.77142333984375
57,2.0,266.0,386.3073425292969,429.989013671875,489.6107177734375,505.8619384765625
58,2.0,266.0,386.6706848144531,429.980712890625,491.1595153808594,506.998291015625
59,2.0,266.0,387.7337341308594,429.8098449707031,493.0106201171875,507.6619567871094
60,2.0,266.0,388.9402160644531,429.0148010253906,496.850830078125,508.8221435546875
61,2.0,266.0,388.9117431640625,428.9736633300781,497.9916076660156,509.5571594238281
62,2.0,266.0,390.53131103515625,428.85382080078125,499.248291015625,511.05291748046875
63,2.0,266.0,391.8801574707031,427.7499694824219,500.18572998046875,512.1485595703125
64,2.0,266.0,392.6300048828125,427.53143310546875,501.7002258300781,513.05078125
65,2.0,266.0,393.5009460449219,428.3262634277344,504.7877502441406,513.5191650390625
66,2.0,266.0,393.7706298828125,427.80621337890625,506.7401428222656,513.9728393554688
67,2.0,266.0,394.63623046875,428.0465087890625,508.6337585449219,514.46484375
68,2.0,266.0,395.5024108886719,427.8969421386719,510.9831237792969,515.1294555664062
69,2.0,266.0,396.6386413574219,427.7958068847656,513.0679931640625,515.56298828125
70,2.0,266.0,397.5848388671875,427.631103515625,515.952392578125,517.4960327148438
71,2.0,266.0,397.1775817871094,427.6658630371094,518.1004028320312,519.6324462890625
72,2.0,266.0,397.69793701171875,427.60064697265625,520.229248046875,521.2002563476562
73,2.0,266.0,400.2335205078125,427.95904541015625,522.2615966796875,522.1849975585938
74,2.0,266.0,401.1319580078125,427.9855651855469,525.8419799804688,523.3173217773438
75,2.0,266.0,403.6898498535156,428.4012451171875,527.6257934570312,523.2850341796875
76,2.0,266.0,404.8446044921875,427.0693054199219,529.6718139648438,523.3197021484375
77,2.0,266.0,405.9170227050781,426.9622802734375,533.0742797851562,524.3829956054688
78,2.0,266.0,406.22784423828125,426.6125793457031,534.4046020507812,525.398681640625
79,2.0,266.0,407.22705078125,427.1545104980469,537.2462158203125,526.0159301757812
80,2.0,266.0,407.09417724609375,426.76263427734375,539.904296875,526.1288452148438
81,2.0,266.0,407.1255798339844,426.1766052246094,542.2648315429688,526.9508666992188
82,2.0,266.0,408.0467529296875,425.912841796875,544.1357421875,527.8778686523438
83,2.0,266.0,408.6653747558594,426.4881896972656,549.0272216796875,528.9827880859375
84,2.0,266.0,408.94561767578125,426.4864501953125,553.4049072265625,530.7418823242188
85,2.0,266.0,409.9214782714844,426.8226013183594,556.513671875,532.7622680664062
86,2.0,266.0,409.99017333984375,426.5155944824219,558.9682006835938,533.974365234375
87,2.0,266.0,411.0872802734375,426.23358154296875,564.2420654296875,536.8585815429688
88,2.0,266.0,410.8794860839844,426.15924072265625,567.6624145507812,538.0138549804688
89,2.0,266.0,412.32672119140625,426.39471435546875,570.8120727539062,538.83154296875
90,2.0,266.0,414.7632751464844,426.1863098144531,574.675537109375,540.908447265625
91,2.0,266.0,418.4250183105469,426.70489501953125,578.6000366210938,542.6931762695312
92,2.0,266.0,419.3320007324219,426.5730895996094,582.44580078125,545.2247924804688
93,2.0,266.0,420.3082275390625,425.9808654785156,586.8070068359375,546.6640014648438
94,2.0,266.0,421.04107666015625,425.63494873046875,590.9717407226562,548.9113159179688
95,2.0,266.0,422.70233154296875,425.1756286621094,595.0885009765625,549.8092651367188
96,2.0,266.0,426.5867919921875,424.11285400390625,598.73828125,550.9981689453125
97,2.0,266.0,429.3279113769531,422.86968994140625,605.5797119140625,552.2293701171875
98,2.0,266.0,431.6820068359375,421.25335693359375,610.961669921875,553.1610717773438
99,2.0,266.0,432.24462890625,422.22137451171875,616.5413818359375,554.6351928710938
100,2.0,266.0,432.4527282714844,422.6853942871094,621.2074584960938,556.8943481445312
101,2.0,266.0,433.8841552734375,422.26739501953125,625.4208374023438,559.5166625976562
102,2.0,266.0,434.7805480957031,421.4940185546875,630.9031982421875,560.8868408203125
103,2.0,266.0,440.62139892578125,420.899169921875,636.6438598632812,562.79736328125
104,2.0,266.0,444.6510314941406,419.3384704589844,643.069580078125,565.9475708007812
105,2.0,266.0,451.10870361328125,418.5445251464844,649.3919067382812,569.2241821289062
106,2.0,266.0,451.73394775390625,418.1114501953125,656.0015869140625,571.186767578125
107,2.0,266.0,452.35894775390625,417.48162841796875,664.4024658203125,573.5169677734375
108,2.0,266.0,453.92474365234375,417.5347900390625,671.6157836914062,575.5859985351562
109,2.0,266.0,454.9985656738281,417.3607482910156,679.1516723632812,578.0014038085938
110,2.0,266.0,456.1120300292969,416.52239990234375,686.9210205078125,581.2108764648438
111,2.0,266.0,457.60968017578125,416.2852783203125,695.07177734375,583.4945068359375
112,2.0,266.0,459.6949768066406,415.72320556640625,703.6541748046875,586.699951171875
113,2.0,266.0,462.5278625488281,415.6483154296875,713.6780395507812,590.11865234375
114,2.0,266.0,466.2471008300781,414.1925964355469,721.663330078125,594.0556640625
115,2.0,266.0,468.8558044433594,412.4607849121094,732.9877319335938,598.0219116210938
116,2.0,266.0,471.8109130859375,411.6485290527344,743.156982421875,600.9454956054688
117,2.0,266.0,475.8991394042969,411.36346435546875,753.7755126953125,605.6981811523438
118,2.0,266.0,478.81451416015625,411.03985595703125,764.89111328125,610.0660400390625
119,2.0,266.0,481.918212890625,409.4530334472656,778.76513671875,614.4854125976562
120,2.0,266.0,487.06011962890625,408.2685546875,791.3688354492188,619.9702758789062
121,2.0,266.0,491.7754211425781,407.2130432128906,805.6204833984375,623.7662963867188
122,2.0,266.0,495.62213134765625,406.38958740234375,819.8700561523438,628.5379638671875
123,2.0,266.0,500.6446838378906,405.4474792480469,836.8466796875,633.8785400390625
124,2.0,266.0,504.7898864746094,404.05389404296875,852.53076171875,639.1801147460938
125,2.0,266.0,511.1808776855469,403.1844482421875,869.8115844726562,643.7816772460938
126,2.0,266.0,516.1904296875,404.0557861328125,889.9190063476562,653.265625
127,2.0,266.0,521.4334106445312,404.73834228515625,910.8322143554688,659.3695678710938
128,2.0,266.0,527.4473266601562,404.5765686035156,932.3591918945312,665.7864379882812
129,2.0,266.0,535.48095703125,404.71356201171875,954.7348022460938,675.2393798828125
130,2.0,266.0,541.5409545898438,404.1492004394531,981.349609375,681.654296875
131,2.0,266.0,548.6143798828125,403.0185546875,1007.8184814453125,693.220458984375
132,2.0,266.0,555.46484375,401.3799133300781,1036.9139404296875,703.1433715820312
133,2.0,266.0,562.8309936523438,398.36480712890625,1068.456787109375,714.6138305664062
134,2.0,266.0,572.7345581054688,395.16534423828125,1103.888916015625,726.05322265625
135,2.0,266.0,582.1682739257812,393.9338684082031,1140.27099609375,737.0636596679688
136,2.0,266.0,594.6053466796875,391.2968444824219,1182.3443603515625,752.1575927734375
137,2.0,266.0,603.7316284179688,390.0121765136719,1227.6002197265625,770.291748046875
138,2.0,266.0,614.6912841796875,389.5589294433594,1277.2730712890625,787.3355102539062
139,2.0,266.0,625.962890625,388.01641845703125,1333.029052734375,806.244140625
140,2.0,266.0,640.4244384765625,388.0752868652344,1395.218017578125,828.0397338867188
141,2.0,266.0,654.5847778320312,384.9376220703125,1465.211669921875,853.1219482421875
142,2.0,266.0,670.012939453125,380.35406494140625,1544.7149658203125,882.1410522460938
143,2.0,266.0,685.2969360351562,376.41998291015625,1636.5828857421875,916.0571899414062
144,2.0,266.0,705.8629150390625,367.9912109375,1738.2598876953125,955.0283813476562
145,2.0,266.0,727.73828125,361.3746337890625,1852.46875,1000.8532104492188
146,2.0,266.0,752.614013671875,358.1114196777344,1911.631591796875,1047.932861328125
147,2.0,266.0,775.6001586914062,356.00567626953125,1920.0,1070.6285400390625
148,2.0,266.0,798.3278198242188,350.52227783203125,1920.0,1078.4364013671875
149,2.0,266.0,826.54052734375,344.73797607421875,1920.0,1079.8193359375
150,2.0,266.0,857.3690185546875,338.4765930175781,1920.0,1080.0
151,2.0,266.0,896.5272827148438,332.8918762207031,1920.0,1079.1551513671875
152,2.0,266.0,940.3333129882812,322.9817199707031,1920.0,1075.7252197265625
153,2.0,266.0,988.6646728515625,312.00390625,1920.0,1070.4637451171875
154,2.0,266.0,1045.428466796875,298.6750183105469,1920.0,1072.6378173828125
155,2.0,266.0,1112.8287353515625,289.525390625,1920.0,1073.79833984375
156,2.0,266.0,1190.689697265625,287.5317687988281,1920.0,1074.040771484375
157,2.0,266.0,1284.4466552734375,310.857666015625,1920.0,1076.12255859375
158,2.0,266.0,1399.31396484375,367.3365783691406,1920.0,1076.679931640625
159,2.0,266.0,1541.97998046875,463.3756103515625,1920.0,1074.8660888671875
160,2.0,266.0,1716.0224609375,532.7926635742188,1920.0,1076.8033447265625
