80,2.0,291.0,568.9256591796875,465.4612731933594,623.5745239257812,504.5312805175781
81,2.0,291.0,568.6654663085938,465.0979919433594,625.0138549804688,504.75848388671875
82,2.0,291.0,569.2603149414062,465.0144348144531,626.0748291015625,504.5506591796875
83,2.0,291.0,568.8533935546875,464.5120849609375,627.1027221679688,504.77056884765625
84,2.0,291.0,568.8528442382812,464.26690673828125,627.8400268554688,504.72509765625
85,2.0,291.0,569.3995361328125,464.27618408203125,627.932373046875,504.9507141113281
86,2.0,291.0,569.55029296875,463.9682922363281,628.03759765625,505.0555114746094
87,2.0,291.0,569.591552734375,463.8356018066406,628.1787719726562,505.435546875
88,2.0,291.0,569.4982299804688,462.791748046875,628.9244995117188,505.9603271484375
89,2.0,291.0,569.1919555664062,462.2793884277344,629.8734741210938,506.41461181640625
90,2.0,291.0,568.7780151367188,461.8798828125,631.3396606445312,507.03363037109375
91,2.0,291.0,569.4153442382812,461.6991271972656,632.1705322265625,507.6271057128906
92,2.0,291.0,570.1856689453125,461.917236328125,633.760009765625,507.6405029296875
93,2.0,291.0,571.2780151367188,460.62164306640625,635.4248046875,507.5768127441406
94,2.0,291.0,572.4642333984375,459.6983947753906,637.8038940429688,507.683349609375
95,2.0,291.0,572.6546020507812,459.7690124511719,639.0308837890625,508.2303161621094
96,2.0,291.0,573.1234130859375,460.3880920410156,640.6041870117188,509.34765625
97,2.0,291.0,573.17919921875,460.6299133300781,642.5545654296875,510.24749755859375
98,2.0,291.0,573.1673583984375,460.20513916015625,643.700439453125,511.02935791015625
99,2.0,291.0,574.5263061523438,459.4178161621094,645.9871826171875,511.77252197265625
100,2.0,291.0,574.634521484375,459.54107666015625,646.8134765625,512.3574829101562
101,2.0,291.0,576.2950439453125,458.3448181152344,648.5348510742188,512.1556396484375
102,2.0,291.0,576.8671264648438,459.0251770019531,650.8944702148438,512.6389770507812
103,2.0,291.0,577.1920776367188,458.4437255859375,653.0774536132812,513.6272583007812
104,2.0,291.0,577.900390625,457.2149353027344,656.1822509765625,514.1527099609375
105,2.0,291.0,577.27880859375,456.5746154785156,658.4656372070312,514.761474609375
106,2.0,291.0,579.3828125,455.8611145019531,659.3975219726562,515.2079467773438
107,2.0,291.0,581.8737182617188,457.3436584472656,660.9857177734375,515.6054077148438
108,2.0,291.0,584.28515625,456.75091552734375,661.6327514648438,515.4070434570312
109,2.0,291.0,585.4094848632812,457.6177062988281,664.3524780273438,516.2467041015625
110,2.0,291.0,584.5408325195312,457.841064453125,667.55859375,517.3856811523438
111,2.0,291.0,585.0535888671875,457.62762451171875,669.7838134765625,518.1201782226562
112,2.0,291.0,585.3666381835938,457.5397644042969,672.7723999023438,519.1721801757812
113,2.0,291.0,587.7640991210938,457.8070373535156,675.0957641601562,519.6052856445312
114,2.0,291.0,589.34326171875,456.7222595214844,677.4832763671875,520.6759643554688
115,2.0,291.0,590.3855590820312,455.95135498046875,679.8153686523438,522.101318359375
116,2.0,291.0,592.301025390625,455.0824890136719,682.9037475585938,522.7134399414062
117,2.0,291.0,591.6167602539062,454.6723327636719,685.8095703125,523.7904052734375
118,2.0,291.0,594.6280517578125,454.3282775878906,688.3672485351562,523.6663208007812
119,2.0,291.0,596.05517578125,453.43243408203125,690.9464721679688,524.6646728515625
120,2.0,291.0,597.3983764648438,452.9991760253906,693.6995239257812,525.0048828125
121,2.0,291.0,597.1351928710938,452.5428466796875,697.14501953125,525.7683715820312
122,2.0,291.0,598.3751831054688,452.6178283691406,699.6256713867188,527.1931762695312
123,2.0,291.0,599.0392456054688,450.92291259765625,703.8062133789062,528.6638793945312
124,2.0,291.0,599.0604858398438,450.8997497558594,707.8972778320312,530.139404296875
125,2.0,291.0,599.4923706054688,450.9246826171875,712.6123657226562,531.1265869140625
126,2.0,291.0,599.6748046875,449.2474365234375,716.7587280273438,533.5595703125
127,2.0,291.0,600.9839477539062,448.8026123046875,721.3927001953125,535.3883666992188
128,2.0,291.0,603.6746826171875,448.2209167480469,725.4290161132812,537.0452270507812
129,2.0,291.0,604.193359375,446.8813171386719,730.56201171875,538.1613159179688
130,2.0,291.0,607.2360229492188,446.0133361816406,734.8859252929688,540.4535522460938
131,2.0,291.0,608.8585205078125,444.3470764160156,739.1773681640625,543.1521606445312
132,2.0,291.0,610.095947265625,444.6935119628906,745.3076782226562,545.0214233398438
133,2.0,291.0,612.4120483398438,444.6881408691406,751.2225952148438,546.2232055664062
134,2.0,291.0,614.0372924804688,444.2938232421875,756.9852905273438,547.8568725585938
135,2.0,291.0,614.7960205078125,444.46771240234375,764.4373779296875,549.42529296875
136,2.0,291.0,616.1392211914062,443.1568298339844,770.9680786132812,550.9528198242188
137,2.0,291.0,617.9320068359375,439.6829528808594,777.2090454101562,551.8964233398438
138,2.0,291.0,618.6878051757812,439.6061706542969,785.1658935546875,555.0804443359375
139,2.0,291.0,622.2618408203125,439.040283203125,793.7035522460938,557.8267211914062
140,2.0,291.0,627.8490600585938,437.7407531738281,803.4388427734375,561.6876831054688
141,2.0,291.0,630.7825317382812,437.4397277832031,813.1990966796875,564.0718383789062
142,2.0,291.0,633.4310302734375,435.86083984375,823.2665405273438,567.72412109375
143,2.0,291.0,635.6369018554688,433.79498291015625,834.2169189453125,570.860595703125
144,2.0,291.0,642.7205810546875,432.17510986328125,845.8726196289062,574.4118041992188
145,2.0,291.0,645.5604858398438,431.91748046875,859.2300415039062,580.3973999023438
146,2.0,291.0,649.1126708984375,429.91412353515625,873.0621948242188,588.4679565429688
147,2.0,291.0,654.6312866210938,427.2742004394531,888.7538452148438,593.8811645507812
148,2.0,291.0,659.8355712890625,425.69451904296875,906.5311279296875,599.5215454101562
149,2.0,291.0,665.3757934570312,425.56085205078125,924.953369140625,606.5834350585938
150,2.0,291.0,670.9297485351562,423.58441162109375,945.0965576171875,612.5592651367188
151,2.0,291.0,677.74951171875,421.9739074707031,967.4959716796875,618.1275634765625
152,2.0,291.0,686.3607177734375,418.89825439453125,993.324951171875,625.8649291992188
153,2.0,291.0,692.9439697265625,417.88128662109375,1021.5645141601562,633.141845703125
154,2.0,291.0,701.9341430664062,413.69708251953125,1052.680419921875,642.9711303710938
155,2.0,291.0,709.8771362304688,411.42584228515625,1089.930908203125,655.6547241210938
156,2.0,291.0,721.939208984375,407.14068603515625,1132.028564453125,669.2955322265625
157,2.0,291.0,733.2527465820312,402.62890625,1181.1326904296875,688.6220703125
158,2.0,291.0,746.8114624023438,395.4658203125,1238.1859130859375,707.2637939453125
159,2.0,291.0,761.1524047851562,387.9040832519531,1308.856689453125,730.9124145507812
160,2.0,291.0,778.8756103515625,376.80413818359375,1390.6112060546875,759.966796875
161,2.0,291.0,797.0549926757812,364.9013671875,1493.273681640625,794.38232421875
162,2.0,291.0,820.8633422851562,353.5184326171875,1621.0523681640625,840.3989868164062
163,2.0,291.0,847.1307983398438,336.1326599121094,1788.7386474609375,903.4351806640625
164,2.0,291.0,877.9526977539062,316.8431396484375,1884.45703125,988.1865844726562
165,2.0,291.0,913.1473388671875,299.0937805175781,1920.0,1044.294677734375
166,2.0,291.0,959.768798828125,276.7491455078125,1920.0,1074.2896728515625
167,2.0,291.0,1017.1408081054688,248.2859344482422,1920.0,1074.580322265625
168,2.0,291.0,1097.510986328125,198.2391357421875,1920.0,1074.3408203125
169,2.0,291.0,1209.726318359375,162.197998046875,1920.0,1077.6187744140625
170,2.0,291.0,1372.9512939453125,192.68106079101562,1920.0,1079.5587158203125
171,2.0,291.0,1634.3568115234375,338.3818054199219,1920.0,1079.1234130859375
