5,2.0,272.0,680.6990356445312,445.35809326171875,725.9791870117188,474.327880859375
6,2.0,272.0,680.9109497070312,445.4295349121094,726.4525756835938,474.0079345703125
7,2.0,272.0,681.2678833007812,445.60296630859375,726.154296875,473.8414001464844
8,2.0,272.0,681.8893432617188,445.59088134765625,726.040283203125,473.6305847167969
9,2.0,272.0,682.8013305664062,446.2579650878906,725.8218994140625,473.698486328125
10,2.0,272.0,682.8411865234375,446.8880920410156,725.6041259765625,474.44793701171875
11,2.0,272.0,683.07568359375,447.8739318847656,726.1411743164062,474.8101806640625
12,2.0,272.0,682.8464965820312,447.9653625488281,726.9402465820312,475.0185852050781
13,2.0,272.0,682.35888671875,447.32171630859375,727.6890869140625,474.75634765625
14,2.0,272.0,682.6420288085938,446.3396301269531,728.2042846679688,474.81768798828125
15,2.0,272.0,682.59521484375,445.6664123535156,728.3421020507812,474.7241516113281
16,2.0,272.0,682.6375122070312,445.0220031738281,728.6163940429688,474.8026123046875
17,2.0,272.0,682.8511962890625,443.90081787109375,728.9749145507812,474.8777770996094
18,2.0,272.0,683.552734375,443.2823181152344,729.17236328125,474.8167724609375
19,2.0,272.0,684.3994750976562,443.33795166015625,729.4955444335938,474.956298828125
20,2.0,272.0,684.6629028320312,443.5709228515625,729.9852905273438,475.1604919433594
21,2.0,272.0,684.5873413085938,443.1987609863281,731.158935546875,474.8409423828125
22,2.0,272.0,684.8291015625,442.513427734375,732.6521606445312,474.7171325683594
23,2.0,272.0,685.0620727539062,442.2588195800781,733.9503784179688,474.8135681152344
24,2.0,272.0,685.1290283203125,442.2907409667969,734.6395874023438,475.1850280761719
25,2.0,272.0,684.811767578125,441.7504577636719,735.4103393554688,475.4786376953125
26,2.0,272.0,684.5527954101562,441.3714294433594,735.6398315429688,476.02886962890625
27,2.0,272.0,684.81396484375,441.19744873046875,737.5054321289062,477.396484375
28,2.0,272.0,685.3456420898438,441.5788269042969,738.7431640625,478.0810852050781
29,2.0,272.0,685.748291015625,441.99542236328125,738.78125,479.236328125
30,2.0,272.0,686.5269165039062,442.421875,739.6106567382812,480.0763854980469
31,2.0,272.0,686.85400390625,442.0740051269531,741.279296875,480.7736511230469
32,2.0,272.0,687.2401733398438,441.3629455566406,741.9052734375,481.15655517578125
33,2.0,272.0,687.890625,441.3797607421875,742.144775390625,481.8442687988281
34,2.0,272.0,688.4236450195312,441.34735107421875,742.7227783203125,482.0877685546875
35,2.0,272.0,689.2229614257812,440.972900390625,743.44189453125,482.1904296875
36,2.0,272.0,689.9767456054688,440.9697265625,743.3618774414062,481.9700622558594
37,2.0,272.0,690.8185424804688,441.61309814453125,744.639404296875,482.2487487792969
38,2.0,272.0,691.5054931640625,441.41400146484375,746.3580932617188,482.3242492675781
39,2.0,272.0,691.7379150390625,441.3031311035156,747.2658081054688,482.3063049316406
40,2.0,272.0,691.0364990234375,440.6423645019531,748.0515747070312,482.1130065917969
41,2.0,272.0,691.19189453125,440.33343505859375,749.182861328125,482.30413818359375
42,2.0,272.0,691.5353393554688,439.7121276855469,749.6077880859375,481.9927062988281
43,2.0,272.0,692.6423950195312,439.61187744140625,750.0020751953125,482.7948913574219
44,2.0,272.0,693.0715942382812,440.150634765625,750.63525390625,483.63165283203125
45,2.0,272.0,693.2745971679688,440.3283386230469,751.0780639648438,484.4798278808594
46,2.0,272.0,693.7647705078125,440.43218994140625,752.2108764648438,485.0382995605469
47,2.0,272.0,694.1758422851562,441.1166076660156,753.6453247070312,485.50653076171875
48,2.0,272.0,694.5360717773438,441.66802978515625,754.343505859375,485.7412109375
49,2.0,272.0,694.5419921875,441.9264221191406,754.703369140625,485.72039794921875
50,2.0,272.0,694.9710693359375,442.4397888183594,754.6611328125,485.9965515136719
51,2.0,272.0,695.9221801757812,442.1346740722656,755.4083251953125,486.0119934082031
52,2.0,272.0,696.9942016601562,442.20526123046875,757.7556762695312,486.67962646484375
53,2.0,272.0,698.1602783203125,441.74267578125,758.7529907226562,487.1380615234375
54,2.0,272.0,697.7597045898438,441.4529724121094,760.3377075195312,488.1248779296875
55,2.0,272.0,697.7275390625,441.8765563964844,761.177490234375,488.7573547363281
56,2.0,272.0,698.7081909179688,441.2454528808594,763.7346801757812,489.3365478515625
57,2.0,272.0,699.3428344726562,441.02764892578125,765.4906616210938,489.63446044921875
58,2.0,272.0,699.6004028320312,440.7655334472656,766.596923828125,489.5796203613281
59,2.0,272.0,700.1024169921875,440.9553527832031,768.7035522460938,490.0262756347656
60,2.0,272.0,700.07080078125,441.42132568359375,768.9549560546875,490.40911865234375
61,2.0,272.0,700.771240234375,442.3712463378906,769.84521484375,490.5122375488281
62,2.0,272.0,701.23291015625,441.6766357421875,770.7955932617188,490.35369873046875
63,2.0,272.0,701.4113159179688,440.80743408203125,771.8018188476562,489.9337463378906
64,2.0,272.0,701.786865234375,439.99957275390625,772.39111328125,489.8795471191406
65,2.0,272.0,702.0352172851562,440.0771789550781,773.966064453125,490.1088562011719
66,2.0,272.0,702.2891845703125,439.4962463378906,776.016845703125,490.32110595703125
67,2.0,272.0,702.8740844726562,440.3926086425781,778.0656127929688,490.1463623046875
68,2.0,272.0,703.0717163085938,440.1456298828125,779.556640625,490.2738952636719
69,2.0,272.0,703.8431396484375,439.598876953125,780.5411376953125,490.4888610839844
70,2.0,272.0,704.2647094726562,438.9689025878906,781.883056640625,490.62451171875
71,2.0,272.0,704.339599609375,437.6222229003906,783.2655639648438,490.9422912597656
72,2.0,272.0,706.3872680664062,437.48614501953125,784.304931640625,491.5043029785156
73,2.0,272.0,706.6015625,437.3690185546875,786.5846557617188,492.2243957519531
74,2.0,272.0,707.5584106445312,437.14886474609375,787.5219116210938,492.7466735839844
75,2.0,272.0,708.6722412109375,437.34027099609375,789.6350708007812,493.7921447753906
76,2.0,272.0,710.3545532226562,437.8636169433594,791.5269775390625,494.29034423828125
77,2.0,272.0,711.9564819335938,436.93499755859375,792.2371826171875,494.6416320800781
78,2.0,272.0,713.3204956054688,436.76092529296875,794.5997314453125,494.8612365722656
79,2.0,272.0,714.0281372070312,436.5440368652344,797.2177734375,495.265380859375
80,2.0,272.0,715.0120239257812,436.02099609375,798.2208251953125,495.1452941894531
81,2.0,272.0,714.9702758789062,435.3785095214844,799.5704345703125,495.4104309082031
82,2.0,272.0,715.8739013671875,434.97137451171875,802.1783447265625,496.6401062011719
83,2.0,272.0,716.6148681640625,434.73980712890625,804.2599487304688,498.2783508300781
84,2.0,272.0,717.297607421875,434.3059997558594,806.0999755859375,498.81427001953125
85,2.0,272.0,717.1950073242188,434.6234130859375,808.2364501953125,499.36810302734375
86,2.0,272.0,718.3187255859375,434.0168151855469,809.708984375,499.46337890625
87,2.0,272.0,719.53955078125,434.0757141113281,811.0191650390625,499.9258117675781
88,2.0,272.0,719.8629150390625,434.67987060546875,812.7655639648438,500.5665588378906
89,2.0,272.0,721.0360717773438,434.38958740234375,813.957763671875,501.29815673828125
90,2.0,272.0,721.8235473632812,433.8480224609375,816.2579956054688,501.2560729980469
91,2.0,272.0,721.9814453125,433.1732177734375,819.1929321289062,501.5882263183594
92,2.0,272.0,722.3284912109375,432.7355041503906,821.435791015625,501.6719055175781
93,2.0,272.0,723.0073852539062,432.26373291015625,823.2350463867188,501.98248291015625
94,2.0,272.0,724.6640625,431.9294128417969,825.32666015625,501.9804992675781
95,2.0,272.0,726.330810546875,431.3572082519531,828.5050048828125,502.2129821777344
96,2.0,272.0,727.729736328125,430.9635925292969,832.3504028320312,503.2765197753906
97,2.0,272.0,730.0143432617188,430.2301940917969,835.5072631835938,503.9482727050781
98,2.0,272.0,731.1654663085938,430.21759033203125,837.4243774414062,504.2970275878906
99,2.0,272.0,733.4226684570312,430.0605773925781,838.37744140625,505.4323425292969
100,2.0,272.0,734.5296020507812,430.0502624511719,840.8117065429688,506.4366455078125
101,2.0,272.0,735.9869384765625,429.3183288574219,843.9473266601562,507.5545959472656
102,2.0,272.0,737.352783203125,428.8677062988281,847.14208984375,508.7456359863281
103,2.0,272.0,738.1311645507812,428.16033935546875,850.3867797851562,510.307861328125
104,2.0,272.0,739.4464111328125,428.9748840332031,853.2213134765625,511.7632141113281
105,2.0,272.0,740.5933227539062,428.74603271484375,855.4636840820312,512.1272583007812
106,2.0,272.0,741.6353149414062,427.74365234375,860.4187622070312,513.1981201171875
107,2.0,272.0,742.8110961914062,427.8550109863281,863.2722778320312,514.34814453125
108,2.0,272.0,743.4450073242188,428.2127380371094,867.2749633789062,514.7090454101562
109,2.0,272.0,744.5608520507812,427.8088073730469,870.943115234375,515.8401489257812
110,2.0,272.0,746.0219116210938,427.4106750488281,875.236328125,518.8934936523438
111,2.0,272.0,747.1530151367188,426.9581298828125,878.4927368164062,520.7386474609375
112,2.0,272.0,748.8775634765625,427.01190185546875,881.9293212890625,521.8468017578125
113,2.0,272.0,750.4301147460938,425.9283447265625,886.5719604492188,523.2965698242188
114,2.0,272.0,750.7007446289062,425.2380065917969,891.2391967773438,523.1624145507812
115,2.0,272.0,753.6060180664062,425.363037109375,896.4664916992188,524.0830078125
116,2.0,272.0,757.0001220703125,425.4465026855469,900.6410522460938,525.319580078125
117,2.0,272.0,757.212646484375,425.9974060058594,903.761474609375,526.2483520507812
118,2.0,272.0,758.3705444335938,425.2426452636719,909.295166015625,527.1422729492188
119,2.0,272.0,761.5791625976562,423.2527160644531,914.2861328125,528.8321533203125
120,2.0,272.0,765.8423461914062,422.4793395996094,917.9146728515625,529.428466796875
121,2.0,272.0,768.1129760742188,422.085205078125,923.25390625,531.1825561523438
122,2.0,272.0,768.8555297851562,421.5812072753906,931.3013305664062,535.1074829101562
123,2.0,272.0,770.3338623046875,422.0419921875,935.5476684570312,535.9095458984375
124,2.0,272.0,773.2741088867188,421.6472473144531,940.2998657226562,537.2462768554688
125,2.0,272.0,778.1029663085938,420.8653259277344,947.2412719726562,538.4061279296875
126,2.0,272.0,780.3612060546875,419.4305114746094,954.417236328125,540.4220581054688
127,2.0,272.0,782.3712768554688,418.76190185546875,959.8710327148438,543.389892578125
128,2.0,272.0,785.7926635742188,417.0479736328125,967.5440063476562,544.28369140625
129,2.0,272.0,788.5057983398438,416.87921142578125,974.0144653320312,545.7274169921875
130,2.0,272.0,791.3521728515625,415.9679260253906,981.6126708984375,547.8035888671875
131,2.0,272.0,793.7570190429688,414.4230651855469,989.1527709960938,549.6575317382812
132,2.0,272.0,796.6771850585938,414.2386169433594,998.8621826171875,552.6790771484375
133,2.0,272.0,799.4163208007812,414.32806396484375,1006.6190795898438,557.0316162109375
134,2.0,272.0,801.6923217773438,414.1380920410156,1015.6901245117188,559.3117065429688
135,2.0,272.0,805.8641967773438,413.714599609375,1025.24951171875,561.9642944335938
136,2.0,272.0,809.32861328125,412.638671875,1035.9827880859375,564.4263916015625
137,2.0,272.0,815.2100830078125,411.5735778808594,1045.3953857421875,568.413818359375
138,2.0,272.0,818.29443359375,409.9750671386719,1056.4766845703125,571.3770141601562
139,2.0,272.0,823.5971069335938,409.03546142578125,1069.1558837890625,574.57275390625
140,2.0,272.0,828.3609619140625,407.1199645996094,1081.9053955078125,578.2678833007812
141,2.0,272.0,832.8125610351562,406.15887451171875,1096.33154296875,582.1495971679688
142,2.0,272.0,837.5919189453125,406.2238464355469,1109.670654296875,585.8097534179688
143,2.0,272.0,842.1544189453125,404.3988342285156,1124.395263671875,591.9881591796875
144,2.0,272.0,848.8464965820312,403.7223205566406,1140.347412109375,594.0550537109375
146,2.0,272.0,859.4910888671875,399.17230224609375,1177.3880615234375,606.4735717773438
147,2.0,272.0,864.657470703125,397.2915344238281,1196.797119140625,612.24462890625
148,2.0,272.0,872.677490234375,396.01171875,1218.511962890625,618.8961791992188
149,2.0,272.0,881.2302856445312,396.78582763671875,1241.4383544921875,625.0609130859375
150,2.0,272.0,889.3597412109375,395.0848388671875,1266.986572265625,630.9252319335938
151,2.0,272.0,897.7322387695312,392.8522033691406,1293.6873779296875,637.0681762695312
152,2.0,272.0,906.9656982421875,391.7598876953125,1323.265869140625,645.9609375
153,2.0,272.0,917.2003784179688,391.5964660644531,1356.431396484375,655.3172607421875
154,2.0,272.0,927.3641967773438,388.4812316894531,1390.57470703125,664.7859497070312
155,2.0,272.0,937.4692993164062,384.43255615234375,1430.655029296875,676.6670532226562
156,2.0,272.0,949.0538940429688,381.93658447265625,1474.544189453125,688.166748046875
157,2.0,272.0,960.0399780273438,378.1918640136719,1522.8271484375,703.5780639648438
158,2.0,272.0,975.634033203125,373.72344970703125,1576.210205078125,720.2752075195312
159,2.0,272.0,990.2858276367188,368.37103271484375,1638.3775634765625,738.55517578125
160,2.0,272.0,1006.6968994140625,365.4020080566406,1705.024169921875,760.3938598632812
161,2.0,272.0,1024.4490966796875,359.6490173339844,1785.8798828125,783.7459106445312
162,2.0,272.0,1043.765869140625,352.7566833496094,1875.9012451171875,810.3882446289062
163,2.0,272.0,1063.03271484375,346.4582214355469,1917.1746826171875,844.3780517578125
164,2.0,272.0,1087.0316162109375,339.0487365722656,1920.0,881.0904541015625
165,2.0,272.0,1112.4527587890625,329.25030517578125,1920.0,928.9468994140625
166,2.0,272.0,1140.1773681640625,319.3039245605469,1920.0,989.3760986328125
167,2.0,272.0,1175.45703125,309.0124206542969,1920.0,1047.091064453125
168,2.0,272.0,1210.083251953125,296.4990234375,1920.0,1068.6038818359375
169,2.0,272.0,1253.869873046875,282.8408203125,1920.0,1046.12841796875
170,2.0,272.0,1303.6021728515625,262.8315734863281,1920.0,1034.7823486328125
171,2.0,272.0,1364.5135498046875,247.41104125976562,1920.0,1018.9403076171875
172,2.0,272.0,1436.269287109375,244.7603302001953,1920.0,1012.6201171875
173,2.0,272.0,1521.00732421875,273.9139709472656,1920.0,1046.6380615234375
174,2.0,272.0,1626.431884765625,337.33782958984375,1920.0,1065.4647216796875
175,2.0,272.0,1759.8201904296875,413.0926513671875,1920.0,999.1337890625
