38,2.0,273.0,588.9871215820312,463.9751892089844,645.0819091796875,503.0867919921875
39,2.0,273.0,589.363525390625,464.2911071777344,645.9653930664062,502.90887451171875
40,2.0,273.0,590.0195922851562,465.1254577636719,648.35107421875,503.8633728027344
41,2.0,273.0,589.7503051757812,464.5210266113281,649.280517578125,504.2546081542969
42,2.0,273.0,590.509521484375,463.9087829589844,649.7940063476562,504.494873046875
43,2.0,273.0,591.5723876953125,463.32891845703125,651.6260986328125,504.7880554199219
44,2.0,273.0,592.3277587890625,463.4058532714844,652.134521484375,504.5290222167969
45,2.0,273.0,592.16064453125,463.37152099609375,652.2094116210938,504.8124084472656
46,2.0,273.0,592.4100341796875,462.5107116699219,652.7459106445312,504.9691162109375
47,2.0,273.0,592.1409912109375,462.0121765136719,653.5338134765625,504.979736328125
48,2.0,273.0,593.0472412109375,459.75140380859375,653.8954467773438,504.8782653808594
49,2.0,273.0,593.6554565429688,457.8593444824219,654.0781860351562,504.7808837890625
50,2.0,273.0,594.6210327148438,457.77545166015625,654.2825317382812,504.75750732421875
51,2.0,273.0,594.5546264648438,455.9539489746094,654.754638671875,505.3300476074219
52,2.0,273.0,594.2937622070312,457.2181091308594,656.1785888671875,505.7987060546875
53,2.0,273.0,594.4746704101562,456.9150085449219,657.60595703125,506.5528259277344
54,2.0,273.0,594.5149536132812,458.3345947265625,658.3939819335938,506.4978942871094
55,2.0,273.0,595.05224609375,458.0456848144531,659.684326171875,505.85992431640625
56,2.0,273.0,595.63427734375,458.2707214355469,660.3822631835938,506.18798828125
57,2.0,273.0,596.141357421875,458.03411865234375,660.7759399414062,506.5489807128906
58,2.0,273.0,596.9175415039062,459.1696472167969,661.3131103515625,506.8021240234375
59,2.0,273.0,598.3230590820312,459.2678527832031,662.2000732421875,506.6259765625
60,2.0,273.0,599.2813720703125,458.752685546875,663.613037109375,506.6394348144531
61,2.0,273.0,600.135986328125,457.9185485839844,666.5230102539062,506.951416015625
62,2.0,273.0,600.9969482421875,458.4848327636719,669.0782470703125,507.9271545410156
63,2.0,273.0,601.2596435546875,459.3009948730469,670.7398071289062,509.39788818359375
64,2.0,273.0,600.95068359375,459.4843444824219,672.6123657226562,511.4765625
65,2.0,273.0,600.3863525390625,458.7668151855469,673.4937133789062,512.1751098632812
66,2.0,273.0,601.2802734375,458.2364196777344,674.314453125,512.421875
67,2.0,273.0,601.6643676757812,457.4507141113281,674.7672119140625,512.976806640625
68,2.0,273.0,602.9165649414062,456.81982421875,675.8464965820312,512.4812622070312
69,2.0,273.0,603.3558349609375,456.62823486328125,676.8779907226562,512.3789672851562
70,2.0,273.0,603.2117309570312,456.64794921875,678.84228515625,512.5310668945312
71,2.0,273.0,603.1353759765625,456.91802978515625,679.5949096679688,512.9903564453125
72,2.0,273.0,603.821533203125,456.87152099609375,681.4110717773438,512.9280395507812
73,2.0,273.0,605.1253662109375,456.7479248046875,682.8494262695312,512.7140502929688
74,2.0,273.0,606.0235595703125,456.0559997558594,684.6944580078125,513.0728759765625
75,2.0,273.0,606.7551879882812,455.4448547363281,685.59423828125,512.8773193359375
76,2.0,273.0,607.8563842773438,455.15350341796875,687.2047729492188,513.4305419921875
77,2.0,273.0,608.9376831054688,454.7030334472656,688.5274047851562,514.293701171875
78,2.0,273.0,609.46240234375,454.75946044921875,690.2993774414062,515.1384887695312
79,2.0,273.0,609.7379760742188,453.80377197265625,693.1544799804688,515.2703857421875
80,2.0,273.0,610.1815795898438,453.59283447265625,695.014892578125,515.5808715820312
81,2.0,273.0,610.9671630859375,453.6083679199219,696.8944091796875,515.8630981445312
82,2.0,273.0,612.2474975585938,452.7575378417969,698.766357421875,516.1450805664062
83,2.0,273.0,612.30029296875,453.2079162597656,700.614013671875,516.1834106445312
84,2.0,273.0,612.7571411132812,452.7694396972656,702.6500244140625,515.9932250976562
85,2.0,273.0,615.112548828125,453.0069274902344,704.9800415039062,516.6688842773438
86,2.0,273.0,617.0967407226562,452.7777099609375,706.8982543945312,517.1879272460938
87,2.0,273.0,615.899169921875,452.3445129394531,708.1962280273438,518.3223266601562
88,2.0,273.0,616.1806640625,452.33209228515625,710.2391357421875,519.8883056640625
89,2.0,273.0,617.7445678710938,451.5367736816406,712.0307006835938,520.6116333007812
90,2.0,273.0,620.5527954101562,450.81292724609375,714.2713623046875,521.6182250976562
91,2.0,273.0,621.9423828125,450.90240478515625,716.378173828125,522.2828979492188
92,2.0,273.0,622.3095703125,451.2970275878906,717.9518432617188,523.3484497070312
93,2.0,273.0,623.204833984375,451.10418701171875,720.3242797851562,524.0025024414062
94,2.0,273.0,622.9486083984375,450.62408447265625,722.793212890625,523.9860229492188
95,2.0,273.0,622.3035888671875,450.32269287109375,725.537353515625,524.532958984375
96,2.0,273.0,623.1231079101562,450.3711853027344,728.596923828125,525.3427124023438
97,2.0,273.0,624.2426147460938,449.8389892578125,731.10986328125,526.2564086914062
98,2.0,273.0,626.207275390625,449.5702819824219,733.3943481445312,526.1539306640625
99,2.0,273.0,627.927978515625,448.724609375,736.24755859375,526.4384765625
100,2.0,273.0,629.3405151367188,447.0984802246094,738.8231811523438,526.239013671875
101,2.0,273.0,630.933349609375,445.4593505859375,741.383056640625,526.4278564453125
102,2.0,273.0,632.0003051757812,445.97088623046875,744.8333740234375,526.9744873046875
103,2.0,273.0,633.2882690429688,446.2391662597656,747.9954833984375,527.419677734375
104,2.0,273.0,635.6369018554688,446.4715576171875,751.2954711914062,527.9747924804688
105,2.0,273.0,637.497314453125,445.85638427734375,753.9984130859375,528.7879028320312
106,2.0,273.0,639.23388671875,446.9963073730469,758.6002807617188,531.1158447265625
107,2.0,273.0,638.7311401367188,446.24053955078125,762.7469482421875,532.28271484375
108,2.0,273.0,639.8585205078125,445.7476806640625,764.8531494140625,532.617431640625
109,2.0,273.0,640.4865112304688,444.70391845703125,767.9306640625,533.7813720703125
110,2.0,273.0,642.642333984375,443.3692626953125,772.2826538085938,535.9567260742188
111,2.0,273.0,645.258544921875,442.8216552734375,776.559814453125,537.3406982421875
112,2.0,273.0,647.40966796875,442.091064453125,779.9636840820312,537.9091796875
113,2.0,273.0,648.7816162109375,441.549072265625,784.9725341796875,538.4844360351562
114,2.0,273.0,650.5073852539062,441.63623046875,789.2508544921875,539.7603149414062
115,2.0,273.0,651.6419677734375,441.5626525878906,791.9452514648438,541.8539428710938
116,2.0,273.0,653.3436279296875,442.2264709472656,795.582763671875,543.5728149414062
117,2.0,273.0,656.7267456054688,442.2886657714844,799.8162231445312,544.869384765625
118,2.0,273.0,658.4357299804688,440.26373291015625,804.3696899414062,546.14013671875
119,2.0,273.0,659.6054077148438,441.0733947753906,808.5537109375,547.3501586914062
120,2.0,273.0,660.6317138671875,440.03076171875,813.5140991210938,548.5283203125
121,2.0,273.0,661.9501953125,440.0672607421875,818.1405029296875,549.4910888671875
122,2.0,273.0,662.984619140625,439.09381103515625,824.2183227539062,550.2994384765625
123,2.0,273.0,663.7548828125,437.7430419921875,829.8013916015625,551.1406860351562
124,2.0,273.0,666.8109741210938,436.9403991699219,836.9210205078125,552.320556640625
125,2.0,273.0,670.224609375,436.8172912597656,842.1477661132812,552.966552734375
126,2.0,273.0,672.6963500976562,436.1051025390625,848.8843383789062,555.0496215820312
127,2.0,273.0,677.6896362304688,435.91717529296875,856.3700561523438,556.3885498046875
128,2.0,273.0,682.2671508789062,435.37298583984375,863.3768920898438,558.6400756835938
129,2.0,273.0,685.8533935546875,434.01422119140625,870.382080078125,561.205078125
130,2.0,273.0,688.4444580078125,433.1557922363281,877.7828369140625,562.3092041015625
131,2.0,273.0,692.26708984375,433.63873291015625,884.7833251953125,565.0679931640625
132,2.0,273.0,694.5234985351562,433.50054931640625,892.5281372070312,567.7651977539062
133,2.0,273.0,696.5989990234375,433.6531677246094,901.862060546875,569.1701049804688
134,2.0,273.0,698.1762084960938,433.2638244628906,910.2730102539062,572.064453125
135,2.0,273.0,701.7763671875,430.0105285644531,919.7805786132812,574.7593383789062
136,2.0,273.0,706.239013671875,428.6915588378906,930.7110595703125,578.8463745117188
137,2.0,273.0,709.6290283203125,427.3349914550781,942.3389892578125,582.834716796875
138,2.0,273.0,714.0074462890625,425.7200012207031,953.4138793945312,587.2576293945312
139,2.0,273.0,718.9922485351562,423.1212463378906,964.9923706054688,591.1021728515625
140,2.0,273.0,722.3574829101562,422.5987243652344,976.73779296875,595.6114501953125
141,2.0,273.0,727.0752563476562,422.2292175292969,989.8964233398438,600.0797119140625
142,2.0,273.0,733.9290161132812,421.7526550292969,1004.8773803710938,603.4197387695312
143,2.0,273.0,740.3956298828125,420.6258544921875,1021.4645385742188,607.8270874023438
144,2.0,273.0,744.5491943359375,419.55181884765625,1037.2647705078125,611.4661254882812
145,2.0,273.0,750.431396484375,417.19366455078125,1054.4249267578125,615.43798828125
146,2.0,273.0,755.876708984375,414.9017028808594,1073.5504150390625,620.5869140625
147,2.0,273.0,764.320068359375,412.8985290527344,1095.973876953125,626.1644287109375
148,2.0,273.0,768.9422607421875,408.4569396972656,1117.1168212890625,631.2633056640625
149,2.0,273.0,776.8782958984375,407.37091064453125,1141.215576171875,638.033935546875
150,2.0,273.0,784.69921875,402.1268615722656,1167.6383056640625,644.5773315429688
151,2.0,273.0,792.7388916015625,399.05364990234375,1196.0782470703125,653.0105590820312
152,2.0,273.0,799.9805297851562,395.6908264160156,1226.7613525390625,659.2035522460938
153,2.0,273.0,812.1748657226562,393.20947265625,1262.505126953125,668.0010986328125
154,2.0,273.0,821.2106323242188,388.135986328125,1300.4783935546875,680.1468505859375
155,2.0,273.0,832.8112182617188,382.8996276855469,1342.02587890625,693.7407836914062
156,2.0,273.0,844.5377807617188,382.6993408203125,1388.6854248046875,704.8616333007812
157,2.0,273.0,858.96533203125,376.4674987792969,1440.6668701171875,721.3609619140625
158,2.0,273.0,872.5778198242188,370.88067626953125,1499.347412109375,738.723388671875
159,2.0,273.0,888.6525268554688,366.1563720703125,1566.361572265625,757.7182006835938
160,2.0,273.0,905.8388061523438,359.7784729003906,1643.4420166015625,781.467529296875
161,2.0,273.0,924.2227783203125,352.88287353515625,1731.647705078125,806.2272338867188
162,2.0,273.0,945.0706176757812,344.7307434082031,1833.12109375,839.2196655273438
163,2.0,273.0,964.78369140625,335.07177734375,1901.800048828125,879.0568237304688
164,2.0,273.0,991.4303588867188,324.3678283691406,1920.0,923.7353515625
165,2.0,273.0,1020.2627563476562,314.0092468261719,1920.0,979.867431640625
166,2.0,273.0,1048.053466796875,301.3165283203125,1920.0,1040.8404541015625
167,2.0,273.0,1085.970458984375,291.0207214355469,1920.0,1068.993896484375
168,2.0,273.0,1130.349365234375,274.3697814941406,1920.0,1072.724853515625
169,2.0,273.0,1179.6470947265625,253.09396362304688,1920.0,1055.539306640625
170,2.0,273.0,1240.9698486328125,226.53921508789062,1920.0,1052.346435546875
171,2.0,273.0,1309.7945556640625,207.6094970703125,1920.0,1042.379638671875
172,2.0,273.0,1395.468994140625,204.7689666748047,1920.0,1061.5494384765625
173,2.0,273.0,1505.52734375,244.17465209960938,1920.0,1073.9271240234375
174,2.0,273.0,1643.6627197265625,319.8688049316406,1920.0,1073.3045654296875
