68,2.0,293.0,355.50128173828125,457.73187255859375,408.1910400390625,490.8611145019531
69,2.0,293.0,356.1508483886719,458.34869384765625,408.68463134765625,491.0294189453125
70,2.0,293.0,356.9845886230469,458.4251708984375,409.13189697265625,491.1911926269531
71,2.0,293.0,357.5785217285156,456.19598388671875,410.0014343261719,491.36895751953125
72,2.0,293.0,357.7610168457031,455.79901123046875,410.3974304199219,491.66851806640625
73,2.0,293.0,357.9058837890625,455.1374816894531,412.089599609375,492.4056091308594
74,2.0,293.0,358.4640197753906,454.6167297363281,413.34857177734375,492.77801513671875
75,2.0,293.0,359.0742492675781,454.4964294433594,413.8193359375,493.2500305175781
76,2.0,293.0,360.69873046875,453.7369689941406,415.11871337890625,493.57421875
77,2.0,293.0,361.5271301269531,454.5605773925781,415.7829895019531,493.79388427734375
78,2.0,293.0,362.083984375,454.5762939453125,418.6357421875,493.6810607910156
79,2.0,293.0,362.9237060546875,454.2087707519531,420.99420166015625,493.4116516113281
80,2.0,293.0,363.19110107421875,455.3058166503906,423.8740539550781,495.0707702636719
81,2.0,293.0,363.8359680175781,455.96649169921875,424.7635803222656,495.8681945800781
82,2.0,293.0,364.8297119140625,455.90423583984375,426.4589538574219,496.8355407714844
83,2.0,293.0,365.251953125,455.9212646484375,427.832763671875,497.6526184082031
84,2.0,293.0,365.4071350097656,456.87060546875,428.43243408203125,497.8518981933594
85,2.0,293.0,365.7495422363281,456.1848449707031,431.15228271484375,498.6490173339844
86,2.0,293.0,366.54058837890625,456.3621520996094,432.2586364746094,499.21368408203125
87,2.0,293.0,367.2374572753906,455.6177673339844,434.02203369140625,500.227294921875
88,2.0,293.0,367.618896484375,454.6900939941406,435.6506652832031,501.30279541015625
89,2.0,293.0,368.1800537109375,454.14215087890625,437.00494384765625,501.8013916015625
90,2.0,293.0,369.3490905761719,454.7046203613281,438.5177001953125,501.57281494140625
91,2.0,293.0,370.7039489746094,454.3008117675781,440.0790100097656,501.3868103027344
92,2.0,293.0,371.1680603027344,453.9311828613281,442.0365905761719,501.25506591796875
93,2.0,293.0,372.3497314453125,453.7564697265625,443.434814453125,501.3497009277344
94,2.0,293.0,373.1156311035156,453.9734191894531,446.3274841308594,502.0871276855469
95,2.0,293.0,373.8319091796875,454.56402587890625,449.0900573730469,502.641357421875
96,2.0,293.0,374.7042236328125,454.0937805175781,450.88104248046875,503.20269775390625
97,2.0,293.0,375.4255065917969,453.6553649902344,452.9460754394531,504.4553527832031
98,2.0,293.0,376.93182373046875,453.5528259277344,456.5475769042969,505.6662292480469
99,2.0,293.0,378.2281799316406,453.46063232421875,459.3595886230469,506.92840576171875
100,2.0,293.0,379.0145263671875,453.6721496582031,461.1670837402344,507.4049072265625
101,2.0,293.0,380.32537841796875,452.9114685058594,463.4775695800781,508.7068176269531
102,2.0,293.0,381.3404846191406,450.9786682128906,466.7743225097656,508.857421875
103,2.0,293.0,382.7566223144531,448.96868896484375,469.9851989746094,509.9147033691406
104,2.0,293.0,384.1910705566406,447.09283447265625,471.728759765625,511.8641662597656
105,2.0,293.0,384.6661071777344,446.2802429199219,473.5137023925781,513.388671875
106,2.0,293.0,385.1030578613281,447.0166015625,477.9247741699219,514.0330810546875
107,2.0,293.0,386.2237243652344,446.9130554199219,481.8104248046875,514.4071655273438
108,2.0,293.0,387.30645751953125,445.9303283691406,484.1125183105469,514.947509765625
109,2.0,293.0,388.6108703613281,444.41534423828125,488.009765625,516.811279296875
110,2.0,293.0,391.65679931640625,444.13861083984375,491.8370666503906,519.389404296875
111,2.0,293.0,394.4731140136719,442.8525695800781,495.3620300292969,520.9508056640625
112,2.0,293.0,396.61126708984375,442.3045654296875,499.12884521484375,522.4119873046875
113,2.0,293.0,397.9076232910156,442.3594970703125,504.2818298339844,523.1130981445312
114,2.0,293.0,399.71435546875,442.8093566894531,508.394287109375,524.231201171875
115,2.0,293.0,400.92535400390625,442.6434326171875,513.1312866210938,525.65234375
116,2.0,293.0,403.62078857421875,443.0887451171875,517.4169921875,526.6465454101562
117,2.0,293.0,405.4256896972656,443.0499572753906,521.1600341796875,528.3704833984375
118,2.0,293.0,407.7681884765625,442.4970703125,526.5084228515625,529.9488525390625
119,2.0,293.0,409.88970947265625,441.2584533691406,532.6214599609375,532.9990234375
120,2.0,293.0,410.9261169433594,440.58209228515625,539.108154296875,535.4868774414062
121,2.0,293.0,412.0596008300781,440.0196228027344,545.16796875,537.7749633789062
122,2.0,293.0,412.6533508300781,439.2384948730469,551.54296875,539.2723388671875
123,2.0,293.0,415.36102294921875,438.50164794921875,557.18603515625,542.3843994140625
124,2.0,293.0,420.1451416015625,438.026123046875,564.2862548828125,545.29736328125
125,2.0,293.0,421.53167724609375,438.7601318359375,570.661376953125,548.1528930664062
126,2.0,293.0,423.9665832519531,438.4128112792969,576.7623291015625,549.2821655273438
127,2.0,293.0,430.1032409667969,437.154296875,586.0574951171875,551.2260131835938
128,2.0,293.0,432.5221862792969,436.5438232421875,595.846435546875,553.903564453125
129,2.0,293.0,433.8509216308594,435.60400390625,604.9453735351562,558.3173217773438
130,2.0,293.0,438.8744812011719,435.2179870605469,614.8864135742188,561.3325805664062
131,2.0,293.0,442.7363586425781,435.65338134765625,625.0929565429688,565.7581787109375
132,2.0,293.0,448.4405822753906,433.1975402832031,636.6290283203125,570.131103515625
133,2.0,293.0,453.43804931640625,432.1854248046875,648.7965087890625,572.7409057617188
134,2.0,293.0,457.18157958984375,431.470947265625,662.8875732421875,575.857421875
135,2.0,293.0,461.3656311035156,430.5531311035156,677.3053588867188,579.9351806640625
136,2.0,293.0,466.34942626953125,428.6678466796875,693.4984741210938,586.2106323242188
137,2.0,293.0,472.2655334472656,427.3179626464844,710.9779663085938,592.4993896484375
138,2.0,293.0,478.6699523925781,426.4950256347656,730.464599609375,601.0421752929688
139,2.0,293.0,486.1551208496094,424.33673095703125,750.9646606445312,608.1222534179688
140,2.0,293.0,494.99029541015625,423.367431640625,773.9307861328125,616.1697387695312
141,2.0,293.0,502.31689453125,421.0295104980469,799.0436401367188,624.2586059570312
142,2.0,293.0,513.7002563476562,419.5288391113281,827.227783203125,633.7167358398438
143,2.0,293.0,524.0057373046875,418.0341796875,859.2308349609375,642.512939453125
144,2.0,293.0,533.8016357421875,417.17327880859375,896.349609375,653.2666015625
145,2.0,293.0,544.8798828125,417.5868225097656,937.544189453125,670.7698974609375
146,2.0,293.0,557.514404296875,417.93450927734375,985.9896850585938,686.1676025390625
147,2.0,293.0,572.703369140625,414.5654296875,1041.01904296875,706.540283203125
148,2.0,293.0,589.8660278320312,410.4331970214844,1107.66650390625,727.639892578125
149,2.0,293.0,610.251708984375,403.7906188964844,1186.29248046875,754.8621826171875
150,2.0,293.0,632.7946166992188,401.9991760253906,1282.57080078125,787.57666015625
151,2.0,293.0,658.7202758789062,400.59429931640625,1398.201171875,829.6159057617188
152,2.0,293.0,691.0330200195312,394.211669921875,1548.734375,882.9886474609375
153,2.0,293.0,728.332763671875,388.5367736816406,1744.1783447265625,955.0712280273438
154,2.0,293.0,770.0394897460938,376.592041015625,1867.4898681640625,1031.359375
155,2.0,293.0,819.3599243164062,362.2581787109375,1919.4730224609375,1063.694091796875
156,2.0,293.0,883.97216796875,349.2052307128906,1920.0,1076.1654052734375
157,2.0,293.0,970.3159790039062,324.43475341796875,1920.0,1074.9957275390625
158,2.0,293.0,1087.4383544921875,296.2256774902344,1920.0,1078.7615966796875
159,2.0,293.0,1250.8876953125,300.8218688964844,1920.0,1080.0
