42,2.0,61.0,334.96875,589.6886596679688,382.1344909667969,625.1919555664062
43,2.0,61.0,334.71954345703125,589.4649658203125,382.8780212402344,625.2953491210938
44,2.0,61.0,335.1479187011719,589.7601928710938,383.2127380371094,625.860595703125
45,2.0,61.0,335.5133972167969,590.390869140625,383.9006652832031,626.3469848632812
46,2.0,61.0,335.92327880859375,590.0026245117188,384.4081115722656,626.678466796875
47,2.0,61.0,336.1589050292969,591.3846435546875,385.3461608886719,626.9262084960938
48,2.0,61.0,336.2955017089844,591.07666015625,385.3253173828125,626.8873901367188
49,2.0,61.0,336.24371337890625,590.6233520507812,386.16082763671875,627.0757446289062
50,2.0,61.0,336.6932067871094,590.75732421875,386.9560241699219,627.0017700195312
51,2.0,61.0,335.97442626953125,589.8088989257812,387.7792663574219,627.1546630859375
52,2.0,61.0,335.71929931640625,589.0647583007812,388.42626953125,627.2435913085938
53,2.0,61.0,335.0489807128906,589.2644653320312,389.0615539550781,627.5663452148438
54,2.0,61.0,335.1481628417969,589.2625732421875,389.86456298828125,627.73681640625
55,2.0,61.0,335.95684814453125,589.3773193359375,391.1092529296875,627.5741577148438
56,2.0,61.0,337.4444580078125,589.021484375,392.2879943847656,627.69482421875
57,2.0,61.0,338.058349609375,588.3969116210938,393.2833557128906,627.8803100585938
58,2.0,61.0,336.73736572265625,587.1213989257812,394.25604248046875,628.258544921875
59,2.0,61.0,337.00592041015625,586.5571899414062,396.1477966308594,628.802001953125
60,2.0,61.0,337.59295654296875,587.583740234375,397.3798522949219,629.4784545898438
61,2.0,61.0,338.8312683105469,587.6907958984375,397.6715087890625,629.8253173828125
63,2.0,61.0,340.1916198730469,587.9581298828125,401.2601623535156,630.2401123046875
64,2.0,61.0,343.2109680175781,587.9059448242188,403.1029052734375,630.2304077148438
65,2.0,61.0,345.6169128417969,587.6229248046875,404.56512451171875,630.494873046875
66,2.0,61.0,348.203125,587.3074340820312,405.2140808105469,630.8922729492188
67,2.0,61.0,349.15313720703125,586.6441040039062,406.96600341796875,632.223388671875
68,2.0,61.0,349.53924560546875,586.6227416992188,407.6772766113281,632.9546508789062
69,2.0,61.0,350.3963623046875,585.7579345703125,408.7906494140625,633.4053344726562
70,2.0,61.0,350.6418762207031,585.2086181640625,409.9986267089844,634.01953125
71,2.0,61.0,350.73492431640625,585.7084350585938,410.6539306640625,634.0260009765625
72,2.0,61.0,350.45684814453125,585.9490356445312,412.788818359375,634.2338256835938
73,2.0,61.0,351.6362609863281,588.3984375,413.46246337890625,634.7295532226562
74,2.0,61.0,351.38336181640625,588.722900390625,415.2533264160156,635.1838989257812
75,2.0,61.0,351.53717041015625,589.1739501953125,416.5373840332031,635.2801513671875
76,2.0,61.0,351.34429931640625,588.1482543945312,418.35107421875,635.3356323242188
77,2.0,61.0,351.6226806640625,587.0100708007812,419.47381591796875,635.4034423828125
78,2.0,61.0,352.61181640625,586.7828369140625,420.9798889160156,635.3994750976562
79,2.0,61.0,352.7590637207031,584.8018798828125,422.6853332519531,635.5986328125
80,2.0,61.0,354.3843688964844,584.7410888671875,424.8233642578125,636.235595703125
81,2.0,61.0,355.5087585449219,586.908447265625,425.6436462402344,636.843017578125
82,2.0,61.0,357.0809326171875,586.951416015625,427.1915588378906,636.9137573242188
83,2.0,61.0,358.2752990722656,584.68408203125,428.8285217285156,636.78125
84,2.0,61.0,358.9942626953125,584.6715087890625,430.37030029296875,636.64111328125
85,2.0,61.0,358.9071960449219,582.6244506835938,432.8871765136719,636.9110107421875
86,2.0,61.0,359.7369384765625,582.0340576171875,434.29229736328125,638.0103149414062
87,2.0,61.0,360.5746765136719,581.1132202148438,436.73468017578125,640.09033203125
88,2.0,61.0,362.0618896484375,577.3289184570312,438.8046569824219,641.7398071289062
89,2.0,61.0,362.9942321777344,575.3932495117188,442.05877685546875,642.7303466796875
90,2.0,61.0,364.3091735839844,574.616943359375,444.3476867675781,643.0584106445312
91,2.0,61.0,365.300537109375,574.1688842773438,446.8415832519531,643.3921508789062
92,2.0,61.0,365.9906311035156,574.4793090820312,448.56170654296875,644.1304931640625
93,2.0,61.0,366.54638671875,575.19140625,450.8914489746094,645.1788330078125
94,2.0,61.0,368.1528625488281,575.4793090820312,453.51934814453125,645.3043823242188
95,2.0,61.0,369.3330993652344,575.8116455078125,456.1001281738281,645.8948974609375
96,2.0,61.0,370.16387939453125,576.1383056640625,458.485595703125,646.2478637695312
97,2.0,61.0,371.0035095214844,577.0297241210938,461.301513671875,647.1414794921875
98,2.0,61.0,371.9506530761719,577.3244018554688,464.6458435058594,647.978759765625
99,2.0,61.0,373.1788635253906,576.8310546875,467.48309326171875,648.676025390625
100,2.0,61.0,374.2757873535156,576.035888671875,471.0233459472656,649.6532592773438
101,2.0,61.0,376.0532531738281,575.1241455078125,475.1573791503906,650.413818359375
102,2.0,61.0,378.2555847167969,575.0206909179688,477.57025146484375,652.1531372070312
103,2.0,61.0,381.0667419433594,574.8909301757812,479.6429138183594,653.14697265625
104,2.0,61.0,383.00115966796875,574.2803955078125,483.0646057128906,655.1373901367188
105,2.0,61.0,383.03973388671875,573.6790161132812,486.5268859863281,656.1287841796875
106,2.0,61.0,384.60357666015625,573.2505493164062,491.0974426269531,657.007568359375
107,2.0,61.0,386.94940185546875,573.3717651367188,494.4742736816406,657.291748046875
108,2.0,61.0,388.0553894042969,572.0682983398438,498.5452880859375,657.5885620117188
109,2.0,61.0,390.5757141113281,571.8921508789062,501.1160888671875,657.5949096679688
110,2.0,61.0,392.16925048828125,571.2971801757812,504.834716796875,658.2786865234375
111,2.0,61.0,395.3060302734375,571.208740234375,510.0958251953125,661.0076904296875
112,2.0,61.0,398.27325439453125,571.1912231445312,513.72802734375,661.9754638671875
113,2.0,61.0,399.05938720703125,570.619140625,520.004638671875,663.5595703125
114,2.0,61.0,400.4897766113281,569.552001953125,525.9970703125,665.9774169921875
115,2.0,61.0,402.1763610839844,568.4219360351562,528.7576293945312,667.72607421875
116,2.0,61.0,405.041748046875,566.1619262695312,536.4236450195312,669.8748168945312
117,2.0,61.0,407.36236572265625,564.5438842773438,541.4853515625,670.8712768554688
118,2.0,61.0,408.8868713378906,563.4664306640625,548.9078979492188,671.7796020507812
119,2.0,61.0,411.2238464355469,562.1114501953125,553.548828125,673.300537109375
120,2.0,61.0,413.567626953125,561.0671997070312,560.941162109375,676.1188354492188
121,2.0,61.0,417.4801330566406,559.4609375,570.0160522460938,678.333740234375
122,2.0,61.0,419.63555908203125,557.2098388671875,577.2537231445312,680.5151977539062
123,2.0,61.0,422.01910400390625,556.73583984375,584.95556640625,682.9791259765625
124,2.0,61.0,426.2294921875,556.5880126953125,593.626220703125,685.0220947265625
125,2.0,61.0,429.3993835449219,556.4558715820312,602.04443359375,687.8088989257812
126,2.0,61.0,433.63238525390625,554.787841796875,611.1242065429688,691.9619140625
127,2.0,61.0,437.2142639160156,553.5087280273438,622.2633666992188,693.9058227539062
128,2.0,61.0,442.770751953125,554.08642578125,633.5811157226562,696.6260986328125
129,2.0,61.0,447.3904113769531,551.335205078125,644.512451171875,697.4132690429688
130,2.0,61.0,453.120849609375,551.5888671875,657.2860107421875,701.0686645507812
131,2.0,61.0,457.3562316894531,549.99560546875,671.4932861328125,705.109130859375
132,2.0,61.0,463.0686950683594,548.26025390625,685.2122802734375,708.0835571289062
133,2.0,61.0,467.2919921875,546.5055541992188,702.8692016601562,713.2144165039062
134,2.0,61.0,474.2131652832031,544.8868408203125,719.0911865234375,717.5983276367188
135,2.0,61.0,481.2380676269531,542.997802734375,738.4464721679688,722.01220703125
136,2.0,61.0,490.3253479003906,539.9197998046875,759.79248046875,725.9762573242188
137,2.0,61.0,497.7491455078125,535.9357299804688,782.7937622070312,733.68310546875
138,2.0,61.0,505.4759521484375,532.1399536132812,807.5778198242188,740.169921875
139,2.0,61.0,514.8158569335938,528.185546875,833.8419189453125,744.4706420898438
140,2.0,61.0,525.7684326171875,525.2257080078125,863.8885498046875,755.6058349609375
141,2.0,61.0,534.7782592773438,521.3823852539062,896.1776733398438,766.2349853515625
142,2.0,61.0,547.4208374023438,517.0543823242188,932.48095703125,775.7911987304688
143,2.0,61.0,559.4631958007812,510.7196960449219,976.5440063476562,787.7057495117188
144,2.0,61.0,574.6241455078125,505.7084045410156,1025.582275390625,801.65087890625
145,2.0,61.0,591.7994995117188,499.88348388671875,1081.7904052734375,816.6771240234375
146,2.0,61.0,610.4315795898438,493.9682922363281,1145.679931640625,835.9179077148438
147,2.0,61.0,630.66064453125,485.57708740234375,1220.7197265625,859.4698486328125
148,2.0,61.0,654.1520385742188,476.5054931640625,1309.2486572265625,885.67138671875
149,2.0,61.0,681.260009765625,466.7337646484375,1416.6712646484375,915.4680786132812
150,2.0,61.0,713.1049194335938,453.3309631347656,1546.3673095703125,956.1255493164062
151,2.0,61.0,750.1685180664062,439.8351135253906,1708.7327880859375,1008.1143188476562
152,2.0,61.0,794.49609375,422.57720947265625,1854.4088134765625,1051.0286865234375
153,2.0,61.0,846.5092163085938,400.61968994140625,1914.39990234375,1069.2139892578125
154,2.0,61.0,917.7512817382812,372.4798278808594,1920.0,1075.3604736328125
155,2.0,61.0,1000.525634765625,335.99884033203125,1920.0,1072.35986328125
156,2.0,61.0,1106.5506591796875,287.2348327636719,1920.0,1074.5640869140625
157,2.0,61.0,1247.298583984375,242.58871459960938,1920.0,1075.93212890625
158,2.0,61.0,1444.57861328125,237.3396759033203,1920.0,1077.7120361328125
