3,2.0,35.0,373.6431579589844,570.558349609375,458.47906494140625,644.1719360351562
4,2.0,35.0,374.65789794921875,571.3009643554688,458.6164245605469,643.8074951171875
5,2.0,35.0,375.6167297363281,571.394775390625,458.81109619140625,643.4900512695312
6,2.0,35.0,376.18280029296875,573.5879516601562,460.1892395019531,643.6051635742188
7,2.0,35.0,376.4895324707031,575.1341552734375,461.6776428222656,644.0584716796875
8,2.0,35.0,376.7796325683594,574.5515747070312,463.2986145019531,644.8845825195312
9,2.0,35.0,377.7397766113281,574.2974243164062,465.34051513671875,645.25634765625
10,2.0,35.0,378.4710388183594,574.4303588867188,466.8016357421875,645.6359252929688
11,2.0,35.0,379.15966796875,574.43994140625,467.84344482421875,645.8456420898438
12,2.0,35.0,379.48822021484375,574.0553588867188,469.0316162109375,645.9037475585938
13,2.0,35.0,381.0580139160156,572.2078857421875,469.69091796875,646.36767578125
14,2.0,35.0,382.08575439453125,571.53173828125,471.0317077636719,646.2780151367188
15,2.0,35.0,382.7931213378906,570.7229614257812,471.7270202636719,646.1632690429688
16,2.0,35.0,382.4698791503906,571.135009765625,473.59588623046875,646.4159545898438
17,2.0,35.0,382.9650573730469,572.1849975585938,474.3721923828125,647.4176635742188
18,2.0,35.0,383.4444885253906,572.8956298828125,475.2233581542969,648.166259765625
19,2.0,35.0,384.75970458984375,572.2025756835938,476.8087463378906,648.5466918945312
20,2.0,35.0,385.29705810546875,572.5716552734375,477.5269775390625,648.6830444335938
21,2.0,35.0,385.5542297363281,572.6796264648438,478.5102844238281,648.8490600585938
22,2.0,35.0,385.8616943359375,572.7911376953125,478.9874572753906,648.9319458007812
23,2.0,35.0,385.9082336425781,572.7714233398438,480.7843933105469,649.6521606445312
24,2.0,35.0,385.4736022949219,572.9589233398438,482.2318115234375,649.5472412109375
25,2.0,35.0,385.3973693847656,573.1461791992188,483.1002197265625,650.0882568359375
26,2.0,35.0,386.1669921875,573.1229858398438,484.2916564941406,651.1317749023438
27,2.0,35.0,387.161865234375,573.4564819335938,485.5624084472656,652.0664672851562
28,2.0,35.0,387.4826965332031,573.3551025390625,486.874755859375,653.3112182617188
29,2.0,35.0,386.07611083984375,573.0706176757812,488.7030944824219,653.66357421875
30,2.0,35.0,387.1643981933594,573.245849609375,491.73956298828125,654.1213989257812
31,2.0,35.0,387.92413330078125,573.4534912109375,493.0121154785156,653.6511840820312
32,2.0,35.0,388.8457946777344,573.013916015625,495.1769104003906,654.2472534179688
33,2.0,35.0,389.7112121582031,571.7626342773438,497.3744201660156,654.8273315429688
34,2.0,35.0,389.0045471191406,570.5789794921875,500.08642578125,655.3976440429688
35,2.0,35.0,390.17462158203125,570.0303344726562,501.0482177734375,655.6679077148438
36,2.0,35.0,390.6683349609375,570.196533203125,501.5176086425781,655.9338989257812
37,2.0,35.0,392.5447692871094,569.57666015625,501.3767395019531,655.8798828125
38,2.0,35.0,394.3628234863281,569.56640625,501.42266845703125,656.0924072265625
39,2.0,35.0,394.984375,569.646240234375,502.4648742675781,656.503173828125
40,2.0,35.0,395.4001159667969,569.9313354492188,506.1109313964844,657.5940551757812
41,2.0,35.0,396.3541564941406,570.2079467773438,508.5009765625,658.7532348632812
42,2.0,35.0,396.7376708984375,569.103759765625,509.4225769042969,659.1973266601562
43,2.0,35.0,396.00604248046875,568.9614868164062,511.80731201171875,659.138427734375
44,2.0,35.0,396.532470703125,568.4927368164062,514.5750122070312,659.31298828125
45,2.0,35.0,398.5667419433594,568.4219970703125,516.193359375,659.73583984375
46,2.0,35.0,397.8863220214844,568.1265869140625,517.7474365234375,660.76123046875
47,2.0,35.0,397.5816345214844,566.5029296875,520.1445922851562,660.9315185546875
48,2.0,35.0,398.7208557128906,565.313232421875,522.6851196289062,660.9851684570312
49,2.0,35.0,401.92840576171875,565.4950561523438,523.9451904296875,662.0543212890625
50,2.0,35.0,403.4380798339844,565.979736328125,526.1587524414062,663.1732788085938
51,2.0,35.0,404.89971923828125,565.9421997070312,528.4772338867188,663.6813354492188
52,2.0,35.0,405.691650390625,565.63818359375,529.4003295898438,664.7380981445312
53,2.0,35.0,405.95684814453125,565.232666015625,531.9124145507812,666.364501953125
54,2.0,35.0,407.2286376953125,564.0311279296875,533.0823974609375,668.654296875
55,2.0,35.0,408.7577819824219,563.0632934570312,535.087890625,669.5094604492188
56,2.0,35.0,408.6229553222656,562.5671997070312,538.2220458984375,669.7921142578125
57,2.0,35.0,408.7367858886719,563.270263671875,540.8724975585938,669.6964721679688
58,2.0,35.0,409.173583984375,563.3603515625,543.2366333007812,670.0352172851562
59,2.0,35.0,410.6092834472656,561.94140625,546.3740234375,670.8009033203125
60,2.0,35.0,410.1457214355469,561.4385986328125,547.5480346679688,671.6588745117188
61,2.0,35.0,410.1007995605469,561.5827026367188,549.9674682617188,672.3167724609375
62,2.0,35.0,411.4125671386719,561.6962890625,551.2950439453125,672.8668212890625
63,2.0,35.0,411.9241027832031,561.4749145507812,554.971923828125,673.3903198242188
64,2.0,35.0,414.9312744140625,560.940185546875,557.734619140625,673.893310546875
65,2.0,35.0,414.6778564453125,559.7420043945312,559.8180541992188,674.6654663085938
66,2.0,35.0,417.84722900390625,558.909423828125,563.8314208984375,675.3261108398438
67,2.0,35.0,418.110107421875,558.8243408203125,569.7811279296875,678.0419921875
68,2.0,35.0,417.2929382324219,558.538330078125,573.9500122070312,680.0034790039062
69,2.0,35.0,418.9510803222656,558.7915649414062,575.9317016601562,680.5488891601562
70,2.0,35.0,419.5869140625,559.2861328125,576.8870849609375,681.3004760742188
71,2.0,35.0,423.9186096191406,558.6646118164062,579.5092163085938,682.2781372070312
72,2.0,35.0,426.4667053222656,558.0715942382812,582.6728515625,683.23681640625
73,2.0,35.0,431.7599182128906,557.7882080078125,586.2203979492188,684.4830322265625
74,2.0,35.0,432.5528259277344,557.546630859375,589.98779296875,684.8366088867188
75,2.0,35.0,433.3291320800781,556.5463256835938,594.6258544921875,685.7886352539062
76,2.0,35.0,433.98773193359375,556.64111328125,597.9569091796875,687.5531005859375
77,2.0,35.0,434.2035827636719,555.8526000976562,600.343505859375,689.5563354492188
78,2.0,35.0,436.59326171875,556.0689086914062,603.8294067382812,690.838134765625
79,2.0,35.0,438.5985107421875,555.8797607421875,609.2128295898438,692.3527221679688
80,2.0,35.0,443.8858947753906,556.0673828125,612.531982421875,693.8068237304688
81,2.0,35.0,446.4631042480469,556.091064453125,617.9636840820312,694.1097412109375
82,2.0,35.0,446.9541931152344,553.6145629882812,622.2052612304688,694.9876708984375
83,2.0,35.0,444.74761962890625,552.9744873046875,627.0938720703125,696.2208862304688
84,2.0,35.0,443.9807434082031,553.6026000976562,630.8882446289062,696.6719970703125
85,2.0,35.0,443.5140380859375,554.18798828125,635.6567993164062,698.060302734375
86,2.0,35.0,444.60247802734375,553.2837524414062,640.17822265625,699.5199584960938
87,2.0,35.0,447.11669921875,553.3780517578125,645.3717041015625,701.5345458984375
88,2.0,35.0,449.3489074707031,553.1310424804688,650.0508422851562,702.8458862304688
89,2.0,35.0,451.7491455078125,552.0537719726562,654.8389282226562,704.8283081054688
90,2.0,35.0,454.6488037109375,550.4810180664062,661.3247680664062,707.5653686523438
91,2.0,35.0,455.9405212402344,549.312744140625,667.16943359375,710.2867431640625
92,2.0,35.0,456.4965515136719,549.20654296875,672.4451904296875,711.5842895507812
93,2.0,35.0,457.46978759765625,548.2764892578125,679.137939453125,713.5303344726562
94,2.0,35.0,459.04400634765625,547.6257934570312,685.1070556640625,715.733642578125
95,2.0,35.0,462.81732177734375,548.7633666992188,692.0145874023438,717.7706909179688
96,2.0,35.0,465.85076904296875,547.733642578125,697.0713500976562,718.4714965820312
97,2.0,35.0,467.7196350097656,547.4662475585938,703.9891357421875,720.5750122070312
98,2.0,35.0,470.1548767089844,546.6669921875,711.7455444335938,722.7093505859375
99,2.0,35.0,474.3300476074219,546.1673583984375,718.5270385742188,724.7164916992188
100,2.0,35.0,478.8211975097656,544.4368286132812,726.3818969726562,727.60009765625
101,2.0,35.0,483.99163818359375,541.6632690429688,734.1529541015625,730.513427734375
102,2.0,35.0,485.6537170410156,540.8931884765625,740.4655151367188,731.4411010742188
103,2.0,35.0,485.05438232421875,541.6950073242188,750.052490234375,734.94921875
104,2.0,35.0,488.30865478515625,541.6032104492188,759.5697021484375,739.372314453125
105,2.0,35.0,491.5950012207031,540.6010131835938,768.7620239257812,740.8731689453125
106,2.0,35.0,494.26739501953125,539.49658203125,778.7836303710938,744.6221923828125
107,2.0,35.0,497.1689758300781,539.2020263671875,788.0732421875,746.9780883789062
108,2.0,35.0,500.8240966796875,536.6085205078125,798.4297485351562,749.835693359375
109,2.0,35.0,504.125732421875,534.3197021484375,809.222900390625,753.0431518554688
110,2.0,35.0,509.182861328125,532.3637084960938,821.3327026367188,756.4043579101562
111,2.0,35.0,515.3461303710938,529.3150024414062,834.8236083984375,759.7936401367188
112,2.0,35.0,518.072509765625,526.6021118164062,845.7125854492188,763.1632080078125
113,2.0,35.0,523.724365234375,523.3837890625,859.7472534179688,766.7899169921875
114,2.0,35.0,527.2113037109375,522.8051147460938,874.9380493164062,771.944580078125
115,2.0,35.0,533.0114135742188,522.1173706054688,888.375732421875,776.905517578125
116,2.0,35.0,536.7931518554688,520.3287353515625,902.6741943359375,780.496337890625
117,2.0,35.0,541.1622314453125,519.5064697265625,917.47705078125,786.0200805664062
118,2.0,35.0,546.4593505859375,520.0418701171875,932.9044189453125,790.3865966796875
119,2.0,35.0,552.6107177734375,521.5875244140625,950.1322631835938,795.9537963867188
120,2.0,35.0,556.8793334960938,521.0808715820312,969.0360107421875,800.98779296875
121,2.0,35.0,562.9337768554688,520.8718872070312,987.18798828125,804.9580078125
122,2.0,35.0,569.04248046875,520.7825927734375,1008.1530151367188,811.6298217773438
123,2.0,35.0,575.035888671875,520.126220703125,1029.259521484375,817.8546142578125
124,2.0,35.0,581.9844970703125,518.9998168945312,1050.6741943359375,825.3684692382812
125,2.0,35.0,588.077392578125,517.923828125,1075.9744873046875,830.9971313476562
126,2.0,35.0,597.2099609375,515.470703125,1100.924072265625,839.6950073242188
127,2.0,35.0,604.7326049804688,511.41900634765625,1127.5013427734375,847.4945678710938
128,2.0,35.0,613.0910034179688,508.85284423828125,1158.521240234375,857.2269897460938
129,2.0,35.0,621.1110229492188,505.4051818847656,1187.4415283203125,866.7210693359375
130,2.0,35.0,630.3906860351562,502.6314697265625,1219.796630859375,877.2886352539062
131,2.0,35.0,638.6167602539062,499.9662780761719,1255.5850830078125,888.0001831054688
132,2.0,35.0,648.9235229492188,496.9380187988281,1292.1339111328125,900.6581420898438
133,2.0,35.0,659.919189453125,495.1675109863281,1332.1461181640625,914.3211669921875
134,2.0,35.0,669.6950073242188,491.3370666503906,1376.7613525390625,926.8782348632812
135,2.0,35.0,681.0834350585938,488.32769775390625,1423.8106689453125,941.401123046875
136,2.0,35.0,694.3523559570312,484.88543701171875,1473.010009765625,958.1633911132812
137,2.0,35.0,707.983642578125,481.84283447265625,1528.2734375,976.357177734375
138,2.0,35.0,723.4722900390625,477.2479248046875,1588.9610595703125,997.390380859375
139,2.0,35.0,739.0670166015625,472.78802490234375,1655.9208984375,1019.9443359375
140,2.0,35.0,755.63427734375,467.19549560546875,1725.8070068359375,1041.3302001953125
141,2.0,35.0,773.27392578125,461.373046875,1804.062255859375,1065.13134765625
142,2.0,35.0,794.9404296875,456.034912109375,1890.0616455078125,1074.4703369140625
143,2.0,35.0,810.5928344726562,449.20806884765625,1920.0,1077.57421875
144,2.0,35.0,835.2410888671875,440.3959045410156,1920.0,1078.1805419921875
145,2.0,35.0,857.2772827148438,432.4124755859375,1920.0,1078.4742431640625
146,2.0,35.0,889.5309448242188,423.53070068359375,1920.0,1078.6024169921875
147,2.0,36.0,917.2865600585938,414.40313720703125,1918.443115234375,1077.4970703125
149,2.0,35.0,986.0671997070312,392.746337890625,1920.0,1075.9942626953125
150,2.0,35.0,1029.882568359375,377.3731689453125,1920.0,1071.1783447265625
151,2.0,35.0,1074.50439453125,363.86322021484375,1920.0,1069.797607421875
152,2.0,35.0,1122.26171875,345.5243225097656,1920.0,1069.14013671875
153,2.0,35.0,1173.5340576171875,326.0451965332031,1920.0,1070.118408203125
154,2.0,35.0,1231.816650390625,304.8764953613281,1920.0,1070.0533447265625
155,2.0,35.0,1296.2811279296875,298.3169860839844,1920.0,1070.10205078125
156,2.0,35.0,1368.529541015625,302.8786315917969,1920.0,1071.74609375
