20,2.0,68.0,315.1903991699219,507.70831298828125,358.0625915527344,539.7518920898438
21,2.0,68.0,315.27593994140625,508.7789001464844,358.0591735839844,539.86962890625
22,2.0,68.0,315.76422119140625,508.8327941894531,358.3757629394531,539.706787109375
23,2.0,68.0,315.825927734375,508.4168701171875,359.8293151855469,539.657470703125
24,2.0,68.0,316.1140441894531,507.6199035644531,360.8907775878906,539.4594116210938
25,2.0,68.0,316.0215759277344,505.9256896972656,361.13037109375,539.3821411132812
26,2.0,68.0,315.6834716796875,506.437744140625,361.78253173828125,539.557373046875
27,2.0,68.0,315.66229248046875,506.72393798828125,363.0316467285156,539.8270874023438
28,2.0,68.0,315.66168212890625,507.01654052734375,363.59222412109375,539.8392944335938
29,2.0,68.0,315.5348815917969,507.152099609375,365.05389404296875,540.3226928710938
30,2.0,68.0,315.4273376464844,507.41650390625,366.6800537109375,541.6106567382812
31,2.0,68.0,316.52197265625,507.27398681640625,367.9388427734375,541.9194946289062
32,2.0,68.0,316.874755859375,507.8240051269531,369.1840515136719,542.4112548828125
33,2.0,68.0,316.50738525390625,507.9425354003906,370.573974609375,543.1356201171875
34,2.0,68.0,316.7129211425781,507.2105712890625,371.0387878417969,543.85595703125
35,2.0,68.0,316.8309326171875,506.1788024902344,371.4853820800781,544.5292358398438
36,2.0,68.0,316.6574401855469,505.38055419921875,372.4678649902344,545.4879760742188
37,2.0,68.0,317.4447021484375,504.61956787109375,373.61151123046875,546.343505859375
38,2.0,68.0,318.3431396484375,504.73529052734375,376.16748046875,546.6327514648438
39,2.0,68.0,320.0128173828125,504.4108581542969,377.1446533203125,546.989013671875
40,2.0,68.0,321.3924560546875,503.90057373046875,378.53668212890625,546.7552490234375
41,2.0,68.0,322.0391540527344,503.4668884277344,379.9404296875,546.6480102539062
42,2.0,68.0,323.6927185058594,503.9937438964844,380.6085510253906,547.1766967773438
43,2.0,68.0,324.27099609375,504.22650146484375,382.25048828125,547.83447265625
44,2.0,68.0,324.9017333984375,503.35784912109375,384.1576843261719,548.3257446289062
45,2.0,68.0,325.3486328125,503.4825134277344,385.0550231933594,548.8444213867188
46,2.0,68.0,325.3598937988281,504.3095703125,387.0511169433594,549.5006103515625
47,2.0,68.0,325.4234924316406,504.9233093261719,387.85302734375,549.6552124023438
48,2.0,68.0,326.1840515136719,505.1205749511719,389.7290344238281,549.55908203125
49,2.0,68.0,326.47979736328125,504.87762451171875,390.843505859375,549.5484008789062
50,2.0,68.0,326.7379150390625,503.2643127441406,393.4290771484375,549.6262817382812
51,2.0,68.0,327.5737609863281,502.5633544921875,395.5068359375,549.5728759765625
52,2.0,68.0,329.020751953125,501.3686218261719,397.2654724121094,549.4176025390625
53,2.0,68.0,329.5335388183594,499.91168212890625,399.17657470703125,550.5625610351562
54,2.0,68.0,330.32476806640625,498.9560241699219,401.096923828125,551.516845703125
55,2.0,68.0,331.69439697265625,498.8662109375,402.73370361328125,552.138916015625
56,2.0,68.0,333.4427185058594,497.756103515625,404.7519836425781,553.1337280273438
57,2.0,68.0,333.86309814453125,497.54144287109375,406.65203857421875,553.9197998046875
58,2.0,68.0,334.1350402832031,497.33001708984375,408.18096923828125,554.545654296875
59,2.0,68.0,334.9700927734375,496.8881530761719,410.867431640625,555.0897827148438
60,2.0,68.0,335.9090270996094,496.26275634765625,413.27178955078125,555.2459106445312
61,2.0,68.0,338.30462646484375,495.3935241699219,413.96038818359375,554.5623168945312
62,2.0,68.0,337.9463806152344,493.8759765625,416.9529113769531,555.0394897460938
63,2.0,68.0,338.41796875,492.2494201660156,418.6560974121094,555.3433227539062
64,2.0,68.0,339.4818115234375,492.7519226074219,420.64947509765625,556.3610229492188
65,2.0,68.0,340.9065246582031,493.62872314453125,422.2532958984375,556.6513671875
66,2.0,68.0,341.89996337890625,493.861572265625,424.54693603515625,557.5743408203125
67,2.0,68.0,343.5394287109375,494.0710144042969,429.3843688964844,559.418701171875
68,2.0,68.0,345.8799743652344,494.19073486328125,433.0652160644531,560.3624877929688
69,2.0,68.0,347.2073059082031,494.39727783203125,435.68280029296875,561.0924682617188
70,2.0,68.0,348.7430114746094,493.1864929199219,437.2940673828125,561.3214111328125
71,2.0,68.0,350.9185791015625,491.692626953125,440.6050720214844,561.42236328125
72,2.0,68.0,352.97808837890625,490.869384765625,443.9917297363281,561.417236328125
73,2.0,68.0,354.2221374511719,489.2889099121094,447.54010009765625,562.4295654296875
74,2.0,68.0,357.3154602050781,487.3424072265625,450.7330322265625,564.1920166015625
75,2.0,68.0,359.0393981933594,488.27081298828125,454.9790954589844,564.8692016601562
76,2.0,68.0,360.4661560058594,488.788330078125,458.6546325683594,565.833984375
77,2.0,68.0,362.07373046875,487.4296569824219,462.6760559082031,566.997802734375
78,2.0,68.0,364.11029052734375,487.2802734375,465.985107421875,568.829833984375
79,2.0,68.0,366.3225402832031,487.07440185546875,469.9389343261719,570.1770629882812
80,2.0,68.0,367.8934631347656,487.4879455566406,474.98321533203125,570.9655151367188
81,2.0,68.0,371.0177001953125,488.1358337402344,478.41802978515625,572.7860107421875
82,2.0,68.0,372.5059509277344,487.80145263671875,483.4434814453125,574.4207763671875
83,2.0,68.0,374.8861083984375,486.92315673828125,488.7206115722656,574.9296264648438
84,2.0,68.0,376.3169860839844,485.884521484375,494.8011169433594,575.6170654296875
85,2.0,68.0,381.14935302734375,484.3364562988281,499.8424072265625,576.0438232421875
86,2.0,68.0,384.49798583984375,483.62530517578125,503.86224365234375,577.5842895507812
87,2.0,68.0,387.16119384765625,482.8723449707031,512.187744140625,578.7576293945312
88,2.0,68.0,388.25390625,480.869873046875,519.7051391601562,580.8204345703125
89,2.0,68.0,391.3619384765625,480.4723815917969,526.2285766601562,583.4425659179688
90,2.0,68.0,395.6888122558594,478.03704833984375,534.98046875,584.6777954101562
91,2.0,68.0,397.858154296875,477.70416259765625,542.0006713867188,586.3641967773438
92,2.0,68.0,401.3767395019531,477.4987487792969,549.715576171875,587.7310180664062
93,2.0,68.0,405.85064697265625,475.48345947265625,560.0836791992188,590.8314208984375
94,2.0,68.0,408.6893005371094,474.9430236816406,568.2024536132812,593.4588012695312
95,2.0,68.0,413.35369873046875,472.0335388183594,579.6446533203125,595.8905029296875
96,2.0,68.0,418.79150390625,469.6287536621094,588.8834838867188,598.0734252929688
97,2.0,68.0,424.29345703125,467.6968688964844,599.9891967773438,600.4556274414062
98,2.0,68.0,430.4736328125,466.33502197265625,611.022705078125,602.3763427734375
99,2.0,68.0,434.1542663574219,465.07354736328125,623.7337646484375,606.0437622070312
100,2.0,68.0,440.9538879394531,462.5726013183594,637.7066650390625,608.7633666992188
101,2.0,68.0,447.50177001953125,461.80682373046875,652.2666625976562,611.9091186523438
102,2.0,68.0,453.8785400390625,461.4753723144531,668.6455078125,615.874267578125
103,2.0,68.0,459.9671325683594,460.50445556640625,686.551025390625,620.441650390625
104,2.0,68.0,467.0308837890625,457.2976379394531,704.5662841796875,623.3826904296875
105,2.0,68.0,475.1449890136719,455.5108337402344,726.142822265625,627.425537109375
106,2.0,68.0,484.2428894042969,452.2347717285156,746.9059448242188,632.9526977539062
107,2.0,68.0,492.7969055175781,450.7488098144531,771.6654052734375,638.677734375
108,2.0,68.0,503.87127685546875,446.9747314453125,798.9324951171875,646.7685546875
109,2.0,68.0,514.9703979492188,443.41851806640625,829.8812866210938,653.9539184570312
110,2.0,68.0,526.676025390625,438.2060546875,863.499267578125,661.46923828125
111,2.0,68.0,540.55517578125,435.479736328125,899.9426879882812,671.9086303710938
112,2.0,68.0,554.3890380859375,430.9645690917969,943.2105102539062,684.4863891601562
113,2.0,68.0,571.4580688476562,427.315673828125,992.9674072265625,698.4746704101562
114,2.0,68.0,590.8310546875,421.1723327636719,1049.6837158203125,715.5946655273438
115,2.0,68.0,611.1728515625,410.50225830078125,1115.4930419921875,731.8621215820312
116,2.0,68.0,635.3135375976562,403.7397766113281,1192.4163818359375,756.0228271484375
117,2.0,68.0,660.9806518554688,396.81378173828125,1282.318603515625,782.4757080078125
118,2.0,68.0,693.2921142578125,388.630859375,1391.65234375,811.877197265625
119,2.0,68.0,730.3401489257812,378.9649963378906,1525.2548828125,850.4195556640625
120,2.0,68.0,770.0424194335938,366.60552978515625,1692.5426025390625,897.997802734375
121,2.0,68.0,823.7515258789062,349.4118957519531,1847.6055908203125,959.9264526367188
122,2.0,68.0,887.928955078125,329.58978271484375,1911.7850341796875,1033.31103515625
123,2.0,68.0,970.2882080078125,302.36773681640625,1920.0,1063.8641357421875
124,2.0,68.0,1073.03564453125,265.48260498046875,1920.0,1047.22021484375
125,2.0,68.0,1207.3475341796875,218.49514770507812,1920.0,1049.3470458984375
