54,2.0,74.0,250.5552215576172,457.11566162109375,293.3620300292969,488.89129638671875
55,2.0,74.0,250.78048706054688,457.1537780761719,294.5460510253906,489.348876953125
56,2.0,74.0,251.20895385742188,456.2793884277344,294.7872009277344,489.70550537109375
57,2.0,74.0,251.51443481445312,456.67474365234375,295.7245788574219,490.0709228515625
58,2.0,74.0,251.79905700683594,457.64935302734375,297.4052429199219,490.4010925292969
59,2.0,74.0,252.523193359375,457.8773193359375,298.1485595703125,490.53668212890625
60,2.0,74.0,253.2180938720703,459.3056945800781,299.6756896972656,490.6336975097656
61,2.0,74.0,253.5341339111328,459.2593994140625,301.2807312011719,490.92938232421875
62,2.0,74.0,253.772705078125,458.30462646484375,302.05194091796875,490.9212951660156
63,2.0,74.0,253.7727813720703,458.8138427734375,302.7106628417969,490.7430419921875
64,2.0,74.0,253.9062042236328,457.8777770996094,303.7099304199219,490.90618896484375
65,2.0,74.0,254.72349548339844,457.4404602050781,304.6684265136719,490.9832458496094
66,2.0,74.0,256.20880126953125,457.313232421875,305.3937683105469,491.2232360839844
67,2.0,74.0,256.49365234375,458.8619079589844,306.56854248046875,491.45361328125
68,2.0,74.0,256.2130126953125,458.8695373535156,308.3427734375,491.7803649902344
69,2.0,74.0,256.8412170410156,459.3987731933594,310.0829772949219,491.8642883300781
70,2.0,74.0,257.5686340332031,459.22125244140625,310.460205078125,492.2727355957031
71,2.0,74.0,258.464111328125,457.68585205078125,311.78466796875,492.47796630859375
72,2.0,74.0,259.66400146484375,456.4212341308594,314.5859680175781,493.6293029785156
73,2.0,74.0,260.0391540527344,455.41748046875,315.77349853515625,494.2493896484375
74,2.0,74.0,259.94329833984375,454.42950439453125,316.4093933105469,493.78173828125
75,2.0,74.0,260.5322570800781,453.7983703613281,316.5492858886719,494.07568359375
76,2.0,74.0,261.2577819824219,454.5113830566406,318.9793395996094,495.1560363769531
77,2.0,74.0,261.66375732421875,454.6575622558594,320.3730773925781,495.5412292480469
78,2.0,74.0,262.05120849609375,457.9016418457031,322.1931457519531,495.9426574707031
79,2.0,74.0,262.8556823730469,458.73358154296875,323.8609619140625,496.2333984375
80,2.0,74.0,264.13775634765625,459.48883056640625,326.53582763671875,496.6635437011719
81,2.0,74.0,264.5911865234375,459.22467041015625,329.10430908203125,497.3457336425781
82,2.0,74.0,264.640380859375,458.34332275390625,331.1684875488281,497.7945251464844
83,2.0,74.0,265.5639343261719,456.25994873046875,332.3258972167969,497.9290466308594
84,2.0,74.0,266.6726379394531,455.6395263671875,333.4400939941406,498.6529235839844
85,2.0,74.0,267.0209045410156,457.77880859375,335.6496887207031,499.3724670410156
86,2.0,74.0,267.1205749511719,458.4832763671875,338.31036376953125,500.1824951171875
87,2.0,74.0,268.2670593261719,457.2727966308594,339.93505859375,500.453125
88,2.0,74.0,269.6909484863281,457.05865478515625,341.810791015625,500.89642333984375
89,2.0,74.0,270.4176330566406,458.1983947753906,342.1754150390625,501.72784423828125
90,2.0,74.0,271.9705810546875,459.0162658691406,343.9131774902344,502.4439392089844
91,2.0,74.0,272.9969177246094,459.2528076171875,346.9764404296875,502.6410827636719
92,2.0,74.0,273.79803466796875,459.82415771484375,349.9969177246094,503.20428466796875
93,2.0,74.0,273.8421936035156,459.12628173828125,352.349365234375,504.69744873046875
94,2.0,74.0,274.7994079589844,453.7635192871094,355.2352600097656,506.2525634765625
95,2.0,74.0,275.95123291015625,443.5481262207031,358.4241027832031,507.33819580078125
96,2.0,74.0,276.9961242675781,444.7013244628906,361.6591491699219,508.6094970703125
97,2.0,74.0,277.72760009765625,450.68115234375,366.1288757324219,510.9023132324219
98,2.0,74.0,278.7402648925781,448.09149169921875,369.4283752441406,511.7225341796875
99,2.0,74.0,280.5088195800781,447.61517333984375,371.8070983886719,512.4677734375
100,2.0,74.0,282.5269470214844,448.6578674316406,375.63787841796875,513.3960571289062
101,2.0,74.0,283.264404296875,441.7210693359375,377.5229797363281,514.289794921875
102,2.0,74.0,284.51080322265625,439.17236328125,382.4881591796875,514.9957275390625
103,2.0,74.0,287.6140441894531,436.9679260253906,386.4619445800781,516.7171020507812
104,2.0,74.0,288.6511535644531,436.4325866699219,391.131103515625,519.061279296875
105,2.0,74.0,290.5137023925781,436.11138916015625,395.0186767578125,520.5675048828125
106,2.0,74.0,291.59283447265625,433.82366943359375,399.7110595703125,523.1032104492188
107,2.0,74.0,295.7420349121094,433.7080078125,404.47247314453125,524.6681518554688
108,2.0,74.0,297.4624328613281,434.1587219238281,409.89990234375,525.2762451171875
109,2.0,74.0,300.44476318359375,434.2730712890625,414.1275634765625,527.1671142578125
110,2.0,74.0,303.091796875,433.0798645019531,421.5516357421875,528.8638916015625
111,2.0,74.0,304.84185791015625,431.83514404296875,428.8209228515625,531.8131103515625
112,2.0,74.0,307.7842102050781,431.3272399902344,434.52783203125,534.3521728515625
113,2.0,74.0,312.3484802246094,431.75830078125,442.2799072265625,536.644287109375
114,2.0,74.0,314.080322265625,429.5557861328125,450.4438781738281,538.734130859375
115,2.0,74.0,315.1307678222656,429.1536865234375,457.8456726074219,541.9765625
116,2.0,74.0,317.84228515625,427.9556579589844,466.4230651855469,544.2579345703125
117,2.0,74.0,323.3946533203125,426.5985107421875,476.3212890625,546.9837036132812
118,2.0,74.0,325.15234375,424.4217834472656,484.8876953125,549.838134765625
119,2.0,74.0,330.93597412109375,423.596435546875,493.732666015625,553.2987670898438
120,2.0,74.0,340.8306884765625,422.6819152832031,504.0093688964844,558.98291015625
121,2.0,74.0,343.1791076660156,422.5260314941406,517.0497436523438,563.267822265625
122,2.0,74.0,351.27984619140625,422.7064514160156,529.8145141601562,567.3771362304688
123,2.0,74.0,352.1820068359375,420.2113952636719,544.3480224609375,572.063720703125
124,2.0,74.0,355.9536437988281,418.3123474121094,560.1484375,574.6582641601562
125,2.0,74.0,360.414794921875,416.9876403808594,575.36474609375,580.4264526367188
126,2.0,74.0,365.9432067871094,415.038818359375,594.4942626953125,586.0700073242188
127,2.0,74.0,374.2196960449219,413.4163818359375,614.7374877929688,593.3214111328125
128,2.0,74.0,382.572265625,410.2708435058594,637.0704956054688,599.1804809570312
129,2.0,74.0,390.6374816894531,407.1910095214844,662.7060546875,607.0936279296875
130,2.0,74.0,398.7966613769531,403.1418762207031,691.4639282226562,616.4215698242188
131,2.0,74.0,408.6725769042969,397.61419677734375,725.2645874023438,625.0316162109375
132,2.0,74.0,419.7004699707031,392.38348388671875,761.1242065429688,636.8589477539062
133,2.0,74.0,436.4271545410156,385.55389404296875,804.0701293945312,649.3904418945312
134,2.0,74.0,450.4124450683594,381.77606201171875,853.5162353515625,664.1396484375
135,2.0,74.0,466.3560485839844,380.431396484375,912.3392944335938,681.0079345703125
136,2.0,74.0,484.4009704589844,377.06109619140625,982.1209716796875,702.6851196289062
137,2.0,74.0,507.96441650390625,369.463134765625,1066.2099609375,728.2487182617188
138,2.0,74.0,536.1698608398438,358.7738952636719,1169.074462890625,760.573486328125
139,2.0,74.0,568.9349365234375,347.4722900390625,1298.0780029296875,801.8663940429688
140,2.0,74.0,607.1432495117188,334.4217224121094,1461.8367919921875,854.8783569335938
141,2.0,74.0,653.897705078125,319.5646057128906,1678.994140625,933.2080688476562
142,2.0,74.0,714.02197265625,297.26190185546875,1841.9637451171875,1023.1716918945312
143,2.0,74.0,793.8644409179688,269.2112121582031,1910.17041015625,1065.513916015625
144,2.0,74.0,902.3074951171875,230.2800750732422,1920.0,1072.64111328125
145,2.0,74.0,1056.2838134765625,180.3612060546875,1920.0,1077.354736328125
146,2.0,74.0,1273.729248046875,157.43621826171875,1920.0,1080.0
