5,2.0,177.0,198.74217224121094,369.88275146484375,244.78704833984375,408.8245544433594
6,2.0,177.0,199.48831176757812,368.7332763671875,245.0177459716797,408.7984313964844
7,2.0,177.0,200.0273895263672,368.6637268066406,245.7071990966797,409.0066223144531
8,2.0,177.0,200.48797607421875,369.9860534667969,246.5996551513672,409.0316467285156
9,2.0,177.0,201.26519775390625,370.52886962890625,246.82492065429688,409.1949462890625
10,2.0,177.0,201.98194885253906,371.037353515625,246.9486083984375,409.6824035644531
11,2.0,177.0,201.81394958496094,370.5840759277344,247.13128662109375,409.9718322753906
12,2.0,177.0,202.06594848632812,370.5565490722656,247.78158569335938,410.4717102050781
13,2.0,177.0,201.89797973632812,370.47332763671875,248.8090362548828,410.9851379394531
14,2.0,177.0,201.87796020507812,369.8558349609375,249.50238037109375,411.35150146484375
15,2.0,177.0,202.18479919433594,369.9217834472656,251.95745849609375,411.6706237792969
16,2.0,177.0,203.90084838867188,370.48077392578125,253.79071044921875,412.7376403808594
17,2.0,177.0,204.67755126953125,371.4110107421875,255.36485290527344,412.8077392578125
18,2.0,177.0,205.2555389404297,371.55352783203125,255.82223510742188,412.2281494140625
19,2.0,177.0,205.43482971191406,371.2589111328125,257.56866455078125,412.40087890625
20,2.0,177.0,205.60662841796875,371.25360107421875,258.2422790527344,412.30120849609375
21,2.0,177.0,205.6205291748047,370.5707092285156,259.3448486328125,412.3111877441406
22,2.0,177.0,205.67530822753906,371.34356689453125,260.2217712402344,411.86322021484375
23,2.0,177.0,205.9700927734375,371.88995361328125,260.9420471191406,411.9270935058594
24,2.0,177.0,206.4845733642578,372.7293701171875,261.199462890625,412.0881042480469
25,2.0,177.0,206.32217407226562,373.2830505371094,261.89398193359375,412.3796081542969
26,2.0,177.0,207.235595703125,373.55108642578125,263.1953430175781,412.59796142578125
27,2.0,177.0,207.91236877441406,373.53753662109375,264.30859375,414.0907287597656
28,2.0,177.0,208.4654541015625,373.999267578125,264.77227783203125,415.389404296875
29,2.0,177.0,210.34927368164062,373.2465515136719,265.2021789550781,416.2404479980469
30,2.0,177.0,210.79270935058594,373.31097412109375,266.510009765625,416.3328552246094
31,2.0,177.0,210.6674346923828,374.8944091796875,267.3388671875,416.4390869140625
32,2.0,177.0,211.371337890625,375.0447998046875,267.8129577636719,415.7889709472656
33,2.0,177.0,211.49163818359375,375.56439208984375,269.0650939941406,415.9729919433594
34,2.0,177.0,210.71142578125,374.7889709472656,270.280517578125,415.5664978027344
35,2.0,177.0,211.4169921875,373.7698669433594,271.1047668457031,416.17486572265625
36,2.0,177.0,212.37228393554688,374.5373840332031,272.30657958984375,417.1162109375
37,2.0,177.0,213.4380645751953,376.1463623046875,272.86151123046875,417.8384094238281
38,2.0,177.0,213.60076904296875,374.4441833496094,274.1690979003906,417.8138732910156
39,2.0,177.0,213.87831115722656,375.7352294921875,276.00579833984375,418.337646484375
40,2.0,177.0,215.19082641601562,373.397705078125,277.0845947265625,419.09881591796875
41,2.0,177.0,216.52476501464844,373.89324951171875,277.9681701660156,419.0173645019531
42,2.0,177.0,216.72396850585938,372.871337890625,280.2281494140625,419.0029602050781
43,2.0,177.0,217.61094665527344,371.766845703125,281.3392333984375,419.1194152832031
44,2.0,177.0,218.2960662841797,370.7601623535156,282.8729553222656,419.2115478515625
45,2.0,177.0,219.39422607421875,371.5088806152344,284.2033996582031,419.13653564453125
46,2.0,177.0,219.31402587890625,371.2021179199219,285.6291809082031,420.22808837890625
47,2.0,177.0,220.0052947998047,370.25714111328125,287.4028015136719,420.15948486328125
48,2.0,177.0,220.44784545898438,370.078857421875,288.4908752441406,421.49090576171875
49,2.0,177.0,222.16065979003906,369.9571533203125,289.28857421875,422.62054443359375
50,2.0,177.0,222.75515747070312,370.0172119140625,290.6340026855469,422.3229064941406
51,2.0,177.0,223.16542053222656,369.6603698730469,291.6692810058594,422.1024169921875
52,2.0,177.0,223.33543395996094,370.9415283203125,292.6969299316406,422.87237548828125
53,2.0,177.0,223.5791015625,371.8518981933594,295.3084411621094,423.88970947265625
54,2.0,177.0,224.52947998046875,371.919921875,297.2535705566406,425.5593566894531
55,2.0,177.0,226.53424072265625,371.9368591308594,299.78070068359375,426.7705078125
56,2.0,177.0,227.7402801513672,373.536865234375,300.8847351074219,427.2098083496094
57,2.0,177.0,228.8813934326172,373.4040832519531,301.7396545410156,427.1600341796875
58,2.0,177.0,228.52587890625,374.1003112792969,303.0790710449219,427.7324523925781
59,2.0,177.0,229.31524658203125,375.1543884277344,304.30010986328125,427.8619384765625
60,2.0,177.0,231.02676391601562,375.4412841796875,306.3157043457031,428.72857666015625
61,2.0,177.0,232.37979125976562,374.2734375,308.6446533203125,429.8855285644531
62,2.0,177.0,232.443115234375,375.3182373046875,311.195068359375,429.5449523925781
63,2.0,177.0,233.71714782714844,373.72552490234375,313.414306640625,430.06719970703125
64,2.0,177.0,233.9750518798828,372.0150146484375,315.26727294921875,430.2917785644531
65,2.0,177.0,235.5474090576172,371.07598876953125,317.0685729980469,429.99969482421875
66,2.0,177.0,238.313720703125,370.9973449707031,318.99774169921875,430.5305480957031
67,2.0,177.0,239.96986389160156,370.57916259765625,320.9987487792969,430.6962585449219
68,2.0,177.0,241.45352172851562,369.3758239746094,322.2680358886719,431.4887390136719
69,2.0,177.0,242.10618591308594,369.87652587890625,324.1152038574219,432.3157958984375
70,2.0,177.0,242.15382385253906,369.23651123046875,326.98193359375,433.5532531738281
71,2.0,177.0,243.8456268310547,369.1234130859375,328.4637145996094,433.7056579589844
72,2.0,177.0,244.865966796875,369.1087951660156,330.66278076171875,434.6639404296875
73,2.0,177.0,245.05355834960938,369.1863708496094,334.422119140625,436.3940734863281
74,2.0,177.0,246.43679809570312,369.23638916015625,337.714599609375,437.35443115234375
75,2.0,177.0,249.1416473388672,369.5545654296875,340.6103820800781,437.6244812011719
76,2.0,177.0,250.2616729736328,368.4841613769531,342.323974609375,438.13653564453125
77,2.0,177.0,251.04193115234375,366.785888671875,346.5968017578125,440.15399169921875
78,2.0,177.0,252.44981384277344,366.4476013183594,348.9527587890625,441.37139892578125
79,2.0,177.0,252.83961486816406,365.5671691894531,352.1685791015625,441.66070556640625
80,2.0,177.0,253.426513671875,365.9996643066406,355.7323303222656,442.9734802246094
81,2.0,177.0,254.13502502441406,365.6413879394531,358.6158752441406,443.11968994140625
82,2.0,177.0,255.85464477539062,365.8071594238281,362.2496337890625,444.1338806152344
83,2.0,177.0,258.4331970214844,363.91668701171875,366.18768310546875,445.48968505859375
84,2.0,177.0,260.43701171875,363.46392822265625,369.5997619628906,447.1247863769531
85,2.0,177.0,262.19268798828125,363.11285400390625,373.0193786621094,448.74237060546875
86,2.0,177.0,264.4466552734375,363.19287109375,375.10382080078125,450.36309814453125
87,2.0,177.0,265.5921630859375,363.5480041503906,379.6672058105469,451.7232971191406
88,2.0,177.0,267.0793762207031,363.7849426269531,384.6636047363281,451.96771240234375
89,2.0,177.0,267.9349365234375,364.2710876464844,388.6260681152344,452.8194885253906
90,2.0,177.0,269.2471923828125,364.1475524902344,392.65631103515625,453.7548828125
91,2.0,177.0,272.7231140136719,364.3498840332031,397.0693054199219,454.4386291503906
92,2.0,177.0,275.5086364746094,363.862060546875,401.6008605957031,455.37322998046875
93,2.0,177.0,276.6309814453125,363.48028564453125,406.2135009765625,457.1473693847656
94,2.0,177.0,277.6510925292969,362.7795104980469,409.235107421875,458.607421875
95,2.0,177.0,278.1036376953125,362.5910949707031,415.85443115234375,460.8410339355469
96,2.0,177.0,280.533935546875,362.3580017089844,422.11871337890625,462.1696472167969
97,2.0,177.0,283.9680480957031,362.23236083984375,428.7945861816406,464.14825439453125
98,2.0,177.0,285.8211975097656,361.2933654785156,434.1379089355469,465.2021484375
99,2.0,177.0,286.8795471191406,360.9649963378906,439.2220153808594,466.7500305175781
100,2.0,177.0,289.6568603515625,360.2286682128906,446.14410400390625,469.4331359863281
101,2.0,177.0,292.87884521484375,359.6788330078125,453.7400817871094,470.70294189453125
102,2.0,177.0,297.0500183105469,359.8569641113281,458.4422912597656,473.7673645019531
103,2.0,177.0,299.34619140625,359.8912658691406,466.2444152832031,475.5556945800781
104,2.0,177.0,301.4196472167969,359.3363342285156,475.87188720703125,477.5596008300781
105,2.0,177.0,304.73675537109375,358.60198974609375,482.6448059082031,480.1166076660156
106,2.0,177.0,308.7918395996094,357.961181640625,490.9395446777344,482.9631042480469
107,2.0,177.0,312.12353515625,357.6478271484375,500.99609375,487.0283508300781
108,2.0,177.0,316.9087829589844,356.455078125,509.8977966308594,487.6395568847656
109,2.0,177.0,321.5228271484375,355.0433044433594,521.4036865234375,489.8000793457031
110,2.0,177.0,325.7742919921875,353.0334777832031,532.719970703125,492.8020935058594
111,2.0,177.0,330.3973083496094,351.64703369140625,542.5433349609375,496.5062255859375
112,2.0,177.0,334.6882019042969,350.91339111328125,554.946044921875,499.47802734375
113,2.0,177.0,339.4385681152344,349.3669128417969,569.75,502.9724426269531
114,2.0,177.0,345.0146484375,349.72198486328125,583.3425903320312,508.0016174316406
115,2.0,177.0,351.4805603027344,348.6569519042969,599.5191040039062,514.0867309570312
116,2.0,177.0,357.587158203125,345.4562072753906,615.4697875976562,518.7279663085938
117,2.0,177.0,364.6060791015625,343.95538330078125,632.6649169921875,522.1569213867188
118,2.0,177.0,371.060791015625,342.732666015625,651.2443237304688,529.4364013671875
119,2.0,177.0,377.2393798828125,341.1991882324219,671.7005004882812,534.9362182617188
120,2.0,177.0,385.1423034667969,339.6253967285156,693.6102905273438,540.8861083984375
121,2.0,177.0,393.444580078125,338.4266662597656,717.0521850585938,545.9267578125
122,2.0,177.0,402.6440124511719,337.3305969238281,742.974853515625,551.6676635742188
123,2.0,177.0,412.0673828125,338.114013671875,771.9743041992188,561.7734375
124,2.0,177.0,421.3307189941406,337.75592041015625,802.3009643554688,572.4482421875
125,2.0,177.0,432.0750732421875,336.4167785644531,837.962158203125,580.0177612304688
126,2.0,177.0,444.2831115722656,335.5669250488281,874.9526977539062,593.3450927734375
127,2.0,177.0,457.86181640625,332.126708984375,918.04833984375,605.1134033203125
128,2.0,177.0,473.5627746582031,330.0500183105469,965.07373046875,619.2193603515625
129,2.0,177.0,489.1822814941406,327.1556091308594,1020.7388916015625,630.4468383789062
130,2.0,177.0,507.2393493652344,320.730224609375,1082.082275390625,648.6370849609375
131,2.0,177.0,526.3597412109375,315.63482666015625,1153.3873291015625,673.6865234375
132,2.0,177.0,548.26416015625,310.4521179199219,1236.162109375,700.7315673828125
133,2.0,177.0,572.592529296875,304.8533630371094,1331.8504638671875,729.7177124023438
134,2.0,177.0,600.8386840820312,299.60455322265625,1442.3675537109375,765.9950561523438
135,2.0,177.0,634.3854370117188,293.5479736328125,1575.435302734375,803.8067626953125
136,2.0,177.0,670.1693115234375,282.57000732421875,1735.6571044921875,861.268798828125
137,2.0,177.0,712.5466918945312,272.2424011230469,1866.61669921875,926.9806518554688
138,2.0,177.0,752.8096923828125,261.656982421875,1920.0,1014.4363403320312
139,2.0,177.0,822.2701416015625,247.29518127441406,1920.0,1063.28369140625
140,2.0,177.0,900.4066162109375,232.63485717773438,1920.0,1073.3507080078125
141,2.0,177.0,992.802490234375,215.46493530273438,1920.0,1060.0400390625
142,2.0,177.0,1107.3916015625,195.70303344726562,1920.0,1051.0531005859375
143,2.0,177.0,1255.690185546875,185.16029357910156,1920.0,1066.505126953125
144,2.0,177.0,1454.203369140625,200.35191345214844,1920.0,1076.441650390625
