36,2.0,182.0,218.0308380126953,383.8327331542969,266.9630432128906,418.24578857421875
37,2.0,182.0,217.79356384277344,383.7585144042969,268.29168701171875,418.69866943359375
38,2.0,182.0,217.95118713378906,383.5495300292969,269.2025146484375,419.414306640625
39,2.0,182.0,218.3025360107422,383.2408447265625,269.20391845703125,419.8583679199219
40,2.0,182.0,218.72547912597656,382.9137878417969,269.58526611328125,420.3177795410156
41,2.0,182.0,219.35699462890625,382.7559814453125,269.2674255371094,420.37799072265625
42,2.0,182.0,219.73501586914062,382.663818359375,269.09942626953125,420.21063232421875
43,2.0,182.0,220.037353515625,382.4071044921875,269.69610595703125,420.07177734375
44,2.0,182.0,220.4122772216797,382.0613098144531,270.312255859375,419.93255615234375
45,2.0,182.0,220.54331970214844,382.2357177734375,272.0867004394531,420.1734313964844
46,2.0,182.0,219.9445037841797,382.0085754394531,274.5300598144531,420.7914733886719
47,2.0,182.0,219.687255859375,382.6276550292969,275.9564208984375,422.4556884765625
48,2.0,182.0,220.43359375,382.24517822265625,277.2257080078125,423.4696350097656
49,2.0,182.0,221.22474670410156,382.2203063964844,278.1086120605469,424.6512756347656
50,2.0,182.0,221.4152374267578,381.9378356933594,278.3338623046875,424.637451171875
51,2.0,182.0,223.2115020751953,381.13690185546875,280.0538635253906,424.93115234375
52,2.0,182.0,224.645751953125,381.0811462402344,281.4461669921875,425.0901794433594
53,2.0,182.0,226.01165771484375,381.85577392578125,281.9114074707031,424.9176025390625
54,2.0,182.0,226.6216278076172,381.80999755859375,282.1849060058594,425.978759765625
55,2.0,182.0,226.87196350097656,381.2359313964844,283.1407775878906,426.1769104003906
56,2.0,182.0,227.9556884765625,381.33648681640625,284.16827392578125,425.5793762207031
57,2.0,182.0,228.61077880859375,381.81683349609375,285.0425109863281,426.43988037109375
58,2.0,182.0,228.74200439453125,382.0009765625,286.08056640625,427.0977783203125
59,2.0,182.0,229.26055908203125,382.9478759765625,288.0386962890625,426.84368896484375
60,2.0,182.0,229.37286376953125,382.0646057128906,290.51031494140625,428.4139099121094
61,2.0,182.0,230.2509002685547,383.0872497558594,292.2475891113281,428.81951904296875
62,2.0,182.0,230.38510131835938,382.411376953125,293.50067138671875,428.5810241699219
63,2.0,182.0,230.9431915283203,381.8475646972656,293.99713134765625,428.8258056640625
64,2.0,182.0,231.3694610595703,381.27850341796875,294.9152526855469,428.8369445800781
65,2.0,182.0,232.2080535888672,380.90771484375,297.0096740722656,428.6257019042969
66,2.0,182.0,233.33383178710938,380.8699035644531,297.6070251464844,428.94781494140625
67,2.0,182.0,233.61593627929688,381.37030029296875,299.7337951660156,429.0186767578125
68,2.0,182.0,234.86245727539062,381.314208984375,300.4393005371094,428.778564453125
69,2.0,182.0,235.67527770996094,380.5164794921875,302.1927795410156,428.9146423339844
70,2.0,182.0,236.38739013671875,380.4164123535156,304.2667236328125,429.56201171875
71,2.0,182.0,236.7793426513672,380.4225158691406,307.14495849609375,430.1783752441406
72,2.0,182.0,237.3380584716797,379.7984924316406,307.87799072265625,431.2154235839844
73,2.0,182.0,237.99583435058594,379.6202392578125,309.9515075683594,431.4157409667969
74,2.0,182.0,237.92945861816406,379.6206359863281,312.3532409667969,431.6313781738281
75,2.0,182.0,239.05955505371094,379.54632568359375,313.93890380859375,433.09466552734375
76,2.0,182.0,240.3549041748047,379.18328857421875,315.7892150878906,433.9603576660156
77,2.0,182.0,240.10214233398438,378.3641662597656,318.5479736328125,434.59027099609375
78,2.0,182.0,240.7285919189453,376.40667724609375,321.4413146972656,435.1295471191406
79,2.0,182.0,240.8144073486328,375.7966003417969,323.2867431640625,434.9709167480469
80,2.0,182.0,241.13819885253906,374.974853515625,325.0522155761719,436.1718444824219
81,2.0,182.0,241.83551025390625,375.03814697265625,326.75946044921875,437.672607421875
82,2.0,182.0,242.7928009033203,374.5839538574219,328.4897766113281,440.1513671875
83,2.0,182.0,243.37982177734375,374.0518798828125,331.7794189453125,440.8502502441406
84,2.0,182.0,244.3311309814453,373.966064453125,335.1130676269531,441.205078125
85,2.0,182.0,247.10708618164062,374.2293395996094,338.131591796875,441.47601318359375
86,2.0,182.0,248.57489013671875,373.7882995605469,340.71551513671875,441.5082092285156
87,2.0,182.0,250.77780151367188,372.4123229980469,343.2039794921875,442.3071594238281
88,2.0,182.0,251.04196166992188,372.102783203125,346.1629333496094,444.18731689453125
89,2.0,182.0,252.92019653320312,372.40533447265625,348.9769592285156,445.6213073730469
90,2.0,182.0,253.4103546142578,373.2349853515625,352.2618408203125,447.4116516113281
91,2.0,182.0,254.12911987304688,374.14349365234375,354.0169982910156,449.0146789550781
92,2.0,182.0,256.3730773925781,374.328125,357.7935791015625,449.8301696777344
93,2.0,182.0,258.1725158691406,373.52056884765625,362.8204345703125,450.7101745605469
94,2.0,182.0,261.5676574707031,372.6676025390625,365.8636779785156,451.9881591796875
95,2.0,182.0,262.03643798828125,372.86187744140625,368.9420166015625,452.6167297363281
96,2.0,182.0,264.5128173828125,372.256591796875,372.69110107421875,453.96624755859375
97,2.0,182.0,266.1596984863281,371.73028564453125,375.4390563964844,454.81451416015625
98,2.0,182.0,266.67962646484375,370.5063781738281,380.27996826171875,455.8536376953125
99,2.0,182.0,268.35626220703125,370.12274169921875,385.339599609375,456.5259704589844
100,2.0,182.0,270.21649169921875,369.32830810546875,389.74334716796875,458.3726806640625
101,2.0,182.0,273.7882080078125,368.786865234375,396.1253967285156,458.98651123046875
102,2.0,182.0,276.01263427734375,367.9049987792969,400.3517761230469,463.26446533203125
103,2.0,182.0,277.49578857421875,367.17840576171875,405.7831115722656,466.2883605957031
104,2.0,182.0,278.7422180175781,366.6426086425781,411.6082763671875,467.1955871582031
105,2.0,182.0,279.6252746582031,365.3412780761719,417.8293151855469,469.3971252441406
106,2.0,182.0,283.17840576171875,365.6526184082031,424.401123046875,470.77850341796875
107,2.0,182.0,284.96063232421875,365.5556640625,430.9896240234375,474.0594787597656
108,2.0,182.0,287.34918212890625,364.9555969238281,436.3443298339844,475.8052978515625
109,2.0,182.0,290.37591552734375,363.88067626953125,443.6778869628906,478.4025573730469
110,2.0,182.0,294.40814208984375,362.6588134765625,452.4256591796875,480.71044921875
111,2.0,182.0,298.4500427246094,361.9319763183594,459.1886291503906,483.9722595214844
112,2.0,182.0,301.8168029785156,361.0746154785156,468.2634582519531,488.2174072265625
113,2.0,182.0,304.4297790527344,360.33721923828125,477.62786865234375,491.64044189453125
114,2.0,182.0,308.4183044433594,360.5249938964844,487.89898681640625,494.6409912109375
115,2.0,182.0,311.1939392089844,360.27960205078125,496.68109130859375,498.9355163574219
116,2.0,182.0,313.1575927734375,360.24603271484375,507.17498779296875,501.0661315917969
117,2.0,182.0,318.14630126953125,359.4514465332031,520.2485961914062,506.4250793457031
118,2.0,182.0,322.1355895996094,358.7623596191406,532.811767578125,510.4930114746094
119,2.0,182.0,327.02996826171875,358.27154541015625,547.0860595703125,517.078369140625
120,2.0,182.0,332.7486572265625,356.9989013671875,561.2112426757812,521.49365234375
121,2.0,182.0,336.9427185058594,356.28643798828125,575.361328125,526.7457275390625
122,2.0,182.0,343.72393798828125,355.13909912109375,593.9906005859375,532.4236450195312
123,2.0,182.0,349.9865417480469,354.280517578125,611.7058715820312,537.6087036132812
124,2.0,182.0,357.0824890136719,352.67742919921875,633.7470092773438,546.1351928710938
125,2.0,182.0,364.2013854980469,350.9366455078125,656.0185546875,552.8181762695312
126,2.0,182.0,373.2862243652344,350.0688171386719,682.2448120117188,561.9725952148438
127,2.0,182.0,379.99017333984375,348.2638854980469,710.3527221679688,569.8108520507812
128,2.0,182.0,388.09967041015625,346.5939636230469,741.3676147460938,579.4097900390625
129,2.0,182.0,400.4042053222656,342.990234375,777.7984619140625,593.7184448242188
130,2.0,182.0,413.5895080566406,337.5356140136719,818.767333984375,605.9075927734375
131,2.0,182.0,424.4338073730469,332.9918518066406,867.2306518554688,621.478271484375
132,2.0,182.0,436.80865478515625,331.1231689453125,917.8784790039062,638.2249145507812
133,2.0,182.0,453.5068359375,328.1255798339844,979.593994140625,658.6041870117188
134,2.0,182.0,471.51580810546875,326.14654541015625,1051.0218505859375,686.4576416015625
135,2.0,182.0,492.70794677734375,321.82196044921875,1137.3321533203125,714.91357421875
136,2.0,182.0,515.7482299804688,316.708251953125,1242.271240234375,753.8869018554688
137,2.0,182.0,544.5304565429688,309.9745788574219,1368.669921875,797.7655029296875
138,2.0,182.0,576.5647583007812,303.8200378417969,1524.4638671875,859.5286865234375
139,2.0,182.0,614.64599609375,294.96435546875,1732.9395751953125,938.9711303710938
140,2.0,182.0,664.50732421875,286.0646667480469,1865.9588623046875,1023.6810302734375
141,2.0,182.0,727.388427734375,273.08544921875,1920.0,1067.021728515625
142,2.0,182.0,802.5714721679688,259.09979248046875,1920.0,1078.4251708984375
143,2.0,182.0,903.9322509765625,241.1775360107422,1920.0,1077.2413330078125
144,2.0,182.0,1038.4385986328125,219.00241088867188,1920.0,1078.68701171875
145,2.0,182.0,1225.779541015625,207.59698486328125,1920.0,1079.551513671875
146,2.0,182.0,1508.23388671875,249.0347442626953,1920.0,1080.0
