38,2.0,186.0,204.05776977539062,444.2824401855469,244.02890014648438,471.9509582519531
39,2.0,186.0,203.72073364257812,443.54278564453125,244.4477996826172,472.08953857421875
40,2.0,186.0,203.85824584960938,443.4804382324219,244.6569366455078,473.167724609375
41,2.0,186.0,204.16871643066406,443.77099609375,245.61155700683594,473.5528564453125
42,2.0,186.0,204.51980590820312,442.848876953125,246.83717346191406,475.05560302734375
43,2.0,186.0,204.71092224121094,441.89678955078125,247.00164794921875,475.271728515625
44,2.0,186.0,205.0575408935547,441.4718933105469,246.83221435546875,475.1507263183594
45,2.0,186.0,206.0724334716797,441.8445129394531,247.6117401123047,475.1820373535156
46,2.0,186.0,207.2680206298828,441.0563659667969,248.390869140625,475.10211181640625
47,2.0,186.0,207.7057647705078,441.2424621582031,249.92788696289062,475.48046875
48,2.0,186.0,207.43150329589844,441.0352478027344,250.6815185546875,475.8290710449219
49,2.0,186.0,207.2705535888672,442.1244812011719,251.18704223632812,476.04290771484375
50,2.0,186.0,207.78396606445312,442.70770263671875,252.81622314453125,476.2531433105469
51,2.0,186.0,208.9995880126953,442.797607421875,254.31320190429688,476.2836608886719
52,2.0,186.0,209.95555114746094,441.3970031738281,255.29946899414062,476.16802978515625
53,2.0,186.0,210.85130310058594,441.25201416015625,256.78125,475.9897155761719
54,2.0,186.0,210.9649200439453,441.1162109375,257.2287292480469,476.9225158691406
55,2.0,186.0,211.58236694335938,440.8475646972656,258.09088134765625,477.3847961425781
56,2.0,186.0,212.56195068359375,441.12921142578125,259.58721923828125,477.9331970214844
57,2.0,186.0,213.14122009277344,440.61175537109375,260.84088134765625,478.7742919921875
58,2.0,186.0,213.29847717285156,441.0078430175781,262.7146301269531,478.689453125
59,2.0,186.0,213.4002227783203,441.3744201660156,264.639892578125,479.0567321777344
60,2.0,186.0,213.55772399902344,441.278564453125,265.46875,480.1745910644531
61,2.0,186.0,214.57852172851562,441.67572021484375,267.1396484375,480.2795104980469
62,2.0,186.0,215.4381103515625,441.85736083984375,268.235595703125,480.1861572265625
63,2.0,186.0,214.96316528320312,442.14208984375,268.68267822265625,480.78900146484375
64,2.0,186.0,214.73733520507812,442.04962158203125,269.3084716796875,481.2134094238281
65,2.0,186.0,215.67930603027344,440.1861877441406,269.3484191894531,481.3276062011719
66,2.0,186.0,216.7818145751953,438.8321838378906,270.1186218261719,482.1449279785156
67,2.0,186.0,217.68246459960938,438.7313232421875,271.7287292480469,482.37762451171875
68,2.0,186.0,218.7422332763672,436.04864501953125,273.0283508300781,482.4168395996094
69,2.0,186.0,218.87603759765625,434.4561767578125,274.637939453125,483.2590637207031
70,2.0,186.0,218.9613037109375,433.9930725097656,275.7734069824219,483.8100891113281
71,2.0,186.0,219.1469268798828,435.2777099609375,276.4093017578125,484.3687744140625
72,2.0,186.0,219.98321533203125,436.38897705078125,277.6844482421875,484.7027282714844
73,2.0,186.0,220.03611755371094,437.6566467285156,280.2071838378906,485.10693359375
74,2.0,186.0,220.7552947998047,437.5382385253906,282.04595947265625,486.2127990722656
75,2.0,186.0,220.517578125,436.93780517578125,283.84320068359375,487.0057067871094
76,2.0,186.0,221.26492309570312,435.9190673828125,284.73419189453125,486.94036865234375
77,2.0,186.0,221.36761474609375,435.1793212890625,286.0602111816406,487.833984375
78,2.0,186.0,222.87783813476562,435.5503234863281,289.1021728515625,489.11517333984375
79,2.0,186.0,224.4658203125,434.78582763671875,291.6060485839844,489.3352355957031
80,2.0,186.0,225.37899780273438,435.0982971191406,293.7717590332031,489.9831237792969
81,2.0,186.0,225.43191528320312,435.64593505859375,295.1986999511719,489.913818359375
82,2.0,186.0,225.9714813232422,435.2012023925781,295.7096252441406,490.3780822753906
83,2.0,186.0,227.23654174804688,436.8695373535156,297.1253967285156,491.1456604003906
84,2.0,186.0,227.7750701904297,435.6886291503906,299.77899169921875,492.4402770996094
85,2.0,186.0,228.63882446289062,435.2908935546875,301.5915832519531,493.25701904296875
86,2.0,186.0,229.4652099609375,434.7703552246094,304.5220031738281,495.5669860839844
87,2.0,186.0,230.2113494873047,433.43402099609375,306.3543701171875,496.2863464355469
88,2.0,186.0,230.6997528076172,434.0455627441406,310.0634765625,496.9502868652344
89,2.0,186.0,231.8579559326172,435.5808410644531,314.5901184082031,498.4502258300781
90,2.0,186.0,232.8953857421875,434.7446594238281,316.3981018066406,500.02459716796875
91,2.0,186.0,234.4388427734375,434.58172607421875,320.7602844238281,500.58770751953125
92,2.0,186.0,236.0959014892578,435.4281005859375,323.2280578613281,500.93115234375
93,2.0,186.0,238.41246032714844,435.89935302734375,325.053955078125,502.13232421875
94,2.0,186.0,240.16908264160156,436.2976379394531,328.9386901855469,503.1588439941406
95,2.0,186.0,240.24119567871094,435.3107604980469,331.91650390625,504.2123718261719
96,2.0,186.0,240.72499084472656,434.64947509765625,335.0330505371094,505.37115478515625
97,2.0,186.0,241.57920837402344,434.4023132324219,337.8042297363281,506.910400390625
98,2.0,186.0,243.47052001953125,434.6468505859375,341.91455078125,507.811767578125
99,2.0,186.0,244.82135009765625,434.0674133300781,346.2585754394531,510.03955078125
100,2.0,186.0,248.05319213867188,433.7857666015625,350.2640380859375,511.2283630371094
101,2.0,186.0,251.1813507080078,433.8929748535156,354.2917785644531,513.4841918945312
102,2.0,186.0,253.81072998046875,434.223876953125,358.4878234863281,514.4815063476562
103,2.0,186.0,256.2397155761719,433.79144287109375,362.50921630859375,515.2437744140625
104,2.0,186.0,256.633056640625,433.7592468261719,367.4208679199219,517.2205200195312
105,2.0,186.0,258.6891174316406,433.2132568359375,372.5992126464844,519.2610473632812
106,2.0,186.0,262.3111877441406,432.05206298828125,378.235107421875,521.743896484375
107,2.0,186.0,264.7895202636719,431.64300537109375,383.33221435546875,523.7724609375
108,2.0,186.0,266.52423095703125,431.4278259277344,389.3887634277344,525.36767578125
109,2.0,186.0,267.1868896484375,428.9272155761719,395.0776062011719,526.6519165039062
110,2.0,186.0,269.9557189941406,428.858642578125,403.052001953125,528.2800903320312
111,2.0,186.0,273.9956970214844,427.9447326660156,407.87017822265625,530.0230712890625
112,2.0,186.0,274.1794128417969,427.62213134765625,415.0048522949219,535.0706176757812
113,2.0,186.0,276.3822021484375,427.5072021484375,423.523193359375,538.399658203125
114,2.0,186.0,281.052734375,426.5620422363281,431.9601135253906,541.796630859375
115,2.0,186.0,286.0148620605469,425.8318176269531,440.482177734375,545.45703125
116,2.0,186.0,288.357421875,425.2979736328125,450.7044982910156,548.924072265625
117,2.0,186.0,290.6410827636719,423.9517517089844,461.3048095703125,551.0184326171875
118,2.0,186.0,294.9456481933594,423.9483947753906,472.6502990722656,554.3147583007812
119,2.0,186.0,299.6756286621094,423.7269592285156,482.84783935546875,557.66943359375
120,2.0,186.0,304.5724792480469,423.6973571777344,495.1165466308594,562.5917358398438
121,2.0,186.0,309.36224365234375,424.10699462890625,507.6846008300781,568.3568725585938
122,2.0,186.0,313.1932373046875,423.9397888183594,522.4197387695312,572.290283203125
123,2.0,186.0,320.4463195800781,423.0316162109375,539.1995849609375,578.5238037109375
124,2.0,186.0,326.3540344238281,421.581787109375,556.8614501953125,584.0134887695312
125,2.0,186.0,333.02752685546875,419.6589050292969,573.9157104492188,591.8175048828125
126,2.0,186.0,339.4941101074219,417.39697265625,595.1004028320312,599.8137817382812
127,2.0,186.0,347.7852478027344,414.8901062011719,617.540283203125,608.203125
128,2.0,186.0,356.3629150390625,412.0097961425781,643.524169921875,616.0152587890625
129,2.0,186.0,366.3138427734375,409.4783935546875,672.490478515625,625.4517822265625
130,2.0,186.0,376.89508056640625,407.173095703125,704.849609375,634.9985961914062
131,2.0,186.0,387.5863342285156,406.806884765625,740.712890625,642.869873046875
132,2.0,186.0,399.8232727050781,405.50860595703125,783.068359375,657.1098022460938
133,2.0,186.0,414.2247009277344,402.873291015625,832.320556640625,672.6692504882812
134,2.0,186.0,430.6694641113281,399.84466552734375,887.4871215820312,693.73583984375
135,2.0,186.0,449.0836486816406,394.9000549316406,952.578857421875,714.1143798828125
136,2.0,186.0,468.2732849121094,393.2267150878906,1030.9573974609375,738.4159545898438
137,2.0,186.0,493.8019714355469,389.480224609375,1128.25439453125,775.7391967773438
138,2.0,186.0,523.8992919921875,385.44677734375,1243.5513916015625,813.5309448242188
139,2.0,186.0,557.5675048828125,379.980224609375,1387.5732421875,867.7543334960938
140,2.0,186.0,596.4577026367188,370.9510192871094,1577.5413818359375,933.2207641601562
141,2.0,186.0,645.5948486328125,362.4057312011719,1798.677734375,1020.293701171875
142,2.0,186.0,708.6223754882812,350.95098876953125,1892.5693359375,1058.6124267578125
143,2.0,186.0,788.9326171875,334.131591796875,1920.0,1075.7818603515625
144,2.0,186.0,900.74267578125,316.36260986328125,1920.0,1077.233642578125
145,2.0,186.0,1053.0865478515625,291.4399108886719,1920.0,1079.25732421875
146,2.0,186.0,1271.8243408203125,281.69415283203125,1920.0,1080.0
