40,2.0,285.0,681.41796875,446.477294921875,724.0528564453125,474.77777099609375
41,2.0,285.0,682.1223754882812,446.15399169921875,724.6072387695312,475.2093811035156
42,2.0,285.0,682.6195068359375,446.2808532714844,725.669677734375,474.6837158203125
43,2.0,285.0,682.7913818359375,446.0218200683594,726.6854248046875,474.29736328125
44,2.0,285.0,683.1224975585938,446.28240966796875,726.3427124023438,474.8133239746094
45,2.0,285.0,683.189697265625,446.3307189941406,726.3536987304688,474.73406982421875
46,2.0,285.0,683.744873046875,446.7367248535156,726.9669189453125,474.9421691894531
47,2.0,285.0,683.9815673828125,446.6941223144531,727.39990234375,475.16912841796875
48,2.0,285.0,684.1558227539062,446.78546142578125,727.7738037109375,475.136474609375
49,2.0,285.0,684.0040283203125,446.6006164550781,727.9291381835938,475.7439880371094
50,2.0,285.0,684.0075073242188,446.6593017578125,727.8760986328125,475.91009521484375
51,2.0,285.0,684.4530639648438,446.99176025390625,728.2418212890625,476.1475524902344
52,2.0,285.0,684.420654296875,447.1787109375,728.9386596679688,476.2867126464844
53,2.0,285.0,684.8510131835938,447.7801818847656,730.2711181640625,476.55157470703125
54,2.0,285.0,685.664306640625,448.4223937988281,732.889404296875,476.4356689453125
55,2.0,285.0,685.825927734375,448.702880859375,735.16552734375,477.0091857910156
56,2.0,285.0,685.843017578125,448.31268310546875,737.2005615234375,478.3723449707031
57,2.0,285.0,685.7894897460938,448.23779296875,739.1842651367188,478.5987548828125
58,2.0,285.0,686.3485107421875,448.15997314453125,740.1439819335938,478.6327209472656
59,2.0,285.0,686.8630981445312,447.2916259765625,740.7072143554688,479.3158874511719
60,2.0,285.0,687.6683349609375,446.3873596191406,741.0038452148438,480.1395568847656
61,2.0,285.0,688.8722534179688,445.6863708496094,742.174560546875,481.3756408691406
62,2.0,285.0,690.29638671875,445.1919860839844,742.1738891601562,481.74285888671875
63,2.0,285.0,690.9541625976562,444.0342102050781,743.2455444335938,481.8763122558594
64,2.0,285.0,691.2982788085938,443.43115234375,743.9302368164062,481.9743347167969
65,2.0,285.0,691.7338256835938,443.0460205078125,744.4464721679688,482.1604309082031
66,2.0,285.0,692.4634399414062,442.52056884765625,745.1703491210938,482.0843200683594
67,2.0,285.0,692.8768310546875,442.12811279296875,746.5965576171875,482.1922302246094
68,2.0,285.0,693.4628295898438,441.9660339355469,747.30859375,482.3155822753906
69,2.0,285.0,693.7597045898438,441.5072326660156,748.7041015625,482.45892333984375
70,2.0,285.0,693.9728393554688,441.4798278808594,749.12548828125,482.4360656738281
71,2.0,285.0,694.5852661132812,442.0259704589844,749.8519897460938,482.523681640625
72,2.0,285.0,695.1965942382812,442.82745361328125,750.611328125,483.20611572265625
73,2.0,285.0,696.09814453125,443.27020263671875,751.0791015625,484.5077209472656
74,2.0,285.0,696.0614013671875,444.00537109375,752.5194091796875,485.4170837402344
75,2.0,285.0,696.1074829101562,444.0467834472656,753.0015869140625,485.3403625488281
76,2.0,285.0,697.1077880859375,444.0713195800781,754.4391479492188,486.00079345703125
77,2.0,285.0,697.390625,443.4067687988281,754.8510131835938,485.5502014160156
78,2.0,285.0,697.8927612304688,443.3251647949219,756.9472045898438,486.1321716308594
79,2.0,285.0,698.7431030273438,442.1416015625,758.1682739257812,486.7449035644531
80,2.0,285.0,699.2569580078125,441.93798828125,761.0277099609375,487.71002197265625
81,2.0,285.0,699.69580078125,442.05377197265625,763.651123046875,488.8652038574219
82,2.0,285.0,699.0704345703125,442.9854431152344,765.8494873046875,489.2720642089844
83,2.0,285.0,699.3848266601562,442.9789733886719,766.5636596679688,489.5089111328125
84,2.0,285.0,700.2689819335938,444.7837219238281,768.078369140625,490.23504638671875
85,2.0,285.0,700.8113403320312,445.276123046875,769.1402587890625,490.4112548828125
86,2.0,285.0,701.517333984375,444.4556579589844,769.686767578125,490.3554992675781
87,2.0,285.0,702.0433349609375,443.4515686035156,771.354248046875,490.2741394042969
88,2.0,285.0,702.9552001953125,442.27081298828125,773.3287353515625,490.2397155761719
89,2.0,285.0,703.6707153320312,441.5335998535156,775.3040771484375,490.4510192871094
90,2.0,285.0,704.259765625,441.4949951171875,776.743896484375,490.7286682128906
91,2.0,285.0,705.0247802734375,440.0395202636719,778.9036865234375,491.0835876464844
92,2.0,285.0,706.937744140625,439.1335754394531,780.6334228515625,491.18377685546875
93,2.0,285.0,707.9157104492188,438.6289978027344,783.7882690429688,491.8889465332031
94,2.0,285.0,708.434814453125,437.4600524902344,785.0402221679688,492.45220947265625
95,2.0,285.0,709.765869140625,438.13641357421875,786.6826171875,492.2888488769531
96,2.0,285.0,711.6253051757812,441.28460693359375,789.0805053710938,492.2374267578125
97,2.0,285.0,712.1939697265625,438.0404357910156,791.8550415039062,493.7713317871094
98,2.0,285.0,713.16552734375,435.6219482421875,793.4421997070312,494.4852294921875
99,2.0,285.0,714.4137573242188,435.1825256347656,795.9561157226562,495.5666198730469
100,2.0,285.0,715.1556396484375,434.30377197265625,797.3876342773438,496.7201232910156
101,2.0,285.0,716.2777099609375,434.0245056152344,798.6365356445312,497.5957946777344
102,2.0,285.0,717.8375244140625,433.66766357421875,801.0333251953125,498.328857421875
103,2.0,285.0,718.8768920898438,433.8283996582031,804.7363891601562,498.83648681640625
104,2.0,285.0,718.9942016601562,433.9295654296875,807.782470703125,499.44134521484375
105,2.0,285.0,720.7125244140625,434.49346923828125,810.9053344726562,498.5812072753906
106,2.0,285.0,721.954833984375,434.453125,813.8724365234375,499.75640869140625
107,2.0,285.0,722.0767822265625,434.2942199707031,814.6370849609375,501.900390625
108,2.0,285.0,722.3217163085938,433.6881103515625,817.2805786132812,503.03033447265625
109,2.0,285.0,722.924560546875,432.3387145996094,819.7008056640625,502.578857421875
110,2.0,285.0,724.1029663085938,431.7322692871094,823.0814819335938,502.3955078125
111,2.0,285.0,725.1605224609375,431.3960876464844,825.9241333007812,503.5523986816406
112,2.0,285.0,726.3607788085938,430.44384765625,830.1044311523438,504.80438232421875
113,2.0,285.0,728.23046875,429.5873718261719,834.00634765625,505.6808166503906
114,2.0,285.0,730.6886596679688,428.8809814453125,837.1492919921875,506.97406005859375
115,2.0,285.0,731.9002685546875,429.2085876464844,838.712890625,509.48779296875
116,2.0,285.0,733.9657592773438,429.4840393066406,843.1006469726562,511.68267822265625
117,2.0,285.0,734.6729736328125,428.796630859375,847.92529296875,512.8187866210938
118,2.0,285.0,735.76513671875,428.9878845214844,851.3327026367188,513.3634643554688
119,2.0,285.0,737.1668090820312,428.813232421875,856.4450073242188,514.58447265625
120,2.0,285.0,739.9185791015625,428.648681640625,861.6275024414062,516.6298217773438
121,2.0,285.0,741.2110595703125,427.32427978515625,865.2340087890625,519.3469848632812
122,2.0,285.0,743.603271484375,426.7976379394531,871.9003295898438,519.83251953125
123,2.0,285.0,745.9150390625,426.76708984375,876.0556640625,522.5682983398438
124,2.0,285.0,746.6513061523438,426.75970458984375,879.445068359375,523.7323608398438
125,2.0,285.0,747.0125122070312,425.27130126953125,884.295166015625,525.4752197265625
126,2.0,285.0,748.2386474609375,423.98504638671875,891.6063232421875,526.6104736328125
127,2.0,285.0,751.1203002929688,424.4532165527344,898.0614013671875,527.9049072265625
128,2.0,285.0,753.5127563476562,425.7956848144531,903.4376220703125,529.3353881835938
129,2.0,285.0,755.5528564453125,423.9879150390625,909.9382934570312,532.2349243164062
130,2.0,285.0,757.1992797851562,424.63970947265625,917.170654296875,535.3937377929688
131,2.0,285.0,759.802978515625,424.5158996582031,925.1815795898438,537.02392578125
132,2.0,285.0,764.3790283203125,424.0193786621094,932.8202514648438,540.548828125
133,2.0,285.0,766.8630981445312,422.4380798339844,941.8749389648438,543.0220947265625
134,2.0,285.0,769.290283203125,419.8110046386719,950.0985107421875,546.0577392578125
135,2.0,285.0,772.8284301757812,418.2070007324219,957.7017822265625,548.8565673828125
136,2.0,285.0,776.7407836914062,417.5119934082031,967.9007568359375,550.78759765625
137,2.0,285.0,780.5597534179688,415.2042236328125,978.616455078125,554.2433471679688
138,2.0,285.0,785.9031372070312,414.3310241699219,990.0228881835938,557.3736572265625
139,2.0,285.0,790.9390869140625,414.9685363769531,1002.2612915039062,562.306884765625
140,2.0,285.0,794.1021728515625,413.71112060546875,1014.7801513671875,566.0729370117188
141,2.0,285.0,798.7439575195312,412.681640625,1028.09765625,569.8345947265625
142,2.0,285.0,803.4095458984375,410.6691589355469,1043.7452392578125,575.1505737304688
143,2.0,285.0,807.390380859375,409.2269592285156,1059.508056640625,581.619140625
144,2.0,285.0,813.9886474609375,407.4107666015625,1077.268310546875,587.566650390625
145,2.0,285.0,820.4424438476562,405.5977478027344,1096.9849853515625,593.283203125
146,2.0,285.0,826.884033203125,404.45294189453125,1119.1719970703125,598.4064331054688
147,2.0,285.0,834.1539916992188,403.30120849609375,1142.94970703125,607.1322631835938
148,2.0,285.0,840.0535278320312,398.89849853515625,1169.5789794921875,617.4872436523438
149,2.0,285.0,848.0733032226562,397.7013854980469,1197.7373046875,626.06005859375
150,2.0,285.0,858.5214233398438,395.1950988769531,1230.0126953125,633.6951904296875
151,2.0,285.0,869.3125610351562,392.23834228515625,1267.2679443359375,645.2078857421875
152,2.0,285.0,881.1710205078125,389.4844665527344,1309.9761962890625,656.5095825195312
153,2.0,285.0,893.4403686523438,388.8514404296875,1358.1932373046875,674.663818359375
154,2.0,285.0,907.508544921875,384.33819580078125,1412.5037841796875,693.2166748046875
155,2.0,285.0,921.6533813476562,378.8039245605469,1477.0908203125,715.2576904296875
156,2.0,285.0,938.6226806640625,371.33941650390625,1550.6298828125,738.369384765625
157,2.0,285.0,956.1275024414062,365.4402770996094,1640.234619140625,768.6497802734375
158,2.0,285.0,976.9607543945312,357.77264404296875,1750.25732421875,804.4330444335938
159,2.0,285.0,1002.3018188476562,348.993896484375,1866.946044921875,851.1705322265625
160,2.0,285.0,1032.8607177734375,336.8845520019531,1915.4072265625,911.9251098632812
161,2.0,285.0,1063.57275390625,322.6184387207031,1920.0,993.9395751953125
162,2.0,285.0,1102.281982421875,305.91461181640625,1920.0,1048.675537109375
163,2.0,285.0,1149.3551025390625,283.8221435546875,1920.0,1069.9434814453125
164,2.0,285.0,1209.0166015625,263.6060791015625,1920.0,1072.1162109375
165,2.0,285.0,1285.35986328125,229.73951721191406,1920.0,1071.721923828125
166,2.0,285.0,1384.2330322265625,217.1406707763672,1920.0,1078.0260009765625
167,2.0,285.0,1521.762939453125,276.9489440917969,1920.0,1080.0
168,2.0,285.0,1717.72119140625,387.2257080078125,1920.0,1067.58544921875
