55,2.0,290.0,367.0691833496094,444.6388244628906,410.4858703613281,476.048583984375
56,2.0,290.0,367.84161376953125,444.5506896972656,410.5586853027344,476.4639587402344
57,2.0,290.0,368.00592041015625,444.2699279785156,410.9542236328125,476.5549621582031
58,2.0,290.0,368.2461853027344,443.9491271972656,411.1312561035156,476.35443115234375
59,2.0,290.0,368.13897705078125,443.3212890625,411.2162780761719,476.4306335449219
60,2.0,290.0,368.0591735839844,444.01568603515625,411.4393310546875,476.9090576171875
61,2.0,290.0,367.7419128417969,444.5078430175781,412.061279296875,476.1496887207031
62,2.0,290.0,367.43609619140625,445.1040954589844,412.2118225097656,475.34075927734375
63,2.0,290.0,367.4986267089844,445.08624267578125,412.4452819824219,475.30950927734375
64,2.0,290.0,368.41058349609375,445.1988220214844,413.6369934082031,475.10333251953125
65,2.0,290.0,368.8829650878906,445.0804138183594,414.43017578125,475.56622314453125
66,2.0,290.0,369.2980041503906,445.4039611816406,415.5024108886719,476.0696716308594
67,2.0,290.0,369.9288024902344,444.79266357421875,415.967529296875,476.47869873046875
68,2.0,290.0,369.9342956542969,445.0234680175781,416.9156799316406,476.9364013671875
69,2.0,290.0,369.8115234375,445.4461975097656,417.3078308105469,477.35015869140625
70,2.0,290.0,370.3401794433594,444.83734130859375,417.5317077636719,477.8091125488281
71,2.0,290.0,371.0033264160156,444.7300109863281,418.35052490234375,477.85772705078125
72,2.0,290.0,371.4374084472656,443.51165771484375,420.1468505859375,478.1160583496094
73,2.0,290.0,372.03778076171875,442.28546142578125,420.8033447265625,478.7784729003906
74,2.0,290.0,372.52777099609375,442.3901672363281,421.4068298339844,480.3552551269531
75,2.0,290.0,372.575439453125,442.5503845214844,421.76165771484375,480.14349365234375
76,2.0,290.0,372.8591613769531,441.4846496582031,423.1742248535156,480.8915100097656
77,2.0,290.0,373.0390625,440.4137268066406,426.73101806640625,481.2098388671875
78,2.0,290.0,373.2164001464844,439.934326171875,428.350341796875,481.5346374511719
79,2.0,290.0,373.64801025390625,439.2557373046875,429.41180419921875,481.990966796875
80,2.0,290.0,374.1310119628906,438.99468994140625,430.0006408691406,481.9969177246094
81,2.0,290.0,375.1143493652344,439.16668701171875,431.2581481933594,482.36785888671875
82,2.0,290.0,375.9104309082031,439.02752685546875,433.01318359375,483.5423583984375
83,2.0,290.0,376.13299560546875,439.9841613769531,433.8963928222656,484.62054443359375
84,2.0,290.0,376.3760070800781,440.03839111328125,434.52471923828125,485.1671447753906
85,2.0,290.0,377.0934753417969,440.4229736328125,434.6119079589844,485.2939147949219
86,2.0,290.0,377.30096435546875,440.66937255859375,436.0939636230469,485.5802917480469
87,2.0,290.0,377.3656005859375,440.6416320800781,437.6005859375,485.6927185058594
88,2.0,290.0,377.8150329589844,440.3986511230469,438.67877197265625,486.00482177734375
89,2.0,290.0,379.2919616699219,439.87945556640625,439.2379455566406,486.6838684082031
90,2.0,290.0,380.6166076660156,438.6324462890625,440.92822265625,487.5238037109375
91,2.0,290.0,380.972900390625,438.98175048828125,443.48419189453125,488.52783203125
92,2.0,290.0,379.9810485839844,441.5552673339844,445.7819519042969,489.7752990722656
93,2.0,290.0,379.9660949707031,444.3164978027344,446.8360595703125,490.1073303222656
94,2.0,290.0,382.0830078125,439.09686279296875,448.8228759765625,490.419189453125
95,2.0,290.0,383.5619812011719,437.5400695800781,450.9768371582031,490.57037353515625
96,2.0,290.0,383.95452880859375,436.0111389160156,452.5320129394531,490.8231201171875
97,2.0,290.0,384.4952087402344,436.21490478515625,454.3448181152344,490.9578552246094
98,2.0,290.0,385.5634460449219,437.6308288574219,457.9002990722656,491.03082275390625
99,2.0,290.0,386.17169189453125,436.6184997558594,459.9512023925781,491.4548645019531
100,2.0,290.0,386.8273010253906,435.94378662109375,460.28338623046875,491.8486022949219
101,2.0,290.0,387.1572265625,436.17724609375,462.10028076171875,493.1101379394531
102,2.0,290.0,387.0684509277344,436.0899658203125,465.7025451660156,494.08331298828125
103,2.0,290.0,387.8093566894531,438.6171569824219,467.7599792480469,495.0832824707031
104,2.0,290.0,388.4094543457031,440.1133728027344,471.2834777832031,496.65496826171875
105,2.0,290.0,388.7237243652344,440.1058349609375,471.9435119628906,496.9623107910156
106,2.0,290.0,391.0877380371094,440.0387878417969,474.766845703125,497.94659423828125
107,2.0,290.0,390.5851135253906,440.7197570800781,477.68280029296875,499.82342529296875
108,2.0,290.0,393.1207275390625,442.3087158203125,479.5594787597656,500.4303283691406
109,2.0,290.0,395.2451477050781,440.0172119140625,481.77484130859375,501.1664733886719
110,2.0,290.0,396.4534912109375,438.2550354003906,484.4662170410156,501.56048583984375
111,2.0,290.0,397.898681640625,436.20318603515625,487.3653564453125,501.761474609375
112,2.0,290.0,398.4249572753906,434.6510009765625,490.7944641113281,501.7611389160156
113,2.0,290.0,398.65997314453125,437.3612365722656,493.5648498535156,502.501708984375
114,2.0,290.0,399.7707824707031,437.77166748046875,496.83624267578125,503.6205749511719
115,2.0,290.0,402.680419921875,436.22235107421875,499.8177185058594,505.0836181640625
116,2.0,290.0,404.0132141113281,436.32708740234375,503.4988098144531,505.4286193847656
117,2.0,290.0,406.51129150390625,434.9997253417969,507.7049255371094,507.89520263671875
118,2.0,290.0,408.4853820800781,435.1038818359375,511.5595397949219,509.91766357421875
119,2.0,290.0,409.34112548828125,434.9273376464844,515.6507568359375,512.1878051757812
120,2.0,290.0,409.6565246582031,434.91021728515625,518.8731079101562,514.35595703125
121,2.0,290.0,411.23974609375,434.2776794433594,522.7385864257812,515.2453002929688
122,2.0,290.0,413.6706848144531,431.12017822265625,527.405029296875,516.0381469726562
123,2.0,290.0,414.41693115234375,431.41815185546875,531.7874145507812,518.4041137695312
124,2.0,290.0,415.7944641113281,431.59259033203125,537.1893920898438,520.9129028320312
125,2.0,290.0,420.5412292480469,431.4843444824219,542.5773315429688,523.199462890625
126,2.0,290.0,422.8307189941406,430.2967529296875,548.750244140625,524.40576171875
127,2.0,290.0,425.8769836425781,429.3874206542969,552.9618530273438,524.541748046875
128,2.0,290.0,428.3725891113281,429.0647277832031,558.4108276367188,526.6318359375
129,2.0,290.0,429.4599609375,428.9201354980469,564.32666015625,528.8435668945312
130,2.0,290.0,431.1869812011719,428.2963562011719,570.2835083007812,531.4318237304688
131,2.0,290.0,431.9302978515625,427.1536560058594,578.5296630859375,535.3091430664062
132,2.0,290.0,434.1888732910156,426.6915588378906,585.447265625,537.392822265625
133,2.0,290.0,436.4742431640625,426.13372802734375,592.8326416015625,539.7763061523438
134,2.0,290.0,441.33251953125,427.067626953125,601.2728271484375,542.6967163085938
135,2.0,290.0,446.7684631347656,427.6996154785156,609.1461181640625,546.3367309570312
136,2.0,290.0,449.92755126953125,427.5875549316406,618.03125,548.690673828125
137,2.0,290.0,453.51983642578125,427.1241760253906,626.03466796875,551.262451171875
138,2.0,290.0,456.6618957519531,426.2882995605469,636.1257934570312,553.5930786132812
139,2.0,290.0,459.9243469238281,425.5234680175781,647.2748413085938,557.1119384765625
140,2.0,290.0,464.31585693359375,425.5469055175781,659.7805786132812,561.3117065429688
141,2.0,290.0,468.62957763671875,423.8567199707031,671.3082885742188,566.7810668945312
142,2.0,290.0,474.0382080078125,422.28265380859375,684.96826171875,571.7295532226562
143,2.0,290.0,479.2802429199219,420.6538391113281,697.5869750976562,574.8985595703125
144,2.0,290.0,483.04443359375,418.4093017578125,714.3668823242188,581.4895629882812
145,2.0,290.0,488.66064453125,416.6854553222656,731.8053588867188,587.3193969726562
146,2.0,290.0,496.2892761230469,414.1677551269531,750.2666625976562,592.9300537109375
147,2.0,290.0,502.5010986328125,413.8231506347656,769.4859619140625,600.7319946289062
148,2.0,290.0,510.0244445800781,411.5516662597656,791.0963134765625,609.6080932617188
149,2.0,290.0,517.4077758789062,410.2394104003906,815.8681640625,618.2779541015625
150,2.0,290.0,526.5805053710938,408.30511474609375,844.1088256835938,626.6141967773438
151,2.0,290.0,535.1721801757812,407.4102783203125,875.689697265625,637.0036010742188
152,2.0,290.0,547.8023071289062,405.4314880371094,909.31689453125,649.2254028320312
153,2.0,290.0,560.8352661132812,406.5456237792969,948.3870239257812,662.2728881835938
154,2.0,290.0,572.5872192382812,406.7513732910156,993.3162841796875,676.4036254882812
155,2.0,290.0,584.8985595703125,404.745361328125,1043.2960205078125,694.6947021484375
156,2.0,290.0,600.2576904296875,398.8699951171875,1104.1282958984375,714.521240234375
157,2.0,290.0,618.7330322265625,393.2279968261719,1174.1075439453125,738.4066162109375
158,2.0,290.0,639.0651245117188,392.9117126464844,1257.947998046875,767.751953125
159,2.0,290.0,662.7327880859375,392.11395263671875,1357.7646484375,804.54638671875
160,2.0,290.0,689.6064453125,390.3097839355469,1483.938232421875,849.25927734375
161,2.0,290.0,722.2203979492188,383.7813720703125,1644.3472900390625,906.8322143554688
162,2.0,290.0,757.394775390625,372.5157470703125,1827.034423828125,985.3502197265625
163,2.0,290.0,797.5841064453125,363.16497802734375,1902.8641357421875,1044.3187255859375
164,2.0,290.0,849.054443359375,353.77490234375,1920.0,1069.5352783203125
165,2.0,290.0,916.206787109375,339.0196228027344,1920.0,1076.0538330078125
166,2.0,290.0,999.3160400390625,317.51104736328125,1920.0,1075.584228515625
167,2.0,290.0,1113.810546875,291.9237365722656,1920.0,1078.4202880859375
168,2.0,290.0,1271.888671875,297.50421142578125,1920.0,1080.0
