36,2.0,277.0,571.1629028320312,466.99212646484375,626.0222778320312,504.7933349609375
37,2.0,277.0,571.5765380859375,467.47857666015625,626.7494506835938,504.9214172363281
38,2.0,277.0,570.7879638671875,466.7034912109375,627.4895629882812,504.8777770996094
39,2.0,277.0,570.7075805664062,465.89874267578125,628.3778076171875,504.8016052246094
40,2.0,277.0,571.2949829101562,466.0543212890625,628.7544555664062,504.596923828125
41,2.0,277.0,571.0468139648438,466.29937744140625,628.547607421875,504.5199279785156
42,2.0,277.0,571.3932495117188,466.349853515625,629.062255859375,504.91522216796875
43,2.0,277.0,571.802001953125,466.859619140625,629.5227661132812,505.1700744628906
44,2.0,277.0,572.4130249023438,467.20001220703125,629.5377197265625,505.116455078125
45,2.0,277.0,573.4945678710938,467.23150634765625,629.7311401367188,505.2457580566406
46,2.0,277.0,573.5078125,466.96990966796875,630.19873046875,505.25738525390625
47,2.0,277.0,573.7622680664062,467.2394714355469,631.2565307617188,505.60174560546875
48,2.0,277.0,574.3943481445312,466.3570251464844,632.3499145507812,505.7238464355469
49,2.0,277.0,574.2709350585938,465.9673767089844,632.7295532226562,505.7978210449219
50,2.0,277.0,574.330078125,465.78363037109375,633.484619140625,505.97894287109375
51,2.0,277.0,574.0092163085938,465.6162109375,634.0433349609375,506.1187438964844
52,2.0,277.0,573.4210205078125,465.4447021484375,634.60595703125,506.2464599609375
53,2.0,277.0,573.2744140625,465.43280029296875,635.11083984375,506.2420959472656
54,2.0,277.0,574.2125854492188,464.74554443359375,635.6702880859375,506.85577392578125
55,2.0,277.0,575.3841552734375,464.0467834472656,637.086669921875,507.06170654296875
56,2.0,277.0,577.2244873046875,464.6151123046875,637.8755493164062,507.3952331542969
57,2.0,277.0,578.4639282226562,464.59173583984375,638.1304931640625,507.41363525390625
58,2.0,277.0,579.4381103515625,465.029296875,639.7808227539062,507.34393310546875
59,2.0,277.0,580.0633544921875,465.54449462890625,642.4393920898438,507.782958984375
60,2.0,277.0,580.6957397460938,464.5957946777344,643.8611450195312,508.0330505371094
61,2.0,277.0,580.6995239257812,464.6455078125,644.3991088867188,508.8207092285156
65,2.0,277.0,581.8878784179688,461.3748779296875,649.875244140625,510.7107238769531
66,2.0,277.0,581.5421752929688,462.55010986328125,650.8807373046875,511.3985900878906
67,2.0,277.0,581.4329833984375,462.3499450683594,651.525390625,511.53179931640625
68,2.0,277.0,581.967529296875,462.6740417480469,652.90966796875,511.77984619140625
69,2.0,277.0,582.5580444335938,462.16070556640625,653.3143920898438,511.98883056640625
70,2.0,277.0,583.7498779296875,462.1379699707031,654.1444702148438,511.9779968261719
71,2.0,277.0,585.4577026367188,461.3548278808594,655.482177734375,511.36273193359375
72,2.0,277.0,586.241943359375,460.59771728515625,656.3011474609375,512.564453125
73,2.0,277.0,586.7610473632812,459.9749450683594,657.756591796875,513.3981323242188
74,2.0,277.0,586.929931640625,459.2746887207031,658.1490478515625,513.4634399414062
75,2.0,277.0,587.8162231445312,458.9173278808594,659.3513793945312,513.3339233398438
76,2.0,277.0,587.9735717773438,459.626953125,660.5428466796875,514.6145629882812
77,2.0,277.0,588.3377685546875,459.4248962402344,661.67919921875,515.3018188476562
78,2.0,277.0,588.59521484375,459.2060241699219,662.9396362304688,515.5595092773438
79,2.0,277.0,588.6503295898438,458.8598327636719,664.1170654296875,515.7516479492188
80,2.0,277.0,588.7127075195312,458.6210021972656,666.5474853515625,515.8040771484375
81,2.0,277.0,589.054931640625,458.42816162109375,668.8894653320312,515.9988403320312
82,2.0,277.0,589.946044921875,458.1351623535156,670.2816162109375,516.1466064453125
83,2.0,277.0,591.10595703125,458.2850646972656,672.3566284179688,516.8523559570312
84,2.0,277.0,592.4107666015625,458.6806640625,672.8101196289062,517.4451904296875
85,2.0,277.0,592.1838989257812,459.6839294433594,674.0260620117188,518.3822021484375
86,2.0,277.0,591.4501342773438,459.3908386230469,675.5211791992188,519.3173217773438
87,2.0,277.0,591.6552124023438,458.36309814453125,677.3507690429688,520.0136108398438
88,2.0,277.0,592.6704711914062,457.7664489746094,678.5345458984375,520.5582275390625
89,2.0,277.0,595.358154296875,457.725830078125,680.6234130859375,521.0787353515625
90,2.0,277.0,596.6482543945312,457.39605712890625,682.1815185546875,521.8112182617188
91,2.0,277.0,596.9439086914062,457.0478515625,683.6473388671875,522.6527099609375
92,2.0,277.0,597.13330078125,456.4754333496094,684.8671264648438,523.4326782226562
93,2.0,277.0,596.610107421875,456.25299072265625,686.6417846679688,523.8714599609375
94,2.0,277.0,597.9469604492188,455.6703186035156,688.2479858398438,524.06689453125
95,2.0,277.0,598.2179565429688,455.2068176269531,690.6060791015625,524.735595703125
96,2.0,277.0,598.5982666015625,455.7344055175781,691.265380859375,524.8319702148438
97,2.0,277.0,599.5708618164062,455.8656921386719,692.4266357421875,525.1415405273438
98,2.0,277.0,601.5059814453125,455.3294372558594,695.7371826171875,524.9671020507812
99,2.0,277.0,601.8443603515625,454.86676025390625,698.4509887695312,525.7371215820312
100,2.0,277.0,601.45166015625,454.5364074707031,701.3323364257812,526.9328002929688
101,2.0,277.0,601.6256713867188,452.2836608886719,703.1970825195312,527.9520874023438
102,2.0,277.0,601.3588256835938,452.4341125488281,706.2568359375,528.4478759765625
103,2.0,277.0,601.3202514648438,452.4295349121094,708.3079223632812,529.0777587890625
104,2.0,277.0,601.5510864257812,451.2774353027344,711.07861328125,529.8806762695312
105,2.0,277.0,602.520263671875,450.29241943359375,713.5474853515625,531.120849609375
106,2.0,277.0,604.06982421875,449.84356689453125,715.6921997070312,532.40283203125
107,2.0,277.0,603.8497924804688,449.4563293457031,718.1722412109375,533.9617919921875
108,2.0,277.0,605.1812744140625,449.4702453613281,721.8169555664062,535.4296264648438
109,2.0,277.0,606.110107421875,449.46038818359375,724.9983520507812,536.8367309570312
110,2.0,277.0,606.40087890625,450.455078125,728.5965576171875,537.8019409179688
111,2.0,277.0,606.6981811523438,450.35272216796875,731.5089111328125,539.4541625976562
112,2.0,277.0,609.0237426757812,449.9724426269531,733.9449462890625,539.8167114257812
113,2.0,277.0,610.0087890625,448.93597412109375,736.345703125,540.7368774414062
114,2.0,277.0,609.8776245117188,447.6441650390625,739.2112426757812,543.0087280273438
115,2.0,277.0,610.76708984375,446.75616455078125,742.5383911132812,544.9149780273438
116,2.0,277.0,611.968505859375,446.6473388671875,746.8026123046875,545.8934936523438
117,2.0,277.0,612.6961669921875,446.904296875,751.11767578125,547.01123046875
118,2.0,277.0,613.7815551757812,446.65380859375,755.0222778320312,548.2088012695312
119,2.0,277.0,615.8145751953125,445.6077575683594,758.6195678710938,549.282958984375
120,2.0,277.0,616.5663452148438,445.14349365234375,763.8456420898438,549.5787353515625
121,2.0,277.0,618.8377075195312,443.97662353515625,768.805908203125,550.1814575195312
122,2.0,277.0,620.4649658203125,442.65069580078125,773.3480224609375,551.74755859375
123,2.0,277.0,620.6299438476562,441.8559265136719,777.9933471679688,553.4344482421875
124,2.0,277.0,621.142578125,440.8377685546875,783.685302734375,555.3723754882812
125,2.0,277.0,621.4549560546875,439.7493896484375,789.3173217773438,558.2747802734375
126,2.0,277.0,623.4892578125,439.456298828125,795.02099609375,560.8024291992188
127,2.0,278.0,627.5158081054688,437.0646057128906,801.570556640625,563.0140991210938
128,2.0,278.0,628.3946533203125,436.66412353515625,808.5626831054688,566.2988891601562
129,2.0,278.0,631.0346069335938,433.72998046875,815.2182006835938,567.8978881835938
130,2.0,277.0,636.5081787109375,432.077392578125,822.1649169921875,569.5238037109375
131,2.0,278.0,633.6424560546875,432.5462951660156,829.6029052734375,572.1361083984375
132,2.0,277.0,634.6932373046875,430.733154296875,837.0975341796875,573.68310546875
133,2.0,277.0,639.2557373046875,428.544677734375,845.2979736328125,576.52978515625
134,2.0,277.0,643.442626953125,430.8956298828125,851.818115234375,582.3290405273438
135,2.0,277.0,644.5335083007812,431.7676086425781,861.8394775390625,586.1067504882812
136,2.0,277.0,645.9140625,430.7170715332031,871.9868774414062,590.6475219726562
137,2.0,277.0,648.900390625,430.13330078125,883.315673828125,595.0828247070312
138,2.0,277.0,652.2542724609375,429.5687561035156,894.564208984375,597.8963623046875
139,2.0,277.0,656.3365478515625,427.1575927734375,907.0035400390625,602.1961669921875
140,2.0,277.0,660.156494140625,425.3865966796875,920.1343383789062,607.562255859375
141,2.0,277.0,664.374267578125,423.52142333984375,932.8442993164062,611.495361328125
142,2.0,277.0,667.5309448242188,423.7252197265625,948.4801635742188,615.1354370117188
143,2.0,277.0,671.4164428710938,421.0286560058594,965.0764770507812,620.8512573242188
144,2.0,277.0,678.385986328125,418.8177185058594,982.2711181640625,627.7916870117188
145,2.0,277.0,685.5203247070312,416.86834716796875,1001.4940795898438,633.7601318359375
146,2.0,277.0,691.1038208007812,415.0166320800781,1021.4782104492188,640.2297973632812
147,2.0,277.0,696.91357421875,411.7323303222656,1043.4603271484375,646.638916015625
148,2.0,277.0,703.0896606445312,410.84814453125,1068.7294921875,653.3255615234375
149,2.0,277.0,708.8247680664062,407.9793395996094,1096.59521484375,661.4232177734375
150,2.0,277.0,715.7322387695312,404.1154479980469,1127.4283447265625,670.7879028320312
151,2.0,277.0,725.546142578125,400.8966369628906,1161.2947998046875,682.4891357421875
152,2.0,277.0,733.29443359375,395.37420654296875,1199.165771484375,696.345947265625
153,2.0,277.0,743.0725708007812,390.60089111328125,1241.1385498046875,709.867431640625
154,2.0,277.0,751.6286010742188,385.1916809082031,1290.2783203125,728.2451171875
155,2.0,277.0,762.52490234375,378.77655029296875,1345.55419921875,746.7992553710938
156,2.0,277.0,773.66015625,370.6022033691406,1407.1463623046875,769.6700439453125
157,2.0,277.0,787.5118408203125,363.4132995605469,1479.904052734375,795.0308227539062
158,2.0,277.0,803.0780029296875,356.0686340332031,1563.8076171875,827.2350463867188
159,2.0,277.0,820.12939453125,348.19647216796875,1666.6951904296875,864.3427124023438
160,2.0,277.0,839.8380737304688,342.5737609863281,1788.091064453125,910.8259887695312
161,2.0,277.0,859.1466064453125,329.2921142578125,1883.8426513671875,967.7088012695312
162,2.0,277.0,885.75830078125,315.8525085449219,1920.0,1037.0653076171875
163,2.0,277.0,913.3790893554688,298.55682373046875,1920.0,1064.5545654296875
164,2.0,277.0,944.5280151367188,280.4049987792969,1920.0,1077.8739013671875
165,2.0,277.0,982.2847290039062,261.228759765625,1920.0,1080.0
166,2.0,277.0,1026.099609375,240.41421508789062,1920.0,1076.34326171875
167,2.0,277.0,1085.0032958984375,202.53262329101562,1920.0,1071.871337890625
168,2.0,277.0,1156.795166015625,159.8851776123047,1920.0,1075.44482421875
169,2.0,277.0,1249.2724609375,150.507080078125,1920.0,1076.2333984375
170,2.0,277.0,1370.0108642578125,179.94845581054688,1920.0,1078.6826171875
171,2.0,277.0,1538.08447265625,298.8571472167969,1920.0,1076.5322265625
