9,2.0,283.0,685.16650390625,448.2996520996094,724.77294921875,473.3583984375
10,2.0,283.0,685.6897583007812,448.586181640625,725.3231811523438,473.6678161621094
11,2.0,283.0,685.7591552734375,448.4651794433594,726.1094970703125,473.5149841308594
12,2.0,283.0,685.7162475585938,448.1595764160156,726.7672729492188,473.30194091796875
13,2.0,283.0,686.1790161132812,448.4840393066406,727.2206420898438,473.5048828125
14,2.0,283.0,686.7134399414062,448.22039794921875,727.7826538085938,473.6352844238281
15,2.0,283.0,687.1941528320312,448.3925476074219,728.9180297851562,473.492919921875
16,2.0,283.0,687.53125,447.68426513671875,729.9714965820312,473.7856140136719
17,2.0,283.0,687.8336181640625,446.936767578125,729.6625366210938,472.9832458496094
18,2.0,283.0,687.7314453125,446.93743896484375,729.830322265625,472.8763732910156
19,2.0,283.0,687.3116455078125,445.70709228515625,730.17529296875,473.5604553222656
20,2.0,283.0,687.4425659179688,445.1112060546875,730.3084716796875,473.63299560546875
21,2.0,283.0,688.1271362304688,445.3741455078125,730.769287109375,473.9167785644531
22,2.0,283.0,688.6755981445312,445.873046875,732.1814575195312,474.9915466308594
23,2.0,283.0,689.4977416992188,446.458251953125,732.853271484375,475.07183837890625
24,2.0,283.0,689.771728515625,447.1651611328125,734.5393676757812,475.3536376953125
25,2.0,283.0,689.4026489257812,448.2803649902344,734.4907836914062,475.56396484375
26,2.0,283.0,689.362060546875,448.1091613769531,734.8885498046875,475.4241638183594
27,2.0,283.0,689.6879272460938,446.78271484375,735.0303955078125,475.0394592285156
28,2.0,283.0,689.7903442382812,446.0100402832031,736.4868774414062,474.931884765625
29,2.0,283.0,689.998291015625,445.46044921875,738.585205078125,475.1999816894531
30,2.0,283.0,689.6807861328125,445.4862060546875,740.3299560546875,475.3966979980469
31,2.0,283.0,689.4869995117188,445.6181335449219,740.7723388671875,475.568115234375
32,2.0,283.0,689.906494140625,446.18603515625,741.2823486328125,475.7420959472656
33,2.0,283.0,690.2064819335938,445.94952392578125,742.1651000976562,475.90509033203125
34,2.0,283.0,689.7394409179688,446.5708312988281,742.635986328125,475.7167053222656
35,2.0,283.0,690.3159790039062,446.7190856933594,742.5491943359375,475.8235778808594
36,2.0,283.0,691.340087890625,446.80291748046875,742.1622314453125,475.8941345214844
37,2.0,283.0,692.7174072265625,446.6844787597656,742.87109375,476.300537109375
38,2.0,283.0,694.26123046875,446.7532958984375,743.2915649414062,476.239501953125
39,2.0,283.0,694.1214599609375,446.3935852050781,743.407470703125,476.5701904296875
40,2.0,283.0,694.1122436523438,446.26605224609375,743.5108032226562,476.6333312988281
41,2.0,283.0,694.0502319335938,445.25128173828125,744.31103515625,477.2896423339844
42,2.0,283.0,694.7197875976562,445.0109558105469,745.4786376953125,478.5156555175781
43,2.0,283.0,695.84912109375,444.89971923828125,746.2012939453125,479.32891845703125
44,2.0,283.0,696.05322265625,444.55596923828125,746.6689453125,479.32977294921875
45,2.0,283.0,696.5071411132812,444.09075927734375,747.3909912109375,479.2835998535156
46,2.0,283.0,697.13427734375,443.38232421875,748.583251953125,479.8252258300781
47,2.0,283.0,697.5023803710938,443.2697448730469,749.4344482421875,479.5963134765625
48,2.0,283.0,698.0892944335938,443.2658996582031,749.4911499023438,480.1344909667969
49,2.0,283.0,699.1069946289062,443.1431579589844,749.840087890625,480.2675476074219
50,2.0,283.0,699.5326538085938,443.5125732421875,750.1995849609375,480.880615234375
51,2.0,283.0,700.14306640625,443.9450378417969,751.33447265625,480.97491455078125
52,2.0,283.0,700.4539184570312,443.75244140625,752.197998046875,481.1363525390625
53,2.0,283.0,700.5452880859375,443.7350158691406,753.3042602539062,481.4142761230469
54,2.0,283.0,700.94970703125,444.2581787109375,754.1188354492188,481.92010498046875
55,2.0,283.0,700.8129272460938,443.8897399902344,754.9994506835938,482.3099060058594
56,2.0,283.0,701.3781127929688,443.3420104980469,755.70849609375,482.3141784667969
57,2.0,283.0,702.6301879882812,443.2253723144531,756.08056640625,482.6393127441406
58,2.0,283.0,703.4744873046875,443.2977600097656,757.1927490234375,482.454345703125
59,2.0,283.0,704.518310546875,443.0624694824219,759.1885986328125,482.1523132324219
60,2.0,283.0,705.0367431640625,442.817138671875,760.849609375,482.27203369140625
61,2.0,283.0,704.822021484375,442.74365234375,762.05810546875,482.3017883300781
62,2.0,283.0,704.7902221679688,442.6330261230469,762.8871459960938,482.6908264160156
63,2.0,283.0,704.6812133789062,443.939697265625,764.5488891601562,484.1978454589844
64,2.0,283.0,704.205322265625,446.5150451660156,765.8170776367188,485.1298522949219
65,2.0,283.0,704.7951049804688,446.1486511230469,767.2044067382812,485.4743347167969
66,2.0,283.0,706.5452880859375,445.0042419433594,768.2316284179688,486.37420654296875
67,2.0,283.0,706.3461303710938,446.2774963378906,769.349365234375,486.87811279296875
68,2.0,283.0,706.4629516601562,446.259765625,771.3346557617188,486.8363342285156
69,2.0,283.0,707.6412353515625,444.8011474609375,772.6356811523438,487.0204772949219
70,2.0,283.0,708.8594360351562,442.7411193847656,773.3212890625,486.6679992675781
71,2.0,283.0,709.1612548828125,442.8382568359375,774.3004150390625,487.66119384765625
72,2.0,283.0,709.8494873046875,444.31182861328125,775.6669311523438,488.2318115234375
73,2.0,283.0,710.1167602539062,443.61553955078125,777.2199096679688,489.2333068847656
74,2.0,283.0,710.6450805664062,443.3800354003906,778.1168212890625,489.6953125
75,2.0,283.0,711.1881713867188,443.5242614746094,779.137939453125,489.9273986816406
76,2.0,283.0,711.5816650390625,442.612548828125,779.9873046875,489.9772644042969
77,2.0,283.0,712.3726806640625,444.9213562011719,781.0813598632812,490.4822082519531
78,2.0,283.0,712.9307250976562,443.2267150878906,781.3414916992188,490.3996887207031
79,2.0,283.0,713.7897338867188,440.959716796875,784.9580078125,490.3086242675781
81,2.0,283.0,716.1829223632812,438.531005859375,789.3349609375,491.1205749511719
82,2.0,283.0,716.8065185546875,438.4296875,790.991943359375,491.3787841796875
83,2.0,283.0,718.2696533203125,437.2424011230469,792.7006225585938,491.7893981933594
84,2.0,283.0,719.37255859375,435.9794616699219,794.6577758789062,492.0957946777344
86,2.0,283.0,721.46826171875,435.5787353515625,797.39599609375,491.4742126464844
87,2.0,283.0,723.154541015625,439.9673156738281,798.4823608398438,491.6530456542969
88,2.0,283.0,722.8762817382812,437.98968505859375,802.5010375976562,492.8593444824219
89,2.0,283.0,723.9094848632812,436.8703918457031,805.943115234375,495.2001647949219
90,2.0,283.0,724.6731567382812,436.4405517578125,807.4259643554688,496.0451354980469
91,2.0,283.0,724.4590454101562,436.3928527832031,809.4811401367188,496.91937255859375
92,2.0,283.0,724.8995361328125,435.5061950683594,810.57421875,497.5489196777344
93,2.0,283.0,724.94873046875,435.00531005859375,812.2864379882812,498.9262390136719
94,2.0,283.0,725.3714599609375,435.4040222167969,814.7288818359375,498.46356201171875
95,2.0,283.0,726.9312133789062,434.88092041015625,816.16845703125,498.00921630859375
96,2.0,283.0,727.840576171875,433.4678649902344,818.0419921875,498.6662902832031
97,2.0,283.0,728.5899047851562,433.1045837402344,820.8726806640625,499.4333190917969
98,2.0,283.0,731.0676879882812,432.4195556640625,823.2145385742188,500.3636779785156
99,2.0,283.0,732.5628662109375,432.52105712890625,825.2809448242188,500.93450927734375
100,2.0,283.0,733.8818359375,431.32647705078125,827.9804077148438,501.34893798828125
101,2.0,283.0,734.7759399414062,431.0749206542969,831.74462890625,502.2856140136719
102,2.0,283.0,735.6243896484375,430.24237060546875,834.4938354492188,502.0867919921875
103,2.0,283.0,738.1920166015625,430.45416259765625,837.450927734375,502.424072265625
104,2.0,283.0,738.445556640625,430.3563232421875,839.8128051757812,503.4509582519531
105,2.0,283.0,740.7329711914062,430.8319396972656,844.287841796875,505.2477111816406
106,2.0,283.0,742.595458984375,430.8561096191406,847.52099609375,506.1634521484375
107,2.0,283.0,742.4638061523438,430.9817810058594,850.7850952148438,507.8371887207031
108,2.0,283.0,743.6575927734375,430.412841796875,853.6825561523438,508.7394104003906
109,2.0,283.0,744.497802734375,430.4117736816406,857.1710205078125,511.2483825683594
110,2.0,283.0,745.3092651367188,428.54644775390625,860.466064453125,512.771484375
111,2.0,283.0,745.7469482421875,429.0061950683594,865.5994262695312,513.8271484375
112,2.0,283.0,747.6097412109375,428.38787841796875,869.93798828125,514.646484375
113,2.0,283.0,748.2581787109375,427.93353271484375,874.9241333007812,516.3394165039062
114,2.0,283.0,749.9385986328125,427.15509033203125,878.733642578125,519.6678466796875
115,2.0,283.0,753.7223510742188,426.20098876953125,882.6577758789062,520.94384765625
116,2.0,283.0,756.5289306640625,425.9173889160156,887.321533203125,523.3082275390625
117,2.0,283.0,758.9243774414062,426.0256042480469,894.9406127929688,523.9063110351562
118,2.0,283.0,759.8754272460938,426.333984375,900.2921752929688,525.01220703125
119,2.0,283.0,762.0824584960938,426.8757019042969,904.500732421875,525.8828125
120,2.0,283.0,765.65625,425.50506591796875,910.4209594726562,527.7091064453125
121,2.0,283.0,767.4467163085938,422.7444763183594,916.3231811523438,529.3121337890625
122,2.0,283.0,769.3328247070312,421.69378662109375,922.6172485351562,531.9984741210938
123,2.0,283.0,770.8543090820312,421.4981689453125,929.6466064453125,534.489990234375
124,2.0,283.0,773.1271362304688,421.2198486328125,935.6892700195312,536.3848266601562
125,2.0,283.0,777.8436279296875,421.3913879394531,944.6056518554688,537.7619018554688
126,2.0,283.0,780.2926025390625,420.794189453125,953.13427734375,540.82177734375
127,2.0,283.0,782.5393676757812,418.5963134765625,959.6405029296875,543.3380126953125
128,2.0,283.0,786.4745483398438,417.8382873535156,968.5128173828125,545.5731201171875
129,2.0,283.0,789.8330078125,417.0572204589844,977.8128662109375,547.531005859375
130,2.0,283.0,793.8882446289062,414.35247802734375,987.8419799804688,550.88427734375
131,2.0,283.0,797.0088500976562,415.1579895019531,998.2533569335938,554.2442626953125
132,2.0,283.0,801.0156860351562,414.25555419921875,1009.7916259765625,559.0087890625
135,2.0,283.0,813.8676147460938,410.6623840332031,1047.649658203125,570.5621337890625
136,2.0,283.0,818.97021484375,409.23504638671875,1061.95166015625,575.5186767578125
137,2.0,283.0,825.3224487304688,407.0172424316406,1078.7935791015625,580.8418579101562
138,2.0,283.0,831.6544189453125,406.8927307128906,1096.0535888671875,584.8124389648438
139,2.0,283.0,837.6940307617188,407.0695495605469,1114.658447265625,591.893798828125
140,2.0,283.0,844.7533569335938,406.072265625,1134.9903564453125,596.08447265625
141,2.0,283.0,851.8359375,403.4895324707031,1156.0333251953125,604.6351318359375
142,2.0,283.0,859.0220947265625,400.7316589355469,1180.60009765625,610.0384521484375
143,2.0,283.0,868.7786254882812,399.6150207519531,1209.5609130859375,618.849853515625
144,2.0,283.0,876.0035400390625,398.3247985839844,1239.00341796875,627.77490234375
145,2.0,283.0,888.2802734375,395.515869140625,1271.55078125,635.2230834960938
146,2.0,283.0,898.160400390625,393.2855529785156,1310.367919921875,645.6611938476562
147,2.0,283.0,911.5693969726562,391.0188903808594,1351.6632080078125,658.0389404296875
148,2.0,283.0,922.8657836914062,386.49285888671875,1399.1424560546875,672.7824096679688
149,2.0,283.0,936.5875244140625,385.13873291015625,1452.438720703125,690.4478759765625
150,2.0,283.0,953.11572265625,379.5375671386719,1513.791259765625,708.7212524414062
151,2.0,283.0,970.7597045898438,372.18426513671875,1585.57568359375,730.71337890625
152,2.0,283.0,989.9786987304688,369.125244140625,1670.337890625,756.9863891601562
153,2.0,283.0,1012.958740234375,361.9474792480469,1772.4442138671875,787.3729248046875
154,2.0,283.0,1038.0494384765625,352.3896789550781,1876.1109619140625,824.9960327148438
155,2.0,283.0,1061.7410888671875,342.7958068847656,1918.6845703125,873.4519653320312
156,2.0,283.0,1095.356689453125,331.22918701171875,1920.0,936.4667358398438
157,2.0,283.0,1130.4779052734375,317.8429260253906,1920.0,1016.7657470703125
158,2.0,283.0,1176.730224609375,300.6618347167969,1920.0,1059.6614990234375
159,2.0,283.0,1228.0135498046875,284.8278503417969,1920.0,1056.6138916015625
160,2.0,283.0,1294.155029296875,259.995849609375,1920.0,1050.5155029296875
161,2.0,283.0,1376.8974609375,240.9874725341797,1920.0,1041.375
162,2.0,283.0,1483.1185302734375,256.2424011230469,1920.0,1064.6185302734375
163,2.0,283.0,1624.0966796875,330.2498474121094,1920.0,1073.544189453125
