106,2.0,295.0,579.1838989257812,468.0281677246094,626.7900390625,499.53338623046875
107,2.0,295.0,582.9321899414062,468.4387512207031,626.797119140625,499.66448974609375
108,2.0,295.0,583.858154296875,468.36163330078125,628.8984985351562,500.3127746582031
109,2.0,295.0,584.8236694335938,469.04742431640625,629.0953979492188,500.2414855957031
110,2.0,295.0,583.8474731445312,468.8603820800781,630.1201782226562,500.18310546875
111,2.0,295.0,583.427001953125,468.4662170410156,630.9108276367188,500.6240539550781
112,2.0,295.0,582.2888793945312,468.3335876464844,631.8118896484375,501.036865234375
113,2.0,295.0,580.0010986328125,467.82806396484375,632.4961547851562,502.1459045410156
114,2.0,295.0,579.1815185546875,466.915771484375,633.6712036132812,502.5531311035156
115,2.0,295.0,582.1812744140625,467.6078186035156,635.8228149414062,502.9203186035156
116,2.0,295.0,585.2403564453125,468.94061279296875,637.0894775390625,502.29736328125
117,2.0,295.0,588.3929443359375,466.6036376953125,640.2886352539062,501.5516662597656
118,2.0,295.0,590.1918334960938,465.3146667480469,642.36083984375,501.6347961425781
119,2.0,295.0,590.865478515625,463.867431640625,643.9057006835938,501.63671875
120,2.0,295.0,590.972900390625,462.8926696777344,644.9544067382812,502.09918212890625
121,2.0,295.0,591.3355102539062,462.4784851074219,646.8984985351562,503.1431579589844
122,2.0,295.0,593.2947387695312,462.3434143066406,647.6409912109375,503.8664245605469
123,2.0,295.0,594.1932373046875,462.5956115722656,650.2197875976562,503.7738342285156
124,2.0,295.0,592.4210205078125,462.34808349609375,651.8775634765625,504.45404052734375
125,2.0,295.0,593.0823364257812,460.9232482910156,653.8799438476562,504.6701965332031
126,2.0,295.0,593.97021484375,458.82281494140625,654.7665405273438,503.9711608886719
127,2.0,295.0,594.4503173828125,455.4376525878906,655.6970825195312,504.4033203125
128,2.0,295.0,594.9678344726562,455.45452880859375,656.7897338867188,504.6197814941406
129,2.0,295.0,596.9881591796875,457.35791015625,658.3866577148438,504.8299255371094
130,2.0,295.0,598.0831298828125,456.26416015625,659.6080322265625,505.2283630371094
131,2.0,295.0,598.9306030273438,455.77911376953125,660.494384765625,505.73602294921875
132,2.0,295.0,599.37109375,457.4399719238281,661.8436279296875,506.0735778808594
133,2.0,295.0,599.549072265625,459.18328857421875,664.174560546875,506.90594482421875
134,2.0,295.0,599.9454345703125,459.8396301269531,667.1749267578125,507.3421936035156
135,2.0,295.0,600.6847534179688,460.15692138671875,669.8431396484375,508.10479736328125
136,2.0,295.0,602.12255859375,460.21392822265625,672.8123168945312,509.0714416503906
137,2.0,295.0,603.3070678710938,460.5598449707031,674.4921264648438,509.44207763671875
138,2.0,295.0,604.0621948242188,459.4080810546875,676.8282470703125,510.3365478515625
139,2.0,295.0,603.8724365234375,458.47418212890625,679.1672973632812,511.435302734375
140,2.0,295.0,605.1509399414062,458.45355224609375,680.9737548828125,511.79852294921875
141,2.0,295.0,605.7797241210938,456.76287841796875,683.27734375,513.185791015625
142,2.0,295.0,606.8367919921875,454.9775085449219,685.6485595703125,513.9088134765625
144,2.0,295.0,610.6478271484375,453.3143615722656,691.5482177734375,514.2218017578125
145,2.0,295.0,611.9563598632812,452.96600341796875,694.1318969726562,514.6572875976562
146,2.0,295.0,612.5672607421875,453.44232177734375,697.5725708007812,515.455322265625
147,2.0,295.0,614.8628540039062,453.631591796875,699.76953125,515.7872314453125
148,2.0,295.0,615.5087280273438,453.8626708984375,702.7857666015625,516.1220703125
149,2.0,295.0,617.874755859375,453.3834228515625,705.563232421875,516.4437866210938
150,2.0,295.0,617.4832153320312,453.03704833984375,709.06787109375,518.0927734375
151,2.0,295.0,619.669677734375,452.44940185546875,711.762451171875,520.002685546875
152,2.0,295.0,622.796875,451.43768310546875,715.9778442382812,522.04248046875
153,2.0,295.0,624.6131591796875,451.3946838378906,720.0052490234375,523.0181884765625
154,2.0,295.0,624.5701904296875,449.4681091308594,723.6345825195312,524.435302734375
155,2.0,295.0,625.017822265625,447.91949462890625,727.9220581054688,525.0989990234375
156,2.0,295.0,627.4827270507812,447.06268310546875,732.2984008789062,525.5902099609375
157,2.0,295.0,629.2704467773438,444.802978515625,736.5994262695312,526.3257446289062
158,2.0,295.0,633.79052734375,444.9288330078125,741.4641723632812,526.2271728515625
159,2.0,295.0,635.1206665039062,446.85150146484375,746.18212890625,527.0047607421875
160,2.0,295.0,636.6748657226562,447.87835693359375,751.7130737304688,528.7953491210938
161,2.0,295.0,638.30029296875,447.4657897949219,757.6260986328125,530.3378295898438
162,2.0,295.0,640.9814453125,446.6280822753906,763.2860107421875,532.1143188476562
163,2.0,295.0,643.5067138671875,445.17718505859375,770.5010986328125,534.5753784179688
164,2.0,295.0,646.8070068359375,443.47265625,777.4783325195312,536.6649780273438
165,2.0,295.0,648.7340698242188,442.5411376953125,785.0287475585938,538.2094116210938
166,2.0,295.0,651.56787109375,442.33111572265625,790.9978637695312,541.1339721679688
167,2.0,295.0,655.60791015625,441.5297546386719,798.5298461914062,542.9741821289062
168,2.0,295.0,658.1400146484375,441.1420593261719,805.4127197265625,544.89208984375
169,2.0,295.0,659.4179077148438,440.56707763671875,812.9724731445312,547.5238647460938
170,2.0,295.0,663.5880737304688,439.6932067871094,822.167724609375,549.1533203125
171,2.0,295.0,666.8662719726562,438.85382080078125,832.0966186523438,550.8485107421875
172,2.0,295.0,670.6298217773438,437.1028747558594,842.64208984375,552.5443115234375
173,2.0,295.0,677.902587890625,436.33160400390625,855.7265014648438,555.3296508789062
174,2.0,295.0,683.7894897460938,435.71722412109375,867.9906616210938,558.8035278320312
175,2.0,295.0,690.1528930664062,434.7601013183594,879.6015014648438,562.0345458984375
176,2.0,295.0,695.425048828125,434.5584411621094,894.4490966796875,567.3230590820312
177,2.0,295.0,700.52490234375,431.46875,909.1966552734375,570.9017333984375
178,2.0,295.0,705.9164428710938,429.2856750488281,926.161376953125,574.9002685546875
179,2.0,295.0,713.9591064453125,425.5469970703125,946.147216796875,581.6951293945312
180,2.0,295.0,720.7490844726562,424.3099670410156,965.1236572265625,588.9591674804688
181,2.0,295.0,729.72119140625,424.2552185058594,988.7109985351562,594.8411254882812
182,2.0,295.0,739.2225952148438,419.874267578125,1013.8013916015625,603.8768920898438
183,2.0,295.0,748.3516845703125,417.9044494628906,1043.20849609375,609.5848999023438
184,2.0,295.0,759.816650390625,415.2864685058594,1074.8328857421875,618.0316162109375
185,2.0,295.0,769.273193359375,409.9026184082031,1111.4375,627.6213989257812
186,2.0,295.0,783.7945556640625,406.0619812011719,1153.1085205078125,639.1709594726562
187,2.0,295.0,797.3222045898438,403.882568359375,1200.5546875,651.457275390625
188,2.0,295.0,814.7510986328125,399.99493408203125,1258.00341796875,666.1729736328125
189,2.0,295.0,833.0769653320312,392.4239196777344,1324.481689453125,686.4946899414062
190,2.0,295.0,855.1873779296875,385.24267578125,1403.5130615234375,708.0473022460938
191,2.0,295.0,881.0027465820312,374.710693359375,1501.7530517578125,734.8494262695312
192,2.0,295.0,908.93408203125,363.5823669433594,1621.089111328125,770.92724609375
193,2.0,295.0,941.69921875,350.8507385253906,1774.2823486328125,817.0414428710938
194,2.0,295.0,980.952392578125,335.4305725097656,1878.019287109375,879.8493041992188
195,2.0,295.0,1025.192138671875,316.84405517578125,1920.0,969.0030517578125
196,2.0,295.0,1085.596435546875,293.9250793457031,1920.0,1037.9068603515625
197,2.0,295.0,1160.6475830078125,269.50225830078125,1920.0,1034.4388427734375
198,2.0,295.0,1263.75,230.48915100097656,1920.0,1022.657958984375
199,2.0,295.0,1409.02294921875,220.20794677734375,1920.0,1057.080322265625
200,2.0,295.0,1619.98876953125,308.4211730957031,1920.0,1022.5430908203125
