2,2.0,263.0,699.994873046875,440.48760986328125,770.833251953125,490.73785400390625
3,2.0,263.0,700.0877075195312,439.5041198730469,771.9788818359375,490.8212585449219
4,2.0,263.0,700.133056640625,439.5923767089844,772.2211303710938,490.6896667480469
5,2.0,263.0,700.1986694335938,439.23394775390625,773.88818359375,490.5662841796875
6,2.0,263.0,700.7730712890625,439.6877136230469,775.0354614257812,490.6390686035156
7,2.0,263.0,700.8700561523438,439.9781188964844,776.333251953125,490.6600646972656
8,2.0,263.0,700.3060302734375,438.5316162109375,776.928955078125,490.9736633300781
9,2.0,263.0,700.5658569335938,438.6820068359375,778.309326171875,491.4386291503906
10,2.0,263.0,700.978271484375,439.1392822265625,778.69580078125,491.9954528808594
11,2.0,263.0,701.4591674804688,439.5464172363281,779.1307983398438,492.0376892089844
12,2.0,263.0,702.1312866210938,438.6532897949219,780.1130981445312,492.36785888671875
13,2.0,263.0,702.4577026367188,438.4251708984375,780.6988525390625,492.3800048828125
14,2.0,263.0,702.1575927734375,438.41656494140625,780.9319458007812,492.7597351074219
15,2.0,263.0,702.8643798828125,440.00152587890625,781.944091796875,493.073486328125
16,2.0,263.0,703.2084350585938,440.5242919921875,783.1010131835938,493.7221374511719
17,2.0,263.0,703.1654052734375,440.2279052734375,784.1994018554688,494.176025390625
18,2.0,263.0,703.4971923828125,440.3702392578125,784.454345703125,494.2517395019531
19,2.0,263.0,705.4085083007812,440.162841796875,784.53857421875,494.72430419921875
20,2.0,263.0,705.6416015625,438.4443359375,784.9890747070312,494.83984375
21,2.0,263.0,705.3072509765625,437.9701232910156,786.787109375,495.3082580566406
22,2.0,263.0,704.5439453125,438.5716552734375,787.7919311523438,494.22357177734375
23,2.0,263.0,705.8905029296875,437.6060485839844,788.581298828125,495.1930847167969
24,2.0,263.0,707.3189086914062,436.9463806152344,788.9323120117188,495.9767150878906
25,2.0,263.0,707.6309204101562,436.6820373535156,790.7444458007812,495.04974365234375
26,2.0,263.0,707.9819946289062,435.7643737792969,791.8378295898438,495.41729736328125
27,2.0,263.0,707.9440307617188,434.9119873046875,792.8281860351562,495.8088684082031
28,2.0,263.0,708.06591796875,434.22998046875,793.9710083007812,496.7363586425781
29,2.0,263.0,708.5211791992188,434.9136962890625,794.1395874023438,497.2216491699219
30,2.0,263.0,709.626953125,434.6334533691406,795.8093872070312,498.2149353027344
31,2.0,263.0,710.6538696289062,434.1962890625,797.2734985351562,498.9772033691406
32,2.0,263.0,710.9033203125,435.01031494140625,798.2276000976562,499.3537902832031
33,2.0,263.0,711.3217163085938,434.9748840332031,799.738525390625,499.5794982910156
34,2.0,263.0,711.6314697265625,435.0554504394531,800.6901245117188,500.12127685546875
35,2.0,263.0,711.3743286132812,434.595947265625,800.4951782226562,500.4163818359375
36,2.0,263.0,711.61181640625,434.9253234863281,802.6487426757812,500.61883544921875
37,2.0,263.0,712.6314086914062,435.4208068847656,803.6826782226562,500.5283508300781
38,2.0,263.0,712.4518432617188,435.2619323730469,805.0678100585938,500.6285705566406
39,2.0,263.0,712.3861083984375,435.21673583984375,805.7532958984375,500.77557373046875
40,2.0,263.0,713.3977661132812,435.0231628417969,806.0885620117188,500.79571533203125
41,2.0,263.0,713.7672119140625,435.1725158691406,807.8076782226562,501.15093994140625
42,2.0,263.0,713.6369018554688,434.8699645996094,808.7095947265625,501.5013427734375
43,2.0,263.0,715.216796875,434.72174072265625,810.2257080078125,501.8240966796875
44,2.0,263.0,716.2702026367188,434.2570495605469,811.553466796875,502.2304992675781
45,2.0,263.0,716.512939453125,433.7996520996094,811.71044921875,502.54180908203125
46,2.0,263.0,717.2453002929688,434.37933349609375,812.37158203125,502.3654479980469
47,2.0,263.0,717.88671875,434.19720458984375,813.8948364257812,500.72271728515625
48,2.0,263.0,718.0247192382812,433.8580322265625,815.0279541015625,500.4278869628906
49,2.0,263.0,718.5853271484375,434.0667419433594,815.8936157226562,500.4425354003906
50,2.0,263.0,718.8336791992188,433.9811706542969,816.5984497070312,502.0899963378906
51,2.0,263.0,719.2765502929688,432.88616943359375,818.0399169921875,501.9933776855469
52,2.0,263.0,719.9144897460938,432.66650390625,820.5106201171875,502.8619689941406
53,2.0,263.0,720.7981567382812,432.4978942871094,821.0670166015625,502.90765380859375
54,2.0,263.0,721.4710083007812,432.41180419921875,822.034912109375,503.84661865234375
55,2.0,263.0,721.3843383789062,431.9753112792969,822.717041015625,504.6089782714844
56,2.0,263.0,721.2727661132812,431.751953125,824.8968505859375,505.0699157714844
57,2.0,263.0,721.7467041015625,431.0267333984375,825.6463623046875,505.554443359375
58,2.0,263.0,722.8259887695312,430.8659973144531,827.62353515625,506.0398254394531
59,2.0,263.0,723.2257690429688,430.6600646972656,828.9434204101562,506.8504638671875
60,2.0,263.0,724.3204956054688,429.980712890625,831.69287109375,507.7743225097656
61,2.0,263.0,724.2424926757812,429.7418518066406,832.2418212890625,508.28936767578125
62,2.0,263.0,725.0609130859375,429.636474609375,833.8236694335938,508.8283996582031
63,2.0,263.0,726.0681762695312,429.25921630859375,834.8741455078125,509.225830078125
64,2.0,263.0,726.4515380859375,429.30718994140625,836.7830810546875,510.1139831542969
65,2.0,263.0,727.0695190429688,429.2735595703125,837.9121704101562,510.66986083984375
66,2.0,263.0,727.3008422851562,428.7566223144531,839.5426635742188,511.3826599121094
67,2.0,263.0,727.9485473632812,428.4142150878906,842.1231689453125,512.1033325195312
68,2.0,263.0,728.510009765625,427.79827880859375,844.1273803710938,512.3903198242188
69,2.0,263.0,729.718994140625,427.5100402832031,845.9744262695312,512.9998779296875
70,2.0,263.0,730.9813232421875,427.0355224609375,847.2950439453125,513.3464965820312
71,2.0,263.0,731.50390625,426.7809753417969,849.0664672851562,514.3429565429688
72,2.0,263.0,732.5725708007812,426.6999206542969,851.6712036132812,515.0838623046875
73,2.0,263.0,732.9227905273438,427.7391662597656,852.769775390625,515.4530029296875
74,2.0,263.0,734.493408203125,427.2957458496094,855.7568359375,516.2444458007812
75,2.0,263.0,735.363037109375,427.64404296875,858.8033447265625,516.5759887695312
76,2.0,263.0,736.0240478515625,427.6122741699219,861.6482543945312,518.4563598632812
77,2.0,263.0,737.0538330078125,427.2505187988281,863.426025390625,520.149658203125
78,2.0,263.0,738.4895629882812,427.0840148925781,864.0056762695312,520.9141235351562
79,2.0,263.0,739.7666015625,426.7067565917969,864.2545166015625,521.2389526367188
80,2.0,263.0,741.2200927734375,426.6097717285156,867.1007690429688,520.7572021484375
81,2.0,263.0,741.9158325195312,426.6824035644531,870.5409545898438,521.5491943359375
82,2.0,263.0,742.6303100585938,426.1463317871094,873.60595703125,522.55859375
83,2.0,263.0,742.4169921875,425.881591796875,875.5173950195312,523.310791015625
84,2.0,263.0,743.3538818359375,425.9272155761719,877.4789428710938,523.2313842773438
85,2.0,263.0,743.8413696289062,425.78863525390625,878.7869873046875,524.4715576171875
86,2.0,263.0,744.281005859375,425.67828369140625,879.2183227539062,525.1156005859375
87,2.0,263.0,744.0947875976562,424.8726501464844,881.6731567382812,525.838623046875
88,2.0,263.0,744.67724609375,424.4017028808594,884.447509765625,526.3685913085938
89,2.0,263.0,744.4430541992188,423.7193908691406,887.8679809570312,526.7105102539062
90,2.0,263.0,744.6738891601562,423.8432312011719,891.6683959960938,527.2311401367188
91,2.0,263.0,745.3651733398438,423.6649475097656,893.9344482421875,527.8914184570312
92,2.0,263.0,746.3988647460938,423.990478515625,895.883056640625,528.627685546875
93,2.0,263.0,747.058349609375,423.5058898925781,898.8177490234375,529.1658325195312
94,2.0,263.0,748.7019653320312,422.42437744140625,900.9601440429688,530.4047241210938
95,2.0,263.0,749.0609130859375,422.5104675292969,904.0110473632812,531.9292602539062
96,2.0,263.0,750.5894165039062,422.11328125,907.86865234375,533.1843872070312
97,2.0,263.0,752.4974975585938,421.7398681640625,910.8872680664062,535.560302734375
98,2.0,263.0,753.3598022460938,421.69708251953125,912.49951171875,536.3036499023438
99,2.0,263.0,754.6770629882812,421.3373107910156,915.7430419921875,536.6264038085938
100,2.0,263.0,755.7489624023438,422.1639099121094,917.8128051757812,536.99365234375
101,2.0,263.0,756.0712280273438,422.4582214355469,923.10498046875,537.906005859375
102,2.0,263.0,756.7255249023438,421.89324951171875,927.541015625,538.083984375
103,2.0,263.0,757.1302490234375,420.51239013671875,931.2987060546875,539.2307739257812
104,2.0,263.0,759.1190795898438,419.8254089355469,934.2321166992188,540.9545288085938
105,2.0,263.0,761.1610717773438,419.17987060546875,936.3182983398438,542.4549560546875
106,2.0,263.0,763.9732666015625,418.882568359375,939.5955200195312,542.7996826171875
107,2.0,263.0,766.4658203125,417.6501770019531,944.0651245117188,544.0794677734375
108,2.0,263.0,768.0416870117188,417.1844177246094,948.7413330078125,545.665283203125
109,2.0,263.0,768.0172119140625,416.4664001464844,951.5415649414062,545.5166015625
110,2.0,263.0,769.2464599609375,415.6448669433594,954.3583984375,547.4887084960938
111,2.0,263.0,770.5248413085938,415.5732421875,957.7839965820312,549.2869262695312
112,2.0,263.0,772.3873901367188,415.05108642578125,961.9050903320312,549.8810424804688
113,2.0,263.0,773.3912963867188,413.9904479980469,967.114501953125,551.854736328125
114,2.0,263.0,776.05224609375,413.3682861328125,971.5188598632812,552.5709838867188
115,2.0,263.0,777.6732177734375,412.95062255859375,977.1481323242188,553.6489868164062
116,2.0,263.0,778.9539184570312,413.3494567871094,981.532958984375,555.8499755859375
117,2.0,263.0,781.108154296875,413.8064270019531,986.67431640625,558.1641845703125
118,2.0,263.0,784.11376953125,413.10833740234375,991.0029296875,558.9277954101562
119,2.0,263.0,787.1015014648438,412.61578369140625,996.3289794921875,560.6239624023438
120,2.0,263.0,789.5038452148438,412.2779541015625,1002.5162963867188,561.683837890625
121,2.0,263.0,790.9078369140625,411.646728515625,1008.5716552734375,564.3831787109375
122,2.0,263.0,792.7152709960938,412.12225341796875,1013.974853515625,565.989990234375
123,2.0,263.0,793.3404541015625,410.7917785644531,1020.4617919921875,567.6527709960938
124,2.0,263.0,794.6371459960938,409.666015625,1027.2554931640625,568.8745727539062
125,2.0,263.0,797.1983642578125,409.74420166015625,1031.8931884765625,569.6885375976562
126,2.0,263.0,799.9448852539062,409.17279052734375,1038.4915771484375,571.8294067382812
127,2.0,263.0,802.0414428710938,409.1132507324219,1045.3167724609375,575.3353881835938
128,2.0,263.0,803.2483520507812,408.78851318359375,1052.3463134765625,579.1897583007812
129,2.0,263.0,806.6707153320312,407.76617431640625,1059.1881103515625,580.7625122070312
130,2.0,263.0,809.0640869140625,407.03955078125,1065.436767578125,583.5635986328125
131,2.0,263.0,811.5056762695312,406.6094665527344,1074.0076904296875,584.5486450195312
132,2.0,263.0,813.6766967773438,406.160400390625,1082.3065185546875,588.0947265625
133,2.0,263.0,816.631591796875,405.5992736816406,1089.737060546875,590.54638671875
134,2.0,263.0,819.062744140625,404.57171630859375,1098.401611328125,593.5437622070312
135,2.0,263.0,821.696533203125,404.8499450683594,1107.038818359375,594.5932006835938
136,2.0,263.0,825.6967163085938,402.70208740234375,1116.3975830078125,596.740478515625
137,2.0,263.0,828.6111450195312,401.7550048828125,1124.980224609375,600.4737548828125
138,2.0,263.0,831.0462646484375,402.31103515625,1134.7567138671875,603.0869140625
139,2.0,263.0,833.83740234375,402.3073425292969,1146.828857421875,607.97265625
140,2.0,263.0,837.0746459960938,400.8077697753906,1156.7430419921875,611.0769653320312
141,2.0,263.0,839.838134765625,397.9544677734375,1168.98388671875,616.1300048828125
142,2.0,263.0,845.0542602539062,395.429931640625,1181.701171875,620.726806640625
143,2.0,263.0,847.6537475585938,395.3296203613281,1193.313232421875,623.0222778320312
144,2.0,263.0,851.229736328125,394.5118408203125,1205.5118408203125,627.206298828125
145,2.0,263.0,852.8250122070312,393.32623291015625,1219.6009521484375,631.0225830078125
146,2.0,263.0,859.268798828125,393.6763916015625,1233.4820556640625,634.8734741210938
147,2.0,263.0,862.9894409179688,393.3721923828125,1249.34375,637.7301635742188
148,2.0,263.0,867.4169921875,392.1053466796875,1266.0367431640625,642.7364501953125
149,2.0,263.0,870.8502197265625,391.5476379394531,1281.064453125,649.422607421875
150,2.0,263.0,876.6707153320312,390.05841064453125,1298.8023681640625,654.8798217773438
151,2.0,263.0,882.9452514648438,387.779296875,1319.6634521484375,659.0061645507812
152,2.0,263.0,887.3233032226562,387.0032958984375,1337.5380859375,664.0455322265625
153,2.0,263.0,892.8975219726562,384.7223205566406,1359.2705078125,672.9486083984375
154,2.0,263.0,897.9224243164062,382.88812255859375,1381.3916015625,680.2549438476562
155,2.0,263.0,903.1170654296875,380.65472412109375,1403.9718017578125,687.4843139648438
156,2.0,263.0,910.40185546875,378.4244079589844,1428.9501953125,696.485107421875
157,2.0,263.0,916.11376953125,376.0179443359375,1455.5711669921875,703.0372314453125
158,2.0,263.0,923.0787353515625,374.39056396484375,1486.0137939453125,712.4051513671875
159,2.0,263.0,930.6047973632812,373.1817932128906,1516.3370361328125,724.0648803710938
160,2.0,263.0,939.0712280273438,370.0711975097656,1548.5955810546875,733.2850952148438
161,2.0,263.0,945.4222412109375,366.3077392578125,1582.980712890625,744.955810546875
162,2.0,263.0,954.7449951171875,363.1553955078125,1619.7144775390625,758.791259765625
163,2.0,263.0,961.8731079101562,360.6651306152344,1662.9949951171875,773.666259765625
164,2.0,263.0,970.3753051757812,357.4706115722656,1710.3531494140625,787.163330078125
165,2.0,263.0,978.1341552734375,353.9615173339844,1758.357421875,802.0494384765625
166,2.0,263.0,989.9647827148438,351.38507080078125,1810.9886474609375,818.976806640625
167,2.0,263.0,1001.0057373046875,347.0638122558594,1866.3773193359375,840.8569946289062
168,2.0,263.0,1012.8192749023438,341.2632751464844,1911.195556640625,863.8641967773438
169,2.0,263.0,1026.0791015625,336.4189453125,1920.0,886.9567260742188
170,2.0,263.0,1040.07763671875,330.9911804199219,1920.0,917.32470703125
171,2.0,263.0,1052.7908935546875,326.2723083496094,1920.0,945.2086181640625
172,2.0,263.0,1064.3721923828125,319.6405944824219,1920.0,978.3910522460938
173,2.0,263.0,1083.73095703125,312.9385681152344,1920.0,1020.1740112304688
174,2.0,263.0,1098.5643310546875,305.3995056152344,1920.0,1057.68505859375
175,2.0,263.0,1113.951416015625,299.13250732421875,1920.0,1073.6068115234375
176,2.0,263.0,1133.2569580078125,292.6949462890625,1920.0,1080.0
177,2.0,263.0,1152.981689453125,282.87530517578125,1920.0,1080.0
178,2.0,263.0,1178.413330078125,271.4801330566406,1920.0,1078.77197265625
179,2.0,263.0,1204.0853271484375,265.3684387207031,1920.0,1071.3724365234375
180,2.0,263.0,1230.0257568359375,256.0892028808594,1920.0,1068.3433837890625
181,2.0,263.0,1261.7877197265625,242.39109802246094,1920.0,1066.721435546875
182,2.0,263.0,1295.933837890625,226.64649963378906,1920.0,1066.45263671875
183,2.0,263.0,1331.134033203125,213.03843688964844,1920.0,1064.2379150390625
184,2.0,263.0,1373.7515869140625,210.63516235351562,1920.0,1061.377685546875
185,2.0,263.0,1419.74609375,222.85150146484375,1920.0,1069.6414794921875
186,2.0,263.0,1472.3924560546875,242.45156860351562,1920.0,1073.068115234375
187,2.0,263.0,1533.297607421875,288.4063720703125,1920.0,1075.2132568359375
188,2.0,263.0,1602.6202392578125,348.489501953125,1919.6544189453125,1073.993408203125
189,2.0,263.0,1685.0799560546875,412.05810546875,1919.663330078125,1068.27587890625
190,2.0,263.0,1782.545654296875,452.4416809082031,1919.755126953125,1050.3697509765625
