88,2.0,300.0,580.2124633789062,466.9388427734375,632.364990234375,502.568115234375
89,2.0,300.0,581.590576171875,467.2248229980469,633.0445556640625,503.1698303222656
90,2.0,300.0,581.9694213867188,466.43695068359375,634.6360473632812,503.1592712402344
91,2.0,300.0,582.4944458007812,466.65545654296875,636.14794921875,503.4549255371094
92,2.0,300.0,583.301513671875,467.7698974609375,637.257568359375,503.965576171875
93,2.0,300.0,583.7640380859375,467.4941711425781,639.74365234375,504.3513488769531
94,2.0,300.0,584.7392578125,467.76434326171875,641.4390869140625,503.927490234375
95,2.0,300.0,586.3779907226562,466.5384521484375,643.8930053710938,503.825927734375
96,2.0,300.0,587.7319946289062,465.0614929199219,645.7515258789062,504.2119140625
97,2.0,300.0,589.114990234375,464.83831787109375,648.7923583984375,504.54327392578125
98,2.0,300.0,589.9985961914062,464.3799133300781,649.9314575195312,504.95880126953125
99,2.0,300.0,591.4487915039062,461.3502502441406,651.1521606445312,505.3652038574219
100,2.0,300.0,592.396240234375,458.4464416503906,652.0656127929688,505.45184326171875
101,2.0,300.0,592.502685546875,456.9718933105469,653.4050903320312,505.75244140625
102,2.0,300.0,592.4762573242188,458.60760498046875,655.1334228515625,506.31854248046875
103,2.0,300.0,594.0200805664062,458.8542175292969,656.9125366210938,506.669189453125
104,2.0,300.0,594.674072265625,458.98248291015625,658.7191162109375,506.7715759277344
105,2.0,300.0,595.1583251953125,459.0965881347656,659.957763671875,507.09552001953125
106,2.0,300.0,596.4449462890625,458.5361633300781,663.3395385742188,508.304443359375
107,2.0,300.0,597.3341674804688,458.0264892578125,665.4226684570312,509.1332092285156
108,2.0,300.0,597.8875732421875,458.48822021484375,669.1095581054688,511.2154235839844
109,2.0,300.0,598.4268798828125,458.77532958984375,672.1299438476562,512.4954833984375
110,2.0,300.0,600.0801391601562,459.02496337890625,674.41943359375,513.6529541015625
111,2.0,300.0,601.226806640625,458.3345642089844,676.4808349609375,513.8792114257812
112,2.0,300.0,603.1942138671875,456.99822998046875,678.4859008789062,513.6402587890625
113,2.0,300.0,604.50537109375,456.3370361328125,681.0194091796875,513.9884643554688
114,2.0,300.0,605.275146484375,455.7044677734375,683.525390625,514.2564697265625
115,2.0,300.0,605.7944946289062,455.0285339355469,686.1947631835938,514.8253173828125
116,2.0,300.0,607.03857421875,454.0481872558594,689.3799438476562,515.7096557617188
117,2.0,300.0,607.8619995117188,454.5852355957031,693.1074829101562,516.0852661132812
118,2.0,300.0,608.3275756835938,453.6903991699219,696.003662109375,517.0846557617188
119,2.0,300.0,609.9287109375,453.24920654296875,700.0757446289062,518.8983154296875
120,2.0,300.0,610.9471435546875,452.8778076171875,703.7176513671875,520.8389282226562
121,2.0,300.0,613.3541870117188,452.2412109375,707.9782104492188,521.8153686523438
122,2.0,300.0,614.69970703125,451.4979248046875,711.4279174804688,523.0963745117188
123,2.0,300.0,617.1817016601562,450.29095458984375,715.5509643554688,524.195068359375
124,2.0,300.0,619.8701782226562,450.7222900390625,720.1705932617188,525.3624877929688
125,2.0,300.0,621.494873046875,449.8725280761719,725.1428833007812,526.3170166015625
126,2.0,300.0,622.6149291992188,449.2396240234375,730.03564453125,526.7495727539062
127,2.0,300.0,624.1223754882812,447.4024353027344,735.4447631835938,527.9404907226562
128,2.0,300.0,627.4525756835938,446.0437316894531,740.7860107421875,529.0025024414062
129,2.0,300.0,630.6856079101562,446.67578125,747.6677856445312,531.4498291015625
130,2.0,300.0,632.7282104492188,446.3026123046875,754.0303955078125,533.7173461914062
131,2.0,300.0,634.1005859375,445.5981750488281,760.0343017578125,535.9048461914062
132,2.0,300.0,636.7777099609375,444.65997314453125,766.7501831054688,536.85546875
133,2.0,300.0,639.3514404296875,443.1267395019531,775.2344360351562,539.0574951171875
134,2.0,300.0,645.5374755859375,442.2850036621094,783.4323120117188,540.5363159179688
135,2.0,300.0,648.0436401367188,443.0134582519531,791.7086181640625,544.6788330078125
136,2.0,300.0,650.0853881835938,442.6692199707031,799.8578491210938,547.4501342773438
137,2.0,300.0,653.078857421875,441.13543701171875,809.5369262695312,548.7484130859375
138,2.0,300.0,655.3494262695312,439.9594421386719,819.88818359375,550.4490966796875
139,2.0,300.0,660.7164306640625,438.3922424316406,831.7490234375,552.816162109375
140,2.0,300.0,665.9849853515625,437.1768493652344,842.2905883789062,555.6337890625
141,2.0,300.0,673.0740966796875,436.79278564453125,857.713623046875,559.6883544921875
142,2.0,300.0,678.9302368164062,435.3260803222656,870.9718017578125,564.7903442382812
143,2.0,300.0,686.8270263671875,434.01263427734375,886.2805786132812,569.5146484375
144,2.0,300.0,693.6376342773438,433.6269226074219,904.5159912109375,573.2588500976562
145,2.0,300.0,700.7360229492188,430.3033447265625,924.9027709960938,579.0117797851562
146,2.0,300.0,709.1904296875,424.7882385253906,947.8013916015625,587.1287841796875
147,2.0,300.0,716.8528442382812,420.22796630859375,970.9832763671875,594.5330200195312
148,2.0,300.0,726.3060302734375,418.86688232421875,997.3474731445312,602.5052490234375
149,2.0,300.0,738.1783447265625,416.8558044433594,1028.238525390625,609.9990234375
150,2.0,300.0,750.3947143554688,413.9252014160156,1063.72119140625,619.7689819335938
151,2.0,300.0,762.2035522460938,407.97454833984375,1103.3428955078125,627.8728637695312
152,2.0,300.0,775.707275390625,402.97674560546875,1150.421630859375,642.0978393554688
153,2.0,300.0,792.2410888671875,399.70709228515625,1206.01806640625,655.2901611328125
154,2.0,300.0,810.1030883789062,395.0083312988281,1271.549072265625,674.4854125976562
155,2.0,300.0,832.3074340820312,389.3219909667969,1351.5260009765625,695.2484130859375
156,2.0,300.0,858.6868896484375,378.7178955078125,1450.2421875,722.4909057617188
157,2.0,300.0,889.9114990234375,368.80657958984375,1574.7215576171875,760.2650146484375
158,2.0,300.0,925.7761840820312,356.63116455078125,1737.43798828125,809.3828735351562
159,2.0,300.0,968.7168579101562,339.7241516113281,1862.1846923828125,877.0690307617188
160,2.0,300.0,1020.1359252929688,321.1904602050781,1915.35302734375,973.0618896484375
161,2.0,300.0,1088.6287841796875,295.21600341796875,1920.0,1038.0838623046875
162,2.0,300.0,1179.4581298828125,259.9798889160156,1920.0,1035.8831787109375
163,2.0,300.0,1307.4617919921875,221.544921875,1920.0,1029.1234130859375
164,2.0,300.0,1497.912353515625,256.23297119140625,1920.0,1061.3006591796875
