71,2.0,296.0,363.7002868652344,456.96368408203125,416.77056884765625,492.50860595703125
72,2.0,296.0,364.3525085449219,457.0047607421875,418.4700927734375,493.6476135253906
73,2.0,296.0,364.9548645019531,459.61260986328125,419.7900390625,493.6361389160156
74,2.0,296.0,364.9463195800781,459.1197814941406,422.0047302246094,493.74163818359375
75,2.0,296.0,365.3194580078125,457.8439636230469,423.018310546875,493.89764404296875
76,2.0,296.0,365.5928649902344,457.18963623046875,426.1526184082031,494.9377746582031
77,2.0,296.0,365.7158203125,455.7164611816406,429.4179992675781,496.1246643066406
78,2.0,296.0,366.53656005859375,456.36236572265625,430.0924377441406,497.1986389160156
79,2.0,296.0,367.2337951660156,456.34002685546875,431.38348388671875,498.51947021484375
80,2.0,296.0,367.6120910644531,457.2908630371094,432.52105712890625,498.9071044921875
81,2.0,296.0,368.22064208984375,456.6413269042969,433.76849365234375,498.9195861816406
82,2.0,296.0,369.1378173828125,455.6638488769531,434.9789123535156,498.8997497558594
83,2.0,296.0,370.006591796875,455.1260681152344,437.1769714355469,500.1969909667969
84,2.0,296.0,371.00054931640625,454.563232421875,438.606689453125,500.822021484375
85,2.0,296.0,372.3292236328125,454.6120910644531,439.5188293457031,500.8047180175781
86,2.0,296.0,373.3780517578125,454.2124328613281,442.7555236816406,500.617431640625
87,2.0,296.0,374.05804443359375,454.0,444.86004638671875,500.24822998046875
88,2.0,296.0,375.0408935546875,453.1893615722656,446.97125244140625,500.55194091796875
89,2.0,296.0,375.75445556640625,452.1888427734375,450.9005432128906,501.5168762207031
90,2.0,296.0,376.9593200683594,452.1470947265625,453.76910400390625,501.9740295410156
91,2.0,296.0,378.95330810546875,452.0513000488281,455.70660400390625,503.3879699707031
92,2.0,296.0,379.51885986328125,450.89410400390625,458.0433349609375,505.06146240234375
93,2.0,296.0,380.6456604003906,450.6089172363281,460.4778747558594,506.2599182128906
94,2.0,296.0,381.7661437988281,450.678466796875,462.8061828613281,507.4570617675781
95,2.0,296.0,383.6604309082031,448.7171630859375,466.4494934082031,508.0338134765625
96,2.0,296.0,384.8070373535156,448.29986572265625,469.9029235839844,508.8027038574219
97,2.0,296.0,387.0722961425781,448.89447021484375,472.0594787597656,510.08489990234375
98,2.0,296.0,386.78851318359375,447.40740966796875,473.1954345703125,512.0201416015625
99,2.0,296.0,386.28997802734375,446.42218017578125,475.77349853515625,513.127685546875
100,2.0,296.0,387.0902404785156,446.79156494140625,480.2806701660156,513.775390625
101,2.0,296.0,387.85333251953125,445.61517333984375,483.31072998046875,514.0281982421875
102,2.0,296.0,390.3497619628906,444.39459228515625,487.7439270019531,515.4808349609375
103,2.0,296.0,393.4864501953125,443.40484619140625,492.0221252441406,518.201416015625
104,2.0,296.0,396.11529541015625,442.7466735839844,494.441650390625,519.907958984375
105,2.0,296.0,397.61383056640625,441.7510681152344,500.20556640625,521.1043701171875
106,2.0,296.0,398.5629577636719,441.366943359375,505.503662109375,522.4901123046875
107,2.0,296.0,400.9632568359375,441.705322265625,510.2196960449219,523.7161865234375
108,2.0,296.0,403.25177001953125,442.05987548828125,515.1712036132812,525.5287475585938
109,2.0,296.0,404.663330078125,441.99041748046875,519.3726196289062,526.861572265625
110,2.0,296.0,407.0585021972656,441.6587219238281,524.7046508789062,528.8709106445312
111,2.0,296.0,410.1347961425781,440.75482177734375,529.7633056640625,530.76806640625
112,2.0,296.0,409.6184997558594,439.597900390625,536.3338623046875,533.1832275390625
113,2.0,296.0,413.11932373046875,438.7995300292969,543.13720703125,535.4345703125
114,2.0,296.0,413.3908386230469,438.22613525390625,550.7413330078125,538.3863525390625
115,2.0,296.0,417.4750061035156,437.99560546875,557.5040283203125,540.8267822265625
116,2.0,296.0,420.11151123046875,437.7909851074219,565.0047607421875,544.7898559570312
117,2.0,296.0,423.3776550292969,438.42144775390625,572.5498657226562,547.6018676757812
118,2.0,296.0,427.89239501953125,437.7711486816406,581.3981323242188,548.6135864257812
119,2.0,296.0,431.533203125,435.93212890625,589.7581787109375,550.0796508789062
120,2.0,296.0,433.45111083984375,435.7266540527344,599.1534423828125,554.1976928710938
121,2.0,296.0,438.9288635253906,435.3339538574219,610.31494140625,558.6449584960938
122,2.0,296.0,443.7329406738281,435.54840087890625,622.0160522460938,561.8468017578125
123,2.0,296.0,448.63714599609375,433.7957458496094,634.725830078125,567.1318359375
124,2.0,296.0,454.1590270996094,432.5786437988281,648.2351684570312,570.669677734375
125,2.0,296.0,457.20379638671875,431.7692565917969,661.8748779296875,574.28955078125
126,2.0,296.0,463.4831237792969,430.5105285644531,678.1730346679688,579.8568115234375
127,2.0,296.0,469.6099853515625,428.34423828125,696.0890502929688,585.9981689453125
128,2.0,296.0,477.3279724121094,426.63238525390625,714.4000854492188,592.1185913085938
129,2.0,296.0,483.5270080566406,425.6462097167969,735.5143432617188,598.7957153320312
130,2.0,296.0,492.7468566894531,423.9143981933594,759.562255859375,607.6768798828125
131,2.0,296.0,501.5385437011719,421.1256103515625,786.5104370117188,617.6722412109375
132,2.0,296.0,512.9107666015625,420.27215576171875,816.095703125,627.97802734375
133,2.0,296.0,522.5989379882812,418.846435546875,849.6478271484375,638.8858032226562
134,2.0,296.0,534.5672607421875,418.0650939941406,886.4761352539062,648.7424926757812
135,2.0,296.0,548.4952392578125,418.7196350097656,930.9562377929688,662.7568359375
136,2.0,296.0,562.6533203125,418.54644775390625,982.9080810546875,679.6449584960938
137,2.0,296.0,578.9522094726562,415.25537109375,1042.7254638671875,698.9031982421875
138,2.0,296.0,599.9295043945312,408.57830810546875,1113.8597412109375,722.6787109375
139,2.0,296.0,622.4058227539062,402.86285400390625,1201.575927734375,751.4083251953125
140,2.0,296.0,647.1682739257812,402.1710205078125,1307.9556884765625,788.9669799804688
141,2.0,296.0,678.2821044921875,400.22454833984375,1442.395751953125,833.9531860351562
142,2.0,296.0,716.783935546875,392.9490661621094,1618.7154541015625,897.1743774414062
143,2.0,296.0,758.0146484375,386.3614807128906,1815.4638671875,983.5382690429688
144,2.0,296.0,812.2188720703125,375.5205383300781,1897.5465087890625,1042.8511962890625
145,2.0,296.0,876.5078735351562,359.4403991699219,1920.0,1069.1722412109375
146,2.0,296.0,963.9344482421875,340.72772216796875,1920.0,1075.1483154296875
147,2.0,296.0,1085.796875,312.116943359375,1920.0,1079.2501220703125
148,2.0,296.0,1256.1768798828125,311.7132263183594,1920.0,1080.0
