59,2.0,292.0,344.9103698730469,452.3091735839844,389.11138916015625,485.88275146484375
60,2.0,292.0,345.1850280761719,451.8060607910156,389.9415588378906,485.91326904296875
61,2.0,292.0,345.6098327636719,450.6781005859375,390.5986328125,486.7545471191406
62,2.0,292.0,346.1404724121094,450.5804443359375,390.8243713378906,487.7742919921875
63,2.0,292.0,345.8205871582031,450.290771484375,392.2642517089844,489.09869384765625
64,2.0,292.0,346.5066223144531,450.7854309082031,394.1336364746094,489.72393798828125
65,2.0,292.0,346.4611511230469,450.5376892089844,396.0004577636719,490.3556213378906
66,2.0,292.0,345.8644714355469,450.81024169921875,395.7960205078125,490.24041748046875
67,2.0,292.0,345.20361328125,451.49859619140625,397.0055847167969,490.4904479980469
68,2.0,292.0,345.11102294921875,450.82000732421875,398.2833557128906,490.7181701660156
69,2.0,292.0,345.7037048339844,451.3302001953125,399.2587585449219,490.66259765625
70,2.0,292.0,346.2940673828125,451.4885559082031,400.20025634765625,491.06341552734375
71,2.0,292.0,346.6739501953125,450.9032287597656,400.81689453125,491.1235656738281
72,2.0,292.0,347.4462585449219,451.03936767578125,401.8836975097656,491.21527099609375
73,2.0,292.0,347.8084411621094,452.72711181640625,402.9775085449219,491.2720642089844
74,2.0,292.0,348.5794982910156,452.3230895996094,402.7316589355469,491.2668151855469
75,2.0,292.0,349.71917724609375,454.6832580566406,403.75439453125,491.633056640625
76,2.0,292.0,350.6215515136719,452.857177734375,405.1012878417969,491.9732971191406
77,2.0,292.0,351.32366943359375,452.0001220703125,406.6651916503906,491.71112060546875
78,2.0,292.0,351.61358642578125,452.9008483886719,407.6502990722656,492.87579345703125
79,2.0,292.0,351.677001953125,454.31378173828125,408.7749938964844,493.3426513671875
80,2.0,292.0,351.2881774902344,453.3276672363281,409.7281188964844,493.66461181640625
81,2.0,292.0,351.59185791015625,453.94488525390625,410.9005432128906,493.9736633300781
82,2.0,292.0,352.24920654296875,454.4873352050781,411.99188232421875,494.05126953125
83,2.0,292.0,353.8818054199219,455.0999755859375,413.6175231933594,494.12152099609375
84,2.0,292.0,354.5141906738281,456.3927307128906,414.5002746582031,495.52764892578125
85,2.0,292.0,354.9903564453125,455.2572021484375,416.2943420410156,496.2718811035156
86,2.0,292.0,355.67523193359375,454.0596618652344,419.60870361328125,497.2689208984375
87,2.0,292.0,356.8351745605469,452.8597412109375,421.6390380859375,497.1346435546875
88,2.0,292.0,357.5075988769531,450.6101379394531,423.53216552734375,496.8888854980469
89,2.0,292.0,358.7969665527344,451.4126281738281,425.88336181640625,497.0680236816406
90,2.0,292.0,359.47369384765625,451.2742614746094,428.32244873046875,497.9709777832031
91,2.0,292.0,361.3721923828125,449.1289367675781,428.8723449707031,499.1102600097656
92,2.0,292.0,362.7357177734375,447.7493591308594,431.3113098144531,499.94451904296875
93,2.0,292.0,363.4897155761719,446.6439208984375,434.43475341796875,500.7583923339844
94,2.0,292.0,363.9653015136719,446.1894226074219,435.90692138671875,501.1554870605469
95,2.0,292.0,364.52490234375,445.5739440917969,438.9376220703125,501.70489501953125
96,2.0,292.0,364.78424072265625,445.0066833496094,440.7745666503906,502.4273681640625
97,2.0,292.0,364.9598693847656,444.83233642578125,442.36785888671875,502.6315002441406
98,2.0,292.0,365.3533020019531,445.56182861328125,444.6044006347656,502.6327209472656
99,2.0,292.0,365.40478515625,446.68756103515625,445.7002258300781,503.904541015625
100,2.0,292.0,365.6719970703125,446.65460205078125,447.1932067871094,504.51446533203125
101,2.0,292.0,366.32659912109375,446.2247009277344,449.6566467285156,505.61077880859375
102,2.0,292.0,366.0429382324219,445.1162109375,453.30303955078125,507.609619140625
103,2.0,292.0,368.2425231933594,446.8052062988281,456.30462646484375,508.2174072265625
104,2.0,292.0,370.3650817871094,446.6557312011719,459.7234191894531,509.5191650390625
105,2.0,292.0,371.7735900878906,445.7143249511719,462.3985290527344,511.201416015625
106,2.0,292.0,373.95050048828125,445.44110107421875,466.11248779296875,511.7875061035156
107,2.0,292.0,374.28448486328125,444.2249450683594,469.5133056640625,512.6363525390625
108,2.0,292.0,375.3465576171875,443.34600830078125,472.3796081542969,514.2034912109375
109,2.0,292.0,376.12261962890625,442.7798156738281,474.6978454589844,515.2120971679688
110,2.0,292.0,379.6291198730469,443.34722900390625,477.95269775390625,515.6989135742188
111,2.0,292.0,382.1664123535156,442.97552490234375,482.54168701171875,517.0643920898438
112,2.0,292.0,383.29620361328125,441.6282958984375,484.9474792480469,519.4330444335938
113,2.0,292.0,384.74053955078125,440.483154296875,488.59515380859375,521.3025512695312
114,2.0,292.0,385.3079833984375,439.9081726074219,492.7491149902344,523.2260131835938
115,2.0,292.0,386.3669738769531,439.97320556640625,497.5344543457031,524.6146240234375
116,2.0,292.0,387.47259521484375,439.6267395019531,501.5935974121094,525.7323608398438
117,2.0,292.0,388.66357421875,439.783203125,507.8251953125,526.08837890625
118,2.0,292.0,389.9680480957031,439.7001953125,512.3087768554688,528.1856079101562
119,2.0,292.0,393.1378479003906,439.0491027832031,517.4896850585938,528.9346923828125
120,2.0,292.0,396.2159423828125,438.765625,523.4111938476562,533.0914306640625
121,2.0,292.0,395.3433837890625,439.03460693359375,527.6940307617188,534.555419921875
122,2.0,292.0,396.149169921875,437.287109375,532.9545288085938,537.5498657226562
123,2.0,292.0,401.05718994140625,434.94293212890625,539.172607421875,538.84814453125
124,2.0,292.0,404.3004150390625,435.53369140625,543.7964477539062,542.2007446289062
125,2.0,292.0,406.71954345703125,434.9132995605469,551.9598999023438,545.231201171875
126,2.0,292.0,409.2419128417969,435.2505798339844,559.1419067382812,548.1561279296875
127,2.0,292.0,409.77398681640625,434.4432067871094,566.4932250976562,550.2763671875
128,2.0,292.0,411.71240234375,434.302978515625,574.7236938476562,552.1453857421875
129,2.0,292.0,416.5862121582031,433.92413330078125,583.4037475585938,554.9736938476562
130,2.0,292.0,419.4741516113281,433.85284423828125,593.43798828125,559.5833740234375
131,2.0,292.0,422.5723571777344,433.802734375,602.5039672851562,562.8662109375
132,2.0,292.0,428.2011413574219,432.7342834472656,613.2691040039062,567.3451538085938
133,2.0,292.0,431.0491638183594,430.69976806640625,625.4056396484375,571.36376953125
134,2.0,292.0,433.787841796875,429.4976806640625,637.600341796875,574.273193359375
135,2.0,292.0,439.1544494628906,427.86346435546875,650.49267578125,578.2258911132812
136,2.0,292.0,445.7106628417969,427.3946838378906,665.17724609375,584.2085571289062
137,2.0,292.0,449.0619812011719,426.7720642089844,681.7523803710938,589.1226196289062
138,2.0,292.0,455.1498718261719,425.51104736328125,698.0303344726562,595.4124755859375
139,2.0,292.0,460.3612060546875,423.1424255371094,716.4368286132812,604.313720703125
140,2.0,292.0,466.9812316894531,421.2681884765625,737.6553955078125,612.0413818359375
141,2.0,292.0,475.56439208984375,419.22772216796875,760.4890747070312,620.138916015625
142,2.0,292.0,481.4513244628906,417.6922912597656,786.9627685546875,629.9153442382812
143,2.0,292.0,491.3579406738281,415.6488342285156,815.1328125,639.5564575195312
144,2.0,292.0,500.59661865234375,414.5745849609375,847.673095703125,650.5602416992188
145,2.0,292.0,510.750244140625,413.92816162109375,885.120849609375,661.7214965820312
146,2.0,292.0,522.0327758789062,410.6639404296875,927.7479248046875,677.0711059570312
147,2.0,292.0,534.28955078125,411.2713928222656,978.4299926757812,695.8380126953125
148,2.0,292.0,548.94677734375,408.17431640625,1034.896240234375,716.03515625
149,2.0,292.0,565.4022216796875,403.7903137207031,1103.843505859375,738.8179931640625
150,2.0,292.0,582.9215698242188,397.57025146484375,1187.15625,771.3869018554688
151,2.0,292.0,604.0524291992188,398.4899597167969,1290.603759765625,807.806396484375
152,2.0,292.0,630.8338012695312,393.7890625,1417.2130126953125,856.789306640625
153,2.0,292.0,660.6544799804688,385.0434875488281,1579.627685546875,919.8153076171875
154,2.0,292.0,696.9616088867188,372.40972900390625,1789.860107421875,1004.9751586914062
155,2.0,292.0,737.4956665039062,358.5524597167969,1888.1412353515625,1052.6134033203125
156,2.0,292.0,788.2755126953125,347.9987487792969,1920.0,1075.482421875
157,2.0,292.0,853.9613037109375,331.3177795410156,1920.0,1076.2666015625
158,2.0,292.0,941.62939453125,302.95526123046875,1920.0,1077.6484375
159,2.0,292.0,1060.361328125,270.3147277832031,1920.0,1078.7677001953125
160,2.0,292.0,1234.3712158203125,278.364990234375,1920.0,1080.0
161,2.0,292.0,1507.4912109375,424.6865234375,1920.0,1080.0
