2,2.0,274.0,689.5614624023438,443.7275085449219,736.98095703125,475.290283203125
3,2.0,274.0,690.0808715820312,443.90850830078125,738.1576538085938,474.3583068847656
4,2.0,274.0,690.3206787109375,445.3216552734375,739.6856079101562,474.99310302734375
5,2.0,274.0,690.7350463867188,445.1377868652344,739.9223022460938,475.27886962890625
6,2.0,274.0,690.9440307617188,444.400634765625,740.9276123046875,475.359375
7,2.0,274.0,691.875,443.9176940917969,741.191650390625,475.332763671875
8,2.0,274.0,692.3856201171875,443.49530029296875,741.2286987304688,475.2389831542969
9,2.0,274.0,692.8622436523438,443.9396057128906,741.9352416992188,475.28009033203125
10,2.0,274.0,693.0107421875,444.55072021484375,742.1923828125,476.2100524902344
11,2.0,274.0,693.0325927734375,445.60968017578125,742.477783203125,476.2616882324219
12,2.0,274.0,693.490234375,445.6099853515625,743.0003051757812,476.4532165527344
13,2.0,274.0,694.14208984375,446.1062316894531,743.3477783203125,477.0492858886719
14,2.0,274.0,694.4806518554688,446.3193054199219,743.56201171875,477.0661315917969
15,2.0,274.0,694.3140869140625,445.7559814453125,743.8323364257812,477.44024658203125
16,2.0,274.0,694.9107666015625,444.96875,744.7445068359375,477.84222412109375
17,2.0,274.0,695.3739624023438,444.18707275390625,745.5455322265625,478.45379638671875
18,2.0,274.0,695.7391967773438,443.9058532714844,746.4190673828125,479.0742492675781
19,2.0,274.0,697.0208129882812,443.73968505859375,746.9002685546875,479.23675537109375
20,2.0,274.0,698.3226318359375,443.81829833984375,747.49072265625,479.65069580078125
21,2.0,274.0,698.1203002929688,443.6902770996094,747.7387084960938,479.64434814453125
22,2.0,274.0,698.6705932617188,443.5226135253906,748.923583984375,479.9247741699219
23,2.0,274.0,699.231201171875,442.8582458496094,749.5474243164062,480.34521484375
24,2.0,274.0,699.6212158203125,442.3493347167969,750.0241088867188,480.6470642089844
25,2.0,274.0,700.0977172851562,442.20050048828125,750.328857421875,481.0000915527344
26,2.0,274.0,700.1409912109375,441.9209899902344,750.826416015625,481.2243347167969
27,2.0,274.0,700.1674194335938,442.67462158203125,751.58544921875,481.3593444824219
28,2.0,274.0,700.26025390625,442.9620056152344,752.325439453125,481.79827880859375
29,2.0,274.0,701.2075805664062,442.9526672363281,753.0374755859375,481.4547424316406
30,2.0,274.0,701.814697265625,443.108154296875,753.8262329101562,481.7523498535156
31,2.0,274.0,701.7982177734375,442.78076171875,754.598876953125,482.55999755859375
32,2.0,274.0,701.8382568359375,442.023681640625,754.7763671875,482.5472717285156
33,2.0,274.0,701.9693603515625,442.041259765625,755.6189575195312,482.5412902832031
34,2.0,274.0,702.8095092773438,441.8741149902344,756.9326782226562,482.74407958984375
35,2.0,274.0,703.4136962890625,441.9700622558594,757.6185913085938,482.7249755859375
36,2.0,274.0,703.9782104492188,442.27294921875,758.1329345703125,482.4159240722656
37,2.0,274.0,704.4400024414062,441.9752502441406,759.8087158203125,482.334228515625
38,2.0,274.0,704.8843994140625,442.06231689453125,761.4146118164062,482.2182312011719
39,2.0,274.0,704.4479370117188,442.2192077636719,761.2122192382812,482.12060546875
40,2.0,274.0,704.16650390625,442.91558837890625,761.853515625,482.6474304199219
41,2.0,274.0,704.3255615234375,444.50390625,763.4074096679688,483.49346923828125
42,2.0,274.0,703.9405517578125,444.86041259765625,764.6530151367188,484.53082275390625
43,2.0,274.0,704.424072265625,444.4111633300781,766.2998046875,485.5477294921875
44,2.0,274.0,705.6621704101562,442.63555908203125,767.5462646484375,485.92547607421875
45,2.0,274.0,705.9990234375,443.0555114746094,768.6520385742188,486.3833312988281
46,2.0,274.0,706.416748046875,442.99462890625,769.0861206054688,486.4497985839844
47,2.0,274.0,707.446044921875,442.51220703125,769.9690551757812,486.23468017578125
48,2.0,274.0,708.292236328125,443.0199890136719,770.8652954101562,486.229248046875
49,2.0,274.0,708.85302734375,443.2251281738281,772.2130126953125,486.7218322753906
50,2.0,274.0,709.0839233398438,443.0085144042969,773.4822998046875,486.7212219238281
51,2.0,274.0,709.6056518554688,443.7905578613281,774.6743774414062,487.02349853515625
52,2.0,274.0,710.1771240234375,444.21966552734375,776.2064819335938,488.4257507324219
53,2.0,274.0,711.010498046875,444.12896728515625,776.713134765625,489.0434265136719
54,2.0,274.0,711.1992797851562,443.9073181152344,777.956298828125,489.52532958984375
55,2.0,274.0,711.4049072265625,443.7620849609375,779.1749267578125,489.73077392578125
56,2.0,274.0,712.2044677734375,448.04327392578125,779.4103393554688,490.39227294921875
57,2.0,274.0,712.4279174804688,451.1642150878906,780.205078125,490.6376037597656
58,2.0,274.0,712.46142578125,451.0578918457031,781.1699829101562,490.5311584472656
59,2.0,274.0,714.3106079101562,452.4935607910156,782.7881469726562,490.55743408203125
60,2.0,274.0,715.0469970703125,451.3750915527344,785.1038818359375,490.90234375
61,2.0,274.0,715.875732421875,444.4873962402344,786.3185424804688,491.1576843261719
62,2.0,274.0,715.7552490234375,442.4444580078125,789.3724975585938,491.125732421875
63,2.0,274.0,717.48876953125,440.3113098144531,789.9649047851562,491.280517578125
64,2.0,274.0,718.8169555664062,439.5565185546875,791.3402099609375,491.4195861816406
65,2.0,274.0,719.4351806640625,438.2023010253906,793.203857421875,491.70452880859375
66,2.0,274.0,719.7645263671875,436.47052001953125,794.971435546875,491.6448059082031
67,2.0,274.0,719.9321899414062,435.85162353515625,796.4931030273438,491.8016052246094
68,2.0,274.0,722.11083984375,437.1513366699219,796.6449584960938,491.3137512207031
69,2.0,274.0,723.0372314453125,438.04901123046875,796.7203979492188,491.17047119140625
70,2.0,274.0,722.0533447265625,436.9684143066406,800.0243530273438,492.3282165527344
71,2.0,274.0,722.1378173828125,437.5075378417969,802.5514526367188,494.1966552734375
72,2.0,274.0,722.9491577148438,436.8032531738281,805.6442260742188,494.9728698730469
73,2.0,274.0,723.6641845703125,436.60791015625,806.871826171875,495.3006896972656
74,2.0,274.0,723.6571044921875,436.3860168457031,808.321533203125,496.3083190917969
75,2.0,274.0,724.1654052734375,436.46014404296875,809.9328002929688,496.74481201171875
76,2.0,274.0,725.0376586914062,435.805419921875,810.5286254882812,497.4642639160156
77,2.0,274.0,724.8461303710938,436.0912170410156,812.7537841796875,497.1651611328125
78,2.0,274.0,725.8121337890625,436.1073303222656,814.8142700195312,497.4713134765625
79,2.0,274.0,727.0652465820312,435.1229553222656,816.1797485351562,497.76202392578125
80,2.0,274.0,727.8886108398438,434.24072265625,818.1251831054688,498.5939636230469
81,2.0,274.0,728.4993896484375,434.46875,819.267578125,498.85052490234375
82,2.0,274.0,729.904541015625,433.24383544921875,821.8726806640625,499.53680419921875
83,2.0,274.0,731.3825073242188,432.74554443359375,824.1929321289062,500.6669921875
84,2.0,274.0,732.78173828125,432.8614501953125,825.4474487304688,500.8138427734375
85,2.0,274.0,734.0396118164062,432.0943298339844,828.029052734375,501.32794189453125
86,2.0,274.0,734.7249145507812,431.69110107421875,830.79443359375,501.62506103515625
87,2.0,274.0,735.3274536132812,431.4446716308594,834.4552612304688,501.84039306640625
88,2.0,274.0,735.9797973632812,430.7646789550781,836.2772827148438,501.8869934082031
89,2.0,274.0,738.0238647460938,430.7713623046875,838.309814453125,502.268310546875
90,2.0,274.0,739.042724609375,430.585205078125,839.2422485351562,503.6222229003906
91,2.0,274.0,740.9312133789062,430.0386047363281,842.9813232421875,505.2522277832031
92,2.0,274.0,741.2960205078125,429.74713134765625,845.73779296875,506.0570983886719
93,2.0,274.0,742.0454711914062,430.4875793457031,849.306640625,507.22247314453125
94,2.0,274.0,742.0581665039062,430.510498046875,851.564697265625,508.487548828125
95,2.0,274.0,743.08935546875,430.423095703125,854.1431274414062,509.4455261230469
96,2.0,274.0,744.5264282226562,430.54864501953125,857.015869140625,510.1530456542969
97,2.0,274.0,744.7258911132812,430.3367919921875,860.3291015625,512.4364013671875
98,2.0,274.0,745.4783935546875,429.4933776855469,862.730224609375,513.6611328125
99,2.0,274.0,745.744384765625,429.32763671875,866.6336669921875,514.5280151367188
100,2.0,274.0,747.035888671875,428.1446228027344,870.8550415039062,515.009521484375
101,2.0,274.0,748.2854614257812,427.4585876464844,874.9559936523438,517.87158203125
102,2.0,274.0,750.3712768554688,426.47735595703125,878.472412109375,519.6820068359375
103,2.0,274.0,753.4898681640625,426.2055358886719,882.2012329101562,521.2064819335938
104,2.0,274.0,755.9188232421875,426.0932312011719,886.5195922851562,523.5816040039062
105,2.0,274.0,757.0435791015625,425.6772155761719,890.8043823242188,524.0595092773438
106,2.0,274.0,758.1508178710938,425.7236328125,896.4708251953125,525.2722778320312
107,2.0,274.0,758.3909912109375,425.2476806640625,900.6285400390625,526.2720336914062
108,2.0,274.0,760.3992919921875,425.69549560546875,904.56787109375,527.1131591796875
109,2.0,274.0,762.5956420898438,423.609130859375,909.6452026367188,528.2072143554688
110,2.0,274.0,765.8336791992188,423.76666259765625,913.5888061523438,529.9857177734375
111,2.0,274.0,768.7520751953125,422.8253479003906,920.093994140625,533.0181274414062
112,2.0,274.0,769.284912109375,422.5644226074219,925.59912109375,535.5457763671875
113,2.0,274.0,770.0241088867188,422.530029296875,931.8936157226562,536.4598999023438
114,2.0,274.0,772.7045288085938,422.1536865234375,936.5403442382812,537.60791015625
115,2.0,274.0,777.02001953125,421.7486572265625,943.4785766601562,539.0136108398438
116,2.0,274.0,778.9857788085938,419.9472961425781,950.5975952148438,541.185302734375
117,2.0,274.0,780.2721557617188,419.0251770019531,957.6131591796875,544.7222900390625
118,2.0,274.0,782.7291259765625,417.6664123535156,964.02392578125,546.1674194335938
119,2.0,274.0,786.5830688476562,418.2218017578125,970.9117431640625,547.4214477539062
120,2.0,274.0,789.14306640625,416.8931884765625,978.5797119140625,548.3343505859375
121,2.0,274.0,791.5431518554688,414.9310607910156,987.5505981445312,551.8487548828125
122,2.0,274.0,793.523681640625,414.3783874511719,995.0625,555.822265625
123,2.0,274.0,796.9210815429688,415.533203125,1004.3218383789062,559.8544311523438
124,2.0,274.0,800.4144897460938,413.9219970703125,1015.7467651367188,561.8134155273438
125,2.0,274.0,803.5687866210938,412.7445983886719,1025.870849609375,565.316162109375
126,2.0,274.0,807.2213134765625,411.3770446777344,1036.4737548828125,568.2017822265625
127,2.0,274.0,810.1348266601562,411.5604248046875,1048.10595703125,572.3358764648438
128,2.0,274.0,815.9923706054688,410.5426330566406,1060.0174560546875,577.7030029296875
129,2.0,274.0,819.6427612304688,407.7784729003906,1073.884033203125,583.202392578125
130,2.0,274.0,825.9931030273438,406.6067199707031,1087.963623046875,586.0699462890625
131,2.0,274.0,830.58642578125,405.4287109375,1103.772216796875,590.6376953125
132,2.0,274.0,836.0123901367188,405.12933349609375,1119.4664306640625,593.21630859375
133,2.0,274.0,840.7943115234375,404.6627197265625,1137.100341796875,599.1959228515625
135,2.0,274.0,851.8500366210938,397.98529052734375,1177.0858154296875,613.2244262695312
137,2.0,274.0,864.9684448242188,395.0511779785156,1224.5478515625,628.1437377929688
138,2.0,274.0,872.3065795898438,393.2689208984375,1250.1016845703125,634.009521484375
139,2.0,274.0,882.5126953125,392.58013916015625,1279.507080078125,642.3348388671875
140,2.0,274.0,893.1044921875,391.635009765625,1313.6634521484375,652.3279418945312
141,2.0,274.0,901.6397705078125,389.8783264160156,1350.119873046875,662.5613403320312
142,2.0,274.0,911.7991943359375,387.0830993652344,1388.898681640625,675.8873901367188
143,2.0,274.0,921.6152954101562,382.52520751953125,1434.3409423828125,691.7507934570312
144,2.0,274.0,934.8509521484375,378.50787353515625,1487.41162109375,707.6144409179688
145,2.0,274.0,948.9075927734375,373.8944396972656,1545.3966064453125,728.2987060546875
146,2.0,274.0,963.7640380859375,369.0229187011719,1610.673583984375,748.6802978515625
147,2.0,274.0,981.4147338867188,362.83685302734375,1690.1759033203125,774.2496948242188
148,2.0,274.0,999.5827026367188,355.5990295410156,1780.10546875,802.23583984375
149,2.0,274.0,1018.6680297851562,347.41839599609375,1879.309326171875,839.5950317382812
150,2.0,274.0,1039.7384033203125,338.7826232910156,1919.736572265625,883.0272827148438
151,2.0,274.0,1062.778564453125,329.0805358886719,1920.0,936.0973510742188
152,2.0,274.0,1095.0,318.03033447265625,1920.0,1002.94140625
153,2.0,274.0,1124.6751708984375,304.5118103027344,1920.0,1052.423095703125
154,2.0,274.0,1162.541015625,287.54736328125,1920.0,1073.2674560546875
155,2.0,274.0,1206.4056396484375,271.0142517089844,1920.0,1071.7962646484375
156,2.0,274.0,1261.1368408203125,252.92123413085938,1920.0,1070.5247802734375
157,2.0,274.0,1323.8623046875,227.50857543945312,1920.0,1069.7376708984375
158,2.0,274.0,1401.69091796875,222.7188262939453,1920.0,1071.9259033203125
160,2.0,274.0,1633.322265625,347.9783020019531,1920.0,1074.6351318359375
