85,2.0,299.0,276.4759216308594,422.5138244628906,329.2875671386719,460.6661682128906
86,2.0,299.0,277.3710021972656,421.5940856933594,329.53533935546875,461.5357360839844
87,2.0,299.0,278.2437744140625,421.90313720703125,330.98760986328125,462.73577880859375
88,2.0,299.0,279.1236877441406,422.34600830078125,331.5165100097656,463.5132141113281
89,2.0,299.0,279.20086669921875,421.4197082519531,332.7945251464844,464.5660705566406
90,2.0,299.0,279.2840270996094,421.3506164550781,334.4227600097656,465.2611999511719
91,2.0,299.0,280.0882873535156,422.0231018066406,335.2256774902344,465.4671630859375
92,2.0,299.0,280.6781311035156,421.940673828125,338.5110778808594,465.97259521484375
93,2.0,299.0,280.8806457519531,421.5896911621094,340.0484313964844,466.2539367675781
94,2.0,299.0,281.01318359375,424.5342712402344,340.8968811035156,466.7581481933594
95,2.0,299.0,281.0030517578125,424.1651611328125,342.0381774902344,466.9901428222656
96,2.0,299.0,280.74090576171875,425.53790283203125,342.5735168457031,467.2606201171875
97,2.0,299.0,281.7312927246094,426.87188720703125,343.8324279785156,467.36669921875
98,2.0,299.0,283.18310546875,429.3114318847656,346.4391174316406,468.4343566894531
99,2.0,299.0,284.0025329589844,428.3146057128906,348.61407470703125,468.8195495605469
100,2.0,299.0,284.3399658203125,427.61260986328125,350.47711181640625,469.0862731933594
101,2.0,299.0,285.6499328613281,427.4779357910156,352.3428039550781,468.85125732421875
102,2.0,299.0,287.5228576660156,428.76116943359375,354.2712097167969,468.9563293457031
103,2.0,299.0,288.2730712890625,425.5439147949219,356.5176086425781,470.59771728515625
104,2.0,299.0,289.15203857421875,423.8926696777344,358.3009033203125,472.6855163574219
105,2.0,299.0,290.381103515625,423.1424255371094,359.4952697753906,473.8584289550781
106,2.0,299.0,291.00592041015625,422.349609375,361.4284973144531,474.2755126953125
107,2.0,299.0,292.1619567871094,420.72528076171875,364.447021484375,475.5504455566406
108,2.0,299.0,293.3927917480469,420.30078125,368.4874267578125,477.1008605957031
109,2.0,299.0,294.1114807128906,420.8060302734375,370.1735534667969,477.22430419921875
110,2.0,299.0,295.0010986328125,421.33673095703125,371.4666748046875,477.3263244628906
111,2.0,299.0,294.407958984375,421.6399230957031,374.4818420410156,478.189208984375
112,2.0,299.0,295.9546813964844,419.1676940917969,375.9096374511719,478.8973388671875
113,2.0,299.0,298.11968994140625,419.87689208984375,378.55596923828125,478.8473815917969
114,2.0,299.0,299.8138122558594,420.19879150390625,381.505126953125,480.2278137207031
115,2.0,299.0,300.9438781738281,419.83612060546875,386.3666076660156,481.2217102050781
116,2.0,299.0,301.6875915527344,418.26708984375,390.7655944824219,482.773193359375
117,2.0,299.0,302.7182922363281,417.50531005859375,395.332763671875,484.90460205078125
118,2.0,299.0,303.1424560546875,416.7760314941406,399.9322814941406,485.3126525878906
119,2.0,299.0,304.3050537109375,416.4459533691406,404.2044372558594,487.9845886230469
120,2.0,299.0,306.1345520019531,415.71612548828125,407.70166015625,489.0965270996094
121,2.0,299.0,309.2509460449219,415.7408447265625,411.650634765625,489.5946960449219
122,2.0,299.0,311.80517578125,415.84747314453125,415.5380859375,491.1730041503906
123,2.0,299.0,313.412841796875,414.9346923828125,420.1659851074219,492.7013244628906
124,2.0,299.0,315.1897888183594,413.9947509765625,423.4794921875,494.6138000488281
125,2.0,299.0,317.0730285644531,413.7764587402344,428.8629455566406,497.6105041503906
126,2.0,299.0,319.500244140625,413.4659118652344,433.10992431640625,498.6987609863281
127,2.0,299.0,321.2814636230469,413.4407043457031,440.9027099609375,500.66302490234375
128,2.0,299.0,324.0050964355469,412.6835021972656,447.3907775878906,501.06219482421875
129,2.0,299.0,326.498291015625,411.7308349609375,453.9567565917969,502.2752380371094
130,2.0,299.0,328.7496337890625,410.9373474121094,460.62762451171875,504.857666015625
131,2.0,299.0,332.3702697753906,409.53851318359375,468.4249572753906,508.9609069824219
132,2.0,299.0,335.3704833984375,409.36236572265625,475.8634948730469,511.7386474609375
133,2.0,299.0,338.36346435546875,408.5184631347656,483.34454345703125,514.5267944335938
134,2.0,299.0,341.8446350097656,407.31927490234375,492.22900390625,517.3837280273438
135,2.0,299.0,347.064453125,406.5702819824219,502.1645202636719,520.6838989257812
136,2.0,299.0,350.7535400390625,406.5067138671875,513.5935668945312,523.7097778320312
137,2.0,299.0,355.7247009277344,406.8351745605469,525.134521484375,526.8117065429688
138,2.0,299.0,358.7763366699219,406.0837097167969,537.045166015625,534.0936889648438
139,2.0,299.0,362.1395263671875,403.7604675292969,548.6403198242188,535.5281372070312
140,2.0,299.0,368.0835876464844,401.9776611328125,562.4463500976562,540.0701293945312
141,2.0,299.0,372.0044860839844,400.99566650390625,577.0806884765625,545.3023071289062
142,2.0,299.0,377.54437255859375,399.7018737792969,591.848388671875,548.6838989257812
143,2.0,299.0,384.030029296875,397.85614013671875,610.4486694335938,555.970703125
144,2.0,299.0,391.27410888671875,396.2039794921875,630.52783203125,563.073486328125
145,2.0,299.0,400.0404052734375,393.79608154296875,652.8670654296875,570.6665649414062
146,2.0,299.0,409.59002685546875,390.089111328125,679.1041259765625,579.1942138671875
147,2.0,299.0,418.1515808105469,387.1412658691406,706.2775268554688,587.82421875
148,2.0,299.0,428.7221374511719,385.12152099609375,737.8970336914062,598.1189575195312
149,2.0,299.0,439.89251708984375,383.4491882324219,775.0115356445312,610.2940673828125
150,2.0,299.0,453.35650634765625,381.9303283691406,816.760009765625,624.1187744140625
151,2.0,299.0,466.053466796875,379.5151062011719,866.1077880859375,639.4610595703125
152,2.0,299.0,483.69287109375,377.5094299316406,923.1364135742188,657.5857543945312
153,2.0,299.0,503.3401794433594,373.4694519042969,992.7128295898438,682.2000122070312
154,2.0,299.0,524.3245239257812,368.71502685546875,1075.703125,711.0404052734375
155,2.0,299.0,549.187255859375,365.3544616699219,1178.818603515625,745.9307250976562
156,2.0,299.0,580.778564453125,362.2316589355469,1310.9173583984375,790.552734375
157,2.0,299.0,616.5845947265625,355.7702941894531,1484.4267578125,850.773681640625
158,2.0,299.0,660.3466796875,348.5428771972656,1718.20458984375,934.5057983398438
159,2.0,299.0,704.35595703125,336.3561706542969,1857.6864013671875,1023.8449096679688
160,2.0,299.0,773.741943359375,318.5536193847656,1916.593017578125,1060.4530029296875
161,2.0,299.0,867.3557739257812,295.15997314453125,1920.0,1071.4439697265625
162,2.0,299.0,996.6812744140625,257.5459899902344,1920.0,1076.5340576171875
163,2.0,299.0,1185.3826904296875,251.9691925048828,1920.0,1080.0
164,2.0,299.0,1487.313232421875,375.99285888671875,1920.0,1080.0
