21,2.0,284.0,366.7503662109375,440.3077392578125,411.241943359375,473.48236083984375
22,2.0,284.0,367.4731750488281,439.82269287109375,411.8368835449219,473.6451110839844
23,2.0,284.0,367.5050354003906,439.69171142578125,412.54583740234375,473.5787353515625
24,2.0,284.0,367.5049743652344,441.5340881347656,413.0726623535156,473.54083251953125
25,2.0,284.0,367.3577575683594,442.54571533203125,413.5455322265625,473.63385009765625
26,2.0,284.0,367.2010192871094,444.3570556640625,412.9341125488281,473.3841857910156
27,2.0,284.0,367.58587646484375,444.4715270996094,413.20513916015625,472.7068176269531
28,2.0,284.0,368.6896667480469,444.5641174316406,413.4516296386719,472.0112609863281
29,2.0,284.0,369.182373046875,443.66839599609375,414.0668640136719,472.12701416015625
30,2.0,284.0,369.5342712402344,443.1224060058594,414.57977294921875,471.9269104003906
31,2.0,284.0,369.09466552734375,441.7458801269531,415.4410400390625,472.2529296875
32,2.0,284.0,369.40191650390625,440.8701171875,416.4753723144531,473.11907958984375
33,2.0,284.0,369.9114685058594,441.33343505859375,417.3185119628906,473.96923828125
34,2.0,284.0,369.9374694824219,441.22698974609375,417.5896911621094,475.2030334472656
35,2.0,284.0,370.4764709472656,441.908447265625,417.8150634765625,475.6978454589844
36,2.0,284.0,371.1132507324219,441.61614990234375,418.6737365722656,475.876953125
37,2.0,284.0,371.4627990722656,441.00225830078125,419.0904235839844,475.9106750488281
38,2.0,284.0,371.8722229003906,441.027099609375,420.4378662109375,475.8070983886719
39,2.0,284.0,372.3115539550781,442.2160339355469,422.0063781738281,475.49420166015625
40,2.0,284.0,372.7566833496094,441.7281188964844,422.3515319824219,475.3909912109375
41,2.0,284.0,372.9265441894531,440.7630310058594,423.5672302246094,475.9985656738281
42,2.0,284.0,373.0702209472656,440.0162048339844,424.82373046875,476.56280517578125
43,2.0,284.0,373.16815185546875,439.1200866699219,427.0376892089844,477.037109375
44,2.0,284.0,373.4737548828125,439.1695556640625,428.21966552734375,477.30889892578125
45,2.0,284.0,373.4784240722656,438.81109619140625,429.6159973144531,478.0346984863281
46,2.0,284.0,373.5481262207031,438.7926940917969,430.6441650390625,478.0704040527344
47,2.0,284.0,373.7236022949219,438.0994567871094,431.8971252441406,478.6174621582031
48,2.0,284.0,374.1658935546875,438.4486999511719,432.6979675292969,478.6487121582031
49,2.0,284.0,374.9139709472656,437.53680419921875,434.70391845703125,479.37744140625
50,2.0,284.0,375.63360595703125,436.6275939941406,436.2018737792969,480.5879821777344
51,2.0,284.0,376.1590576171875,436.40435791015625,436.8092041015625,481.30743408203125
52,2.0,284.0,376.63165283203125,436.128662109375,437.7947998046875,481.5804748535156
53,2.0,284.0,376.8719482421875,436.1061096191406,438.2017822265625,481.69549560546875
54,2.0,284.0,377.04541015625,434.7998046875,439.1896057128906,482.1368713378906
55,2.0,284.0,377.945068359375,436.31634521484375,440.3278503417969,482.5082702636719
56,2.0,284.0,378.8900451660156,436.790771484375,440.86865234375,482.4930419921875
57,2.0,284.0,379.5122375488281,435.7040710449219,443.0054931640625,483.2984924316406
58,2.0,284.0,380.3786926269531,435.2815856933594,443.56982421875,484.29754638671875
59,2.0,284.0,380.51800537109375,434.7047119140625,444.560791015625,485.2846984863281
60,2.0,284.0,380.0543518066406,434.8677978515625,446.05426025390625,485.6242370605469
61,2.0,284.0,379.8909606933594,434.3779296875,447.1509704589844,486.6053161621094
62,2.0,284.0,379.34173583984375,433.93115234375,448.5539855957031,487.1568908691406
63,2.0,284.0,380.7236328125,434.0166320800781,453.0521545410156,488.706787109375
64,2.0,284.0,382.0097961425781,433.7692565917969,453.4913330078125,489.6995849609375
65,2.0,284.0,383.53302001953125,433.82623291015625,455.56915283203125,489.88311767578125
66,2.0,284.0,384.4364929199219,433.3321533203125,457.1646728515625,490.00225830078125
67,2.0,284.0,385.3330383300781,432.54876708984375,458.55560302734375,490.069580078125
68,2.0,284.0,386.1595153808594,432.1514892578125,459.5146179199219,490.1151428222656
69,2.0,284.0,386.35406494140625,431.87689208984375,461.1004638671875,490.371337890625
70,2.0,284.0,386.443115234375,430.2301025390625,463.1017761230469,490.475830078125
71,2.0,284.0,386.73309326171875,429.91461181640625,466.0751953125,490.8480529785156
72,2.0,284.0,387.1567077636719,430.8645935058594,468.0801086425781,491.15191650390625
73,2.0,284.0,388.1133728027344,432.544189453125,469.051025390625,492.6667175292969
74,2.0,284.0,389.07061767578125,432.8718566894531,470.7497253417969,494.4700622558594
75,2.0,284.0,389.167236328125,433.25201416015625,470.8590087890625,495.36676025390625
76,2.0,284.0,389.5184631347656,432.7740478515625,473.4635925292969,495.76458740234375
77,2.0,284.0,390.8580322265625,431.654052734375,475.34161376953125,496.86572265625
78,2.0,284.0,392.1048278808594,431.1015625,478.1576843261719,497.68072509765625
79,2.0,284.0,393.44244384765625,431.463623046875,481.0090637207031,498.4844055175781
80,2.0,284.0,395.1043701171875,429.7455139160156,483.68701171875,499.557373046875
81,2.0,284.0,396.7171936035156,429.9765930175781,485.2087097167969,499.82513427734375
82,2.0,284.0,397.9720153808594,429.1852722167969,488.63153076171875,500.61669921875
83,2.0,284.0,398.62176513671875,428.84478759765625,492.3104248046875,500.9067687988281
84,2.0,284.0,399.77490234375,429.947998046875,496.09429931640625,501.1679382324219
85,2.0,284.0,401.6292419433594,430.7716979980469,498.2377014160156,502.0101623535156
86,2.0,284.0,403.8752136230469,431.1462097167969,499.97314453125,502.33056640625
87,2.0,284.0,405.9842529296875,431.5306091308594,502.53729248046875,503.74700927734375
88,2.0,284.0,406.7599182128906,431.29718017578125,505.894287109375,504.6526184082031
89,2.0,284.0,407.217529296875,430.3460998535156,510.64862060546875,506.1924743652344
90,2.0,284.0,408.2999267578125,429.35638427734375,513.8026733398438,507.7122802734375
91,2.0,284.0,408.5494079589844,429.02734375,517.0094604492188,509.61590576171875
92,2.0,284.0,409.41485595703125,429.6200866699219,520.1962280273438,511.316162109375
93,2.0,284.0,409.56732177734375,428.56915283203125,523.5797119140625,513.2695922851562
94,2.0,284.0,410.8282775878906,428.85791015625,528.7500610351562,514.3446655273438
95,2.0,284.0,411.05377197265625,428.1799621582031,532.326904296875,514.8563842773438
96,2.0,284.0,411.8669128417969,427.0872497558594,536.0987548828125,517.2718505859375
97,2.0,284.0,416.3111267089844,426.853271484375,541.2075805664062,520.3922729492188
98,2.0,284.0,420.07073974609375,426.4017028808594,546.7990112304688,522.7333374023438
99,2.0,284.0,421.2231750488281,425.8152160644531,551.4678955078125,523.2200927734375
100,2.0,284.0,423.14959716796875,426.25384521484375,556.777099609375,524.2008666992188
101,2.0,284.0,424.6693115234375,425.8669738769531,561.5703125,525.7330932617188
102,2.0,284.0,429.0615539550781,425.4166259765625,566.8389892578125,527.4658813476562
103,2.0,284.0,431.840576171875,425.2568664550781,572.7334594726562,529.0386962890625
104,2.0,284.0,433.5526123046875,424.80340576171875,576.922607421875,530.7265625
105,2.0,284.0,434.7990417480469,424.83111572265625,584.717041015625,535.3173828125
106,2.0,284.0,437.7927551269531,424.1248779296875,591.1972045898438,537.617919921875
107,2.0,284.0,440.01470947265625,423.9142761230469,598.1906127929688,539.5196533203125
108,2.0,284.0,444.1023254394531,423.8302001953125,605.0590209960938,542.5140380859375
109,2.0,284.0,445.8420715332031,422.84124755859375,612.297119140625,546.3458862304688
110,2.0,284.0,447.31317138671875,422.4343566894531,620.3053588867188,548.0313110351562
111,2.0,284.0,451.23101806640625,421.7945556640625,627.9221801757812,549.8403930664062
112,2.0,284.0,455.219970703125,420.7084045410156,637.1231689453125,551.8018188476562
113,2.0,284.0,457.9160461425781,420.2867736816406,647.9403686523438,555.099853515625
114,2.0,284.0,461.7176818847656,419.6971435546875,657.838134765625,558.52392578125
115,2.0,284.0,465.59967041015625,418.66485595703125,669.226318359375,562.6378173828125
116,2.0,284.0,470.6986389160156,417.8743896484375,681.761474609375,568.282470703125
117,2.0,284.0,474.8174133300781,417.40771484375,693.6012573242188,572.2718505859375
118,2.0,284.0,480.8177490234375,416.6925048828125,706.2013549804688,576.4170532226562
119,2.0,284.0,483.57647705078125,415.3306884765625,719.763427734375,582.7965087890625
120,2.0,284.0,488.92425537109375,414.16192626953125,735.3057250976562,587.437744140625
121,2.0,284.0,494.8463439941406,412.9428405761719,753.161376953125,592.7327270507812
122,2.0,284.0,501.14251708984375,410.7515869140625,770.066162109375,599.0087890625
123,2.0,284.0,507.4031677246094,407.7941589355469,790.2542114257812,607.697265625
124,2.0,284.0,515.1044921875,406.0483093261719,812.6409301757812,615.289306640625
125,2.0,284.0,523.7833251953125,405.5970458984375,836.4075317382812,621.7465209960938
126,2.0,284.0,530.447265625,405.01544189453125,862.2373657226562,630.8206787109375
127,2.0,284.0,538.8666381835938,404.63507080078125,889.7950439453125,638.6397094726562
128,2.0,284.0,549.6452026367188,403.44659423828125,922.6422119140625,652.104736328125
129,2.0,284.0,561.9014282226562,404.40576171875,958.1207885742188,662.5896606445312
130,2.0,284.0,571.5428466796875,405.9473571777344,998.9487915039062,676.1284790039062
131,2.0,284.0,582.6340942382812,402.19049072265625,1043.4849853515625,694.0032958984375
132,2.0,284.0,597.4810180664062,397.2596740722656,1097.90478515625,711.7350463867188
133,2.0,284.0,612.564208984375,392.9460144042969,1158.093017578125,730.3204345703125
134,2.0,284.0,630.3186645507812,391.1818542480469,1226.5784912109375,753.366455078125
135,2.0,284.0,649.1326293945312,391.7916259765625,1309.392822265625,784.0401000976562
136,2.0,284.0,671.9952392578125,388.6646423339844,1406.135986328125,818.81494140625
137,2.0,284.0,697.6049194335938,385.6175231933594,1527.193359375,862.3427734375
138,2.0,284.0,728.9049682617188,379.7137451171875,1673.8868408203125,917.465576171875
139,2.0,284.0,760.2288818359375,372.4869079589844,1839.468505859375,988.080078125
140,2.0,284.0,795.6968994140625,361.953125,1907.8148193359375,1045.7086181640625
141,2.0,284.0,841.1060791015625,354.7742004394531,1920.0,1069.8297119140625
142,2.0,284.0,893.5879516601562,343.7852478027344,1920.0,1080.0
143,2.0,284.0,963.64599609375,330.1306457519531,1920.0,1078.6298828125
144,2.0,284.0,1049.548583984375,309.3861999511719,1920.0,1076.2763671875
145,2.0,284.0,1160.5601806640625,294.1766052246094,1920.0,1078.28173828125
146,2.0,284.0,1310.0498046875,317.1893615722656,1920.0,1080.0
