65,2.0,294.0,576.4879760742188,467.39495849609375,625.3939819335938,500.5223083496094
66,2.0,294.0,576.6500854492188,468.351806640625,626.6202392578125,500.4803466796875
67,2.0,294.0,577.5381469726562,468.2151184082031,626.4522094726562,501.30267333984375
68,2.0,294.0,579.135498046875,468.339599609375,626.4929809570312,501.23248291015625
69,2.0,294.0,578.434326171875,468.7538146972656,626.9832153320312,501.6344299316406
70,2.0,294.0,578.9102783203125,468.133056640625,627.2810668945312,500.62799072265625
71,2.0,294.0,579.5902709960938,467.2281494140625,627.38818359375,500.0732116699219
72,2.0,294.0,579.8475341796875,467.00482177734375,628.1876220703125,500.39849853515625
73,2.0,294.0,579.7665405273438,466.96533203125,629.2392578125,500.942626953125
74,2.0,294.0,580.0567016601562,467.25201416015625,630.593994140625,500.9843444824219
75,2.0,294.0,580.7872314453125,467.1473388671875,631.2847290039062,501.6961364746094
76,2.0,294.0,581.2923583984375,466.4984436035156,632.4613647460938,502.0509948730469
77,2.0,294.0,582.1488037109375,466.3312683105469,632.876953125,502.1866149902344
78,2.0,294.0,582.2852783203125,466.1659240722656,633.6063842773438,502.4875183105469
79,2.0,294.0,582.1387329101562,465.7744140625,634.7598876953125,502.7203674316406
80,2.0,294.0,582.6226806640625,465.949462890625,635.968994140625,502.83477783203125
81,2.0,294.0,583.2742919921875,466.232421875,637.1121215820312,503.4800109863281
82,2.0,294.0,583.4234008789062,467.0543518066406,639.1666259765625,504.1789245605469
83,2.0,294.0,583.91552734375,466.80352783203125,639.1452026367188,504.1227722167969
84,2.0,294.0,585.6942138671875,466.6007995605469,641.9249267578125,503.8699951171875
85,2.0,294.0,587.2955322265625,466.197265625,643.645263671875,503.9409484863281
86,2.0,294.0,589.21923828125,466.0658874511719,645.41162109375,504.1806640625
87,2.0,294.0,590.2593994140625,465.4862976074219,647.4202270507812,504.63433837890625
88,2.0,294.0,590.4720458984375,465.15264892578125,648.94140625,505.0328674316406
89,2.0,294.0,591.4547729492188,463.8228759765625,650.060546875,505.1791076660156
90,2.0,294.0,592.821533203125,461.70611572265625,649.9232177734375,505.3354187011719
91,2.0,294.0,591.9513549804688,461.3805847167969,651.3344116210938,505.833251953125
92,2.0,294.0,591.4737548828125,461.1451110839844,653.1860961914062,506.5910949707031
93,2.0,294.0,591.32861328125,460.49603271484375,654.8945922851562,507.2173156738281
94,2.0,294.0,592.9269409179688,459.8728332519531,656.27197265625,507.6607666015625
95,2.0,294.0,593.1854248046875,460.55645751953125,658.314453125,508.1402587890625
96,2.0,294.0,594.2415161132812,460.22222900390625,660.1724243164062,507.8553466796875
97,2.0,294.0,595.7678833007812,459.27813720703125,661.3350830078125,507.25726318359375
98,2.0,294.0,597.319580078125,458.8044128417969,662.0346069335938,508.4729919433594
99,2.0,294.0,598.171875,458.9129638671875,665.0178833007812,509.8735046386719
100,2.0,294.0,598.579345703125,459.0068054199219,668.4227294921875,510.94775390625
101,2.0,294.0,599.650390625,459.399658203125,671.7708129882812,512.2279663085938
102,2.0,294.0,600.4405517578125,458.9484558105469,674.0894165039062,513.1849365234375
103,2.0,294.0,601.077880859375,457.96258544921875,675.2229614257812,513.2513427734375
104,2.0,294.0,601.8407592773438,457.5152893066406,677.0344848632812,513.506591796875
105,2.0,294.0,602.4364013671875,457.0924987792969,680.3303833007812,514.1774291992188
106,2.0,294.0,603.8473510742188,456.5914001464844,682.7980346679688,514.0570678710938
107,2.0,294.0,605.0149536132812,456.402587890625,683.79443359375,514.327880859375
108,2.0,294.0,605.0514526367188,456.3808898925781,685.87109375,515.018798828125
109,2.0,294.0,606.5999145507812,456.2437438964844,687.5755004882812,516.1759643554688
110,2.0,294.0,607.608642578125,455.5391845703125,691.2125854492188,516.6808471679688
111,2.0,294.0,609.0116577148438,454.807861328125,693.5481567382812,517.5071411132812
112,2.0,294.0,610.28076171875,454.3053283691406,696.4487915039062,518.0387573242188
113,2.0,294.0,611.1044921875,454.0322570800781,699.2073974609375,519.1393432617188
114,2.0,294.0,612.2536010742188,453.3779602050781,701.9158325195312,520.7457885742188
115,2.0,294.0,613.7254028320312,454.04730224609375,706.163818359375,521.766845703125
116,2.0,294.0,616.6646118164062,453.14141845703125,708.8130493164062,522.498291015625
117,2.0,294.0,616.700439453125,453.0821838378906,712.5995483398438,523.476806640625
118,2.0,294.0,618.430419921875,451.78912353515625,716.0006713867188,524.35205078125
119,2.0,294.0,620.868408203125,451.4247131347656,719.9678344726562,525.5442504882812
120,2.0,294.0,622.2893676757812,450.63372802734375,724.539306640625,526.3869018554688
121,2.0,294.0,622.8462524414062,449.0462951660156,728.1896362304688,526.6793823242188
122,2.0,294.0,623.8350830078125,449.479248046875,732.0264892578125,527.4041137695312
123,2.0,294.0,624.6473388671875,448.4363708496094,736.06298828125,528.2872924804688
124,2.0,294.0,628.3079833984375,446.2103576660156,740.0745849609375,529.8323364257812
125,2.0,294.0,630.1013793945312,446.2380065917969,746.0111083984375,531.3440551757812
126,2.0,294.0,634.5233154296875,447.10284423828125,751.1394653320312,532.709228515625
127,2.0,294.0,635.0639038085938,447.7693176269531,756.9331665039062,534.0866088867188
128,2.0,294.0,637.2780151367188,447.6067810058594,762.9422607421875,535.8128051757812
129,2.0,294.0,638.9553833007812,446.4547119140625,768.7838134765625,537.4012451171875
130,2.0,294.0,640.7146606445312,444.9908142089844,774.7484741210938,539.36279296875
131,2.0,294.0,643.6079711914062,444.6926574707031,781.4343872070312,541.7893676757812
132,2.0,294.0,646.460693359375,444.1770324707031,788.4547729492188,544.685791015625
133,2.0,294.0,648.1361694335938,443.86126708984375,795.046142578125,546.2452392578125
134,2.0,294.0,649.0122680664062,442.6940612792969,802.1327514648438,548.4282836914062
135,2.0,294.0,652.0775756835938,442.0679931640625,810.01025390625,549.6439819335938
136,2.0,294.0,656.0056762695312,440.84613037109375,818.8958129882812,551.713623046875
137,2.0,294.0,660.9932861328125,439.2127380371094,829.801513671875,553.8485717773438
138,2.0,294.0,664.1337890625,437.4707336425781,838.5503540039062,556.39208984375
139,2.0,294.0,669.0913696289062,435.7724914550781,848.4549560546875,560.453369140625
140,2.0,294.0,672.55810546875,436.0877990722656,860.274169921875,564.632080078125
141,2.0,294.0,677.249755859375,435.05010986328125,873.0193481445312,568.2771606445312
142,2.0,294.0,682.41015625,433.05755615234375,887.1838989257812,571.6026611328125
143,2.0,294.0,688.7467041015625,432.337158203125,901.9752807617188,575.4570922851562
144,2.0,294.0,693.292236328125,430.4673767089844,917.5044555664062,581.5784301757812
145,2.0,294.0,699.135009765625,427.8958435058594,935.8060302734375,589.3816528320312
146,2.0,294.0,705.3197631835938,426.09564208984375,955.3425903320312,594.4193725585938
147,2.0,294.0,712.58935546875,423.99530029296875,976.8234252929688,600.672119140625
148,2.0,294.0,719.5449829101562,423.1048278808594,1000.0114135742188,609.2501831054688
149,2.0,294.0,729.7106323242188,419.3063659667969,1026.206787109375,616.589111328125
150,2.0,294.0,738.574462890625,416.06536865234375,1056.1385498046875,624.8690185546875
151,2.0,294.0,749.3464965820312,412.7659606933594,1091.7730712890625,634.28173828125
152,2.0,294.0,758.281005859375,408.83685302734375,1129.1275634765625,643.7335815429688
153,2.0,294.0,771.1876831054688,405.8260498046875,1173.7542724609375,655.7766723632812
154,2.0,294.0,786.5174560546875,401.1224365234375,1225.0238037109375,671.9768676757812
155,2.0,294.0,801.7559204101562,395.2055969238281,1286.0845947265625,691.0695190429688
156,2.0,294.0,820.5870361328125,388.2537536621094,1359.818115234375,713.479248046875
157,2.0,294.0,840.5075073242188,377.08575439453125,1448.8082275390625,739.250244140625
158,2.0,294.0,865.1790771484375,366.78704833984375,1555.625,773.2861938476562
159,2.0,294.0,893.2227172851562,356.7732238769531,1694.8675537109375,817.8104858398438
160,2.0,294.0,926.82958984375,342.0959777832031,1844.9632568359375,876.7821655273438
161,2.0,294.0,961.856201171875,324.6573486328125,1907.3402099609375,958.5741577148438
162,2.0,294.0,1010.8646240234375,301.1548156738281,1920.0,1031.6932373046875
163,2.0,294.0,1070.51953125,276.1583557128906,1920.0,1062.409423828125
164,2.0,294.0,1151.325927734375,246.2677459716797,1920.0,1068.4312744140625
165,2.0,294.0,1254.2471923828125,204.90435791015625,1920.0,1064.57568359375
166,2.0,294.0,1407.3284912109375,209.6271514892578,1920.0,1076.038818359375
167,2.0,294.0,1637.2294921875,322.48748779296875,1920.0,1052.969482421875
