4,2.0,269.0,682.6060180664062,444.8680114746094,725.771240234375,473.2103271484375
5,2.0,269.0,683.03173828125,444.71319580078125,726.1163330078125,472.98486328125
6,2.0,269.0,682.8482666015625,444.52093505859375,726.5328369140625,473.1389465332031
7,2.0,269.0,682.9598388671875,444.3231506347656,727.0659790039062,473.2935485839844
8,2.0,269.0,683.0692138671875,444.0578308105469,727.3958129882812,473.8828125
9,2.0,269.0,683.0449829101562,443.6228332519531,727.8466796875,474.1021728515625
10,2.0,269.0,683.0570068359375,443.39691162109375,728.2052001953125,474.09271240234375
11,2.0,269.0,683.2467651367188,442.9523010253906,728.6829223632812,474.3258972167969
12,2.0,269.0,683.2244873046875,442.6803283691406,728.91259765625,474.76123046875
13,2.0,269.0,683.5584716796875,442.144287109375,728.7420043945312,475.1385192871094
14,2.0,269.0,683.7262573242188,441.9497375488281,728.5711059570312,475.31378173828125
15,2.0,269.0,683.962158203125,442.40631103515625,729.2820434570312,474.99798583984375
16,2.0,269.0,684.4661254882812,442.126220703125,729.5882568359375,475.0313720703125
17,2.0,269.0,684.4566040039062,442.12872314453125,730.4290161132812,475.0736999511719
18,2.0,269.0,684.678466796875,442.400634765625,732.6334838867188,474.7021484375
19,2.0,269.0,685.093505859375,441.841064453125,734.2198486328125,474.6059265136719
20,2.0,269.0,685.3870849609375,441.82183837890625,735.8828735351562,474.83233642578125
21,2.0,269.0,685.7213745117188,441.3835754394531,735.9517822265625,475.00616455078125
22,2.0,269.0,686.0324096679688,440.39300537109375,736.6337280273438,475.132080078125
23,2.0,269.0,686.3521118164062,438.9387512207031,738.4361572265625,475.3413391113281
24,2.0,269.0,686.1895141601562,438.5003662109375,739.6602783203125,476.3372802734375
25,2.0,269.0,685.82861328125,438.9403381347656,739.9091186523438,476.875
26,2.0,269.0,686.3258666992188,439.27947998046875,739.9923095703125,477.2426452636719
27,2.0,269.0,687.413330078125,439.662109375,740.9366455078125,477.0625305175781
28,2.0,269.0,687.4356079101562,439.85260009765625,741.710693359375,478.8172607421875
29,2.0,269.0,687.49853515625,439.83905029296875,742.03466796875,479.7601623535156
30,2.0,269.0,687.2244873046875,439.7131042480469,742.2950439453125,480.493408203125
31,2.0,269.0,687.1209106445312,439.9692687988281,742.6746215820312,480.933349609375
32,2.0,269.0,687.7498168945312,440.419677734375,743.2549438476562,481.70538330078125
33,2.0,269.0,688.6701049804688,440.7347412109375,743.7784423828125,481.92803955078125
34,2.0,269.0,689.4556274414062,440.4988708496094,744.3837280273438,481.9095458984375
35,2.0,269.0,689.78662109375,440.1790771484375,745.1538696289062,481.7491149902344
36,2.0,269.0,690.5867919921875,440.10601806640625,746.5538940429688,481.6540222167969
37,2.0,269.0,691.2217407226562,440.1076965332031,747.2750244140625,481.76708984375
38,2.0,269.0,690.939208984375,440.2252502441406,747.5996704101562,482.038330078125
39,2.0,269.0,690.9675903320312,440.222900390625,748.5654907226562,481.8697204589844
40,2.0,269.0,690.6690673828125,440.3344421386719,749.1459350585938,482.1615295410156
41,2.0,269.0,690.676513671875,440.3196716308594,749.896728515625,482.86602783203125
42,2.0,269.0,691.3632202148438,440.8099060058594,750.4840087890625,483.5221862792969
43,2.0,269.0,692.2029418945312,440.8083801269531,750.7713623046875,484.6495361328125
44,2.0,269.0,692.48779296875,441.1540222167969,751.2556762695312,485.261962890625
45,2.0,269.0,692.3151245117188,442.1993408203125,752.1576538085938,486.0520935058594
46,2.0,269.0,692.2647705078125,442.7468566894531,753.6474609375,486.71746826171875
47,2.0,269.0,692.5021362304688,441.47174072265625,754.3047485351562,486.62701416015625
48,2.0,269.0,692.7161865234375,439.5610046386719,754.5616455078125,486.172607421875
49,2.0,269.0,692.8023071289062,440.3910827636719,755.2168579101562,486.0303955078125
50,2.0,269.0,693.657470703125,440.36895751953125,755.5117797851562,486.2098693847656
51,2.0,269.0,694.7322387695312,440.5919494628906,756.7501220703125,486.46075439453125
52,2.0,269.0,695.9329223632812,440.7552490234375,757.8840942382812,487.0218811035156
53,2.0,269.0,696.576416015625,440.8235168457031,758.3346557617188,487.35699462890625
54,2.0,269.0,696.569580078125,440.63946533203125,760.499755859375,487.81121826171875
55,2.0,269.0,697.17236328125,440.33740234375,762.266357421875,487.9951171875
56,2.0,269.0,698.0333251953125,440.4735107421875,765.4146728515625,489.0470275878906
57,2.0,269.0,698.587158203125,439.8641662597656,766.1505126953125,489.6471252441406
58,2.0,269.0,698.9100341796875,440.7142333984375,767.1441650390625,489.7532958984375
59,2.0,269.0,699.1838989257812,441.215087890625,769.162841796875,490.10443115234375
60,2.0,269.0,699.395751953125,441.0810852050781,769.4036254882812,490.0991516113281
61,2.0,269.0,699.4671630859375,439.86376953125,769.8250122070312,490.4513244628906
62,2.0,269.0,700.0238647460938,440.2228088378906,770.3965454101562,490.3996276855469
63,2.0,269.0,700.76953125,440.19970703125,771.0588989257812,490.56512451171875
64,2.0,269.0,700.7950439453125,439.4075012207031,771.6215209960938,490.5790100097656
65,2.0,269.0,700.9152221679688,439.84478759765625,773.0547485351562,490.4631652832031
66,2.0,269.0,701.56103515625,440.009521484375,774.4476928710938,490.3074951171875
67,2.0,269.0,702.0448608398438,439.62200927734375,776.0440673828125,490.4336853027344
68,2.0,269.0,702.5794677734375,439.3915100097656,777.371337890625,490.4720458984375
69,2.0,269.0,702.9261474609375,438.6334228515625,778.5516967773438,490.7718811035156
70,2.0,269.0,702.6224365234375,438.2860107421875,779.8438110351562,491.05963134765625
71,2.0,269.0,702.2238159179688,437.67987060546875,780.8117065429688,491.49200439453125
72,2.0,269.0,702.76904296875,437.3395080566406,782.2738037109375,491.5436706542969
73,2.0,269.0,703.1961059570312,437.15521240234375,783.8907470703125,492.2555847167969
74,2.0,269.0,704.4094848632812,436.8452453613281,784.200927734375,492.6322937011719
75,2.0,269.0,706.2575073242188,435.8807067871094,785.7559204101562,493.1250915527344
76,2.0,269.0,707.1595458984375,435.6285705566406,787.1480712890625,493.818603515625
77,2.0,269.0,707.5763549804688,436.6579284667969,789.3999633789062,493.1210632324219
78,2.0,269.0,708.4395141601562,436.14508056640625,790.7311401367188,492.73760986328125
79,2.0,269.0,710.1742553710938,434.8379821777344,791.7772216796875,494.4403076171875
80,2.0,269.0,711.68359375,434.4685974121094,793.1171264648438,494.9200439453125
81,2.0,269.0,712.1307373046875,434.33172607421875,795.7215576171875,495.7214660644531
82,2.0,269.0,711.9367065429688,433.7114562988281,797.156494140625,496.0232849121094
83,2.0,269.0,712.2008666992188,433.7318420410156,798.6043090820312,496.5598449707031
84,2.0,269.0,712.7642822265625,434.71661376953125,800.6848754882812,498.0046081542969
85,2.0,269.0,713.44775390625,434.7272644042969,803.4402465820312,498.82196044921875
86,2.0,269.0,714.1287841796875,434.5307312011719,804.5114135742188,499.56109619140625
87,2.0,269.0,714.5993041992188,433.4019470214844,805.990234375,499.7983703613281
88,2.0,269.0,715.5499267578125,433.01495361328125,808.264404296875,500.1958312988281
89,2.0,269.0,716.54248046875,433.1777038574219,809.4199829101562,500.2040100097656
90,2.0,269.0,717.0029907226562,433.1595458984375,811.4015502929688,500.1778869628906
91,2.0,269.0,718.5195922851562,433.679443359375,811.9492797851562,500.1054992675781
92,2.0,269.0,719.900634765625,433.7187194824219,813.1566162109375,501.0126953125
93,2.0,269.0,720.5347290039062,433.02874755859375,815.362548828125,500.4394226074219
94,2.0,269.0,721.1058959960938,432.64849853515625,816.8047485351562,501.7603454589844
95,2.0,269.0,721.547119140625,431.9717102050781,819.0241088867188,502.0870361328125
96,2.0,269.0,722.2257690429688,431.63525390625,819.9982299804688,502.083740234375
97,2.0,269.0,722.5477294921875,431.38323974609375,822.0633544921875,502.5962219238281
98,2.0,269.0,723.3739013671875,431.0630798339844,824.2670288085938,502.6827392578125
99,2.0,269.0,724.2138061523438,430.5110168457031,826.11962890625,502.998779296875
100,2.0,269.0,725.7575073242188,429.6863098144531,828.58642578125,503.5028991699219
101,2.0,269.0,727.0328369140625,428.7781677246094,831.9808349609375,504.70318603515625
102,2.0,269.0,728.560546875,428.2230224609375,833.91748046875,505.7947082519531
103,2.0,269.0,728.4950561523438,428.0301208496094,835.9466552734375,505.84967041015625
104,2.0,269.0,730.6304931640625,427.637451171875,837.6083984375,506.5116271972656
105,2.0,269.0,731.9295043945312,427.6494140625,839.6710205078125,507.7418518066406
106,2.0,269.0,733.4343872070312,427.3244934082031,842.66162109375,508.9881896972656
107,2.0,269.0,734.237548828125,426.9185791015625,845.2007446289062,509.6015930175781
108,2.0,269.0,734.4594116210938,426.5907897949219,848.241943359375,511.2934875488281
109,2.0,269.0,735.2359008789062,426.6939392089844,851.5620727539062,512.4158935546875
110,2.0,269.0,735.3732299804688,426.8675231933594,853.696044921875,512.8256225585938
111,2.0,269.0,737.3720703125,427.4413757324219,855.6286010742188,513.6981201171875
112,2.0,269.0,738.7788696289062,427.3041687011719,860.4205322265625,514.71826171875
113,2.0,269.0,739.7844848632812,427.15020751953125,862.7581176757812,515.6986694335938
114,2.0,269.0,741.3770141601562,426.6731262207031,865.0972290039062,516.0519409179688
115,2.0,269.0,743.8148803710938,426.7417297363281,867.76220703125,517.0260620117188
116,2.0,269.0,744.4239501953125,426.689453125,871.0787353515625,518.434814453125
117,2.0,269.0,744.915283203125,426.532470703125,875.3180541992188,519.6213989257812
118,2.0,269.0,746.177490234375,426.38018798828125,878.5062866210938,522.8317260742188
119,2.0,269.0,747.5838623046875,426.53607177734375,880.6283569335938,524.0448608398438
120,2.0,269.0,748.3463134765625,426.4137878417969,884.5867919921875,524.8723754882812
121,2.0,269.0,747.6859741210938,425.1833190917969,888.8973388671875,525.77783203125
122,2.0,269.0,747.836181640625,424.87579345703125,892.3538208007812,526.2430419921875
123,2.0,269.0,750.6424560546875,424.9765319824219,897.3525390625,526.98193359375
124,2.0,269.0,752.8217163085938,424.846435546875,900.775634765625,528.0908203125
125,2.0,269.0,754.0231323242188,424.52911376953125,903.7662353515625,528.8368530273438
126,2.0,269.0,755.026611328125,424.56536865234375,907.4971313476562,529.7496948242188
127,2.0,269.0,756.2488403320312,424.74493408203125,912.8097534179688,531.4828491210938
128,2.0,269.0,756.9063720703125,424.337158203125,917.8983154296875,534.6499633789062
129,2.0,269.0,758.9520263671875,424.6728210449219,922.2158813476562,535.6924438476562
130,2.0,269.0,761.104736328125,423.50494384765625,927.0988159179688,537.5584106445312
131,2.0,269.0,763.9622192382812,421.831787109375,933.3233642578125,538.203125
132,2.0,269.0,766.8717041015625,421.2487487792969,936.9877319335938,539.8735961914062
133,2.0,269.0,767.1952514648438,420.5243835449219,942.6087036132812,541.260009765625
134,2.0,269.0,769.9898071289062,419.0404052734375,948.0225219726562,544.5864868164062
135,2.0,269.0,774.2529296875,418.0517578125,953.757568359375,546.8485107421875
136,2.0,269.0,774.0667114257812,416.99859619140625,958.2691040039062,547.94091796875
137,2.0,269.0,776.3516845703125,415.3740234375,964.78369140625,549.0072631835938
138,2.0,269.0,778.5697021484375,414.36083984375,971.0098876953125,548.5885620117188
139,2.0,269.0,781.5223388671875,414.3076477050781,978.2298583984375,551.1212768554688
140,2.0,269.0,784.9642944335938,414.1058044433594,985.2982177734375,554.8806762695312
141,2.0,269.0,788.0840454101562,413.6541442871094,992.4338989257812,557.1181030273438
142,2.0,269.0,790.4134521484375,413.26275634765625,1000.7122192382812,559.5777587890625
143,2.0,269.0,792.9131469726562,413.9840393066406,1009.6309204101562,562.8446044921875
144,2.0,269.0,795.4473266601562,413.2874450683594,1017.256103515625,564.6388549804688
145,2.0,269.0,797.7736206054688,412.1086120605469,1025.798828125,567.8193359375
146,2.0,269.0,800.469482421875,410.2547912597656,1034.8094482421875,569.5785522460938
147,2.0,269.0,803.6063842773438,409.6385803222656,1044.717529296875,572.2617797851562
148,2.0,269.0,807.30126953125,408.30401611328125,1055.093505859375,578.9763793945312
149,2.0,269.0,810.8692626953125,406.7790832519531,1065.08349609375,583.5759887695312
150,2.0,269.0,814.0776977539062,405.7554931640625,1076.8370361328125,587.2470703125
151,2.0,269.0,817.8772583007812,405.3680114746094,1088.766357421875,590.6494140625
152,2.0,269.0,822.6458740234375,404.7071838378906,1100.8875732421875,593.7246704101562
153,2.0,269.0,826.8753051757812,402.77825927734375,1115.4217529296875,596.1637573242188
154,2.0,269.0,829.6943969726562,402.17791748046875,1128.95361328125,601.0469360351562
155,2.0,269.0,835.6567993164062,400.39801025390625,1145.230224609375,607.1381225585938
156,2.0,269.0,839.929931640625,397.8856201171875,1161.336669921875,612.8584594726562
157,2.0,269.0,844.3941650390625,395.66925048828125,1178.2276611328125,618.6943969726562
158,2.0,269.0,848.618896484375,393.4150390625,1197.232177734375,624.2633056640625
159,2.0,269.0,853.161376953125,393.01849365234375,1217.8292236328125,630.195556640625
160,2.0,269.0,860.7176513671875,392.5944519042969,1238.6431884765625,635.0333862304688
161,2.0,269.0,866.9130859375,389.9879150390625,1263.3570556640625,642.1001586914062
162,2.0,269.0,873.8312377929688,389.0795593261719,1289.4056396484375,651.8096923828125
163,2.0,269.0,883.2808227539062,386.6744079589844,1317.903076171875,659.0469970703125
164,2.0,269.0,891.6978149414062,386.33770751953125,1345.7437744140625,669.4346313476562
165,2.0,269.0,899.0985717773438,383.6860046386719,1378.9388427734375,680.5411376953125
166,2.0,269.0,908.5798950195312,379.52667236328125,1415.2659912109375,691.1239013671875
167,2.0,269.0,918.2444458007812,376.1650085449219,1455.74951171875,703.6007690429688
168,2.0,269.0,927.4207153320312,374.33636474609375,1499.677001953125,719.965576171875
169,2.0,269.0,938.600830078125,369.2052001953125,1549.8001708984375,732.25341796875
170,2.0,269.0,949.4342651367188,363.8921203613281,1603.1954345703125,751.4697875976562
171,2.0,269.0,961.458984375,358.7763671875,1663.5743408203125,774.4561767578125
172,2.0,269.0,976.4033813476562,352.8110046386719,1735.15966796875,797.789794921875
173,2.0,269.0,990.6843872070312,348.9068908691406,1814.450927734375,823.4124145507812
174,2.0,269.0,1006.8173828125,341.6609191894531,1892.537841796875,856.6618041992188
175,2.0,269.0,1025.9647216796875,333.3039855957031,1920.0,893.96484375
176,2.0,269.0,1044.154296875,326.036865234375,1920.0,935.9652709960938
177,2.0,269.0,1064.034912109375,318.2884826660156,1920.0,991.5404052734375
178,2.0,269.0,1088.746337890625,307.6106872558594,1920.0,1047.1185302734375
179,2.0,269.0,1114.199462890625,296.71575927734375,1920.0,1071.4864501953125
180,2.0,269.0,1144.5645751953125,283.9256896972656,1920.0,1080.0
181,2.0,269.0,1181.2823486328125,271.62158203125,1920.0,1075.4613037109375
182,2.0,269.0,1221.3583984375,258.2395935058594,1920.0,1072.4915771484375
183,2.0,269.0,1270.2308349609375,238.037109375,1920.0,1071.2718505859375
184,2.0,269.0,1323.04443359375,214.4034881591797,1920.0,1069.232177734375
185,2.0,269.0,1389.52783203125,212.8376007080078,1920.0,1073.5523681640625
186,2.0,269.0,1469.6729736328125,236.3495330810547,1920.0,1077.001708984375
187,2.0,269.0,1567.591064453125,301.8259582519531,1920.0,1077.6578369140625
188,2.0,269.0,1690.262451171875,398.29510498046875,1920.0,1074.1151123046875
