47,2.0,75.0,251.77923583984375,450.593505859375,303.68878173828125,490.3747863769531
48,2.0,75.0,252.3159637451172,449.7704162597656,304.2318115234375,490.5351867675781
49,2.0,75.0,252.78282165527344,451.1933898925781,305.9742431640625,490.77410888671875
50,2.0,75.0,253.0210723876953,452.8722229003906,306.2423400878906,490.346923828125
51,2.0,75.0,253.72021484375,454.50579833984375,308.4506530761719,490.6427917480469
52,2.0,75.0,254.45773315429688,456.1010437011719,310.01287841796875,490.6476135253906
53,2.0,75.0,255.4391326904297,457.180908203125,312.0832824707031,490.91436767578125
54,2.0,75.0,255.9578094482422,454.9562683105469,314.2315368652344,491.19049072265625
55,2.0,75.0,257.0137939453125,453.003173828125,315.5877380371094,491.53997802734375
56,2.0,75.0,257.1343994140625,452.2289123535156,316.98223876953125,491.9006652832031
57,2.0,75.0,258.2491149902344,450.4653625488281,317.5492248535156,492.00732421875
58,2.0,75.0,259.8373718261719,449.5079650878906,319.7712707519531,492.71331787109375
59,2.0,75.0,260.87384033203125,451.6091613769531,323.2995300292969,493.5274963378906
60,2.0,75.0,261.5159606933594,452.53607177734375,324.1707763671875,493.1658630371094
61,2.0,75.0,262.4581604003906,453.9779968261719,327.51861572265625,493.854248046875
62,2.0,75.0,263.2826843261719,453.26904296875,328.46710205078125,493.76806640625
63,2.0,75.0,264.1773986816406,452.8139343261719,330.5122985839844,494.1492614746094
64,2.0,75.0,265.9400329589844,450.9365539550781,332.1225891113281,495.22125244140625
65,2.0,75.0,265.9757385253906,448.013427734375,332.9118957519531,495.8390808105469
66,2.0,75.0,266.3563232421875,441.9842529296875,335.28985595703125,496.7164611816406
67,2.0,75.0,267.55584716796875,444.33782958984375,338.0360412597656,497.5653381347656
68,2.0,75.0,268.3581237792969,447.6043701171875,340.2315368652344,497.8058776855469
69,2.0,75.0,269.4429626464844,451.461181640625,343.1322937011719,499.1086730957031
70,2.0,75.0,271.0741882324219,453.48382568359375,343.8278503417969,499.86846923828125
71,2.0,75.0,271.8216552734375,451.8939514160156,346.1544189453125,500.27923583984375
72,2.0,75.0,273.0040283203125,454.0598449707031,350.3244934082031,500.1231994628906
73,2.0,75.0,274.75787353515625,447.9682922363281,352.9064025878906,500.754150390625
74,2.0,75.0,276.3802795410156,448.1788024902344,355.5113525390625,501.8014221191406
75,2.0,75.0,277.4448547363281,449.8606262207031,358.8757629394531,503.38861083984375
76,2.0,75.0,278.77166748046875,451.28228759765625,361.71893310546875,504.78924560546875
77,2.0,75.0,279.4014892578125,448.6616516113281,364.646240234375,506.1866455078125
78,2.0,75.0,280.9555358886719,440.5994567871094,368.83392333984375,507.00384521484375
79,2.0,75.0,282.6938171386719,435.77838134765625,373.5917663574219,508.0101013183594
80,2.0,75.0,284.3601379394531,434.1147766113281,379.1634216308594,509.5783386230469
81,2.0,75.0,286.42120361328125,434.12896728515625,380.8562316894531,512.1090698242188
82,2.0,75.0,287.56585693359375,433.7677917480469,384.0904846191406,513.317626953125
83,2.0,75.0,288.9976501464844,433.0499572753906,388.2569580078125,513.8990478515625
84,2.0,75.0,290.8415222167969,433.4544372558594,392.4921875,515.2034301757812
85,2.0,75.0,293.66131591796875,433.5466003417969,397.1536865234375,516.7832641601562
86,2.0,75.0,295.32598876953125,431.87835693359375,401.6061096191406,519.7017822265625
87,2.0,75.0,299.1922912597656,432.67132568359375,406.5614929199219,521.3167114257812
88,2.0,75.0,301.5421447753906,432.5457763671875,411.2497863769531,523.0025024414062
89,2.0,75.0,303.2111511230469,431.5508728027344,417.18536376953125,525.1009521484375
90,2.0,75.0,304.7498474121094,429.256103515625,423.9497985839844,527.0077514648438
91,2.0,75.0,306.8255920410156,429.0009765625,429.7453308105469,528.9860229492188
92,2.0,75.0,310.4769592285156,430.03326416015625,435.9246826171875,531.0234375
93,2.0,75.0,313.2904968261719,429.781982421875,442.5966491699219,533.0769653320312
94,2.0,75.0,315.4744567871094,428.9280700683594,451.0575866699219,535.9057006835938
95,2.0,75.0,318.6495056152344,428.7056884765625,458.5902099609375,538.18408203125
96,2.0,75.0,322.24505615234375,427.51934814453125,466.9002380371094,540.8963012695312
97,2.0,75.0,324.3912658691406,425.2469177246094,477.1661071777344,543.4549560546875
98,2.0,75.0,329.3953857421875,422.2806396484375,487.65594482421875,546.5696411132812
99,2.0,75.0,334.764892578125,422.6905822753906,497.5569152832031,550.1047973632812
100,2.0,75.0,345.5472106933594,423.33380126953125,506.9796447753906,554.28759765625
101,2.0,75.0,349.0465087890625,420.3276672363281,519.0239868164062,560.166748046875
102,2.0,75.0,354.876708984375,419.05059814453125,533.3818969726562,565.3773193359375
103,2.0,75.0,356.62908935546875,417.19378662109375,548.207763671875,569.5022583007812
104,2.0,75.0,360.38232421875,415.7837829589844,564.4520263671875,573.3439331054688
105,2.0,75.0,364.4447021484375,413.91473388671875,581.6624755859375,577.872802734375
106,2.0,75.0,369.9931945800781,413.4336853027344,600.004150390625,585.1467895507812
107,2.0,75.0,379.96368408203125,410.7913818359375,620.814697265625,590.472900390625
108,2.0,75.0,386.69195556640625,409.2118225097656,644.5814208984375,598.1600952148438
109,2.0,75.0,398.2493896484375,406.71258544921875,671.7169189453125,606.5704956054688
110,2.0,75.0,407.0311584472656,401.37335205078125,701.4334716796875,615.79345703125
111,2.0,75.0,417.3485412597656,394.6601257324219,734.558349609375,624.5873413085938
112,2.0,75.0,429.3517761230469,387.70477294921875,773.9367065429688,637.3765869140625
113,2.0,75.0,444.90545654296875,383.7033996582031,818.7883911132812,650.224365234375
114,2.0,75.0,458.6474609375,381.7408752441406,871.1526489257812,664.5017700195312
115,2.0,75.0,475.5404357910156,380.43890380859375,932.4822387695312,683.4098510742188
116,2.0,75.0,498.29132080078125,374.0734558105469,1006.20458984375,706.3259887695312
117,2.0,75.0,522.3064575195312,365.2093505859375,1095.57568359375,734.1138916015625
118,2.0,75.0,550.1067504882812,354.268798828125,1208.600830078125,768.8215942382812
119,2.0,75.0,585.0684204101562,342.4123840332031,1346.9627685546875,812.7846069335938
120,2.0,75.0,630.3630981445312,327.7177429199219,1529.962890625,875.4324340820312
121,2.0,75.0,679.248779296875,311.01214599609375,1774.1275634765625,964.4688110351562
123,2.0,75.0,842.22216796875,252.98963928222656,1920.0,1070.5133056640625
124,2.0,75.0,965.7105712890625,210.6258087158203,1920.0,1072.925537109375
125,2.0,75.0,1144.80029296875,162.07237243652344,1920.0,1078.8895263671875
