48,2.0,57.0,308.8650207519531,463.7828369140625,364.167724609375,506.8348388671875
49,2.0,57.0,308.9612731933594,462.3961486816406,364.2726135253906,506.90386962890625
50,2.0,57.0,308.798095703125,460.77313232421875,363.9517822265625,506.628662109375
51,2.0,57.0,309.0021667480469,459.79339599609375,365.54998779296875,507.501708984375
52,2.0,57.0,309.40679931640625,461.8306579589844,367.1211242675781,508.18994140625
53,2.0,57.0,310.0867004394531,463.27178955078125,368.5373840332031,508.4401550292969
54,2.0,57.0,310.00830078125,461.34466552734375,371.05804443359375,508.54754638671875
55,2.0,57.0,310.3170471191406,459.9249572753906,372.1188659667969,508.1536560058594
56,2.0,57.0,310.88037109375,462.0794982910156,373.7971496582031,508.65472412109375
57,2.0,57.0,311.3389892578125,469.4527282714844,374.7392272949219,509.11627197265625
58,2.0,57.0,311.8899230957031,471.43035888671875,374.9132080078125,509.6604919433594
59,2.0,57.0,311.3647155761719,467.36212158203125,376.0443115234375,510.3069152832031
60,2.0,57.0,311.4993591308594,471.4163513183594,377.2139587402344,510.4489440917969
61,2.0,57.0,311.3872985839844,470.46649169921875,380.2261657714844,511.6845703125
62,2.0,57.0,311.82586669921875,474.8280334472656,382.179931640625,512.0011596679688
63,2.0,57.0,312.8956298828125,475.2958679199219,383.92034912109375,512.2528076171875
64,2.0,57.0,313.406005859375,474.28070068359375,385.74053955078125,511.8262634277344
65,2.0,57.0,313.8850402832031,473.4172668457031,387.7830505371094,512.58935546875
66,2.0,57.0,314.3495788574219,467.0089416503906,388.7601623535156,513.4088134765625
67,2.0,57.0,315.9956970214844,470.57666015625,391.22039794921875,513.9645385742188
68,2.0,57.0,317.04925537109375,464.3639831542969,392.2187194824219,514.3616943359375
71,2.0,57.0,320.5403137207031,459.3511047363281,396.8985595703125,514.5591430664062
72,2.0,57.0,321.907958984375,463.5211181640625,398.4029541015625,514.76318359375
73,2.0,57.0,322.83734130859375,463.8524475097656,399.2572021484375,515.2542114257812
74,2.0,57.0,323.7336120605469,460.5404357910156,400.2748718261719,515.8114624023438
75,2.0,57.0,322.8685607910156,455.4682922363281,402.1663513183594,516.548583984375
76,2.0,57.0,324.78192138671875,466.4894714355469,404.7259826660156,516.7279052734375
77,2.0,57.0,325.8465270996094,470.3074035644531,407.1678161621094,516.547119140625
78,2.0,57.0,326.76934814453125,467.8793640136719,409.4842834472656,517.4820556640625
79,2.0,57.0,327.0061950683594,457.3891296386719,411.2024230957031,518.9185791015625
80,2.0,57.0,329.6195983886719,453.4026184082031,413.1297912597656,520.1729736328125
81,2.0,57.0,329.45550537109375,451.44708251953125,416.192626953125,520.9901123046875
82,2.0,57.0,332.4137268066406,450.2274169921875,419.66180419921875,522.1048583984375
83,2.0,57.0,333.9089660644531,447.73541259765625,422.9126892089844,522.4524536132812
84,2.0,57.0,335.4363708496094,447.84454345703125,424.00225830078125,523.1826171875
85,2.0,57.0,336.1045837402344,447.70391845703125,425.08660888671875,523.8652954101562
86,2.0,57.0,336.14642333984375,448.5685729980469,427.3425598144531,524.3297729492188
87,2.0,57.0,337.688232421875,449.1242980957031,430.86114501953125,524.8231811523438
88,2.0,57.0,338.59942626953125,448.93682861328125,433.95526123046875,525.9695434570312
89,2.0,57.0,339.76129150390625,448.8310546875,436.68475341796875,527.2362060546875
90,2.0,57.0,341.4576416015625,448.1971435546875,439.53851318359375,528.0427856445312
91,2.0,57.0,342.5050964355469,447.2323913574219,443.32049560546875,528.7152709960938
92,2.0,57.0,345.0374450683594,447.67547607421875,447.534912109375,529.75830078125
93,2.0,57.0,346.8886413574219,447.89727783203125,451.0835876464844,530.2484130859375
94,2.0,57.0,348.7795715332031,447.36871337890625,453.38653564453125,531.1463012695312
95,2.0,57.0,349.0065002441406,446.1273498535156,458.1965026855469,534.6304321289062
96,2.0,57.0,351.1172180175781,446.0804138183594,461.22161865234375,536.2572631835938
97,2.0,57.0,351.897705078125,445.9801330566406,465.5924987792969,537.38037109375
98,2.0,57.0,353.0729675292969,445.65179443359375,469.6483154296875,538.24853515625
99,2.0,57.0,355.7085876464844,445.4637451171875,474.4874267578125,538.5974731445312
100,2.0,57.0,357.56103515625,444.20465087890625,477.5329284667969,539.319580078125
101,2.0,57.0,359.0526428222656,443.005615234375,482.77655029296875,540.4767456054688
102,2.0,57.0,360.198486328125,442.00189208984375,487.522705078125,543.0498046875
103,2.0,57.0,361.0055236816406,441.600830078125,492.2688293457031,543.5231323242188
104,2.0,57.0,361.8382568359375,441.3443908691406,496.6556091308594,546.5235595703125
105,2.0,57.0,363.1157531738281,441.2204895019531,501.44647216796875,547.7306518554688
106,2.0,57.0,365.83099365234375,440.25506591796875,506.9862060546875,549.7940673828125
107,2.0,57.0,370.6396179199219,439.596923828125,511.6898193359375,551.2280883789062
108,2.0,57.0,374.3383483886719,439.04193115234375,518.1660766601562,552.9776611328125
109,2.0,57.0,376.9792175292969,438.5765075683594,525.6539916992188,554.2330322265625
110,2.0,57.0,377.9342041015625,436.55474853515625,531.7034301757812,555.916748046875
111,2.0,57.0,382.5538024902344,434.6197814941406,538.2422485351562,559.5514526367188
112,2.0,57.0,386.0733337402344,433.780029296875,547.5081787109375,562.3678588867188
113,2.0,57.0,389.1070861816406,433.300537109375,554.3219604492188,563.831298828125
114,2.0,57.0,390.05865478515625,433.19720458984375,562.6702270507812,567.8977661132812
115,2.0,57.0,396.17767333984375,433.8983154296875,571.898681640625,571.6826171875
116,2.0,57.0,397.53924560546875,433.4015808105469,579.9365844726562,572.7855834960938
117,2.0,57.0,402.34661865234375,432.69000244140625,591.0431518554688,574.6769409179688
118,2.0,57.0,407.33056640625,431.7256164550781,599.7659912109375,578.6720581054688
119,2.0,57.0,410.0501708984375,431.9992370605469,610.4623413085938,582.90771484375
120,2.0,57.0,412.8258972167969,431.255615234375,621.5511474609375,586.6506958007812
121,2.0,57.0,419.11053466796875,429.3948059082031,634.8878784179688,589.2163696289062
122,2.0,57.0,424.86334228515625,427.6018981933594,648.0419311523438,594.3856201171875
123,2.0,57.0,430.53936767578125,425.58984375,662.8419799804688,598.784423828125
124,2.0,57.0,435.58612060546875,423.8280944824219,677.7014770507812,604.1715087890625
125,2.0,57.0,442.2303161621094,422.8970947265625,692.9168701171875,608.4571533203125
126,2.0,57.0,447.623779296875,421.7742614746094,711.3489990234375,612.7816162109375
127,2.0,57.0,453.1780700683594,418.45623779296875,730.26513671875,620.422119140625
128,2.0,57.0,459.3988342285156,414.29608154296875,750.7509765625,624.3157348632812
129,2.0,57.0,466.79376220703125,412.1105041503906,773.6162719726562,631.5464477539062
130,2.0,57.0,475.79071044921875,406.6407470703125,796.9127807617188,639.222900390625
131,2.0,57.0,485.3285217285156,403.0153503417969,824.2932739257812,645.9649658203125
132,2.0,57.0,494.7845153808594,398.4205322265625,853.9668579101562,654.9667358398438
133,2.0,57.0,503.96160888671875,398.2468566894531,887.0750122070312,665.250732421875
134,2.0,57.0,515.655517578125,398.3944396972656,923.6393432617188,675.7849731445312
135,2.0,57.0,528.5684814453125,396.4742126464844,966.64306640625,686.9347534179688
136,2.0,57.0,541.5855712890625,392.712890625,1011.7433471679688,700.370361328125
137,2.0,57.0,556.5960083007812,388.2794189453125,1063.3724365234375,717.85888671875
138,2.0,57.0,573.2719116210938,383.57220458984375,1123.098388671875,735.49951171875
139,2.0,57.0,593.577880859375,377.2406921386719,1193.403564453125,757.5811157226562
140,2.0,57.0,615.0590209960938,368.70745849609375,1272.6773681640625,783.2208862304688
141,2.0,57.0,637.7821044921875,359.63397216796875,1369.8621826171875,812.7129516601562
142,2.0,57.0,665.0809326171875,351.7678527832031,1482.620849609375,849.3222045898438
143,2.0,57.0,697.7403564453125,343.4161376953125,1616.41015625,896.557861328125
144,2.0,57.0,737.0164794921875,332.98468017578125,1779.23779296875,955.8269653320312
145,2.0,57.0,781.1055297851562,320.3699951171875,1883.275146484375,1026.9678955078125
146,2.0,57.0,830.7940063476562,301.30828857421875,1920.0,1067.265625
147,2.0,57.0,895.4862060546875,279.7223205566406,1920.0,1080.0
148,2.0,57.0,975.0896606445312,255.07598876953125,1920.0,1079.924072265625
149,2.0,57.0,1072.0364990234375,225.69129943847656,1920.0,1076.7745361328125
150,2.0,57.0,1198.8524169921875,195.6940460205078,1920.0,1078.784423828125
