2,2.0,39.0,219.3114471435547,574.884033203125,294.1880798339844,622.39453125
3,2.0,39.0,219.4934844970703,573.2667236328125,295.4435729980469,622.1294555664062
4,2.0,39.0,219.9784698486328,567.6246948242188,296.10888671875,622.1023559570312
5,2.0,39.0,220.8670654296875,563.4384765625,296.3429870605469,623.313720703125
6,2.0,39.0,220.5547637939453,562.7471313476562,297.591796875,624.2044677734375
7,2.0,39.0,219.80267333984375,563.385009765625,299.6429138183594,624.440673828125
8,2.0,39.0,218.76968383789062,560.9450073242188,300.3034362792969,624.8307495117188
9,2.0,39.0,219.91278076171875,560.290771484375,301.2092590332031,624.8269653320312
10,2.0,39.0,220.5631103515625,560.3289184570312,301.9964599609375,624.8700561523438
11,2.0,39.0,221.65769958496094,559.6307983398438,302.6043701171875,625.571533203125
12,2.0,39.0,221.9722442626953,560.9035034179688,302.8555908203125,625.535400390625
13,2.0,39.0,222.73997497558594,560.3084716796875,303.14874267578125,626.0117797851562
14,2.0,39.0,223.30494689941406,560.3715209960938,303.7174377441406,626.6688232421875
15,2.0,39.0,223.95423889160156,559.971435546875,304.538818359375,627.182861328125
16,2.0,39.0,223.97190856933594,558.9977416992188,305.1307067871094,627.6486206054688
17,2.0,39.0,223.9671173095703,558.4867553710938,305.5849609375,628.3603515625
18,2.0,39.0,225.05996704101562,557.9827270507812,306.6894226074219,628.4176025390625
19,2.0,39.0,226.1226806640625,557.2950439453125,308.78228759765625,628.1138305664062
20,2.0,39.0,227.5926513671875,559.010009765625,310.9187927246094,627.852294921875
21,2.0,39.0,228.24378967285156,560.085205078125,312.1439208984375,627.933349609375
22,2.0,39.0,228.85140991210938,558.8672485351562,313.20782470703125,628.0506591796875
23,2.0,39.0,229.34046936035156,555.7832641601562,313.337158203125,628.2097778320312
24,2.0,39.0,229.54653930664062,557.43798828125,314.3211364746094,629.6111450195312
25,2.0,39.0,230.266357421875,560.5556030273438,316.3226623535156,630.7693481445312
26,2.0,39.0,230.3325653076172,561.2485961914062,318.22479248046875,631.3704833984375
27,2.0,39.0,230.2139892578125,557.3678588867188,321.6499328613281,631.8822021484375
28,2.0,39.0,230.59732055664062,558.2894897460938,323.030029296875,632.3719482421875
29,2.0,39.0,231.0310516357422,559.5161743164062,323.96881103515625,633.166748046875
30,2.0,39.0,231.46322631835938,557.1488647460938,324.83111572265625,633.8775024414062
31,2.0,39.0,231.5690155029297,557.750244140625,325.4656677246094,634.6012573242188
32,2.0,39.0,231.190185546875,558.7044677734375,326.854736328125,634.5003662109375
33,2.0,39.0,232.27249145507812,558.44677734375,327.6979675292969,634.6652221679688
34,2.0,39.0,233.71116638183594,557.0859985351562,329.390380859375,634.6015014648438
35,2.0,39.0,233.48468017578125,557.0425415039062,329.88714599609375,634.78759765625
36,2.0,39.0,233.5082244873047,556.5112915039062,330.3460693359375,635.047607421875
37,2.0,39.0,233.85076904296875,558.0944213867188,332.5137634277344,635.3889770507812
38,2.0,39.0,234.43972778320312,557.2158813476562,334.03863525390625,636.0767211914062
39,2.0,39.0,235.2653045654297,556.6099243164062,335.78851318359375,637.0553588867188
40,2.0,39.0,234.6891632080078,555.37646484375,338.00567626953125,637.9935913085938
41,2.0,39.0,237.09994506835938,555.8232421875,339.70751953125,638.5006103515625
42,2.0,39.0,238.809326171875,556.2474365234375,340.3915100097656,638.7244873046875
43,2.0,39.0,240.26913452148438,555.9121704101562,341.96734619140625,639.6812133789062
44,2.0,39.0,240.17227172851562,555.9354248046875,343.5221862792969,640.5914306640625
45,2.0,39.0,241.0353546142578,555.6026611328125,345.79180908203125,640.5806884765625
46,2.0,39.0,240.6044158935547,555.2604370117188,346.900390625,640.5468139648438
47,2.0,39.0,240.23165893554688,555.26806640625,348.04510498046875,641.002197265625
48,2.0,39.0,240.87142944335938,554.7677001953125,349.81231689453125,642.2551879882812
49,2.0,39.0,241.5000762939453,553.7600708007812,351.6532287597656,643.0838623046875
50,2.0,39.0,241.4468536376953,553.6049194335938,353.6742858886719,643.8129272460938
51,2.0,39.0,241.78746032714844,553.2930908203125,355.5065002441406,644.7184448242188
52,2.0,39.0,241.94522094726562,553.1558227539062,356.9901123046875,644.7079467773438
53,2.0,39.0,242.43580627441406,553.7456665039062,358.9583740234375,645.3590698242188
54,2.0,39.0,242.9960174560547,553.4520263671875,361.5669860839844,645.891845703125
55,2.0,39.0,242.7249298095703,552.5709228515625,363.6124572753906,646.0828247070312
56,2.0,39.0,244.28579711914062,552.4573974609375,366.2121887207031,646.80029296875
57,2.0,39.0,245.90301513671875,551.8650512695312,367.5663146972656,647.569580078125
58,2.0,39.0,248.2161407470703,550.9677734375,368.8807067871094,648.386474609375
59,2.0,39.0,249.31820678710938,551.1724243164062,371.7222595214844,649.0277099609375
60,2.0,39.0,251.0928955078125,550.0453491210938,374.70953369140625,650.01171875
61,2.0,39.0,252.41114807128906,549.4751586914062,377.25665283203125,650.5693359375
62,2.0,39.0,253.029541015625,548.0621948242188,378.3341979980469,652.1959838867188
63,2.0,39.0,253.52357482910156,547.5317993164062,381.3303527832031,654.0874633789062
64,2.0,39.0,253.97982788085938,546.3823852539062,383.5057678222656,654.8643798828125
65,2.0,39.0,254.91004943847656,546.7802124023438,387.4777526855469,656.8771362304688
66,2.0,39.0,254.79225158691406,547.5149536132812,389.700927734375,657.692138671875
67,2.0,39.0,257.8378601074219,547.5376586914062,392.3778991699219,658.3638916015625
68,2.0,39.0,260.1974182128906,547.6900024414062,395.79815673828125,658.9962158203125
69,2.0,39.0,263.06732177734375,547.5555419921875,398.84686279296875,659.748779296875
70,2.0,39.0,262.281494140625,547.1893920898438,402.0025329589844,660.433349609375
71,2.0,39.0,260.8446350097656,546.3952026367188,403.6346130371094,660.7862548828125
72,2.0,39.0,261.2803039550781,546.6859741210938,406.6994934082031,662.3984375
73,2.0,39.0,263.0767822265625,545.6304931640625,411.1482238769531,664.2041015625
74,2.0,39.0,263.7112121582031,545.4310913085938,413.8331298828125,666.2572021484375
75,2.0,39.0,263.90203857421875,545.81298828125,417.521484375,667.9747924804688
76,2.0,39.0,263.80194091796875,545.8140258789062,421.1510925292969,670.0575561523438
77,2.0,39.0,264.2894287109375,546.1537475585938,424.3239440917969,671.4708251953125
78,2.0,39.0,264.06976318359375,546.725830078125,428.64849853515625,671.708740234375
79,2.0,39.0,267.1167907714844,545.68212890625,432.0298767089844,672.4736938476562
80,2.0,39.0,270.0106201171875,545.2691040039062,435.5683288574219,673.2036743164062
81,2.0,39.0,273.3957824707031,545.0662841796875,438.4652099609375,675.1425170898438
82,2.0,39.0,277.0296936035156,545.2974853515625,441.94378662109375,677.4276123046875
83,2.0,39.0,278.2339172363281,544.0346069335938,446.0911865234375,678.6425170898438
84,2.0,39.0,281.967529296875,543.2932739257812,452.0234069824219,680.5900268554688
85,2.0,39.0,281.9499206542969,542.4296875,454.7997131347656,681.6231689453125
86,2.0,39.0,284.2530212402344,541.0718383789062,460.7824401855469,682.0121459960938
87,2.0,39.0,289.86553955078125,542.2711181640625,465.9279479980469,684.114990234375
89,2.0,39.0,290.50616455078125,541.0448608398438,476.7880554199219,688.3667602539062
90,2.0,39.0,291.4703063964844,540.6046142578125,482.1646728515625,690.906982421875
91,2.0,39.0,290.8617858886719,539.075927734375,486.998046875,691.9609985351562
92,2.0,39.0,290.7172546386719,538.3060302734375,492.2291259765625,692.7060546875
93,2.0,39.0,293.1188659667969,534.7060546875,498.34588623046875,694.1148681640625
94,2.0,39.0,296.5410461425781,533.1900024414062,502.8982849121094,696.640380859375
95,2.0,39.0,298.8192138671875,533.7109985351562,509.6708984375,699.2972412109375
96,2.0,39.0,299.5880126953125,534.3833618164062,516.8174438476562,700.875244140625
97,2.0,39.0,300.8466796875,534.4671020507812,521.9474487304688,703.0597534179688
98,2.0,39.0,303.8504333496094,533.1791381835938,530.02880859375,707.052734375
99,2.0,39.0,307.54974365234375,531.6416015625,538.37451171875,710.1224365234375
100,2.0,39.0,309.995849609375,530.3312377929688,545.263916015625,712.4066772460938
101,2.0,39.0,312.2656555175781,529.9051513671875,553.1215209960938,714.7044067382812
102,2.0,39.0,314.6261291503906,529.0313720703125,561.5657958984375,716.750244140625
103,2.0,39.0,317.6540222167969,529.6370849609375,570.1603393554688,719.8755493164062
104,2.0,39.0,320.80682373046875,528.710693359375,579.1154174804688,723.1213989257812
105,2.0,39.0,323.7466125488281,526.084228515625,588.1272583007812,725.2582397460938
106,2.0,39.0,328.9576416015625,522.8701171875,596.458984375,727.5254516601562
107,2.0,39.0,333.6849670410156,522.873291015625,606.631103515625,730.7257690429688
108,2.0,39.0,338.2257080078125,521.7841796875,618.2798461914062,734.8565063476562
109,2.0,39.0,340.15277099609375,519.721923828125,628.7892456054688,739.045166015625
110,2.0,39.0,342.776611328125,518.2400512695312,640.04248046875,742.1087036132812
111,2.0,39.0,347.6423645019531,516.5225219726562,651.6076049804688,746.4804077148438
112,2.0,39.0,348.1061706542969,516.8219604492188,664.5630493164062,750.74853515625
113,2.0,39.0,352.37744140625,515.717529296875,678.8795166015625,754.3981323242188
114,2.0,39.0,357.8194885253906,514.998291015625,692.8488159179688,760.1152954101562
115,2.0,39.0,362.10833740234375,514.3250732421875,706.718017578125,764.2233276367188
116,2.0,39.0,366.8890075683594,513.791748046875,721.9041748046875,771.4212036132812
117,2.0,39.0,369.8522644042969,512.4666748046875,738.4652709960938,777.1375732421875
118,2.0,39.0,377.283203125,511.10906982421875,756.261474609375,783.482177734375
119,2.0,39.0,382.1208190917969,509.4661865234375,775.0123291015625,789.513671875
120,2.0,39.0,387.2463073730469,508.6491394042969,794.9675903320312,795.3607177734375
121,2.0,39.0,392.03045654296875,505.5000915527344,815.7349853515625,800.7088012695312
122,2.0,39.0,397.73785400390625,502.9739685058594,837.1384887695312,808.9542236328125
123,2.0,39.0,405.2304382324219,502.8636169433594,861.3107299804688,817.1779174804688
124,2.0,39.0,412.3303527832031,501.84027099609375,886.8695678710938,824.6992797851562
125,2.0,39.0,419.3680114746094,500.0539245605469,913.8374633789062,832.2940673828125
126,2.0,39.0,428.5005798339844,498.21771240234375,943.0535888671875,842.867431640625
127,2.0,39.0,436.5096435546875,495.38165283203125,975.1071166992188,855.0532836914062
128,2.0,39.0,445.104736328125,493.212890625,1008.5538330078125,869.01171875
129,2.0,39.0,452.45458984375,490.6173095703125,1045.10498046875,879.4739990234375
130,2.0,39.0,462.8238220214844,487.6936340332031,1085.9854736328125,894.3721313476562
131,2.0,39.0,473.7789306640625,484.593017578125,1129.286865234375,909.8389892578125
132,2.0,39.0,484.3611145019531,481.5180969238281,1177.2080078125,925.9757690429688
133,2.0,39.0,495.8701477050781,477.6243896484375,1229.883056640625,945.7023315429688
134,2.0,39.0,510.4828796386719,473.97979736328125,1285.472412109375,967.8950805664062
135,2.0,39.0,524.039794921875,467.7336730957031,1348.849853515625,990.4151611328125
136,2.0,39.0,536.5565185546875,463.0389099121094,1419.1956787109375,1016.024169921875
137,2.0,39.0,554.5386962890625,457.70001220703125,1499.21533203125,1043.12744140625
138,2.0,39.0,570.852783203125,452.34613037109375,1586.5494384765625,1065.839599609375
139,2.0,39.0,589.1094360351562,446.2558288574219,1686.9256591796875,1073.3165283203125
140,2.0,39.0,604.9738159179688,439.5806579589844,1792.9371337890625,1077.6297607421875
141,2.0,39.0,629.183837890625,434.07354736328125,1890.5811767578125,1078.7188720703125
142,2.0,39.0,656.943359375,421.5374450683594,1920.0,1077.6937255859375
144,2.0,39.0,725.5398559570312,395.6120910644531,1920.0,1080.0
145,2.0,39.0,762.1986694335938,382.1526184082031,1920.0,1078.203369140625
146,2.0,39.0,804.2913818359375,365.4656677246094,1920.0,1075.22607421875
147,2.0,39.0,851.5029296875,344.7960510253906,1920.0,1073.6082763671875
148,2.0,39.0,906.5538940429688,323.78704833984375,1920.0,1071.7889404296875
149,2.0,39.0,965.6244506835938,296.99176025390625,1920.0,1072.3331298828125
150,2.0,39.0,1036.9686279296875,267.036865234375,1920.0,1071.8104248046875
151,2.0,39.0,1119.4359130859375,254.199951171875,1920.0,1071.2705078125
152,2.0,39.0,1214.2125244140625,251.3618927001953,1920.0,1072.849365234375
155,2.0,39.0,1611.8955078125,323.634033203125,1920.0,1072.6656494140625
