8,2.0,64.0,243.77073669433594,506.6716613769531,284.0596008300781,536.8787841796875
9,2.0,64.0,243.8551483154297,507.2738037109375,284.9637451171875,537.7020263671875
10,2.0,64.0,244.08419799804688,507.8626708984375,285.2923278808594,538.385498046875
11,2.0,64.0,244.51119995117188,507.3297119140625,286.3538818359375,538.4996948242188
12,2.0,64.0,244.6804962158203,506.8460998535156,286.1583557128906,538.5156860351562
13,2.0,64.0,244.57093811035156,506.9517517089844,287.5648498535156,538.7593994140625
14,2.0,64.0,244.69903564453125,506.8899841308594,288.6793212890625,538.9638671875
15,2.0,64.0,244.8583221435547,507.2785949707031,289.8259582519531,539.0906372070312
16,2.0,64.0,244.99322509765625,507.22796630859375,290.148193359375,539.1436767578125
17,2.0,64.0,244.9378662109375,507.4181213378906,291.3232727050781,539.2108154296875
18,2.0,64.0,244.84402465820312,507.1341247558594,292.07855224609375,539.3945922851562
19,2.0,64.0,245.34364318847656,507.4769287109375,293.3888244628906,539.6111450195312
20,2.0,64.0,246.16123962402344,507.51043701171875,293.7076110839844,539.631103515625
21,2.0,64.0,246.51576232910156,507.9835205078125,293.8539733886719,539.79345703125
22,2.0,64.0,247.1907501220703,508.3788146972656,294.1438293457031,539.8062744140625
23,2.0,64.0,247.275390625,508.4073181152344,294.57269287109375,539.5936889648438
24,2.0,64.0,247.28604125976562,507.6664123535156,294.685791015625,539.5345458984375
25,2.0,64.0,247.6559600830078,507.35760498046875,294.7020263671875,539.2924194335938
26,2.0,64.0,248.0267333984375,506.58502197265625,294.8172607421875,539.3356323242188
27,2.0,64.0,247.1199188232422,506.24530029296875,295.6754150390625,539.958740234375
28,2.0,64.0,247.267333984375,506.6910400390625,297.0721130371094,541.2228393554688
29,2.0,64.0,247.73031616210938,506.1872253417969,297.59466552734375,541.6082153320312
30,2.0,64.0,248.74183654785156,505.8211364746094,298.69744873046875,542.3006591796875
31,2.0,64.0,248.84425354003906,504.31512451171875,300.3582763671875,542.3175659179688
32,2.0,64.0,249.36477661132812,504.3669738769531,300.9599609375,542.5761108398438
33,2.0,64.0,250.19850158691406,504.7773742675781,301.7234802246094,542.5631713867188
34,2.0,64.0,250.3704833984375,505.3412170410156,303.2277526855469,542.7620849609375
35,2.0,64.0,251.60098266601562,505.43243408203125,303.9189758300781,542.7658081054688
36,2.0,64.0,252.75379943847656,506.31781005859375,304.06768798828125,542.6178588867188
37,2.0,64.0,253.54153442382812,506.9337463378906,305.8609313964844,543.2234497070312
38,2.0,64.0,253.5894775390625,506.5513916015625,307.2652282714844,544.1524047851562
39,2.0,64.0,253.53465270996094,507.07537841796875,308.40350341796875,544.94482421875
40,2.0,64.0,253.3675079345703,507.9459533691406,309.8701477050781,545.77294921875
41,2.0,64.0,253.95257568359375,506.4900207519531,312.2457275390625,545.8861083984375
42,2.0,64.0,254.97787475585938,506.1773681640625,312.9522399902344,545.7328491210938
43,2.0,64.0,255.0953369140625,506.226806640625,314.6277770996094,545.628662109375
44,2.0,64.0,254.7314910888672,505.3644714355469,315.22882080078125,546.226806640625
45,2.0,64.0,254.38494873046875,505.0813903808594,316.80072021484375,547.366455078125
46,2.0,64.0,256.50927734375,502.00537109375,318.00213623046875,547.0794067382812
47,2.0,64.0,256.50372314453125,501.1835632324219,319.2787780761719,547.7467651367188
48,2.0,64.0,257.4668884277344,500.5342102050781,320.4890441894531,548.2686767578125
49,2.0,64.0,257.5087890625,499.77655029296875,323.0897521972656,548.6497192382812
50,2.0,64.0,258.80267333984375,498.9913635253906,324.6247863769531,548.8531494140625
51,2.0,64.0,259.59991455078125,498.66143798828125,325.6167297363281,548.7330322265625
52,2.0,64.0,260.1274108886719,498.4403076171875,327.3182067871094,549.1849365234375
53,2.0,64.0,261.1163635253906,496.9633483886719,328.7177734375,549.7280883789062
54,2.0,64.0,262.88104248046875,498.6281433105469,330.2591552734375,550.3045043945312
55,2.0,64.0,262.9288330078125,497.7629699707031,331.4413757324219,550.8790893554688
56,2.0,64.0,264.2531433105469,496.530517578125,332.97674560546875,550.9893798828125
57,2.0,64.0,264.2145080566406,496.2828674316406,333.45184326171875,550.9345092773438
58,2.0,64.0,264.37493896484375,497.1876525878906,334.00396728515625,551.4435424804688
59,2.0,64.0,264.1289978027344,496.4968566894531,336.065673828125,552.4219970703125
60,2.0,64.0,264.8155822753906,494.2680969238281,337.22076416015625,553.17626953125
61,2.0,64.0,265.5779113769531,493.38726806640625,339.5902404785156,553.8179931640625
62,2.0,64.0,266.5437927246094,495.73602294921875,341.9663391113281,553.7723999023438
63,2.0,64.0,267.13287353515625,494.3064880371094,345.0089416503906,553.7207641601562
64,2.0,64.0,267.67822265625,493.8738708496094,347.9805908203125,554.6447143554688
65,2.0,64.0,269.18572998046875,493.90069580078125,350.25152587890625,556.2011108398438
66,2.0,64.0,270.37872314453125,492.4024963378906,351.8059387207031,556.8897094726562
67,2.0,64.0,270.96673583984375,490.9096374511719,354.3119812011719,557.406494140625
68,2.0,64.0,272.92926025390625,489.5177001953125,357.48126220703125,558.0883178710938
69,2.0,64.0,274.99749755859375,489.2648010253906,358.8734130859375,559.87060546875
70,2.0,64.0,275.2760009765625,489.31353759765625,362.5251770019531,560.9949951171875
71,2.0,64.0,277.6866760253906,488.45831298828125,363.5032043457031,561.2393798828125
72,2.0,64.0,277.8817138671875,488.65924072265625,366.7442932128906,561.67578125
73,2.0,64.0,278.6332092285156,488.702880859375,369.6757507324219,563.1539306640625
74,2.0,64.0,279.72174072265625,489.0642395019531,373.0113220214844,563.8729248046875
75,2.0,64.0,280.548828125,488.2019348144531,375.2757873535156,564.9304809570312
76,2.0,64.0,281.51934814453125,488.2453308105469,377.4992370605469,566.330810546875
77,2.0,64.0,282.1916198730469,488.70556640625,380.7906799316406,566.891845703125
78,2.0,64.0,283.89892578125,489.21734619140625,383.9723815917969,568.7747802734375
79,2.0,64.0,286.9881591796875,489.6270751953125,386.97906494140625,569.5518798828125
80,2.0,64.0,288.1470947265625,489.2614440917969,390.6481628417969,570.2119140625
81,2.0,64.0,289.4168701171875,488.3078308105469,394.6063232421875,572.6494750976562
82,2.0,64.0,292.01953125,488.1589660644531,398.4688720703125,573.9210205078125
83,2.0,64.0,293.97119140625,486.52264404296875,403.45648193359375,574.7066650390625
84,2.0,64.0,296.11590576171875,485.1447448730469,406.2095031738281,575.6488647460938
85,2.0,64.0,297.2713623046875,484.76104736328125,410.64990234375,576.368896484375
86,2.0,64.0,299.790771484375,484.84600830078125,415.86029052734375,577.3167114257812
87,2.0,64.0,300.88226318359375,484.9752197265625,421.1787109375,578.5196533203125
88,2.0,64.0,301.5032043457031,484.5225830078125,426.21051025390625,581.1007080078125
89,2.0,64.0,303.4295349121094,482.5012512207031,430.5202331542969,583.0460205078125
90,2.0,64.0,306.077880859375,481.30413818359375,436.42950439453125,584.7171630859375
91,2.0,64.0,308.76934814453125,480.0743408203125,442.64263916015625,586.1310424804688
92,2.0,64.0,311.4610900878906,480.5994873046875,451.60980224609375,587.0164794921875
93,2.0,64.0,313.5618591308594,480.18548583984375,457.1238708496094,590.1485595703125
94,2.0,64.0,314.8274841308594,479.9794921875,463.47869873046875,593.0534057617188
95,2.0,64.0,317.16455078125,479.6897277832031,471.22271728515625,595.1505126953125
96,2.0,64.0,321.759765625,478.6108703613281,480.4203796386719,596.8972778320312
97,2.0,64.0,325.08013916015625,478.11236572265625,488.5975036621094,599.0289916992188
98,2.0,64.0,328.91754150390625,476.9035949707031,495.5326232910156,600.6824340820312
99,2.0,64.0,333.7599182128906,475.1114196777344,504.8434143066406,604.1483154296875
100,2.0,64.0,337.51055908203125,473.6437683105469,514.0997924804688,607.4699096679688
104,2.0,64.0,350.5030212402344,453.4242858886719,561.6146240234375,619.4710083007812
105,2.0,64.0,357.58197021484375,459.0603942871094,576.9182739257812,622.5827026367188
106,2.0,64.0,364.0552978515625,458.05511474609375,590.8997192382812,627.6298217773438
107,2.0,64.0,370.4255676269531,457.1528015136719,608.9425659179688,632.8477172851562
108,2.0,64.0,375.643310546875,457.03045654296875,625.8762817382812,637.3785400390625
109,2.0,64.0,382.47808837890625,456.05029296875,645.2850341796875,641.486083984375
110,2.0,64.0,390.3315124511719,454.0523376464844,667.129150390625,648.5360107421875
111,2.0,64.0,399.511474609375,451.1219177246094,691.6783447265625,655.0513305664062
112,2.0,64.0,407.4112548828125,448.021484375,718.3526000976562,663.4099731445312
113,2.0,64.0,416.3756103515625,444.7906188964844,746.8378295898438,671.7392578125
114,2.0,64.0,427.3070983886719,439.7836608886719,780.0703125,681.9354858398438
115,2.0,64.0,438.2648620605469,435.5636901855469,817.8245849609375,692.708251953125
116,2.0,64.0,451.5801086425781,433.0455017089844,859.6576538085938,706.2603759765625
117,2.0,64.0,466.54132080078125,428.0527648925781,908.0846557617188,719.6429443359375
118,2.0,64.0,480.7033386230469,421.9962463378906,961.698486328125,738.22412109375
119,2.0,64.0,500.2481384277344,413.0858459472656,1026.7628173828125,760.0576171875
120,2.0,64.0,519.9950561523438,405.6773681640625,1101.718994140625,781.248779296875
121,2.0,64.0,543.8901977539062,398.9438171386719,1192.5162353515625,807.5526733398438
122,2.0,64.0,569.3635864257812,389.86810302734375,1299.51904296875,842.438232421875
123,2.0,64.0,600.6182861328125,378.4588623046875,1430.253173828125,883.4816284179688
124,2.0,64.0,640.8560180664062,366.6160583496094,1595.9443359375,934.7544555664062
125,2.0,64.0,683.9354858398438,348.08868408203125,1807.230224609375,1002.9487915039062
126,2.0,64.0,737.6937866210938,327.05859375,1896.877685546875,1052.6185302734375
127,2.0,64.0,808.1793212890625,297.49798583984375,1920.0,1070.198974609375
128,2.0,64.0,896.0286254882812,256.7196350097656,1920.0,1068.031005859375
129,2.0,64.0,1010.7742919921875,203.2447052001953,1920.0,1071.285888671875
130,2.0,64.0,1164.979248046875,155.97796630859375,1920.0,1076.5283203125
131,2.0,64.0,1383.591064453125,148.7416534423828,1920.0,1079.0172119140625
