57,2.0,70.0,248.12994384765625,446.7516784667969,292.5257873535156,483.37237548828125
58,2.0,70.0,248.5609588623047,447.1521301269531,293.0387878417969,483.6645812988281
59,2.0,70.0,248.58609008789062,447.6797790527344,294.2068176269531,483.81414794921875
60,2.0,70.0,247.81614685058594,446.9996032714844,295.3794860839844,484.5089416503906
61,2.0,70.0,247.86990356445312,448.467041015625,296.024658203125,485.562255859375
62,2.0,70.0,247.84584045410156,448.2718811035156,297.9694519042969,485.8000183105469
63,2.0,70.0,248.32662963867188,447.2835693359375,299.365234375,485.70452880859375
64,2.0,70.0,248.85438537597656,447.908447265625,300.1224060058594,486.0224914550781
65,2.0,70.0,249.7614288330078,447.8441162109375,302.1421203613281,486.168701171875
66,2.0,70.0,250.643798828125,449.1274108886719,304.1071472167969,486.5531921386719
67,2.0,70.0,251.20362854003906,450.3106384277344,304.46185302734375,486.42474365234375
68,2.0,70.0,251.00355529785156,451.7247314453125,305.3623962402344,486.9023742675781
69,2.0,70.0,251.26303100585938,451.1176452636719,305.5118103027344,486.6268310546875
70,2.0,70.0,251.75637817382812,451.04437255859375,306.2205810546875,486.67486572265625
71,2.0,70.0,252.27244567871094,450.65911865234375,306.9368591308594,486.76153564453125
72,2.0,70.0,252.89280700683594,450.5531311035156,308.1274108886719,487.5657958984375
73,2.0,70.0,253.42662048339844,450.45416259765625,310.3114929199219,487.73968505859375
74,2.0,70.0,253.97071838378906,450.7652282714844,310.5164489746094,488.6964416503906
75,2.0,70.0,254.3978729248047,449.7986145019531,312.407958984375,489.4271545410156
76,2.0,70.0,256.15032958984375,447.8364562988281,315.2944641113281,489.6161804199219
77,2.0,70.0,256.590576171875,447.71563720703125,316.06884765625,489.8802795410156
78,2.0,70.0,256.9842224121094,448.1658935546875,317.503662109375,490.50677490234375
79,2.0,70.0,257.5683288574219,449.5823669433594,318.7726745605469,491.0110778808594
80,2.0,70.0,259.1429748535156,449.95062255859375,319.8971252441406,491.0230712890625
81,2.0,70.0,259.2785339355469,449.1708984375,322.8106689453125,491.0228271484375
82,2.0,70.0,259.31158447265625,448.5491943359375,323.58709716796875,490.9867248535156
83,2.0,70.0,259.9774169921875,448.49847412109375,326.095947265625,491.1021423339844
84,2.0,70.0,260.8686218261719,448.5602111816406,326.28192138671875,491.54547119140625
85,2.0,70.0,262.1047058105469,448.4155578613281,329.44964599609375,491.63958740234375
86,2.0,70.0,263.1388244628906,446.7944030761719,331.1256408691406,492.0783386230469
87,2.0,70.0,263.6444396972656,448.61376953125,332.7123718261719,492.40142822265625
88,2.0,70.0,264.0411682128906,448.6105651855469,334.8752136230469,492.701416015625
89,2.0,70.0,265.02630615234375,445.37335205078125,337.61370849609375,493.0611572265625
90,2.0,70.0,266.6807861328125,447.9722900390625,339.8415832519531,493.5814208984375
91,2.0,70.0,267.5648193359375,446.97137451171875,342.35052490234375,495.66070556640625
92,2.0,70.0,268.6796875,446.8025207519531,344.2742614746094,497.3447265625
93,2.0,70.0,271.1015930175781,445.5619812011719,345.8542785644531,498.5456237792969
94,2.0,70.0,272.1819152832031,448.01470947265625,348.0754699707031,498.6353759765625
95,2.0,70.0,273.0260009765625,445.44171142578125,351.66302490234375,498.95660400390625
96,2.0,70.0,274.30914306640625,442.8807067871094,353.802978515625,499.8695983886719
97,2.0,70.0,275.93218994140625,440.0323181152344,355.40911865234375,500.5111999511719
98,2.0,70.0,276.9825134277344,440.987548828125,357.7396545410156,501.02386474609375
99,2.0,70.0,277.5882263183594,440.4109191894531,360.095703125,501.2566223144531
100,2.0,70.0,277.8689270019531,440.5848693847656,363.8763732910156,501.836669921875
101,2.0,70.0,278.5768127441406,438.35601806640625,366.6324157714844,503.347412109375
102,2.0,70.0,280.01025390625,435.4334716796875,370.32965087890625,503.82904052734375
103,2.0,70.0,282.2492370605469,434.2886047363281,373.2596740722656,505.02825927734375
104,2.0,70.0,284.5115966796875,434.94122314453125,376.3818664550781,506.9821472167969
105,2.0,70.0,286.60955810546875,434.7967529296875,378.5098571777344,508.8198547363281
106,2.0,70.0,287.5792236328125,434.6751403808594,382.03704833984375,511.1755676269531
107,2.0,70.0,288.2122497558594,435.1600036621094,386.7628173828125,512.8298950195312
108,2.0,70.0,289.4063415527344,433.8785400390625,389.3193054199219,513.5867919921875
109,2.0,70.0,290.7016906738281,432.9261474609375,393.60333251953125,513.6301879882812
110,2.0,70.0,293.1405944824219,430.5746154785156,398.25921630859375,514.8736572265625
111,2.0,70.0,294.8775329589844,429.2200622558594,403.4473876953125,515.8651123046875
112,2.0,70.0,298.4072265625,430.6481628417969,408.1375427246094,517.9747314453125
113,2.0,70.0,299.9491271972656,430.862060546875,411.4795837402344,520.702392578125
114,2.0,70.0,302.3239440917969,430.1401062011719,416.424072265625,523.0655517578125
115,2.0,70.0,303.62176513671875,429.59637451171875,422.20111083984375,524.2068481445312
116,2.0,70.0,305.16326904296875,429.52630615234375,428.38323974609375,526.7655029296875
117,2.0,70.0,307.4510498046875,429.8669128417969,432.90655517578125,527.7212524414062
118,2.0,70.0,310.294677734375,429.0619812011719,438.96307373046875,528.5964965820312
119,2.0,70.0,312.47100830078125,427.4066162109375,445.27789306640625,531.1444702148438
120,2.0,70.0,314.7280578613281,427.1217956542969,451.9960021972656,534.0924682617188
121,2.0,70.0,316.3421325683594,427.2257385253906,458.6315612792969,536.298095703125
122,2.0,70.0,324.60870361328125,426.33447265625,466.5185241699219,538.1358032226562
123,2.0,70.0,324.07366943359375,424.68914794921875,476.86236572265625,539.9281005859375
124,2.0,70.0,328.4286193847656,423.541259765625,486.0587158203125,542.9160766601562
125,2.0,70.0,335.44781494140625,422.80413818359375,494.6186218261719,546.5145263671875
126,2.0,70.0,337.3042297363281,421.79345703125,503.1489562988281,549.9069213867188
127,2.0,70.0,344.88250732421875,421.6651611328125,513.6976318359375,553.0689086914062
128,2.0,70.0,347.9781799316406,419.71417236328125,525.9003295898438,557.6365966796875
129,2.0,70.0,353.6552429199219,419.07501220703125,538.9622802734375,561.5656127929688
130,2.0,70.0,358.5887145996094,417.7939453125,552.1324462890625,564.8750610351562
131,2.0,70.0,361.8046569824219,416.62396240234375,567.6697387695312,569.8409423828125
132,2.0,70.0,368.01092529296875,415.0767517089844,584.0408325195312,573.8919677734375
133,2.0,70.0,373.1296691894531,414.0191345214844,599.3624877929688,578.618896484375
134,2.0,70.0,382.32733154296875,411.2164306640625,617.7103881835938,584.0774536132812
135,2.0,70.0,390.7458801269531,408.8835754394531,638.0692749023438,590.9235229492188
136,2.0,70.0,398.0747375488281,405.16375732421875,660.421142578125,598.666259765625
137,2.0,70.0,405.9774475097656,401.3074035644531,685.7076416015625,605.5330200195312
138,2.0,70.0,416.0880126953125,395.5267028808594,714.1759033203125,613.2202758789062
139,2.0,70.0,426.2196350097656,390.6192321777344,744.7216186523438,621.906982421875
140,2.0,70.0,437.3345031738281,386.08209228515625,779.723876953125,631.649169921875
141,2.0,70.0,449.90814208984375,382.94512939453125,821.353515625,643.255126953125
142,2.0,70.0,464.7730407714844,382.79473876953125,866.8450927734375,656.60888671875
143,2.0,70.0,482.1466369628906,380.79840087890625,920.0061645507812,673.3111572265625
144,2.0,70.0,500.2326354980469,376.097412109375,981.2542114257812,691.415283203125
145,2.0,70.0,521.8909301757812,368.9688415527344,1054.970458984375,713.935302734375
146,2.0,70.0,545.453369140625,361.63629150390625,1142.385498046875,739.7903442382812
147,2.0,70.0,573.33251953125,351.97845458984375,1246.5706787109375,771.0903930664062
148,2.0,70.0,608.4837646484375,342.0671081542969,1377.8111572265625,810.0520629882812
149,2.0,70.0,648.7671508789062,330.31854248046875,1543.5755615234375,863.9152221679688
150,2.0,70.0,696.9395751953125,315.06817626953125,1756.0096435546875,935.568359375
151,2.0,70.0,756.47998046875,294.53759765625,1875.2596435546875,1025.7860107421875
152,2.0,70.0,832.841796875,270.5463562011719,1920.0,1066.8668212890625
153,2.0,70.0,939.52978515625,237.58419799804688,1920.0,1071.4591064453125
154,2.0,70.0,1076.22607421875,195.44566345214844,1920.0,1071.79150390625
155,2.0,70.0,1262.5015869140625,170.7233123779297,1920.0,1078.0213623046875
