44,2.0,31.0,321.942626953125,567.1875,364.47393798828125,599.9342651367188
45,2.0,31.0,322.4752502441406,567.020751953125,364.1213073730469,600.5250854492188
46,2.0,31.0,322.9893493652344,566.4864501953125,364.8421325683594,600.9365234375
47,2.0,31.0,323.775146484375,566.5072021484375,365.6852111816406,600.6615600585938
48,2.0,31.0,323.9874267578125,565.9824829101562,366.495361328125,599.4036865234375
49,2.0,31.0,323.5913391113281,566.8018798828125,366.925048828125,598.165771484375
50,2.0,31.0,323.6605224609375,567.6538696289062,368.34326171875,597.6347045898438
51,2.0,31.0,323.9419250488281,566.96044921875,369.0773620605469,598.007080078125
52,2.0,31.0,324.0932312011719,567.0042114257812,370.1040344238281,599.8199462890625
53,2.0,31.0,324.6973571777344,566.4719848632812,372.3159484863281,601.1458740234375
54,2.0,31.0,325.070556640625,566.7470092773438,374.77764892578125,602.2036743164062
55,2.0,31.0,325.1338806152344,568.0070190429688,376.52264404296875,602.8177490234375
56,2.0,31.0,324.7449645996094,569.0003662109375,377.53271484375,603.4126586914062
57,2.0,31.0,325.3634033203125,567.157958984375,378.22149658203125,603.8198852539062
58,2.0,31.0,326.2413635253906,565.8358764648438,378.1945495605469,603.8663940429688
59,2.0,31.0,326.9396057128906,565.1873779296875,378.4966735839844,604.0602416992188
60,2.0,31.0,327.33917236328125,566.8603515625,380.4021301269531,604.4400024414062
61,2.0,31.0,328.03289794921875,568.0615844726562,382.5248107910156,604.6587524414062
62,2.0,31.0,329.4183349609375,569.7108154296875,384.4306945800781,604.4702758789062
63,2.0,31.0,330.8515930175781,569.6705322265625,385.02978515625,606.3160400390625
64,2.0,31.0,331.1918029785156,569.2987670898438,386.5943908691406,606.4483642578125
65,2.0,31.0,331.3519287109375,565.3224487304688,387.2319030761719,606.85595703125
66,2.0,31.0,331.4988708496094,566.359130859375,389.0310974121094,607.2446899414062
67,2.0,31.0,331.85601806640625,567.5021362304688,388.9715576171875,607.3262329101562
68,2.0,31.0,333.3559875488281,566.8506469726562,390.78546142578125,608.0294799804688
69,2.0,31.0,333.69989013671875,565.718017578125,391.7732238769531,608.0496215820312
70,2.0,31.0,333.6983337402344,566.9072875976562,393.13189697265625,608.3732299804688
71,2.0,31.0,334.5816345214844,567.2072143554688,394.6565246582031,609.2313842773438
72,2.0,31.0,335.8930969238281,566.8079223632812,396.4767150878906,609.2864379882812
73,2.0,31.0,336.4601135253906,568.3998413085938,398.8260803222656,609.5133056640625
74,2.0,31.0,335.9809265136719,568.93359375,401.53643798828125,609.7738647460938
75,2.0,31.0,337.0621643066406,570.3792114257812,403.2875671386719,610.23583984375
76,2.0,31.0,337.9912109375,568.1187744140625,405.9246826171875,610.5714111328125
77,2.0,31.0,338.8274230957031,564.1599731445312,407.1635437011719,610.956298828125
78,2.0,31.0,340.32415771484375,564.1314086914062,410.94610595703125,611.3910522460938
79,2.0,31.0,342.62615966796875,561.9315185546875,413.0265808105469,612.919921875
80,2.0,31.0,344.22882080078125,562.18359375,414.7055969238281,613.9039916992188
81,2.0,31.0,345.7294616699219,562.0343627929688,416.6524963378906,613.75732421875
82,2.0,31.0,347.3612365722656,562.5185546875,418.9023132324219,614.8571166992188
83,2.0,31.0,348.66827392578125,561.1638793945312,420.828857421875,616.6406860351562
84,2.0,31.0,349.3956298828125,564.984619140625,422.4684753417969,617.685302734375
85,2.0,31.0,350.29583740234375,561.5198974609375,423.5079040527344,618.3640747070312
86,2.0,31.0,350.82135009765625,558.8204956054688,428.3314514160156,619.2454833984375
87,2.0,31.0,351.7041015625,556.0206298828125,432.240966796875,620.2708129882812
88,2.0,31.0,353.36785888671875,555.40625,436.0350341796875,621.0706176757812
89,2.0,31.0,354.971435546875,554.1192626953125,439.0379638671875,621.5131225585938
90,2.0,31.0,356.9349060058594,555.2353515625,442.2539978027344,622.25390625
91,2.0,31.0,359.2346496582031,554.386962890625,446.7640380859375,622.81396484375
92,2.0,31.0,360.6184387207031,555.7405395507812,450.9889221191406,624.0182495117188
93,2.0,31.0,361.7246398925781,553.9696655273438,454.0968933105469,625.7448120117188
94,2.0,31.0,362.798828125,551.9453125,458.7471618652344,628.3209838867188
95,2.0,31.0,364.76068115234375,549.8978881835938,463.2770690917969,630.6445922851562
96,2.0,31.0,367.45770263671875,548.5059204101562,467.64422607421875,631.9794921875
97,2.0,31.0,369.139404296875,547.5966796875,471.8771057128906,633.0472412109375
98,2.0,31.0,372.01373291015625,548.6145629882812,476.5091857910156,633.6557006835938
99,2.0,31.0,373.4583435058594,548.5433959960938,481.78399658203125,634.875
100,2.0,31.0,375.4825439453125,546.484619140625,487.2288513183594,637.1566162109375
101,2.0,31.0,378.4715270996094,546.7159423828125,493.9233093261719,639.1328125
102,2.0,31.0,382.32415771484375,546.2545776367188,501.0408630371094,640.6730346679688
103,2.0,31.0,386.0696105957031,546.4991455078125,506.7093200683594,643.051513671875
104,2.0,31.0,388.47491455078125,546.361572265625,513.6464233398438,645.0307006835938
105,2.0,31.0,389.6127624511719,545.91064453125,521.326904296875,646.76611328125
106,2.0,31.0,392.4277038574219,544.9327392578125,528.6060180664062,649.9041137695312
107,2.0,31.0,396.4765930175781,543.5812377929688,537.2249145507812,653.5232543945312
108,2.0,31.0,400.4523620605469,542.223876953125,546.6969604492188,657.3639526367188
109,2.0,31.0,404.42449951171875,541.2705688476562,556.2279052734375,659.740478515625
110,2.0,31.0,409.05853271484375,540.0883178710938,568.60986328125,663.206787109375
111,2.0,31.0,412.38958740234375,538.9514770507812,578.8583984375,665.8900756835938
112,2.0,31.0,417.31048583984375,536.462646484375,591.8192749023438,669.9659423828125
113,2.0,31.0,421.0537414550781,535.4840698242188,604.5977172851562,673.1718139648438
114,2.0,31.0,426.26953125,533.6105346679688,619.6151733398438,677.7613525390625
115,2.0,31.0,433.0103759765625,531.0355224609375,637.0056762695312,684.1363525390625
116,2.0,31.0,440.2005310058594,528.4046630859375,654.5070190429688,689.626220703125
117,2.0,31.0,446.8678283691406,527.359130859375,674.7648315429688,695.9224243164062
118,2.0,31.0,453.8941650390625,524.681396484375,696.481689453125,701.7096557617188
119,2.0,31.0,463.2041931152344,521.8309936523438,722.6603393554688,708.5631713867188
120,2.0,31.0,474.3410339355469,517.6565551757812,750.2734375,717.029296875
121,2.0,31.0,485.0205383300781,510.47265625,781.5432739257812,726.1517944335938
122,2.0,31.0,496.6862487792969,504.7261962890625,818.965576171875,737.1646118164062
123,2.0,31.0,509.0321044921875,499.89324951171875,862.0585327148438,749.8805541992188
124,2.0,31.0,526.1553344726562,498.0986328125,910.3406982421875,766.2828369140625
125,2.0,31.0,543.32080078125,494.6567077636719,969.42822265625,783.8701782226562
126,2.0,31.0,563.2191162109375,486.96221923828125,1038.2745361328125,804.2315063476562
127,2.0,31.0,588.2977905273438,480.3629150390625,1124.06103515625,831.1657104492188
128,2.0,31.0,615.3775634765625,470.63446044921875,1229.7103271484375,864.0345458984375
129,2.0,31.0,647.4830322265625,457.9573669433594,1366.6766357421875,905.46044921875
130,2.0,31.0,689.6509399414062,444.2200927734375,1539.789306640625,963.7984008789062
131,2.0,31.0,738.9526977539062,423.3739929199219,1777.88427734375,1030.977294921875
132,2.0,31.0,804.2042236328125,398.2001953125,1882.8280029296875,1062.998779296875
133,2.0,31.0,894.4908447265625,363.7413330078125,1920.0,1075.73681640625
134,2.0,31.0,1024.817626953125,314.28204345703125,1920.0,1077.2930908203125
135,2.0,31.0,1207.7835693359375,263.4409484863281,1920.0,1078.8529052734375
136,2.0,31.0,1487.513427734375,263.9942321777344,1920.0,1080.0
