28,2.0,54.0,307.39752197265625,553.83642578125,361.9587097167969,587.5999145507812
29,2.0,54.0,307.8723449707031,553.638427734375,362.0135192871094,587.8120727539062
30,2.0,54.0,307.6878967285156,554.4606323242188,362.37548828125,588.1923828125
31,2.0,54.0,308.946044921875,552.1907348632812,363.0357971191406,587.9899291992188
32,2.0,54.0,310.2048034667969,552.2357177734375,364.4915466308594,588.0348510742188
33,2.0,54.0,310.0007629394531,551.78662109375,365.7562255859375,588.7286987304688
34,2.0,54.0,311.663818359375,551.442138671875,366.38775634765625,588.590087890625
35,2.0,54.0,312.344970703125,551.4573364257812,367.194580078125,589.1898193359375
36,2.0,54.0,312.2942199707031,551.7657470703125,368.0993347167969,589.7120971679688
37,2.0,54.0,312.36328125,549.3829345703125,369.2314147949219,590.10693359375
38,2.0,54.0,312.3274230957031,548.949462890625,370.3285217285156,591.095458984375
39,2.0,54.0,311.9249267578125,546.975830078125,370.93133544921875,591.47607421875
40,2.0,54.0,311.376220703125,543.0632934570312,371.4422607421875,592.0628662109375
41,2.0,54.0,312.1240539550781,544.8357543945312,372.4185485839844,593.0087890625
42,2.0,54.0,312.5538024902344,550.0952758789062,373.4632263183594,593.2472534179688
43,2.0,54.0,312.8294677734375,553.25927734375,374.2939453125,593.7225341796875
44,2.0,54.0,312.7656555175781,554.57373046875,376.7740478515625,593.8839721679688
45,2.0,54.0,313.1072692871094,554.1891479492188,377.6299743652344,593.4131469726562
46,2.0,54.0,314.0504150390625,548.8302612304688,379.4048156738281,592.755859375
47,2.0,54.0,314.8031311035156,547.0258178710938,381.5548095703125,593.0380249023438
48,2.0,54.0,315.8502197265625,546.125732421875,382.6090087890625,593.6826782226562
49,2.0,54.0,316.462646484375,545.4688720703125,384.0397644042969,594.4530029296875
50,2.0,54.0,316.9051818847656,545.1705322265625,383.91168212890625,595.145263671875
51,2.0,54.0,317.955810546875,543.1394653320312,384.391845703125,595.7308959960938
52,2.0,54.0,318.685302734375,541.366455078125,386.9586486816406,596.6011352539062
53,2.0,54.0,318.85284423828125,540.1832885742188,387.87548828125,596.9202880859375
54,2.0,54.0,319.5135498046875,540.2421875,388.93243408203125,596.9983520507812
55,2.0,54.0,321.1838073730469,539.7865600585938,389.5685729980469,597.03125
56,2.0,54.0,322.31097412109375,539.10595703125,390.6162414550781,597.6608276367188
57,2.0,54.0,322.82757568359375,539.4400634765625,391.8251647949219,598.3593139648438
58,2.0,54.0,324.1882629394531,538.5520629882812,394.4430847167969,598.9891967773438
59,2.0,54.0,323.8691101074219,541.2096557617188,396.515625,598.4121704101562
60,2.0,54.0,323.73541259765625,544.9488525390625,398.8526611328125,599.393310546875
61,2.0,54.0,324.980224609375,542.82666015625,400.8736267089844,599.1945190429688
62,2.0,54.0,325.1030578613281,540.3917236328125,400.8980712890625,600.3285522460938
63,2.0,54.0,325.5542907714844,539.3043212890625,401.6189880371094,600.640380859375
64,2.0,54.0,326.5462646484375,539.0066528320312,402.8598937988281,601.13623046875
65,2.0,54.0,327.11572265625,539.167236328125,404.41815185546875,601.185302734375
66,2.0,54.0,328.0452880859375,539.2930908203125,406.20684814453125,601.65576171875
67,2.0,54.0,328.28741455078125,539.8826293945312,407.3820495605469,601.9127807617188
68,2.0,54.0,329.328857421875,540.5068359375,408.8070373535156,602.4562377929688
69,2.0,54.0,331.16552734375,541.44189453125,409.8090515136719,602.8544311523438
70,2.0,54.0,331.1766357421875,542.8037719726562,411.801025390625,603.9066162109375
71,2.0,54.0,331.43621826171875,542.5504150390625,413.6581726074219,604.25048828125
72,2.0,54.0,332.0761413574219,543.5047607421875,417.5914611816406,605.2061767578125
73,2.0,54.0,333.43267822265625,542.714111328125,419.7557373046875,606.0115966796875
74,2.0,54.0,334.34918212890625,541.7598876953125,421.5764465332031,606.3137817382812
75,2.0,54.0,334.9122009277344,541.0896606445312,422.85791015625,605.3934326171875
76,2.0,54.0,334.8475646972656,539.546875,425.3199462890625,607.5441284179688
77,2.0,54.0,335.470703125,538.8275146484375,427.4029235839844,608.367431640625
78,2.0,54.0,336.92584228515625,539.140625,429.5433654785156,608.956298828125
79,2.0,54.0,337.7470703125,536.79443359375,431.222900390625,609.4163818359375
80,2.0,54.0,338.4140625,535.30126953125,434.4145812988281,610.2975463867188
81,2.0,54.0,338.5461730957031,534.7813110351562,437.75128173828125,610.1487426757812
82,2.0,54.0,339.86126708984375,534.3616333007812,440.2238464355469,609.9569091796875
83,2.0,54.0,341.96044921875,535.279052734375,442.43023681640625,610.2356567382812
84,2.0,54.0,345.05853271484375,533.5741577148438,445.5157165527344,612.176025390625
85,2.0,54.0,347.32452392578125,533.9400634765625,448.77142333984375,613.0993041992188
86,2.0,54.0,349.1382141113281,533.9407958984375,451.17425537109375,613.1666870117188
87,2.0,54.0,350.83868408203125,533.2342529296875,453.907470703125,613.727783203125
88,2.0,54.0,352.6254577636719,533.6719360351562,457.3365783691406,615.8189086914062
89,2.0,54.0,354.8589782714844,533.306396484375,460.7066955566406,616.1159057617188
90,2.0,54.0,356.5851135253906,532.2625732421875,464.9189147949219,617.8685913085938
91,2.0,54.0,358.6616516113281,530.7527465820312,469.07440185546875,618.7564697265625
92,2.0,54.0,357.97314453125,529.408935546875,472.86737060546875,620.328857421875
93,2.0,54.0,361.0828857421875,528.27490234375,477.2178955078125,622.3862915039062
94,2.0,54.0,362.32928466796875,529.0418701171875,480.29168701171875,623.0173950195312
95,2.0,54.0,364.1122131347656,528.3095092773438,481.28179931640625,624.4983520507812
96,2.0,54.0,366.0151062011719,529.4132080078125,486.8096618652344,625.1841430664062
97,2.0,54.0,367.1591796875,528.68017578125,490.2984924316406,626.2271118164062
98,2.0,54.0,367.55487060546875,527.9886474609375,495.3180847167969,628.6991577148438
99,2.0,54.0,370.9530944824219,526.9230346679688,501.00823974609375,630.1823120117188
100,2.0,54.0,372.12237548828125,526.7183227539062,503.75128173828125,632.2741088867188
101,2.0,54.0,373.8163757324219,526.1727294921875,509.0124206542969,633.6325073242188
102,2.0,54.0,375.286865234375,526.0679321289062,514.3766479492188,634.9864501953125
103,2.0,54.0,376.9562072753906,526.0416870117188,523.094482421875,635.7337646484375
104,2.0,54.0,379.0832824707031,525.1074829101562,529.00341796875,636.8114624023438
105,2.0,54.0,380.7533264160156,523.931396484375,534.9318237304688,638.1776123046875
106,2.0,54.0,382.99871826171875,523.5699462890625,540.8361206054688,641.2061767578125
107,2.0,54.0,385.6862487792969,523.809814453125,548.9942626953125,644.0521240234375
108,2.0,54.0,390.0810546875,521.436279296875,555.3377075195312,645.4592895507812
109,2.0,54.0,394.3231506347656,520.6688842773438,562.1151733398438,647.8504028320312
110,2.0,54.0,396.7361145019531,518.5639038085938,571.324462890625,649.1292724609375
111,2.0,54.0,399.994384765625,515.9198608398438,580.1378173828125,651.9627075195312
112,2.0,54.0,403.8470458984375,513.8624267578125,589.5671997070312,655.3460693359375
116,2.0,54.0,412.2679138183594,496.3172607421875,629.1889038085938,665.4300537109375
117,2.0,54.0,419.4400939941406,500.1422119140625,641.443115234375,668.422119140625
118,2.0,54.0,427.19189453125,504.29937744140625,654.396728515625,670.7373657226562
119,2.0,54.0,429.9815673828125,506.6136474609375,667.1199340820312,672.6607055664062
120,2.0,54.0,438.0414123535156,504.7103271484375,682.1011352539062,678.0000610351562
121,2.0,54.0,444.9338684082031,503.6346435546875,697.2791748046875,682.4113159179688
122,2.0,54.0,451.8974914550781,502.74359130859375,714.3642578125,686.8079833984375
123,2.0,54.0,457.6361999511719,500.9241027832031,732.822509765625,691.1663208007812
124,2.0,54.0,464.1282653808594,499.95257568359375,751.5582885742188,694.81005859375
125,2.0,54.0,469.7837219238281,497.31549072265625,772.7593383789062,700.1123046875
126,2.0,54.0,478.51910400390625,494.8894348144531,794.7510986328125,707.2730102539062
127,2.0,54.0,487.5713806152344,491.7215270996094,820.5758666992188,713.174072265625
128,2.0,54.0,498.00146484375,487.5401306152344,845.9157104492188,720.3495483398438
129,2.0,54.0,506.9548034667969,483.8512268066406,875.8690185546875,726.353515625
130,2.0,54.0,517.4976196289062,481.88214111328125,907.6126098632812,736.1754760742188
131,2.0,54.0,529.1473388671875,479.0574035644531,944.6901245117188,746.337890625
132,2.0,54.0,540.3235473632812,474.2276611328125,984.82763671875,758.9976196289062
133,2.0,54.0,554.202880859375,470.1753845214844,1029.28564453125,772.5588989257812
134,2.0,54.0,570.1439208984375,462.0122375488281,1078.6300048828125,788.6679077148438
135,2.0,54.0,587.4861450195312,456.19891357421875,1134.7535400390625,804.7897338867188
136,2.0,54.0,605.41552734375,450.50482177734375,1198.4866943359375,822.6619262695312
137,2.0,54.0,626.9042358398438,444.5738830566406,1273.593017578125,843.2548828125
138,2.0,54.0,649.6705932617188,437.10772705078125,1357.920166015625,868.0025634765625
139,2.0,54.0,673.4732055664062,427.8421325683594,1457.8499755859375,898.1366577148438
140,2.0,54.0,701.626953125,418.78765869140625,1575.6051025390625,933.1738891601562
141,2.0,54.0,741.766357421875,406.50537109375,1719.0335693359375,976.9453735351562
142,2.0,54.0,764.5216674804688,392.93841552734375,1859.7200927734375,1025.3443603515625
143,2.0,54.0,822.2813720703125,374.8122863769531,1916.7584228515625,1057.279541015625
144,2.0,54.0,877.7969970703125,352.3268127441406,1920.0,1071.830810546875
145,2.0,54.0,942.9942016601562,327.2554016113281,1920.0,1073.0933837890625
146,2.0,54.0,1023.1608276367188,293.5434875488281,1920.0,1069.83984375
147,2.0,54.0,1117.8994140625,252.41233825683594,1920.0,1070.452880859375
149,2.0,54.0,1397.447509765625,211.02377319335938,1920.0,1076.0350341796875
