2,2.0,46.0,159.99154663085938,557.9623413085938,218.15798950195312,603.8528442382812
3,2.0,46.0,160.3277130126953,558.5377807617188,218.17124938964844,603.9646606445312
4,2.0,46.0,160.46742248535156,560.0008544921875,217.8006591796875,603.9952392578125
5,2.0,46.0,160.63287353515625,560.5610961914062,217.84130859375,604.17041015625
6,2.0,46.0,161.4000701904297,562.3501586914062,218.6464080810547,604.0831298828125
7,2.0,46.0,162.01937866210938,562.0082397460938,219.90443420410156,604.4630126953125
8,2.0,46.0,162.11000061035156,561.0556030273438,220.5011749267578,604.844970703125
9,2.0,46.0,162.30824279785156,560.5772705078125,221.03298950195312,605.882568359375
10,2.0,46.0,162.86814880371094,560.6033935546875,222.04803466796875,606.7948608398438
11,2.0,46.0,162.43060302734375,560.1096801757812,222.73440551757812,607.5962524414062
12,2.0,46.0,162.25482177734375,558.8283081054688,223.45419311523438,608.367431640625
13,2.0,46.0,161.97244262695312,559.154052734375,224.3066864013672,608.6758422851562
14,2.0,46.0,162.11566162109375,559.2283325195312,224.3001251220703,608.8574829101562
15,2.0,46.0,162.513671875,558.92138671875,224.797119140625,608.9592895507812
16,2.0,46.0,163.14988708496094,558.447998046875,225.93431091308594,609.4030151367188
17,2.0,46.0,163.2639923095703,558.1082763671875,226.37179565429688,609.5582275390625
18,2.0,46.0,164.16758728027344,558.6051635742188,227.12632751464844,610.1295776367188
19,2.0,46.0,164.15451049804688,559.4052734375,227.4037322998047,610.8958740234375
20,2.0,46.0,165.0546875,559.868896484375,228.39413452148438,611.6459350585938
21,2.0,46.0,166.08816528320312,558.7466430664062,228.6394805908203,612.0494995117188
22,2.0,46.0,166.46383666992188,559.0471801757812,229.28759765625,612.278564453125
23,2.0,46.0,166.73272705078125,560.1339721679688,231.1531982421875,612.5203857421875
24,2.0,46.0,167.25303649902344,559.2825317382812,231.84994506835938,612.1991577148438
27,2.0,46.0,168.4047393798828,558.8736572265625,233.98838806152344,611.2313842773438
28,2.0,46.0,168.88783264160156,562.0045166015625,234.64418029785156,610.9440307617188
29,2.0,46.0,168.83065795898438,560.8548583984375,236.521240234375,611.8011474609375
30,2.0,46.0,168.59170532226562,560.52197265625,238.00045776367188,613.1096801757812
31,2.0,46.0,170.42706298828125,561.1929321289062,238.8052520751953,613.9793701171875
32,2.0,46.0,171.7559356689453,562.865234375,240.3516845703125,614.7560424804688
33,2.0,46.0,172.56944274902344,561.3291625976562,241.7872314453125,615.3815307617188
34,2.0,46.0,172.5203399658203,559.2071533203125,242.44029235839844,615.0065307617188
35,2.0,46.0,172.138671875,557.7801513671875,243.7764434814453,615.1703491210938
36,2.0,46.0,171.64584350585938,554.0418701171875,244.89935302734375,615.3174438476562
37,2.0,46.0,171.50399780273438,552.6642456054688,246.3571014404297,615.0802001953125
38,2.0,46.0,172.4195098876953,555.7316284179688,247.81736755371094,614.5364990234375
39,2.0,46.0,172.9893341064453,556.031005859375,248.9105987548828,615.3671264648438
40,2.0,46.0,174.11947631835938,555.3425903320312,250.5017852783203,616.68896484375
41,2.0,46.0,175.29876708984375,555.6408081054688,251.85606384277344,618.2010498046875
42,2.0,46.0,175.14524841308594,556.7969970703125,252.8031463623047,618.6920166015625
43,2.0,46.0,174.94300842285156,558.2606811523438,254.35733032226562,618.9520263671875
44,2.0,46.0,174.81138610839844,558.2269287109375,254.99465942382812,619.1414184570312
45,2.0,46.0,175.64678955078125,556.5906372070312,255.84271240234375,619.0651245117188
46,2.0,46.0,177.0579833984375,555.8396606445312,256.53363037109375,618.558837890625
47,2.0,46.0,177.55787658691406,555.71142578125,257.5381774902344,618.7371215820312
48,2.0,46.0,178.53765869140625,554.0830078125,258.6111755371094,619.0868530273438
49,2.0,46.0,179.23110961914062,552.4256591796875,259.1476135253906,619.5076293945312
50,2.0,46.0,179.07595825195312,552.2442016601562,260.9283142089844,620.2882690429688
51,2.0,46.0,180.24240112304688,553.5084228515625,262.0829772949219,621.2572021484375
52,2.0,46.0,180.57701110839844,553.1165771484375,263.4849548339844,620.6404418945312
53,2.0,46.0,180.69606018066406,553.355224609375,264.8503723144531,621.3946533203125
54,2.0,46.0,181.85653686523438,552.6018676757812,267.195556640625,621.9796752929688
55,2.0,46.0,182.85565185546875,551.9661254882812,268.1721496582031,622.7323608398438
56,2.0,46.0,182.12222290039062,550.5919189453125,270.3305358886719,623.2359008789062
57,2.0,46.0,181.6803741455078,551.3118286132812,273.519775390625,622.920166015625
58,2.0,46.0,181.87631225585938,551.1761474609375,276.9036865234375,623.3164672851562
59,2.0,46.0,182.24807739257812,550.9085693359375,279.5613708496094,623.96142578125
60,2.0,46.0,183.3554229736328,550.1298828125,280.832763671875,624.7798461914062
61,2.0,46.0,184.78277587890625,551.099853515625,283.11273193359375,626.212158203125
62,2.0,46.0,186.04409790039062,550.7594604492188,285.09820556640625,626.195556640625
63,2.0,46.0,187.0442657470703,550.6189575195312,287.0125427246094,627.0878295898438
64,2.0,46.0,187.49705505371094,550.3692626953125,287.4278259277344,630.1329956054688
65,2.0,46.0,189.2698211669922,550.1771850585938,288.98095703125,631.1895751953125
66,2.0,46.0,191.0043487548828,550.40087890625,291.1783447265625,631.9297485351562
67,2.0,46.0,191.36033630371094,551.1717529296875,293.0352478027344,632.0791625976562
68,2.0,46.0,191.12347412109375,551.9344482421875,295.1759033203125,633.5877075195312
69,2.0,46.0,192.59197998046875,550.8839111328125,298.0865783691406,633.9846801757812
70,2.0,46.0,193.7809600830078,550.3551635742188,300.8712158203125,634.013671875
71,2.0,46.0,194.8834228515625,550.0418090820312,303.34832763671875,634.459228515625
72,2.0,46.0,196.0166473388672,549.4423828125,305.81683349609375,635.1769409179688
73,2.0,46.0,195.05551147460938,548.9765625,309.0390930175781,635.3847045898438
74,2.0,46.0,196.08192443847656,548.1500854492188,311.26214599609375,636.01416015625
75,2.0,46.0,197.8776092529297,547.3477783203125,314.7496032714844,636.614990234375
76,2.0,46.0,199.4406280517578,547.3322143554688,318.2657470703125,638.1463623046875
77,2.0,46.0,201.11331176757812,546.98193359375,321.63360595703125,639.3659057617188
78,2.0,46.0,203.2104949951172,546.9623413085938,323.8918151855469,639.7318725585938
79,2.0,46.0,204.69412231445312,546.087646484375,327.3158874511719,641.3441162109375
80,2.0,46.0,204.14645385742188,545.09619140625,330.05804443359375,643.662841796875
81,2.0,46.0,205.70175170898438,544.4647827148438,334.91522216796875,644.63818359375
82,2.0,46.0,207.42626953125,544.5231323242188,336.7805480957031,645.2894897460938
83,2.0,46.0,208.96754455566406,544.8818969726562,339.28326416015625,646.3656005859375
84,2.0,46.0,210.49691772460938,544.8265380859375,344.1617736816406,647.4810791015625
85,2.0,46.0,213.1014862060547,545.2659301757812,347.6101989746094,648.3677978515625
86,2.0,46.0,216.40994262695312,545.33642578125,350.9062805175781,648.5934448242188
87,2.0,46.0,218.14093017578125,544.3302001953125,356.7122497558594,650.0364379882812
88,2.0,46.0,218.61871337890625,543.3504638671875,359.8561706542969,651.0579223632812
89,2.0,46.0,220.6847686767578,543.4075927734375,362.24609375,653.559814453125
90,2.0,46.0,220.73216247558594,542.911865234375,366.36993408203125,655.6758422851562
91,2.0,46.0,222.3096466064453,542.2965087890625,372.5534362792969,656.7243041992188
92,2.0,46.0,225.97232055664062,542.1563110351562,378.18829345703125,657.6033935546875
93,2.0,46.0,226.66212463378906,541.396240234375,383.78875732421875,658.6802368164062
94,2.0,46.0,228.8018035888672,540.2236328125,388.1527099609375,660.3212280273438
95,2.0,46.0,229.97927856445312,538.96875,392.8482666015625,661.9778442382812
96,2.0,46.0,230.93655395507812,537.7836303710938,398.42938232421875,664.7958984375
97,2.0,46.0,232.44732666015625,536.9385986328125,405.28460693359375,667.5772705078125
98,2.0,46.0,235.89378356933594,536.6980590820312,410.1997985839844,669.4419555664062
99,2.0,46.0,238.55917358398438,536.3467407226562,416.9669189453125,670.5949096679688
100,2.0,46.0,241.2449951171875,535.4210205078125,420.4018249511719,672.0663452148438
101,2.0,46.0,244.14788818359375,534.7418823242188,430.0050048828125,674.7991333007812
102,2.0,46.0,246.08819580078125,534.7540283203125,437.4948425292969,677.3659057617188
103,2.0,46.0,248.9077911376953,533.800048828125,445.7680969238281,679.4090576171875
104,2.0,46.0,251.87310791015625,532.9743041992188,452.5774230957031,681.5592651367188
105,2.0,46.0,255.52880859375,532.1774291992188,460.4208068847656,683.6171264648438
106,2.0,46.0,258.3608703613281,527.6089477539062,469.5206604003906,686.044677734375
107,2.0,46.0,262.48455810546875,527.9815063476562,478.1946716308594,689.536376953125
108,2.0,46.0,266.1191101074219,527.158203125,487.6793518066406,691.9315795898438
109,2.0,46.0,269.7010803222656,526.9142456054688,496.7750549316406,693.5597534179688
110,2.0,46.0,271.99188232421875,523.7830810546875,507.234130859375,695.5953979492188
111,2.0,46.0,275.1188659667969,523.912841796875,518.7462158203125,697.1207885742188
112,2.0,46.0,279.64984130859375,521.7037353515625,531.4681396484375,701.6080322265625
113,2.0,46.0,283.95989990234375,519.4261474609375,543.8036499023438,705.4812622070312
114,2.0,46.0,286.9149169921875,519.1101684570312,555.9384155273438,711.6513671875
115,2.0,46.0,292.60845947265625,519.1511840820312,568.749755859375,716.2922973632812
116,2.0,46.0,297.7947692871094,518.7636108398438,584.0249633789062,718.7200927734375
117,2.0,46.0,303.3133850097656,516.9807739257812,598.019775390625,722.4392700195312
118,2.0,46.0,308.46893310546875,515.8753051757812,614.8145141601562,725.4752197265625
119,2.0,46.0,315.5048522949219,514.769775390625,632.740966796875,729.849853515625
120,2.0,46.0,320.8372497558594,510.3296813964844,650.8801879882812,735.0404663085938
121,2.0,46.0,327.774658203125,507.0197448730469,672.6996459960938,743.0086669921875
122,2.0,46.0,335.5395202636719,504.7899169921875,692.9426879882812,742.9962158203125
123,2.0,46.0,342.1086120605469,502.0744323730469,715.1575317382812,752.4430541992188
124,2.0,46.0,351.4350280761719,500.71875,738.46044921875,763.6058959960938
125,2.0,46.0,358.8731689453125,498.46942138671875,767.1567993164062,771.835205078125
126,2.0,46.0,367.5067138671875,496.3699035644531,796.5496826171875,780.2861328125
127,2.0,46.0,377.2337951660156,493.7622375488281,828.0435791015625,790.6688842773438
128,2.0,46.0,386.3193054199219,491.475830078125,861.97802734375,801.0059814453125
129,2.0,46.0,397.5545654296875,487.4521484375,900.169677734375,812.5177001953125
130,2.0,46.0,409.8694763183594,484.3988037109375,942.766845703125,824.5429077148438
131,2.0,46.0,423.8460998535156,480.9335632324219,988.6348266601562,840.6688232421875
132,2.0,46.0,437.422607421875,476.3766174316406,1038.8515625,859.0261840820312
133,2.0,46.0,452.8995056152344,471.6607360839844,1097.1260986328125,876.4288330078125
134,2.0,46.0,469.8763732910156,465.8345947265625,1161.16015625,895.86279296875
135,2.0,46.0,488.41839599609375,459.10546875,1231.515625,918.1659545898438
136,2.0,46.0,508.67462158203125,452.16485595703125,1314.0662841796875,943.1376953125
137,2.0,46.0,531.9114379882812,445.5982971191406,1406.907958984375,973.0427856445312
138,2.0,46.0,557.1119995117188,437.2254638671875,1513.3568115234375,1012.3479614257812
139,2.0,46.0,580.935546875,427.43145751953125,1639.95068359375,1046.8876953125
140,2.0,46.0,614.0580444335938,416.2244873046875,1794.0693359375,1064.6417236328125
141,2.0,46.0,646.9872436523438,403.0375061035156,1892.6739501953125,1071.8641357421875
143,2.0,46.0,740.4749145507812,370.48565673828125,1920.0,1075.345458984375
144,2.0,46.0,791.4718627929688,347.96649169921875,1920.0,1074.220703125
145,2.0,46.0,858.6383666992188,323.5279235839844,1920.0,1072.1663818359375
146,2.0,46.0,934.2576293945312,290.0585021972656,1920.0,1071.1451416015625
148,2.0,46.0,1131.2000732421875,221.3845977783203,1920.0,1073.064697265625
150,2.0,46.0,1431.8729248046875,226.413818359375,1920.0,1074.694580078125
