8,2.0,37.0,294.0474548339844,538.2239990234375,386.7822570800781,610.4427490234375
9,2.0,37.0,294.68695068359375,537.8539428710938,387.7869873046875,610.621826171875
10,2.0,37.0,295.162109375,538.3939819335938,388.6922302246094,610.8933715820312
11,2.0,37.0,295.5705261230469,538.9855346679688,389.421875,610.8781127929688
12,2.0,37.0,298.0122985839844,538.9525146484375,391.5499572753906,611.2378540039062
13,2.0,37.0,299.5721130371094,538.7393188476562,392.3849792480469,612.5457763671875
14,2.0,37.0,300.5350341796875,538.023193359375,394.0187683105469,613.2025756835938
15,2.0,37.0,300.53729248046875,536.39453125,395.65728759765625,614.264892578125
16,2.0,37.0,300.7366638183594,536.1341552734375,397.6939697265625,614.7689819335938
17,2.0,37.0,301.2615661621094,535.1859130859375,398.9570617675781,615.0221557617188
18,2.0,37.0,302.40032958984375,534.3557739257812,400.2296142578125,615.6279907226562
19,2.0,37.0,302.9820556640625,535.1493530273438,401.01788330078125,615.7075805664062
20,2.0,37.0,302.16497802734375,536.3017578125,402.7929992675781,616.4929809570312
21,2.0,37.0,302.67926025390625,536.7040405273438,403.5300598144531,617.7932739257812
22,2.0,37.0,303.2570495605469,536.5809936523438,404.8884582519531,618.7533569335938
23,2.0,37.0,304.1854248046875,537.15673828125,406.7959289550781,618.977783203125
24,2.0,37.0,304.8028564453125,536.5059204101562,407.7325134277344,618.2084350585938
25,2.0,37.0,306.7374572753906,536.0914306640625,408.53289794921875,618.4534912109375
26,2.0,37.0,308.00262451171875,535.8540649414062,410.2185363769531,620.3296508789062
27,2.0,37.0,309.6453552246094,535.281982421875,411.4995422363281,621.0697021484375
28,2.0,37.0,308.8607482910156,535.6768188476562,413.12213134765625,620.5537719726562
29,2.0,37.0,308.91748046875,535.9042358398438,414.49853515625,620.3814697265625
30,2.0,37.0,309.4639587402344,536.0675048828125,416.2682189941406,620.8654174804688
31,2.0,37.0,310.7749938964844,535.9078369140625,417.1754150390625,621.0151977539062
32,2.0,37.0,312.1180725097656,535.9276733398438,420.20440673828125,622.3743286132812
33,2.0,37.0,312.43035888671875,535.6863403320312,422.0165100097656,623.258056640625
34,2.0,37.0,313.3360900878906,534.516845703125,424.0860900878906,623.8790893554688
35,2.0,37.0,313.50750732421875,533.3721313476562,426.7046203613281,624.3908081054688
36,2.0,37.0,313.2984313964844,533.1735229492188,428.6534729003906,625.1740112304688
37,2.0,37.0,314.333984375,532.1678466796875,430.10296630859375,625.6085815429688
38,2.0,37.0,315.6141662597656,531.4067993164062,430.7878723144531,626.681884765625
39,2.0,37.0,316.7177429199219,531.849365234375,431.5088806152344,626.8751831054688
40,2.0,37.0,317.228759765625,532.27685546875,433.9900207519531,626.911376953125
41,2.0,37.0,318.0476989746094,532.2626953125,435.9960021972656,628.2395629882812
42,2.0,37.0,318.0528564453125,532.3203735351562,439.2474060058594,629.4483032226562
43,2.0,37.0,317.3103332519531,532.7615356445312,441.8798828125,631.0516357421875
44,2.0,37.0,318.66253662109375,532.9524536132812,443.4251403808594,631.3484497070312
45,2.0,37.0,319.0953674316406,533.0932006835938,446.1679382324219,632.0986328125
46,2.0,37.0,320.767822265625,532.4363403320312,448.6861572265625,633.224365234375
47,2.0,37.0,323.63946533203125,532.79833984375,450.7095947265625,633.8128662109375
48,2.0,37.0,324.9642028808594,533.1888427734375,453.1163330078125,634.2122192382812
49,2.0,37.0,326.78704833984375,532.31689453125,454.732421875,635.7549438476562
50,2.0,37.0,325.67926025390625,531.4332275390625,457.1844787597656,636.5657958984375
51,2.0,37.0,325.2964782714844,531.272705078125,459.83050537109375,636.835693359375
52,2.0,37.0,325.76409912109375,530.2943725585938,463.23101806640625,637.5454711914062
53,2.0,37.0,325.9161071777344,529.9121704101562,465.41900634765625,639.080078125
54,2.0,37.0,326.2972106933594,529.5878295898438,467.6759948730469,639.6383666992188
55,2.0,37.0,326.6426696777344,529.357177734375,469.9616394042969,640.2181396484375
56,2.0,37.0,327.3891906738281,529.3052368164062,472.0118408203125,642.1448364257812
57,2.0,37.0,328.10418701171875,529.4453735351562,475.152587890625,643.0145263671875
58,2.0,37.0,330.2930908203125,529.1109008789062,478.8729248046875,643.2171020507812
59,2.0,37.0,333.20257568359375,529.2916259765625,482.2803039550781,645.2628173828125
60,2.0,37.0,334.5050354003906,529.4165649414062,484.8616027832031,645.5020751953125
61,2.0,37.0,334.17608642578125,529.1985473632812,487.47576904296875,646.2371215820312
62,2.0,37.0,334.7876281738281,528.5151977539062,489.1841125488281,647.3250122070312
63,2.0,37.0,336.2230224609375,528.52294921875,490.7760314941406,647.8252563476562
64,2.0,37.0,338.61492919921875,528.0748901367188,496.2174987792969,648.7324829101562
65,2.0,37.0,338.75335693359375,527.8646240234375,501.02203369140625,649.7786865234375
66,2.0,37.0,341.7398681640625,527.4431762695312,503.8306884765625,650.920654296875
67,2.0,37.0,342.5809326171875,526.9760131835938,508.11456298828125,653.4617309570312
68,2.0,37.0,344.5098571777344,527.012451171875,513.1283569335938,654.5394287109375
69,2.0,37.0,346.216552734375,526.9322509765625,515.743408203125,656.0385131835938
70,2.0,37.0,346.16192626953125,526.4751586914062,518.2791137695312,657.143310546875
71,2.0,37.0,347.971435546875,525.507568359375,524.9678344726562,658.7319946289062
72,2.0,37.0,348.482177734375,524.8878784179688,527.9634399414062,659.8696899414062
73,2.0,37.0,349.9920959472656,524.1224365234375,533.3154907226562,660.08203125
74,2.0,37.0,350.172607421875,522.55029296875,538.1565551757812,660.5965576171875
75,2.0,37.0,353.0982971191406,522.0284423828125,542.285888671875,661.8143920898438
76,2.0,37.0,354.7237854003906,521.662353515625,545.5753784179688,665.03125
77,2.0,37.0,358.3527526855469,521.07568359375,549.0850830078125,667.1456909179688
78,2.0,37.0,359.63092041015625,520.5330200195312,554.884765625,669.0247192382812
79,2.0,37.0,360.5938415527344,521.4529418945312,560.0059814453125,670.1550903320312
80,2.0,37.0,362.4119873046875,520.9303588867188,564.2867431640625,671.6973876953125
81,2.0,37.0,363.6501159667969,519.622802734375,569.7271118164062,674.4484252929688
84,2.0,37.0,367.0567321777344,502.3890686035156,586.6650390625,678.8373413085938
85,2.0,37.0,370.2393798828125,508.6056213378906,593.406005859375,681.5712280273438
86,2.0,37.0,372.93328857421875,507.53753662109375,599.9876708984375,683.9862060546875
87,2.0,37.0,373.24273681640625,507.69781494140625,606.880126953125,685.9520874023438
88,2.0,37.0,374.36669921875,498.3395080566406,613.4258422851562,689.0242919921875
89,2.0,37.0,376.47998046875,505.0550842285156,620.3897094726562,691.050537109375
90,2.0,37.0,380.6494445800781,508.8777160644531,628.3128662109375,693.0780029296875
91,2.0,37.0,382.9075012207031,510.7630920410156,636.5017700195312,694.3584594726562
92,2.0,37.0,385.0066223144531,510.1752624511719,644.073974609375,696.1497802734375
93,2.0,37.0,386.76104736328125,508.46051025390625,652.9064331054688,700.236328125
94,2.0,37.0,391.033447265625,508.93890380859375,662.24267578125,703.5532836914062
95,2.0,37.0,393.8663635253906,507.747314453125,670.8817749023438,706.3009643554688
96,2.0,37.0,397.8007507324219,507.0279846191406,681.391845703125,710.2333374023438
97,2.0,37.0,400.703369140625,505.6123352050781,690.1689453125,714.7490844726562
98,2.0,37.0,404.1484680175781,503.60107421875,698.46142578125,717.82470703125
99,2.0,37.0,406.98553466796875,502.1773376464844,708.6707153320312,719.7232666015625
100,2.0,37.0,410.60845947265625,501.80035400390625,720.696533203125,720.62744140625
101,2.0,37.0,414.6916198730469,500.53460693359375,734.3729858398438,724.9860229492188
102,2.0,37.0,418.4471435546875,501.0614929199219,746.1267700195312,727.5486450195312
103,2.0,37.0,421.8482971191406,500.7736511230469,760.3800659179688,733.5633544921875
104,2.0,37.0,427.4237976074219,498.5700378417969,773.5165405273438,738.15087890625
105,2.0,37.0,431.5662841796875,497.05084228515625,788.56689453125,740.7044067382812
106,2.0,37.0,436.3310852050781,495.0037841796875,801.7614135742188,744.3642578125
107,2.0,37.0,439.7255859375,492.3714294433594,820.527587890625,749.8507080078125
108,2.0,37.0,444.5906982421875,490.7474670410156,835.825927734375,755.2705688476562
109,2.0,37.0,449.6583251953125,488.7375793457031,854.4710083007812,760.6071166992188
110,2.0,37.0,455.0735168457031,485.5386047363281,872.867919921875,767.4180908203125
111,2.0,37.0,460.5254821777344,483.35418701171875,893.3829956054688,773.31591796875
112,2.0,37.0,466.4043884277344,480.77996826171875,915.3088989257812,782.323974609375
113,2.0,37.0,472.2904052734375,479.7721252441406,937.6097412109375,789.5827026367188
114,2.0,37.0,478.52197265625,479.7511291503906,962.16796875,797.3980712890625
115,2.0,37.0,485.0074462890625,476.419677734375,987.702880859375,806.051513671875
116,2.0,37.0,492.0616760253906,473.59124755859375,1015.6931762695312,815.4077758789062
117,2.0,37.0,501.72161865234375,471.53741455078125,1045.6748046875,824.0475463867188
118,2.0,37.0,509.5647888183594,467.4045104980469,1077.128173828125,837.3136596679688
119,2.0,37.0,517.9283447265625,463.4925842285156,1111.8924560546875,849.021484375
120,2.0,37.0,526.125,459.0128173828125,1148.3179931640625,862.1675415039062
121,2.0,37.0,535.625,455.04571533203125,1186.4927978515625,877.1318359375
122,2.0,37.0,545.6156616210938,450.72113037109375,1230.1689453125,891.8502807617188
123,2.0,37.0,555.1096801757812,446.8245849609375,1277.49951171875,905.9866333007812
124,2.0,37.0,566.1936645507812,443.3743896484375,1329.94189453125,923.4344482421875
125,2.0,37.0,579.7991333007812,439.8228759765625,1384.4686279296875,942.4983520507812
126,2.0,37.0,591.6792602539062,436.03607177734375,1446.5977783203125,964.5820922851562
127,2.0,37.0,614.6021118164062,428.9085388183594,1543.0726318359375,1002.6484375
128,2.0,37.0,635.1333618164062,420.816162109375,1634.4622802734375,1036.0660400390625
129,2.0,37.0,643.272216796875,417.01226806640625,1691.4146728515625,1053.3192138671875
130,2.0,37.0,659.947265625,411.82403564453125,1774.2825927734375,1066.0955810546875
131,2.0,37.0,671.4174194335938,404.51202392578125,1874.1610107421875,1069.419677734375
132,2.0,37.0,682.2196655273438,395.0424499511719,1918.8916015625,1072.3447265625
133,2.0,37.0,709.5096435546875,385.8468322753906,1920.0,1072.3531494140625
136,2.0,37.0,804.8170166015625,344.9132995605469,1920.0,1072.218994140625
137,2.0,37.0,844.6818237304688,328.97528076171875,1920.0,1071.638916015625
138,2.0,37.0,887.5614624023438,308.7678527832031,1920.0,1070.2972412109375
139,2.0,37.0,932.8483276367188,286.99761962890625,1920.0,1069.1060791015625
140,2.0,37.0,984.9926147460938,258.3045959472656,1920.0,1067.36328125
142,2.0,37.0,1109.08984375,202.34022521972656,1920.0,1069.6148681640625
143,2.0,37.0,1182.3583984375,191.33151245117188,1920.0,1069.69140625
144,2.0,38.0,1275.4500732421875,200.5292205810547,1918.8214111328125,1070.002197265625
145,2.0,38.0,1378.6402587890625,216.4500274658203,1918.7347412109375,1070.6090087890625
146,2.0,38.0,1499.0274658203125,239.63946533203125,1918.6529541015625,1070.11328125
