47,2.0,50.0,244.62977600097656,479.3880615234375,311.361328125,534.5478515625
48,2.0,50.0,246.2322540283203,477.1153869628906,313.5342712402344,534.1993408203125
49,2.0,50.0,246.57054138183594,473.4613037109375,314.73638916015625,534.3969116210938
50,2.0,50.0,246.56814575195312,472.6556701660156,315.9685974121094,536.399658203125
51,2.0,50.0,246.99009704589844,474.6297912597656,317.8078918457031,537.312255859375
53,2.0,50.0,247.77122497558594,477.3797912597656,319.9459533691406,537.13525390625
54,2.0,50.0,248.9049835205078,478.2189636230469,320.3790283203125,536.4865112304688
55,2.0,50.0,249.62277221679688,476.175048828125,323.18701171875,537.0704956054688
56,2.0,50.0,250.541259765625,476.2855529785156,324.81549072265625,536.8175659179688
57,2.0,50.0,251.8018798828125,481.89349365234375,325.92034912109375,537.1322631835938
58,2.0,50.0,251.52285766601562,491.5697937011719,329.28497314453125,538.0850830078125
59,2.0,50.0,251.42274475097656,489.23126220703125,330.5157165527344,539.489990234375
60,2.0,50.0,251.47299194335938,484.7955627441406,331.1730651855469,540.212158203125
61,2.0,50.0,254.20919799804688,477.9873046875,332.3614501953125,539.5534057617188
62,2.0,50.0,253.841552734375,477.1415100097656,334.37152099609375,539.9136352539062
63,2.0,50.0,254.92294311523438,474.0164794921875,335.6283264160156,539.1676025390625
64,2.0,50.0,255.23486328125,472.90435791015625,337.1051025390625,539.040283203125
65,2.0,50.0,255.76321411132812,472.6842346191406,338.6306457519531,539.5987548828125
66,2.0,50.0,256.2837219238281,474.6128234863281,341.00970458984375,542.2069702148438
67,2.0,50.0,257.1227722167969,474.4723815917969,342.89190673828125,542.6696166992188
68,2.0,50.0,258.0227355957031,473.51177978515625,344.6748962402344,543.0921630859375
69,2.0,50.0,262.6380310058594,472.3785400390625,345.461181640625,542.9752807617188
70,2.0,50.0,264.794189453125,471.25555419921875,347.4853210449219,541.4458618164062
71,2.0,50.0,264.1314392089844,470.4005126953125,350.3293151855469,543.179443359375
72,2.0,50.0,265.4664001464844,470.1770935058594,352.0075378417969,544.4518432617188
73,2.0,50.0,266.62396240234375,469.81585693359375,353.51312255859375,545.6052856445312
74,2.0,50.0,266.3493347167969,470.6777038574219,354.46820068359375,545.9037475585938
75,2.0,50.0,265.9576721191406,471.6778564453125,357.091064453125,546.2848510742188
76,2.0,50.0,266.93109130859375,472.75799560546875,359.6658630371094,547.0759887695312
77,2.0,50.0,267.1034240722656,472.8167724609375,362.5065002441406,547.9837646484375
78,2.0,50.0,268.3321228027344,472.7203674316406,364.4126892089844,549.0089111328125
79,2.0,50.0,268.94537353515625,472.0147705078125,366.2228088378906,549.2190551757812
80,2.0,50.0,269.5750732421875,471.35260009765625,368.6868591308594,549.6539916992188
81,2.0,50.0,272.0154724121094,471.0581359863281,372.0096740722656,550.5504760742188
82,2.0,50.0,274.0333251953125,471.25872802734375,374.40533447265625,551.0366821289062
83,2.0,50.0,276.4434814453125,471.1335754394531,376.2337951660156,551.8156127929688
84,2.0,50.0,277.1113586425781,470.8207092285156,378.7146911621094,552.5004272460938
85,2.0,50.0,277.6882019042969,470.7283630371094,382.0960388183594,554.1835327148438
86,2.0,50.0,278.3860778808594,470.8616638183594,385.5494384765625,555.585205078125
87,2.0,50.0,279.2372741699219,469.5218200683594,388.0725402832031,556.1383056640625
88,2.0,50.0,280.84375,468.2480163574219,390.99530029296875,557.4517211914062
89,2.0,50.0,281.7798767089844,466.6124572753906,394.1451416015625,558.2155151367188
90,2.0,50.0,282.9567565917969,465.7952575683594,398.0694274902344,558.766845703125
91,2.0,50.0,285.80438232421875,465.6742858886719,401.9104309082031,560.1026000976562
92,2.0,50.0,287.4879455566406,465.5819091796875,405.267333984375,560.7971801757812
93,2.0,50.0,288.1072692871094,464.53057861328125,409.0697021484375,561.1129150390625
94,2.0,50.0,287.93792724609375,464.311279296875,412.6781311035156,562.0094604492188
95,2.0,50.0,288.4346618652344,463.7164306640625,415.6156921386719,562.854248046875
96,2.0,50.0,288.59002685546875,463.3144836425781,419.5369873046875,563.6278686523438
97,2.0,50.0,291.0502014160156,462.69244384765625,423.95782470703125,564.97998046875
98,2.0,50.0,291.750244140625,462.35797119140625,426.8382873535156,566.60400390625
99,2.0,50.0,294.27642822265625,461.85162353515625,430.05169677734375,569.265869140625
100,2.0,50.0,297.1155700683594,461.99957275390625,434.7486877441406,570.9404296875
101,2.0,50.0,297.9942321777344,460.8616027832031,440.169921875,573.3281860351562
102,2.0,50.0,301.1492614746094,459.9800720214844,444.8837585449219,574.7853393554688
103,2.0,50.0,304.82049560546875,458.9152526855469,450.0223388671875,574.2318115234375
104,2.0,50.0,307.72003173828125,458.3411560058594,454.6391296386719,575.7035522460938
105,2.0,50.0,310.2893981933594,457.6165466308594,459.8096008300781,576.9256591796875
106,2.0,50.0,311.9508361816406,456.4017333984375,465.31585693359375,579.6520385742188
107,2.0,50.0,312.9791259765625,455.8262634277344,473.0631103515625,583.3450927734375
108,2.0,50.0,314.060546875,455.7184143066406,478.7411193847656,584.9852294921875
109,2.0,50.0,315.3951416015625,454.6802062988281,485.5408020019531,586.3736572265625
110,2.0,50.0,320.9993591308594,454.5657653808594,492.5741271972656,588.3615112304688
111,2.0,50.0,324.44061279296875,453.50079345703125,498.5104675292969,590.5830688476562
112,2.0,50.0,327.892822265625,452.74981689453125,505.435791015625,593.1007690429688
113,2.0,50.0,329.1360778808594,452.310546875,514.0602416992188,594.4824829101562
114,2.0,50.0,332.79229736328125,452.3075866699219,521.5908203125,597.5590209960938
115,2.0,50.0,336.0987548828125,451.5423889160156,530.3275146484375,601.0444946289062
116,2.0,50.0,337.3627014160156,450.7020568847656,540.2899780273438,604.9005126953125
117,2.0,50.0,339.2060546875,449.987548828125,549.5909423828125,607.0623168945312
118,2.0,50.0,343.8392639160156,447.3094177246094,559.9586791992188,610.2970581054688
119,2.0,50.0,349.0483703613281,447.4488830566406,570.5844116210938,613.4276123046875
120,2.0,50.0,354.544921875,445.46026611328125,581.5886840820312,617.1856689453125
121,2.0,50.0,358.73577880859375,442.7859802246094,593.5426025390625,620.911865234375
122,2.0,50.0,361.1045837402344,442.16607666015625,605.9706420898438,623.8980712890625
123,2.0,50.0,365.01885986328125,439.5487060546875,619.8631591796875,627.0628051757812
124,2.0,50.0,370.1272277832031,438.0391845703125,633.9195556640625,631.4948120117188
125,2.0,50.0,375.1419982910156,437.38433837890625,649.1456909179688,635.5761108398438
126,2.0,50.0,381.6372375488281,434.9803771972656,665.8853149414062,642.0834350585938
127,2.0,50.0,387.2193908691406,432.8667297363281,684.8213500976562,646.63916015625
128,2.0,50.0,393.99176025390625,429.4317932128906,701.8527221679688,650.9326782226562
129,2.0,50.0,400.5383605957031,426.9775695800781,723.8349609375,658.083984375
130,2.0,50.0,408.7207336425781,423.2687683105469,745.2582397460938,663.9803466796875
131,2.0,50.0,416.1904296875,421.0022888183594,770.2825317382812,671.7357788085938
132,2.0,50.0,425.505859375,420.22064208984375,797.7958984375,679.3092041015625
133,2.0,50.0,435.1557312011719,414.5902404785156,825.8172607421875,688.1734619140625
134,2.0,50.0,444.4028015136719,410.84954833984375,858.2575073242188,697.9353637695312
135,2.0,50.0,455.3125915527344,412.73248291015625,893.2943115234375,706.2388916015625
136,2.0,50.0,465.3922119140625,412.1068115234375,931.4229125976562,718.4759521484375
137,2.0,50.0,476.99444580078125,407.3500671386719,974.480712890625,731.012451171875
138,2.0,50.0,489.6341857910156,401.6560363769531,1021.5687255859375,744.0602416992188
139,2.0,50.0,505.9573669433594,397.1151123046875,1075.6640625,761.8508911132812
140,2.0,50.0,522.928466796875,391.30108642578125,1136.7147216796875,778.854736328125
141,2.0,50.0,539.6439208984375,385.6010437011719,1205.0592041015625,800.9194946289062
142,2.0,50.0,559.036376953125,378.0430603027344,1284.559814453125,825.1157836914062
143,2.0,50.0,579.311279296875,370.68682861328125,1374.862548828125,854.0784912109375
144,2.0,50.0,607.6845092773438,362.3243103027344,1481.914306640625,890.5249633789062
145,2.0,50.0,638.12744140625,353.5333557128906,1604.361083984375,929.9368286132812
146,2.0,50.0,672.209716796875,343.32122802734375,1748.2095947265625,982.0048828125
147,2.0,50.0,708.2868041992188,329.3246154785156,1873.07763671875,1040.0673828125
149,2.0,50.0,803.35205078125,296.8062438964844,1920.0,1080.0
150,2.0,50.0,868.787841796875,276.445068359375,1920.0,1080.0
151,2.0,50.0,941.992431640625,250.07952880859375,1920.0,1080.0
152,2.0,50.0,1029.4130859375,219.34072875976562,1920.0,1075.63720703125
153,2.0,50.0,1138.6494140625,188.15505981445312,1920.0,1076.9376220703125
154,2.0,50.0,1271.057373046875,177.24290466308594,1920.0,1077.6878662109375
