2,2.0,34.0,420.5050048828125,573.187255859375,519.0935668945312,648.4140625
3,2.0,34.0,420.7481384277344,572.1529541015625,519.4740600585938,648.3001708984375
4,2.0,34.0,421.8981628417969,572.4517211914062,519.846435546875,648.1331176757812
5,2.0,34.0,424.51824951171875,571.5082397460938,521.8505249023438,649.5429077148438
6,2.0,34.0,425.6142883300781,571.4882202148438,522.2144775390625,649.2313842773438
7,2.0,34.0,426.2713928222656,571.1927490234375,523.6795043945312,649.727294921875
8,2.0,34.0,426.4603271484375,571.3624877929688,524.6493530273438,650.2847900390625
9,2.0,34.0,426.95184326171875,571.1936645507812,525.5549926757812,650.8084716796875
10,2.0,34.0,428.06842041015625,571.0596313476562,526.6278686523438,650.8482055664062
11,2.0,34.0,428.65155029296875,570.5665283203125,528.8659057617188,651.6614990234375
12,2.0,34.0,429.7792053222656,570.2462768554688,530.5706176757812,652.1962890625
13,2.0,34.0,429.3095703125,570.6730346679688,531.9122314453125,654.1721801757812
14,2.0,34.0,430.8236083984375,570.9778442382812,532.7455444335938,654.8087158203125
15,2.0,34.0,431.5191345214844,570.6708984375,534.7412719726562,654.454345703125
16,2.0,34.0,432.4786682128906,570.7767333984375,537.7350463867188,655.09619140625
17,2.0,34.0,432.112060546875,570.4100952148438,539.6553955078125,655.6358642578125
18,2.0,34.0,432.33160400390625,569.7175903320312,540.9117431640625,655.89111328125
19,2.0,34.0,432.9337158203125,569.4144897460938,542.4962158203125,656.481689453125
20,2.0,34.0,433.34552001953125,568.7721557617188,544.621337890625,656.6758422851562
21,2.0,34.0,434.12567138671875,568.91748046875,545.2069091796875,656.5595703125
22,2.0,34.0,434.977294921875,569.124755859375,545.9015502929688,656.670166015625
23,2.0,34.0,435.80194091796875,569.7208862304688,547.301513671875,657.7083129882812
24,2.0,34.0,436.9481201171875,570.2489624023438,548.7454833984375,657.9683227539062
25,2.0,34.0,436.34051513671875,569.5501098632812,549.09033203125,657.715087890625
26,2.0,34.0,437.42413330078125,570.0682983398438,550.5980224609375,658.826904296875
27,2.0,34.0,438.2685546875,569.5277099609375,552.1170043945312,658.205810546875
28,2.0,34.0,439.2131652832031,569.5711059570312,554.97314453125,659.224365234375
29,2.0,34.0,440.0389099121094,568.8604125976562,557.4304809570312,659.7780151367188
30,2.0,34.0,440.0826721191406,568.4859008789062,560.5084228515625,660.2154541015625
31,2.0,34.0,440.4972229003906,567.5159912109375,563.190185546875,661.055419921875
32,2.0,34.0,443.502685546875,566.4862060546875,564.5182495117188,661.5926513671875
33,2.0,34.0,445.4476623535156,567.3602294921875,565.173095703125,662.63623046875
34,2.0,34.0,445.55291748046875,568.1314697265625,566.5800170898438,663.72265625
35,2.0,34.0,445.0030517578125,566.937255859375,568.8438720703125,665.279541015625
36,2.0,34.0,445.2200012207031,566.1531982421875,570.7318725585938,666.006103515625
37,2.0,34.0,445.17242431640625,565.8524169921875,573.4182739257812,666.972412109375
38,2.0,34.0,445.0313720703125,565.647216796875,575.760009765625,667.2807006835938
39,2.0,34.0,446.8220520019531,566.5684204101562,577.2598876953125,667.07421875
40,2.0,34.0,447.3031921386719,566.18408203125,579.004150390625,667.2337036132812
41,2.0,34.0,448.3068542480469,565.4674682617188,579.5020751953125,667.6473388671875
42,2.0,34.0,449.451171875,566.0762939453125,581.8995361328125,669.0850830078125
43,2.0,34.0,450.3144226074219,566.5189208984375,584.3325805664062,669.8047485351562
44,2.0,34.0,452.5201416015625,566.1356201171875,586.33056640625,670.2003173828125
45,2.0,34.0,454.2458801269531,566.5535278320312,589.6090087890625,670.4547729492188
46,2.0,34.0,455.7969055175781,565.5332641601562,593.4033203125,671.1988525390625
47,2.0,34.0,456.5331115722656,563.9600219726562,597.8779907226562,672.4786376953125
48,2.0,34.0,456.59893798828125,563.0984497070312,599.577392578125,672.7498168945312
49,2.0,34.0,457.13677978515625,562.560302734375,601.14599609375,673.0781860351562
50,2.0,34.0,457.1745300292969,562.5811157226562,601.837890625,674.4003295898438
51,2.0,34.0,457.6033935546875,562.352783203125,605.8341674804688,675.4396362304688
52,2.0,34.0,458.67449951171875,562.8871459960938,607.0670166015625,677.3359375
53,2.0,34.0,458.7405090332031,562.9620361328125,609.7738647460938,678.2915649414062
54,2.0,34.0,459.6750793457031,562.7886962890625,611.7506713867188,679.3092041015625
55,2.0,34.0,461.0679931640625,562.2061157226562,617.5545654296875,680.2835083007812
56,2.0,34.0,462.9413757324219,561.7801513671875,622.5527954101562,681.4358520507812
57,2.0,34.0,465.0718688964844,560.2794799804688,625.093994140625,682.366455078125
58,2.0,34.0,465.45562744140625,561.0393676757812,627.3768920898438,682.2855224609375
59,2.0,34.0,466.9011535644531,559.5234375,630.4054565429688,683.2809448242188
60,2.0,34.0,467.62457275390625,559.0325927734375,633.3507080078125,684.5341186523438
61,2.0,34.0,468.0647277832031,558.2094116210938,636.1647338867188,684.9976806640625
62,2.0,34.0,468.8047790527344,558.1810913085938,639.1817626953125,686.2198486328125
63,2.0,34.0,469.5833435058594,558.51318359375,644.1090698242188,688.6348876953125
64,2.0,34.0,471.1665954589844,558.6304931640625,647.6099243164062,691.0911865234375
65,2.0,34.0,471.8555603027344,558.7450561523438,650.0311889648438,692.6925659179688
66,2.0,34.0,475.10223388671875,558.5126953125,654.62255859375,693.5569458007812
67,2.0,34.0,476.62408447265625,558.6201782226562,658.500732421875,694.0311889648438
68,2.0,34.0,478.1472473144531,558.8573608398438,660.9102172851562,695.93212890625
69,2.0,34.0,479.3688049316406,556.5587768554688,666.5927734375,695.817138671875
76,2.0,34.0,488.4356994628906,538.9246215820312,699.1465454101562,703.816650390625
77,2.0,34.0,492.0031433105469,542.1054077148438,704.22265625,705.0186767578125
78,2.0,34.0,494.2591247558594,543.77685546875,710.0579833984375,706.4962768554688
79,2.0,34.0,497.58807373046875,549.0468139648438,714.9275512695312,708.7196655273438
80,2.0,34.0,501.3156433105469,548.3399047851562,720.361083984375,711.4771728515625
81,2.0,34.0,502.4187927246094,548.9383544921875,725.6250610351562,713.5328979492188
82,2.0,34.0,503.53778076171875,548.2899169921875,731.112548828125,715.5053100585938
83,2.0,34.0,506.71514892578125,548.921630859375,737.1862182617188,716.8838500976562
84,2.0,34.0,508.87518310546875,548.0552368164062,743.8649291992188,718.4629516601562
85,2.0,34.0,510.3897399902344,547.420166015625,750.4036254882812,719.9879760742188
86,2.0,34.0,512.9871215820312,547.0377197265625,758.0534057617188,720.6786499023438
87,2.0,34.0,514.7957763671875,545.3609619140625,765.8115234375,723.2220458984375
88,2.0,34.0,517.6471557617188,544.10205078125,774.3980712890625,725.1665649414062
89,2.0,34.0,520.8143310546875,544.5437622070312,781.6806640625,728.1187744140625
90,2.0,34.0,524.1617431640625,544.7725219726562,789.100830078125,730.9791870117188
91,2.0,34.0,526.0428466796875,543.6515502929688,796.3209838867188,733.092041015625
92,2.0,34.0,529.4727783203125,542.7379150390625,804.25341796875,735.6213989257812
93,2.0,34.0,532.6470947265625,541.9454345703125,813.1121215820312,736.9524536132812
94,2.0,34.0,536.300537109375,540.8855590820312,823.3760375976562,737.7088623046875
95,2.0,34.0,539.2386474609375,539.0333251953125,833.7247924804688,737.5726928710938
96,2.0,34.0,541.2693481445312,536.4032592773438,842.265625,738.9252319335938
97,2.0,34.0,543.9808959960938,534.498779296875,852.3388671875,742.259033203125
98,2.0,34.0,548.8731079101562,532.1978759765625,864.3736572265625,743.0092163085938
99,2.0,34.0,551.5346069335938,530.2816772460938,876.4794921875,749.939453125
100,2.0,34.0,554.5510864257812,529.7891845703125,887.748046875,753.8106689453125
101,2.0,34.0,558.0098266601562,529.0232543945312,898.4256591796875,757.5819091796875
102,2.0,34.0,561.0565185546875,528.0735473632812,912.5634765625,764.1384887695312
103,2.0,34.0,564.8499145507812,527.6483764648438,927.1632690429688,768.0464477539062
104,2.0,34.0,570.703369140625,527.3277587890625,941.0855102539062,771.0067749023438
105,2.0,34.0,575.6131591796875,526.1229858398438,953.9173583984375,776.7236938476562
106,2.0,34.0,579.6272583007812,524.2261352539062,970.135498046875,781.82666015625
107,2.0,34.0,584.4715576171875,521.9573974609375,985.6175537109375,785.8302001953125
108,2.0,34.0,589.1896362304688,520.7880249023438,1003.4293823242188,790.7305297851562
109,2.0,34.0,595.946533203125,518.9494018554688,1021.1514282226562,795.2821655273438
110,2.0,34.0,601.880859375,517.2996826171875,1041.5416259765625,802.5814208984375
111,2.0,34.0,607.8935546875,514.7755126953125,1060.34033203125,807.2756958007812
112,2.0,34.0,614.0501708984375,511.2568054199219,1081.5277099609375,814.5712890625
113,2.0,34.0,619.9755859375,506.3125,1104.3013916015625,819.4051513671875
114,2.0,34.0,626.8292846679688,503.7939453125,1127.931884765625,826.1465454101562
115,2.0,34.0,633.6854858398438,501.44329833984375,1152.911376953125,835.7532348632812
116,2.0,34.0,641.2514038085938,499.48114013671875,1178.5177001953125,840.4507446289062
117,2.0,34.0,649.7677001953125,496.1498718261719,1207.82568359375,851.445556640625
118,2.0,34.0,658.1686401367188,493.9248046875,1238.2391357421875,862.1207885742188
119,2.0,34.0,666.150146484375,492.1045227050781,1270.3990478515625,872.4998779296875
120,2.0,34.0,673.6394653320312,489.2993469238281,1303.103271484375,882.8138427734375
121,2.0,34.0,683.3413696289062,486.1417541503906,1339.77294921875,894.4050903320312
122,2.0,34.0,694.115966796875,482.9990234375,1378.42529296875,904.7897338867188
123,2.0,34.0,705.2354736328125,480.0721740722656,1423.4749755859375,917.1116943359375
124,2.0,34.0,715.3209838867188,477.48309326171875,1469.556640625,930.4556884765625
125,2.0,34.0,728.9578247070312,472.4154968261719,1519.863037109375,945.1620483398438
126,2.0,34.0,742.0068359375,467.8821716308594,1571.149658203125,960.0946655273438
127,2.0,34.0,754.9973754882812,462.6456298828125,1630.12939453125,980.5186767578125
128,2.0,34.0,779.771728515625,456.5478515625,1716.81689453125,1008.2849731445312
129,2.0,34.0,799.8856201171875,450.7200012207031,1796.917724609375,1034.972412109375
130,2.0,34.0,818.1640014648438,444.1326904296875,1876.378662109375,1057.142333984375
131,2.0,34.0,837.8504638671875,437.150390625,1920.0,1075.5843505859375
132,2.0,34.0,843.5488891601562,431.83258056640625,1920.0,1070.066162109375
133,2.0,34.0,858.6787109375,425.07666015625,1920.0,1070.3319091796875
134,2.0,34.0,881.4815673828125,416.8515930175781,1920.0,1071.0413818359375
136,2.0,34.0,934.2879638671875,394.88397216796875,1920.0,1069.7401123046875
137,2.0,34.0,960.0905151367188,384.1519470214844,1920.0,1070.9476318359375
138,2.0,34.0,992.4318237304688,370.2882995605469,1920.0,1071.24072265625
139,2.0,34.0,1028.9498291015625,354.9413146972656,1920.0,1068.5035400390625
140,2.0,34.0,1067.5963134765625,337.6358947753906,1920.0,1064.8489990234375
141,2.0,34.0,1111.6439208984375,322.5968322753906,1920.0,1065.8125
143,2.0,34.0,1207.287353515625,278.6575622558594,1920.0,1069.673095703125
145,2.0,34.0,1325.783935546875,264.0020751953125,1919.952880859375,1071.570068359375
146,2.0,34.0,1395.8267822265625,266.3385009765625,1920.0,1070.516845703125
147,2.0,34.0,1471.5091552734375,276.1836853027344,1919.9029541015625,1070.91796875
