77,2.0,143.0,344.6005554199219,539.8094482421875,390.93231201171875,574.1986694335938
78,2.0,143.0,345.22796630859375,540.214599609375,391.6139221191406,574.9463500976562
79,2.0,143.0,346.3474426269531,539.8541259765625,392.47686767578125,575.479248046875
80,2.0,143.0,346.6730651855469,538.9877319335938,393.3382263183594,575.6504516601562
81,2.0,143.0,346.1708984375,539.2896118164062,394.0383605957031,576.1612548828125
82,2.0,143.0,346.5984191894531,539.1484985351562,394.1018371582031,576.0166625976562
83,2.0,143.0,347.42987060546875,539.4573974609375,394.3630065917969,576.431640625
84,2.0,143.0,348.2868347167969,539.4296264648438,394.9923400878906,576.4588623046875
85,2.0,143.0,348.04827880859375,539.8089599609375,395.5709533691406,576.736572265625
86,2.0,143.0,348.369384765625,540.3807983398438,396.0423583984375,577.5453491210938
87,2.0,143.0,348.50543212890625,540.8167114257812,396.2964782714844,577.8466186523438
88,2.0,143.0,349.0530090332031,540.67138671875,396.2162780761719,577.9629516601562
89,2.0,143.0,349.3116455078125,540.6024780273438,396.3142395019531,577.9066772460938
90,2.0,143.0,349.1474304199219,540.374267578125,396.9091796875,577.654052734375
91,2.0,143.0,348.95526123046875,540.114501953125,399.9935302734375,577.7814331054688
92,2.0,143.0,349.3135681152344,540.3304443359375,401.55499267578125,577.9227905273438
93,2.0,143.0,349.7152099609375,539.8392333984375,403.39642333984375,578.4178466796875
94,2.0,143.0,349.8342590332031,539.201171875,404.70928955078125,578.6178588867188
95,2.0,143.0,349.8930969238281,538.9680786132812,405.3633728027344,579.0332641601562
96,2.0,143.0,350.3123474121094,538.8480834960938,405.86932373046875,579.8468017578125
97,2.0,143.0,350.9004821777344,538.6062622070312,406.66607666015625,580.0205078125
98,2.0,143.0,350.0409240722656,538.3726806640625,407.4814453125,580.5462646484375
99,2.0,143.0,349.3799743652344,538.166015625,408.0853576660156,581.041748046875
100,2.0,143.0,351.0032043457031,537.9797973632812,408.4439392089844,582.1013793945312
101,2.0,143.0,352.5702819824219,539.0762329101562,408.8216247558594,582.9187622070312
102,2.0,143.0,353.01763916015625,539.2564086914062,409.25994873046875,583.2549438476562
103,2.0,143.0,353.4571228027344,539.6127319335938,410.2998352050781,583.8405151367188
104,2.0,143.0,354.050537109375,539.52490234375,410.8570251464844,583.8911743164062
105,2.0,143.0,354.8531494140625,539.7192993164062,411.63812255859375,584.1581420898438
106,2.0,143.0,354.6075134277344,540.2808227539062,413.52886962890625,584.1973876953125
107,2.0,143.0,355.2560729980469,541.0613403320312,414.9813537597656,584.8917236328125
108,2.0,143.0,355.32525634765625,540.926513671875,415.85296630859375,585.3310546875
109,2.0,143.0,355.3206787109375,540.789794921875,417.3061218261719,585.5369873046875
110,2.0,143.0,356.0371398925781,543.1632080078125,419.0238342285156,586.0098876953125
111,2.0,143.0,356.0155334472656,542.2881469726562,419.85699462890625,586.8303833007812
112,2.0,143.0,356.5269775390625,542.7447509765625,422.1597595214844,587.091552734375
113,2.0,143.0,356.01025390625,541.5802612304688,422.1517639160156,587.40771484375
114,2.0,143.0,356.5977783203125,540.7083129882812,422.6627197265625,587.231689453125
115,2.0,143.0,356.9172058105469,543.10498046875,425.0688171386719,587.2567138671875
116,2.0,143.0,357.79302978515625,543.7344360351562,426.6751403808594,587.8319702148438
117,2.0,143.0,358.281982421875,543.3035888671875,427.6081237792969,588.557861328125
118,2.0,143.0,358.1692199707031,541.7622680664062,429.78289794921875,589.1761474609375
119,2.0,143.0,358.9407958984375,540.639892578125,431.3628234863281,589.4022216796875
120,2.0,143.0,360.1205749511719,540.8436889648438,432.4622497558594,589.9999389648438
121,2.0,143.0,361.3971252441406,539.6901245117188,433.16412353515625,589.2642211914062
122,2.0,143.0,361.4489440917969,538.4104614257812,433.8388671875,590.85205078125
123,2.0,143.0,361.7385559082031,538.5723266601562,435.3326416015625,591.210205078125
124,2.0,143.0,362.4405212402344,538.4124755859375,438.6756591796875,593.9476928710938
125,2.0,143.0,362.4491882324219,539.3548583984375,440.5848693847656,594.3016967773438
126,2.0,143.0,362.9593505859375,538.8402709960938,442.2731628417969,594.511474609375
127,2.0,143.0,363.6981506347656,538.5820922851562,444.0448303222656,594.2939453125
128,2.0,143.0,364.3752746582031,538.762939453125,445.5221252441406,595.2428588867188
129,2.0,143.0,364.96612548828125,537.9218139648438,447.084228515625,595.9239501953125
130,2.0,143.0,366.5468444824219,538.7348022460938,451.19805908203125,596.7783203125
131,2.0,143.0,367.2886657714844,538.4398803710938,453.2442932128906,597.3510131835938
132,2.0,143.0,368.701416015625,538.3693237304688,454.9823303222656,597.8453979492188
133,2.0,143.0,370.28033447265625,537.4019775390625,456.9738464355469,598.139892578125
134,2.0,143.0,371.73162841796875,534.937255859375,459.5533752441406,598.7637329101562
135,2.0,143.0,372.2786865234375,533.8109130859375,463.759033203125,600.33642578125
136,2.0,143.0,372.14215087890625,532.811767578125,466.4447326660156,601.17919921875
137,2.0,143.0,372.40966796875,532.783447265625,468.648681640625,602.0049438476562
138,2.0,143.0,374.1857604980469,532.5593872070312,471.2225341796875,602.8248291015625
139,2.0,143.0,373.5047302246094,533.1742553710938,474.45379638671875,604.7096557617188
140,2.0,143.0,374.6468200683594,533.2091674804688,476.7452087402344,606.0091552734375
141,2.0,143.0,375.9140930175781,532.9298706054688,479.27850341796875,607.5653686523438
142,2.0,143.0,376.7982482910156,532.2738647460938,483.6455078125,608.8684692382812
143,2.0,143.0,377.4246826171875,532.22607421875,487.43310546875,609.4511108398438
144,2.0,143.0,378.7390441894531,531.588623046875,491.9580383300781,610.3118896484375
145,2.0,143.0,379.7747802734375,530.7142333984375,494.5782775878906,612.2821655273438
146,2.0,143.0,382.97467041015625,529.22607421875,497.71270751953125,612.5849609375
147,2.0,143.0,382.9432373046875,528.7166748046875,503.3055114746094,614.9456176757812
148,2.0,143.0,384.41943359375,527.6871948242188,507.7406921386719,617.943115234375
149,2.0,143.0,385.642578125,527.7627563476562,510.8305969238281,619.344970703125
150,2.0,143.0,386.9798583984375,527.4337158203125,515.7991333007812,620.6210327148438
151,2.0,143.0,388.4187316894531,527.2546997070312,520.4666137695312,621.544921875
152,2.0,143.0,388.39739990234375,526.6134643554688,525.0326538085938,623.2733154296875
153,2.0,143.0,390.17523193359375,526.2649536132812,532.1300659179688,626.2208251953125
154,2.0,143.0,391.1705322265625,525.7401123046875,538.2855224609375,628.8226928710938
155,2.0,143.0,393.7251892089844,525.4329833984375,542.7429809570312,631.0333862304688
156,2.0,143.0,395.4662170410156,524.8482666015625,549.0911865234375,634.4521484375
157,2.0,143.0,396.51348876953125,524.3798828125,557.2072143554688,638.35302734375
158,2.0,143.0,397.5832214355469,523.9689331054688,563.8760375976562,642.2374267578125
159,2.0,143.0,399.7138977050781,523.6262817382812,572.8897705078125,643.903076171875
160,2.0,143.0,401.9850769042969,522.8795166015625,581.3382568359375,646.67529296875
161,2.0,143.0,403.7473449707031,522.8882446289062,589.9588623046875,648.867919921875
162,2.0,143.0,406.5857238769531,521.4901123046875,597.8675537109375,651.2837524414062
163,2.0,143.0,408.5325012207031,520.6535034179688,607.4319458007812,656.5858764648438
164,2.0,143.0,413.3554382324219,520.1980590820312,618.948486328125,659.6673583984375
165,2.0,143.0,414.807373046875,518.5696411132812,631.1709594726562,662.677734375
166,2.0,143.0,417.69317626953125,518.2794799804688,644.5242309570312,671.8419189453125
167,2.0,143.0,421.7058410644531,517.6507568359375,660.0590209960938,675.8278198242188
168,2.0,143.0,423.74700927734375,517.2684936523438,675.5800170898438,681.5291137695312
169,2.0,143.0,427.28790283203125,515.7908325195312,693.85009765625,686.047607421875
170,2.0,143.0,432.3114929199219,514.5545654296875,712.7915649414062,696.3800659179688
171,2.0,143.0,438.35009765625,514.5255737304688,733.1572265625,702.7072143554688
172,2.0,143.0,444.4939880371094,512.7025146484375,757.12841796875,708.3489379882812
173,2.0,143.0,452.0419616699219,509.6162109375,782.6307983398438,718.9785766601562
174,2.0,143.0,458.86395263671875,504.2509460449219,811.6266479492188,727.6483764648438
175,2.0,143.0,466.1728515625,502.1574401855469,845.0678100585938,740.7921752929688
176,2.0,143.0,473.9150695800781,500.8470458984375,883.767333984375,752.6398315429688
177,2.0,143.0,484.1546325683594,498.0893249511719,928.7904052734375,770.1295166015625
178,2.0,143.0,493.84814453125,492.17596435546875,981.5526123046875,790.930908203125
179,2.0,143.0,504.1171875,486.7669372558594,1046.237060546875,814.0225219726562
180,2.0,143.0,518.8569946289062,481.3216857910156,1122.640869140625,846.138916015625
181,2.0,143.0,533.6787109375,474.1858825683594,1217.1575927734375,880.7405395507812
182,2.0,143.0,549.0082397460938,465.9954528808594,1335.1763916015625,923.4347534179688
183,2.0,143.0,569.388427734375,457.8817443847656,1487.2886962890625,979.7154541015625
184,2.0,143.0,595.8111572265625,446.59136962890625,1671.5218505859375,1040.9808349609375
185,2.0,143.0,623.3950805664062,428.21246337890625,1836.992919921875,1065.5352783203125
186,2.0,143.0,662.4590454101562,413.7641906738281,1906.830078125,1076.5107421875
187,2.0,143.0,712.8369140625,394.36590576171875,1920.0,1077.7740478515625
188,2.0,143.0,775.5575561523438,361.65899658203125,1920.0,1076.3865966796875
189,2.0,143.0,860.1284790039062,317.0968933105469,1920.0,1076.525390625
190,2.0,143.0,977.2842407226562,271.88531494140625,1920.0,1076.0455322265625
192,2.0,143.0,1449.4920654296875,482.4947204589844,1920.0,1077.5362548828125
