4,2.0,122.0,157.3861541748047,382.0902099609375,216.17845153808594,420.9785461425781
5,2.0,122.0,157.2045135498047,381.5472106933594,216.2490234375,421.6191711425781
6,2.0,122.0,156.8395538330078,381.2821044921875,217.72726440429688,422.1537170410156
7,2.0,122.0,156.40626525878906,382.3075256347656,217.80075073242188,422.4854736328125
8,2.0,122.0,156.29295349121094,382.6617736816406,219.17774963378906,423.1601257324219
9,2.0,122.0,156.2183380126953,382.899169921875,220.0711669921875,423.58770751953125
10,2.0,122.0,156.0958251953125,382.6681823730469,221.27523803710938,423.5464782714844
11,2.0,122.0,156.40330505371094,382.5382385253906,221.32859802246094,424.1357421875
12,2.0,122.0,156.6008758544922,382.66082763671875,220.81007385253906,424.7029724121094
13,2.0,122.0,156.93209838867188,382.5282897949219,220.0385284423828,425.41571044921875
14,2.0,122.0,157.0230255126953,382.20111083984375,219.97218322753906,425.8490905761719
15,2.0,122.0,157.32080078125,381.97705078125,219.7682647705078,425.95330810546875
16,2.0,122.0,157.2888641357422,381.2794494628906,219.25758361816406,426.23602294921875
17,2.0,122.0,157.12557983398438,381.2320861816406,219.65489196777344,426.40509033203125
18,2.0,122.0,157.3144073486328,380.8418273925781,220.38710021972656,425.982666015625
19,2.0,122.0,157.76300048828125,380.888671875,220.6597442626953,425.76416015625
20,2.0,122.0,157.557373046875,380.8815612792969,220.81314086914062,426.31671142578125
21,2.0,122.0,157.3480682373047,380.6482849121094,221.22654724121094,426.655517578125
22,2.0,122.0,157.35061645507812,380.66033935546875,221.6719970703125,426.90966796875
23,2.0,122.0,157.3590545654297,380.6032409667969,222.24188232421875,427.11761474609375
24,2.0,122.0,157.3522186279297,380.479248046875,223.40794372558594,427.37359619140625
25,2.0,122.0,157.5549774169922,380.5684509277344,224.21958923339844,427.2813720703125
26,2.0,122.0,157.896728515625,379.7879943847656,225.8745880126953,427.6802673339844
27,2.0,122.0,158.09466552734375,379.7624816894531,226.2865753173828,427.9105224609375
28,2.0,122.0,157.96298217773438,380.3457336425781,226.8917999267578,427.9470520019531
29,2.0,122.0,157.72108459472656,380.5210876464844,227.9127960205078,427.8329772949219
30,2.0,122.0,157.43960571289062,379.3580322265625,228.28050231933594,427.5181884765625
31,2.0,122.0,157.1920928955078,378.6002197265625,228.99685668945312,427.3509521484375
32,2.0,122.0,157.48875427246094,379.2711486816406,229.50747680664062,426.9908447265625
33,2.0,122.0,157.8127899169922,379.5846252441406,230.173095703125,427.1650085449219
34,2.0,122.0,158.45565795898438,379.6817321777344,231.0091552734375,427.52252197265625
35,2.0,122.0,158.87109375,379.6598205566406,231.62339782714844,428.08966064453125
36,2.0,122.0,159.31085205078125,379.5751037597656,231.5917205810547,428.3370056152344
37,2.0,122.0,159.63836669921875,379.191650390625,231.38565063476562,428.48907470703125
38,2.0,122.0,160.72215270996094,378.93414306640625,231.39630126953125,428.75396728515625
39,2.0,122.0,161.05960083007812,379.3376770019531,231.64625549316406,428.86456298828125
40,2.0,122.0,161.2018280029297,379.82965087890625,231.89511108398438,428.401123046875
41,2.0,122.0,161.33895874023438,379.83892822265625,232.25437927246094,428.1603698730469
42,2.0,122.0,161.6026153564453,379.82684326171875,232.641357421875,428.44921875
43,2.0,122.0,162.08493041992188,379.8062438964844,233.19793701171875,428.551025390625
44,2.0,122.0,161.4563751220703,379.4541931152344,235.2972869873047,429.0846252441406
45,2.0,122.0,161.54598999023438,379.42950439453125,236.4965057373047,429.43609619140625
46,2.0,122.0,161.6771697998047,378.34381103515625,238.1196746826172,430.73382568359375
47,2.0,122.0,161.529052734375,378.2878112792969,239.39979553222656,431.6902770996094
48,2.0,122.0,161.2854461669922,376.8271789550781,240.48069763183594,432.5398864746094
49,2.0,122.0,161.71875,376.0674133300781,240.62322998046875,432.6433410644531
50,2.0,122.0,161.6713104248047,375.53564453125,241.51193237304688,433.001708984375
51,2.0,122.0,161.6417236328125,375.2109375,242.33682250976562,433.3957214355469
52,2.0,122.0,162.08111572265625,374.7581787109375,242.30810546875,434.0346984863281
53,2.0,122.0,162.56642150878906,374.5985412597656,243.20077514648438,434.8525695800781
54,2.0,122.0,163.0449676513672,374.8425598144531,244.11709594726562,435.5439147949219
55,2.0,122.0,163.67137145996094,374.94696044921875,246.029296875,436.3153076171875
56,2.0,122.0,163.50326538085938,374.8383483886719,247.53555297851562,436.29986572265625
57,2.0,122.0,163.7028045654297,374.69952392578125,248.64138793945312,435.9469909667969
58,2.0,122.0,163.8489990234375,374.9783935546875,250.51065063476562,436.5379943847656
59,2.0,122.0,163.76475524902344,375.070556640625,251.8766632080078,437.04034423828125
60,2.0,122.0,163.74700927734375,375.25604248046875,252.86793518066406,437.8709716796875
61,2.0,122.0,164.59544372558594,375.0508117675781,253.62387084960938,438.685546875
62,2.0,122.0,164.9014434814453,375.0908508300781,254.5645294189453,439.3642578125
63,2.0,122.0,165.44207763671875,375.10357666015625,255.6863555908203,439.6226501464844
64,2.0,122.0,166.16270446777344,374.959716796875,256.20037841796875,439.5474548339844
65,2.0,122.0,166.4130401611328,375.270263671875,257.6240234375,440.2659912109375
66,2.0,122.0,166.61399841308594,375.381591796875,258.29937744140625,440.6638488769531
67,2.0,122.0,166.7556915283203,375.6011657714844,258.7231750488281,441.05828857421875
68,2.0,122.0,166.68826293945312,375.30853271484375,258.6598205566406,441.5081787109375
69,2.0,122.0,166.26834106445312,375.0880126953125,259.16839599609375,441.7656555175781
70,2.0,122.0,166.34169006347656,374.6825256347656,261.0307312011719,441.8096618652344
71,2.0,122.0,166.27003479003906,374.4412536621094,262.1073303222656,442.0157775878906
72,2.0,122.0,167.0784454345703,376.5585632324219,262.3035888671875,442.8551330566406
73,2.0,122.0,168.15484619140625,376.37738037109375,264.2103271484375,443.97479248046875
74,2.0,122.0,168.67323303222656,376.8782958984375,265.7458801269531,445.13629150390625
75,2.0,122.0,169.15380859375,377.3154296875,266.78729248046875,446.10064697265625
76,2.0,122.0,169.14382934570312,377.0234375,268.13909912109375,446.5592346191406
77,2.0,122.0,169.47068786621094,376.44110107421875,268.6376953125,446.9154968261719
78,2.0,122.0,169.45184326171875,376.16278076171875,269.0626220703125,448.42352294921875
79,2.0,122.0,169.75808715820312,376.084228515625,271.5006103515625,449.91314697265625
80,2.0,122.0,170.2651824951172,375.3121032714844,272.6302490234375,450.2331848144531
81,2.0,122.0,171.36273193359375,374.73223876953125,274.5130920410156,450.61370849609375
82,2.0,122.0,171.7041778564453,374.4902038574219,275.6131286621094,450.604248046875
83,2.0,122.0,171.67666625976562,374.4368896484375,276.7288818359375,451.1480712890625
84,2.0,122.0,171.58489990234375,374.7213134765625,278.353515625,451.9441833496094
85,2.0,122.0,171.68309020996094,374.92657470703125,279.16717529296875,452.76336669921875
86,2.0,122.0,172.37106323242188,374.7682189941406,280.7876892089844,453.42840576171875
87,2.0,122.0,172.26182556152344,375.0183410644531,282.2762756347656,453.8728942871094
88,2.0,122.0,173.20083618164062,374.96868896484375,284.3553161621094,454.052490234375
89,2.0,122.0,174.1845703125,375.1714172363281,285.6924133300781,454.4128723144531
90,2.0,122.0,175.22052001953125,375.32867431640625,286.5922546386719,453.8398742675781
91,2.0,122.0,175.68067932128906,376.2443542480469,287.680419921875,453.3763732910156
92,2.0,122.0,175.68260192871094,376.38763427734375,288.7092590332031,454.28277587890625
93,2.0,122.0,175.36593627929688,375.80316162109375,291.1730041503906,455.43988037109375
94,2.0,122.0,175.77735900878906,375.1717529296875,292.71881103515625,456.389404296875
95,2.0,122.0,176.993896484375,374.9560241699219,294.71746826171875,457.4450988769531
96,2.0,122.0,178.55946350097656,374.3099060058594,297.558349609375,457.80078125
97,2.0,122.0,178.2425079345703,372.8354187011719,300.774658203125,458.4698791503906
98,2.0,122.0,178.8083038330078,372.703125,303.4702453613281,460.4914855957031
99,2.0,122.0,180.0478515625,372.3670959472656,304.45062255859375,461.5375061035156
100,2.0,122.0,179.7696533203125,371.4288330078125,306.0227966308594,462.63092041015625
101,2.0,122.0,179.5450897216797,370.7890625,307.5634765625,464.54443359375
102,2.0,122.0,180.01380920410156,370.5336608886719,310.2806091308594,465.8490905761719
103,2.0,122.0,179.59307861328125,370.1717529296875,313.3243713378906,466.2354736328125
104,2.0,122.0,179.72091674804688,369.2945251464844,315.4037780761719,466.5760192871094
105,2.0,122.0,180.33364868164062,369.5120849609375,317.486083984375,467.8961486816406
106,2.0,122.0,181.4476318359375,369.6011047363281,318.906494140625,468.95538330078125
107,2.0,122.0,183.06298828125,369.72174072265625,322.9293518066406,469.79766845703125
108,2.0,122.0,184.01531982421875,369.7933654785156,325.70928955078125,471.54156494140625
109,2.0,122.0,185.3238525390625,370.210693359375,327.3211364746094,473.2811279296875
110,2.0,122.0,185.9736328125,370.5965270996094,328.8260192871094,473.21014404296875
111,2.0,122.0,186.2467498779297,371.3455505371094,331.36676025390625,474.9319763183594
112,2.0,122.0,187.189453125,372.23724365234375,335.35357666015625,475.9300842285156
113,2.0,122.0,186.63809204101562,372.4005126953125,338.4729919433594,477.41363525390625
114,2.0,122.0,186.8248748779297,370.95562744140625,340.49993896484375,478.58758544921875
115,2.0,122.0,187.23147583007812,370.37542724609375,343.59228515625,479.2327575683594
116,2.0,122.0,188.4415283203125,370.0916748046875,346.4875793457031,479.7437438964844
117,2.0,122.0,190.0554962158203,370.07403564453125,350.6951599121094,482.5981140136719
118,2.0,122.0,190.5392303466797,369.3544616699219,352.7806701660156,482.9331970214844
119,2.0,122.0,191.81114196777344,368.72027587890625,357.503173828125,487.2037048339844
120,2.0,122.0,191.8004608154297,368.1600646972656,359.96490478515625,489.19427490234375
121,2.0,122.0,192.03440856933594,368.26190185546875,361.2113037109375,490.3284912109375
122,2.0,122.0,193.73004150390625,369.2022705078125,365.34246826171875,492.0498962402344
123,2.0,122.0,193.44863891601562,369.1667175292969,370.3202209472656,495.15789794921875
124,2.0,122.0,194.79721069335938,369.6217956542969,374.9389953613281,497.1823425292969
125,2.0,122.0,196.31350708007812,369.8458251953125,379.72381591796875,499.6601257324219
126,2.0,122.0,197.72947692871094,369.6546325683594,384.3435974121094,500.269287109375
127,2.0,122.0,197.90835571289062,369.4017028808594,388.0830383300781,501.8375549316406
128,2.0,122.0,198.9207000732422,369.35540771484375,391.7499084472656,501.7738037109375
129,2.0,122.0,200.62429809570312,368.93084716796875,396.4778137207031,505.225830078125
130,2.0,122.0,201.5312042236328,368.8987121582031,400.2817077636719,506.82928466796875
131,2.0,122.0,202.36138916015625,368.55401611328125,407.3636779785156,509.33489990234375
132,2.0,122.0,202.45643615722656,368.1098327636719,412.7364807128906,512.2449951171875
133,2.0,122.0,203.72854614257812,368.1125183105469,420.49859619140625,515.2554931640625
134,2.0,122.0,204.79421997070312,367.89324951171875,426.9801330566406,517.6773071289062
135,2.0,122.0,207.98861694335938,368.71759033203125,431.5661315917969,520.9807739257812
136,2.0,122.0,210.23838806152344,369.1544494628906,436.0702819824219,524.301513671875
137,2.0,122.0,210.48007202148438,368.6333923339844,441.1067199707031,526.3052368164062
138,2.0,122.0,212.31788635253906,369.01702880859375,447.6930847167969,528.5986938476562
139,2.0,122.0,213.88235473632812,368.98748779296875,454.9397277832031,531.794921875
140,2.0,122.0,214.51773071289062,368.7025451660156,462.1806335449219,535.6752319335938
141,2.0,122.0,214.50015258789062,368.0987548828125,470.4553527832031,539.8084106445312
142,2.0,122.0,216.38148498535156,367.496826171875,476.0483093261719,541.5577392578125
143,2.0,122.0,217.92945861816406,366.53997802734375,482.59765625,545.0756225585938
144,2.0,122.0,220.17138671875,365.50421142578125,492.1190490722656,550.826416015625
145,2.0,122.0,222.6302032470703,365.4827880859375,501.39288330078125,554.2232666015625
146,2.0,122.0,223.37083435058594,364.5002746582031,509.6284484863281,558.2758178710938
147,2.0,122.0,225.6575164794922,364.2629089355469,519.5716552734375,562.4202270507812
148,2.0,122.0,227.96795654296875,364.3247985839844,529.2431030273438,565.087158203125
149,2.0,122.0,230.16041564941406,363.5648498535156,541.1296997070312,569.9053344726562
150,2.0,122.0,232.69448852539062,363.2068786621094,551.670166015625,576.5172119140625
151,2.0,122.0,236.77796936035156,361.0852355957031,565.1918334960938,583.1089477539062
152,2.0,122.0,238.96319580078125,360.18145751953125,577.579345703125,588.3009033203125
153,2.0,122.0,240.62318420410156,359.01727294921875,593.1022338867188,593.1986083984375
154,2.0,122.0,242.16184997558594,357.73895263671875,605.7562866210938,602.0256958007812
155,2.0,122.0,246.3191375732422,357.5685729980469,620.2033081054688,608.187744140625
156,2.0,122.0,250.18177795410156,356.6509704589844,637.7156372070312,613.3388061523438
157,2.0,122.0,250.99588012695312,355.325927734375,653.4302978515625,618.0816040039062
158,2.0,122.0,255.2972412109375,354.539794921875,672.2808837890625,629.8399658203125
159,2.0,122.0,259.6035461425781,354.524169921875,694.9033203125,637.5792236328125
160,2.0,122.0,262.81927490234375,354.5887451171875,716.8607177734375,647.7425537109375
161,2.0,122.0,266.4039611816406,355.38153076171875,740.2081298828125,657.3192138671875
162,2.0,122.0,271.43145751953125,354.0550231933594,763.7425537109375,670.39404296875
163,2.0,122.0,273.87213134765625,354.60675048828125,791.44189453125,683.9515380859375
164,2.0,122.0,278.7117614746094,354.0645446777344,821.630859375,698.6758422851562
165,2.0,122.0,283.3785400390625,352.4559020996094,854.564697265625,713.9060668945312
166,2.0,122.0,289.9236755371094,349.0073547363281,891.0829467773438,728.0543823242188
167,2.0,122.0,294.61492919921875,346.77081298828125,931.1089477539062,745.7119140625
168,2.0,122.0,302.06182861328125,344.580322265625,977.2787475585938,766.8861083984375
169,2.0,122.0,309.9052734375,343.2934265136719,1028.697021484375,789.4765625
170,2.0,122.0,317.53607177734375,342.4432678222656,1085.332275390625,814.3313598632812
171,2.0,122.0,325.637451171875,339.3158874511719,1146.7310791015625,842.5003051757812
172,2.0,122.0,334.1163330078125,337.62823486328125,1220.0115966796875,874.412353515625
173,2.0,122.0,343.3581237792969,335.24603271484375,1301.1986083984375,915.9266357421875
174,2.0,122.0,353.8696594238281,334.79547119140625,1393.2398681640625,964.4390258789062
175,2.0,122.0,365.8905334472656,334.41748046875,1510.347412109375,1020.4953002929688
176,2.0,122.0,378.7765197753906,331.60198974609375,1614.5595703125,1058.1827392578125
177,2.0,122.0,391.1866760253906,329.5830383300781,1753.499267578125,1075.5499267578125
178,2.0,122.0,408.6078186035156,327.62872314453125,1872.9449462890625,1080.0
179,2.0,122.0,405.39556884765625,321.5397644042969,1917.323486328125,1080.0
180,2.0,122.0,434.1246337890625,318.6725158691406,1920.0,1080.0
181,2.0,122.0,466.2760009765625,312.7641906738281,1920.0,1079.96923828125
182,2.0,122.0,495.7980041503906,305.2127990722656,1920.0,1076.1993408203125
183,2.0,122.0,524.0205078125,297.79144287109375,1920.0,1074.92626953125
184,2.0,122.0,560.2365112304688,292.23712158203125,1920.0,1073.41748046875
185,2.0,122.0,598.839111328125,285.2162170410156,1920.0,1072.1556396484375
186,2.0,122.0,642.0040283203125,277.0390930175781,1920.0,1072.451904296875
187,2.0,122.0,693.5628662109375,272.13043212890625,1920.0,1071.749267578125
188,2.0,122.0,758.878662109375,267.54473876953125,1920.0,1072.3720703125
189,2.0,122.0,836.20458984375,281.44757080078125,1920.0,1072.220458984375
193,2.0,122.0,1458.7857666015625,659.8636474609375,1920.0,1072.9193115234375
