11,2.0,124.0,359.4710998535156,564.1546630859375,413.025634765625,595.4346923828125
12,2.0,124.0,359.7767333984375,563.2509155273438,413.3389587402344,595.4302368164062
13,2.0,124.0,359.1877136230469,562.4182739257812,413.9231872558594,595.5771484375
14,2.0,124.0,358.4110107421875,562.40576171875,414.3976135253906,595.909423828125
15,2.0,124.0,358.698486328125,562.6869506835938,415.33172607421875,596.5680541992188
16,2.0,124.0,359.50738525390625,561.8152465820312,416.4237976074219,596.6348266601562
17,2.0,124.0,360.2790832519531,561.417724609375,417.3921813964844,596.4667358398438
18,2.0,124.0,359.932373046875,560.4080810546875,418.18170166015625,596.5189208984375
19,2.0,124.0,359.5550231933594,560.6778564453125,418.4735107421875,596.5020751953125
20,2.0,124.0,360.0682678222656,560.5484008789062,418.4349365234375,596.4933471679688
21,2.0,124.0,360.3850402832031,560.4917602539062,418.2587585449219,596.6773681640625
22,2.0,124.0,360.1344909667969,559.8054809570312,418.4788818359375,597.4141235351562
23,2.0,124.0,361.5920715332031,559.2195434570312,418.798095703125,597.947265625
24,2.0,124.0,362.2040100097656,558.5729370117188,419.9777526855469,598.5237426757812
25,2.0,124.0,363.29791259765625,558.4465942382812,420.2696228027344,598.780029296875
26,2.0,124.0,363.1133117675781,558.4447021484375,420.9108581542969,599.015625
27,2.0,124.0,363.43621826171875,558.8427734375,421.0265197753906,598.9164428710938
28,2.0,124.0,363.393798828125,559.0291748046875,420.8465881347656,599.2453002929688
29,2.0,124.0,362.8833312988281,559.0518798828125,420.8544006347656,599.3988037109375
30,2.0,124.0,363.3161315917969,560.1285400390625,420.8851623535156,599.631103515625
31,2.0,124.0,363.6510009765625,560.0144653320312,421.4018859863281,600.1947021484375
32,2.0,124.0,363.5517883300781,560.0537719726562,421.9899597167969,600.1294555664062
33,2.0,124.0,363.371826171875,559.7674560546875,422.5745849609375,600.332275390625
34,2.0,124.0,364.73577880859375,560.1435546875,422.5628967285156,600.3026733398438
35,2.0,124.0,364.9803161621094,559.475341796875,423.2919921875,600.7457275390625
36,2.0,124.0,365.1803283691406,559.868896484375,424.73065185546875,600.9114379882812
37,2.0,124.0,364.560546875,560.9381713867188,426.34381103515625,601.3604736328125
38,2.0,124.0,364.7872619628906,560.9481201171875,427.285400390625,601.4507446289062
39,2.0,124.0,366.3907775878906,560.7884521484375,427.2652893066406,601.5259399414062
40,2.0,124.0,368.03851318359375,559.889404296875,428.0164489746094,601.3697509765625
41,2.0,124.0,368.1688537597656,559.53125,428.42767333984375,601.3358764648438
42,2.0,124.0,367.6269836425781,559.2630615234375,429.4745178222656,601.61279296875
43,2.0,124.0,367.72869873046875,558.485595703125,430.1746520996094,601.8653564453125
44,2.0,124.0,368.6028137207031,558.873291015625,430.6768798828125,602.2081909179688
45,2.0,124.0,368.5200500488281,558.6770629882812,430.8203430175781,602.67724609375
46,2.0,124.0,369.7083740234375,557.6085815429688,432.0080261230469,603.4374389648438
47,2.0,124.0,370.1664733886719,557.68701171875,432.4185791015625,603.3157958984375
48,2.0,124.0,370.16876220703125,557.42626953125,432.9692687988281,603.1697387695312
49,2.0,124.0,370.08978271484375,557.4000244140625,433.447998046875,603.0254516601562
50,2.0,124.0,369.3119201660156,557.2247314453125,433.8493957519531,603.1303100585938
51,2.0,124.0,368.7869567871094,557.2628173828125,434.2960510253906,603.0443725585938
52,2.0,124.0,369.1529235839844,556.6993408203125,435.48956298828125,603.5055541992188
53,2.0,124.0,369.6911315917969,556.1847534179688,434.9983825683594,603.2277221679688
54,2.0,124.0,370.4888000488281,555.3938598632812,434.9283447265625,603.0530395507812
55,2.0,124.0,371.2236633300781,555.1220703125,434.8389587402344,603.5226440429688
56,2.0,124.0,371.4421691894531,554.8701171875,435.1246643066406,604.587646484375
57,2.0,124.0,371.5654296875,555.0858154296875,436.125732421875,605.4807739257812
58,2.0,124.0,371.56610107421875,555.4976806640625,437.5086975097656,606.3088989257812
59,2.0,124.0,372.19158935546875,555.4974975585938,438.7148132324219,606.4967041015625
60,2.0,124.0,371.7137145996094,555.800537109375,439.34088134765625,607.0149536132812
61,2.0,124.0,373.3856506347656,555.5694580078125,440.0338134765625,607.5695190429688
62,2.0,124.0,373.7588806152344,555.5200805664062,440.5532531738281,607.515869140625
63,2.0,124.0,373.5588073730469,555.4303588867188,441.1257019042969,607.3277587890625
64,2.0,124.0,374.0677185058594,554.6180419921875,442.1823425292969,607.472900390625
65,2.0,124.0,374.4007873535156,553.8250122070312,443.2485656738281,607.628173828125
66,2.0,124.0,374.4789733886719,553.2593383789062,444.13397216796875,607.4727783203125
67,2.0,124.0,375.2708740234375,553.2664794921875,445.9473571777344,607.1239624023438
68,2.0,124.0,375.7726745605469,552.7432861328125,447.0660705566406,606.8385009765625
69,2.0,124.0,376.0229797363281,552.9048461914062,447.442138671875,607.2286376953125
70,2.0,124.0,376.0968017578125,553.3363037109375,448.0155944824219,608.636474609375
71,2.0,124.0,376.78973388671875,553.1073608398438,448.2467346191406,608.3448486328125
72,2.0,124.0,376.3309631347656,553.6556396484375,449.016845703125,609.5211181640625
73,2.0,124.0,376.39288330078125,553.3931274414062,449.6298522949219,610.2616577148438
74,2.0,124.0,377.33966064453125,553.1326904296875,451.23614501953125,610.4190673828125
75,2.0,124.0,377.5072326660156,552.7686157226562,451.5872802734375,610.7821655273438
76,2.0,124.0,377.6416015625,553.397705078125,452.84051513671875,611.0015258789062
77,2.0,124.0,378.4031982421875,552.8057250976562,454.1688537597656,610.4727783203125
78,2.0,124.0,378.8936462402344,551.4468994140625,455.3271789550781,610.4319458007812
79,2.0,124.0,379.30108642578125,550.921142578125,456.0054016113281,610.7771606445312
80,2.0,124.0,379.6368713378906,550.5772705078125,457.6808776855469,611.3011474609375
81,2.0,124.0,380.32818603515625,550.5573120117188,459.0532531738281,611.5490112304688
82,2.0,124.0,381.08056640625,550.845703125,459.51336669921875,612.5514526367188
83,2.0,124.0,381.0050964355469,550.868408203125,459.86846923828125,613.2410888671875
84,2.0,124.0,381.2446594238281,551.2047119140625,460.1124572753906,613.7432861328125
85,2.0,124.0,381.0938415527344,551.1685180664062,460.5393981933594,613.7933959960938
86,2.0,124.0,381.6411437988281,551.2600708007812,462.9520568847656,615.0556030273438
87,2.0,124.0,382.43841552734375,551.4798583984375,464.0357971191406,615.87646484375
88,2.0,124.0,383.3802490234375,551.5179443359375,464.59124755859375,616.965576171875
89,2.0,124.0,383.5252380371094,551.5574951171875,465.89031982421875,618.1812133789062
90,2.0,124.0,384.1397705078125,551.60400390625,467.32366943359375,618.6163940429688
91,2.0,124.0,383.9107666015625,552.8904418945312,469.3517761230469,618.8133544921875
92,2.0,124.0,383.31500244140625,554.117919921875,471.71435546875,619.7072143554688
93,2.0,124.0,383.6770935058594,553.7230224609375,471.8853759765625,619.7291870117188
94,2.0,124.0,383.7574768066406,552.8731079101562,473.3400573730469,620.5359497070312
95,2.0,124.0,384.376708984375,552.144775390625,474.3653564453125,620.8992309570312
96,2.0,124.0,384.4168701171875,552.0264892578125,475.5615234375,621.8280029296875
97,2.0,124.0,384.1012268066406,551.7838745117188,476.8142395019531,622.4276123046875
98,2.0,124.0,384.5368957519531,551.4481811523438,477.6841125488281,622.2562866210938
99,2.0,124.0,384.8798522949219,551.3916015625,478.4160461425781,621.9714965820312
100,2.0,124.0,384.7662658691406,551.3508911132812,479.17486572265625,622.5148315429688
101,2.0,124.0,387.0686950683594,551.6680297851562,482.42071533203125,624.3773803710938
102,2.0,124.0,385.06683349609375,551.7979125976562,483.0515441894531,624.1264038085938
103,2.0,124.0,385.4502868652344,551.841064453125,485.2637939453125,624.08544921875
104,2.0,124.0,386.78460693359375,551.6051025390625,486.46795654296875,624.4489135742188
105,2.0,124.0,387.44671630859375,551.3116455078125,488.4888916015625,624.7280883789062
106,2.0,124.0,386.6562805175781,551.4967041015625,490.5025939941406,626.0140991210938
107,2.0,124.0,386.653076171875,551.451171875,491.93377685546875,627.9575805664062
108,2.0,124.0,388.3945617675781,551.1137084960938,493.4103698730469,628.2559814453125
109,2.0,124.0,389.0981750488281,550.9979248046875,494.7929382324219,628.2220458984375
110,2.0,124.0,390.34381103515625,550.568115234375,496.3507080078125,629.3177490234375
111,2.0,124.0,391.767578125,550.3773803710938,498.50726318359375,631.4518432617188
112,2.0,124.0,391.5312194824219,550.02734375,501.1246337890625,633.1431884765625
113,2.0,124.0,392.7392272949219,548.638671875,502.8895263671875,633.9418334960938
114,2.0,124.0,391.84820556640625,548.5804443359375,506.03753662109375,634.250244140625
115,2.0,124.0,393.5345458984375,548.4719848632812,509.18890380859375,634.5865478515625
116,2.0,124.0,392.5370788574219,548.9880981445312,511.38848876953125,635.31591796875
117,2.0,124.0,393.57916259765625,549.2115478515625,511.66461181640625,635.571533203125
118,2.0,124.0,395.1255187988281,549.1383056640625,513.5413818359375,636.0243530273438
119,2.0,124.0,395.1849670410156,549.5529174804688,516.194580078125,636.3187255859375
120,2.0,124.0,396.3372802734375,549.1768188476562,518.1785888671875,636.5244750976562
121,2.0,124.0,396.140380859375,549.0813598632812,520.0835571289062,636.9427490234375
122,2.0,124.0,396.30487060546875,549.0792846679688,521.4443969726562,638.0057373046875
123,2.0,124.0,396.0114440917969,548.6931762695312,523.1318359375,639.2391357421875
124,2.0,124.0,396.8548889160156,548.1492919921875,527.5115966796875,639.353515625
125,2.0,124.0,398.5065612792969,547.8562622070312,531.093994140625,641.1947631835938
126,2.0,124.0,399.0030822753906,547.0944213867188,533.4821166992188,642.64306640625
127,2.0,124.0,399.2546691894531,546.8070678710938,536.1005249023438,643.8136596679688
128,2.0,124.0,400.6413269042969,546.6708984375,537.5636596679688,645.2713012695312
129,2.0,124.0,402.8280334472656,546.300537109375,539.1160888671875,645.1807250976562
130,2.0,124.0,403.89508056640625,546.2710571289062,542.6723022460938,645.6192626953125
131,2.0,124.0,405.0273132324219,545.9572143554688,547.39990234375,646.183837890625
132,2.0,124.0,405.554443359375,545.9270629882812,551.7158813476562,646.556640625
133,2.0,124.0,406.6258850097656,546.3063354492188,552.651611328125,648.2614135742188
134,2.0,124.0,407.7596740722656,546.3401489257812,555.0543823242188,649.263427734375
135,2.0,124.0,409.27716064453125,546.2777709960938,558.53125,650.3441772460938
136,2.0,124.0,408.9824523925781,544.3955688476562,562.1740112304688,651.2579345703125
137,2.0,124.0,408.7320251464844,544.0951538085938,566.945068359375,652.6708374023438
138,2.0,124.0,409.244873046875,544.7080688476562,573.63427734375,654.52734375
139,2.0,124.0,409.9150085449219,544.470947265625,576.5989990234375,656.77978515625
140,2.0,124.0,411.0399169921875,544.1973266601562,580.5658569335938,658.2207641601562
141,2.0,124.0,414.0552673339844,543.4288940429688,585.0226440429688,659.1286010742188
142,2.0,124.0,416.4751892089844,542.5922241210938,590.1007080078125,660.134521484375
143,2.0,124.0,418.2364196777344,542.5816650390625,594.8482666015625,661.408935546875
144,2.0,124.0,418.6302185058594,542.1934204101562,599.3673095703125,663.1978149414062
145,2.0,124.0,420.17535400390625,541.6516723632812,602.499755859375,665.99609375
146,2.0,124.0,420.1750793457031,540.2778930664062,607.7860107421875,668.5538940429688
147,2.0,124.0,419.9739074707031,538.881103515625,612.8447875976562,670.019775390625
148,2.0,124.0,420.7122497558594,538.8607177734375,619.2771606445312,672.2177734375
149,2.0,124.0,422.9068603515625,538.9829711914062,625.2804565429688,673.449462890625
150,2.0,124.0,422.9996337890625,538.8773193359375,632.0320434570312,678.322265625
151,2.0,124.0,424.4325256347656,538.6293334960938,638.0289916992188,679.0743408203125
152,2.0,124.0,423.63360595703125,538.204345703125,643.6068115234375,681.310791015625
153,2.0,124.0,427.5293884277344,537.9395751953125,651.0919189453125,686.3997192382812
154,2.0,124.0,429.3630065917969,538.053466796875,659.230224609375,686.3644409179688
155,2.0,124.0,430.10858154296875,538.0512084960938,665.3289794921875,688.5045166015625
156,2.0,124.0,431.8209533691406,537.1131591796875,673.5746459960938,691.84375
157,2.0,124.0,434.294189453125,536.2552490234375,680.9564208984375,694.826416015625
158,2.0,124.0,438.15728759765625,534.8151245117188,689.3675537109375,696.9672241210938
159,2.0,124.0,441.1933288574219,533.6290283203125,698.9917602539062,697.683349609375
160,2.0,124.0,444.24951171875,532.2716674804688,708.000244140625,700.0864868164062
161,2.0,124.0,447.0182189941406,532.3540649414062,718.6854858398438,705.4050903320312
162,2.0,124.0,450.7853698730469,530.398193359375,728.8268432617188,709.7341918945312
163,2.0,124.0,454.0695495605469,528.8123168945312,739.5386962890625,712.6868286132812
164,2.0,124.0,456.00909423828125,526.9468994140625,751.0167846679688,718.5966796875
165,2.0,124.0,458.9189758300781,525.7955932617188,764.595703125,721.2012329101562
166,2.0,124.0,461.46820068359375,525.0113525390625,777.1917724609375,724.76708984375
167,2.0,124.0,465.9998474121094,523.0824584960938,791.2577514648438,728.6024169921875
168,2.0,124.0,468.7685546875,522.0741577148438,806.5146484375,732.805419921875
169,2.0,124.0,471.2168273925781,520.0784912109375,822.6338500976562,739.85400390625
170,2.0,124.0,475.4881591796875,519.0091552734375,839.0242309570312,746.96435546875
171,2.0,124.0,478.8490905761719,517.6525268554688,857.0986328125,754.4949340820312
172,2.0,124.0,483.4331970214844,515.881591796875,878.46484375,759.84326171875
173,2.0,124.0,489.3720703125,513.782470703125,899.2139282226562,767.68408203125
174,2.0,124.0,492.8780517578125,511.1346740722656,923.2623291015625,777.41064453125
175,2.0,124.0,499.5881652832031,507.63873291015625,948.80078125,788.0548706054688
176,2.0,124.0,505.15252685546875,502.2724914550781,976.9097290039062,797.9984130859375
177,2.0,124.0,512.4920654296875,499.50262451171875,1007.417236328125,806.4151000976562
178,2.0,124.0,518.5745239257812,497.0704345703125,1041.0517578125,818.3423461914062
179,2.0,124.0,525.0562744140625,495.27056884765625,1078.63671875,830.8790283203125
180,2.0,124.0,532.4082641601562,492.3538513183594,1119.4678955078125,844.3818969726562
181,2.0,124.0,540.4210205078125,489.3326416015625,1164.8900146484375,864.6889038085938
182,2.0,124.0,547.2644653320312,486.4531555175781,1216.3348388671875,882.4242553710938
183,2.0,124.0,556.2460327148438,484.8657531738281,1272.3416748046875,900.8907470703125
184,2.0,124.0,567.3364868164062,481.7817077636719,1333.948486328125,925.1297607421875
185,2.0,124.0,578.13671875,476.6944580078125,1407.9886474609375,950.721923828125
186,2.0,124.0,589.700439453125,472.66143798828125,1489.3922119140625,980.7734375
187,2.0,124.0,605.6591796875,465.7269592285156,1583.04931640625,1018.1710815429688
188,2.0,124.0,620.3719482421875,458.2309875488281,1691.9461669921875,1053.10400390625
189,2.0,124.0,636.9156494140625,451.5308837890625,1825.3465576171875,1071.8343505859375
190,2.0,124.0,654.1331787109375,443.9876708984375,1900.827392578125,1077.8563232421875
191,2.0,124.0,674.9827880859375,437.3320617675781,1920.0,1079.7852783203125
192,2.0,124.0,697.6146850585938,425.6620178222656,1920.0,1079.0426025390625
193,2.0,124.0,723.6622314453125,412.2691650390625,1920.0,1079.8890380859375
194,2.0,124.0,754.831787109375,401.23077392578125,1920.0,1077.7294921875
195,2.0,124.0,790.3670654296875,386.5716247558594,1920.0,1074.686279296875
196,2.0,124.0,829.9202880859375,368.9156494140625,1920.0,1072.2591552734375
197,2.0,124.0,873.126220703125,351.5464782714844,1920.0,1072.675048828125
198,2.0,124.0,920.60595703125,324.9613952636719,1920.0,1072.888671875
199,2.0,124.0,981.1585083007812,289.0942687988281,1920.0,1073.0009765625
200,2.0,124.0,1054.6639404296875,273.2037048339844,1920.0,1073.3514404296875
201,2.0,124.0,1146.492431640625,286.9898986816406,1920.0,1072.7335205078125
204,2.0,124.0,1605.9815673828125,561.3865356445312,1920.0,1071.096435546875
