91,2.0,147.0,342.1420593261719,512.0032348632812,413.548583984375,563.4722290039062
92,2.0,147.0,342.1363525390625,511.350830078125,415.8114318847656,564.2144775390625
93,2.0,147.0,339.79833984375,512.0778198242188,421.010498046875,565.0323486328125
94,2.0,147.0,340.251220703125,509.40478515625,422.7272644042969,566.6609497070312
95,2.0,147.0,341.0754699707031,507.83416748046875,423.77099609375,568.5960693359375
96,2.0,147.0,341.6874084472656,507.3598937988281,425.5562744140625,570.0848999023438
97,2.0,147.0,341.98016357421875,506.786865234375,426.82763671875,571.0095825195312
98,2.0,147.0,345.2092590332031,506.113037109375,429.68194580078125,572.004150390625
99,2.0,147.0,345.7876892089844,505.63909912109375,433.0651550292969,572.0084838867188
100,2.0,147.0,345.7818298339844,504.8658752441406,436.0218811035156,572.9011840820312
101,2.0,147.0,346.5041198730469,503.43377685546875,437.68951416015625,573.4251708984375
102,2.0,147.0,347.0242004394531,503.3072814941406,440.2867126464844,573.6993408203125
103,2.0,147.0,348.8971862792969,504.3430480957031,445.3118896484375,574.3611450195312
104,2.0,147.0,350.0553283691406,504.6822204589844,449.5167541503906,576.0891723632812
105,2.0,147.0,350.4308776855469,504.0924377441406,451.7061462402344,577.6614990234375
106,2.0,147.0,349.8424987792969,504.29522705078125,452.29736328125,580.7726440429688
107,2.0,147.0,349.3681945800781,503.5691833496094,456.7749938964844,583.5882568359375
108,2.0,147.0,349.9346923828125,503.3341064453125,459.90582275390625,585.890625
109,2.0,147.0,350.7477111816406,503.41827392578125,463.50830078125,586.7886352539062
110,2.0,147.0,353.7438659667969,504.1910400390625,468.1253356933594,587.844482421875
111,2.0,147.0,356.5386962890625,504.6342468261719,471.49224853515625,589.0341796875
112,2.0,147.0,356.9732666015625,503.49273681640625,476.37689208984375,591.13720703125
113,2.0,147.0,359.1541442871094,503.8976745605469,482.5622253417969,592.145751953125
114,2.0,147.0,359.4471435546875,503.3129577636719,485.63958740234375,594.4017333984375
115,2.0,147.0,360.228515625,503.8999938964844,491.0982360839844,597.045166015625
116,2.0,147.0,361.4145812988281,503.1979064941406,495.1536560058594,598.879638671875
117,2.0,147.0,362.6479187011719,502.6312561035156,500.98333740234375,600.64404296875
118,2.0,147.0,362.6531982421875,502.5002136230469,507.11663818359375,603.5498657226562
119,2.0,147.0,362.24981689453125,502.6210021972656,513.9613647460938,606.3013916015625
120,2.0,147.0,364.03271484375,502.6787414550781,520.000732421875,609.9132080078125
121,2.0,147.0,369.5826721191406,501.4073181152344,527.32861328125,613.1906127929688
122,2.0,147.0,372.71307373046875,501.2698059082031,533.9288330078125,617.2913818359375
123,2.0,147.0,374.4028015136719,500.6500244140625,541.9454956054688,620.4336547851562
124,2.0,147.0,377.3597106933594,499.9718017578125,551.110595703125,624.4191284179688
125,2.0,147.0,378.295654296875,499.0088195800781,562.478515625,629.1500244140625
126,2.0,147.0,379.7174987792969,498.5970153808594,572.6532592773438,633.6735229492188
127,2.0,147.0,382.04571533203125,497.8996887207031,583.6640625,637.1819458007812
128,2.0,147.0,383.24468994140625,496.5105895996094,597.0313720703125,641.89111328125
129,2.0,147.0,386.046875,496.6778564453125,610.9229736328125,647.763671875
130,2.0,147.0,390.0635070800781,496.7561340332031,624.8382568359375,654.1001586914062
131,2.0,147.0,393.74407958984375,495.8080139160156,641.5173950195312,661.1017456054688
132,2.0,147.0,398.9359436035156,494.2023620605469,660.0775146484375,668.461669921875
133,2.0,147.0,404.2840576171875,493.899169921875,680.4567260742188,676.6397094726562
134,2.0,147.0,408.8414001464844,493.76708984375,702.6094970703125,681.3106689453125
135,2.0,147.0,414.8612976074219,490.9337158203125,727.44677734375,695.9326171875
136,2.0,147.0,421.89508056640625,490.14910888671875,756.2537231445312,706.279541015625
137,2.0,147.0,427.62579345703125,486.7032165527344,789.434326171875,718.8250122070312
138,2.0,147.0,436.2989196777344,484.4688720703125,827.5751953125,732.08203125
139,2.0,147.0,445.1383056640625,480.0414733886719,873.9722290039062,748.1123046875
140,2.0,147.0,454.8499450683594,475.4214172363281,925.597412109375,771.6046142578125
141,2.0,147.0,464.77911376953125,472.04010009765625,988.7465209960938,798.502685546875
142,2.0,147.0,477.95794677734375,468.1767883300781,1068.23486328125,830.7568969726562
143,2.0,147.0,495.0138854980469,463.1933898925781,1169.6578369140625,874.906494140625
144,2.0,147.0,513.130615234375,455.95355224609375,1298.0745849609375,930.6093139648438
145,2.0,147.0,535.7667846679688,449.3234558105469,1468.0350341796875,1008.3463134765625
146,2.0,147.0,558.9926147460938,441.6862487792969,1707.2198486328125,1053.5816650390625
147,2.0,147.0,592.758056640625,432.7223205566406,1844.8707275390625,1072.64501953125
148,2.0,147.0,639.3304443359375,417.8530578613281,1909.9044189453125,1079.7117919921875
149,2.0,147.0,696.60693359375,396.5029602050781,1920.0,1078.232177734375
150,2.0,147.0,773.33740234375,366.8436279296875,1920.0,1076.7958984375
151,2.0,147.0,886.6192626953125,322.231689453125,1920.0,1076.249267578125
153,2.0,147.0,1369.9307861328125,543.7599487304688,1920.0,1076.7852783203125
