2,2.0,123.0,526.8682861328125,544.50537109375,587.8679809570312,586.5667114257812
3,2.0,123.0,526.9408569335938,544.4303588867188,588.7337036132812,586.5255126953125
4,2.0,123.0,527.4328002929688,543.6712036132812,589.2439575195312,586.6083374023438
5,2.0,123.0,528.4362182617188,542.582763671875,588.7576293945312,586.31689453125
6,2.0,123.0,529.4267578125,542.9656982421875,588.8981323242188,586.430908203125
7,2.0,123.0,530.1593017578125,543.6627807617188,588.9185180664062,586.4659423828125
8,2.0,123.0,530.5184326171875,542.255126953125,589.8401489257812,586.583251953125
9,2.0,123.0,530.1361694335938,542.6535034179688,590.7879028320312,586.8849487304688
10,2.0,123.0,530.49609375,543.7256469726562,592.245361328125,587.2108154296875
11,2.0,123.0,531.259765625,545.1099853515625,593.3555297851562,587.490966796875
12,2.0,123.0,531.9556274414062,544.5198364257812,595.0447387695312,588.0948486328125
13,2.0,123.0,531.5490112304688,542.0980834960938,595.6301879882812,590.0800170898438
17,2.0,123.0,531.9896240234375,541.5523681640625,599.787353515625,590.4921875
18,2.0,123.0,532.2353515625,541.77587890625,600.1989135742188,590.47119140625
19,2.0,123.0,532.8159790039062,541.9693603515625,602.060302734375,590.1869506835938
21,2.0,123.0,533.1076049804688,540.70556640625,605.3335571289062,591.0595703125
22,2.0,123.0,533.8637084960938,541.5164794921875,605.7937622070312,591.9354248046875
23,2.0,123.0,534.887451171875,540.18994140625,605.657958984375,592.5701293945312
24,2.0,123.0,535.2500610351562,539.864501953125,605.7686767578125,593.0587158203125
25,2.0,123.0,535.723388671875,538.6350708007812,604.9835815429688,592.9664306640625
26,2.0,123.0,536.7299194335938,538.3953857421875,605.0208129882812,592.743896484375
27,2.0,123.0,536.8960571289062,538.376708984375,604.9783935546875,592.5059814453125
28,2.0,123.0,536.8226928710938,538.2239379882812,605.1699829101562,592.7158813476562
29,2.0,123.0,536.24755859375,538.406005859375,606.266845703125,592.4641723632812
30,2.0,123.0,536.4675903320312,539.0851440429688,608.14453125,592.405517578125
31,2.0,123.0,535.8760986328125,540.409912109375,610.7503662109375,593.4493408203125
32,2.0,123.0,535.351318359375,540.48388671875,612.7955322265625,594.7291259765625
33,2.0,123.0,535.5045776367188,540.4180908203125,615.5595092773438,595.1922607421875
34,2.0,123.0,535.95166015625,540.4586181640625,617.0993041992188,596.4660034179688
35,2.0,123.0,537.2203369140625,539.7810668945312,617.4421997070312,596.3112182617188
36,2.0,123.0,538.6287231445312,541.5031127929688,617.6475219726562,595.982177734375
37,2.0,123.0,540.8568725585938,541.9073486328125,617.4683837890625,595.5646362304688
38,2.0,123.0,538.7899780273438,541.303955078125,618.1353759765625,596.2396850585938
39,2.0,123.0,538.7623291015625,541.2088012695312,618.9371948242188,597.1936645507812
40,2.0,123.0,541.2138671875,540.56982421875,619.0147705078125,596.84521484375
41,2.0,123.0,539.45458984375,540.4769897460938,620.822509765625,597.6065063476562
42,2.0,123.0,540.8973999023438,539.4660034179688,621.7543334960938,597.5218505859375
43,2.0,123.0,541.6953735351562,539.6563110351562,624.6356201171875,598.2476196289062
44,2.0,123.0,542.2442626953125,539.9456787109375,625.9124145507812,598.15234375
45,2.0,123.0,542.3367919921875,540.6293334960938,626.48046875,598.56298828125
46,2.0,123.0,541.6043701171875,540.093505859375,627.6893920898438,599.5166625976562
47,2.0,123.0,541.76171875,539.6705322265625,628.1983032226562,600.0778198242188
48,2.0,123.0,541.7987060546875,539.606689453125,628.8978881835938,600.3031005859375
49,2.0,123.0,542.61962890625,539.6319580078125,631.1444702148438,600.2536010742188
50,2.0,123.0,543.3214111328125,539.904296875,632.658935546875,600.8243408203125
51,2.0,123.0,543.998291015625,539.49560546875,634.2900390625,601.3028564453125
52,2.0,123.0,544.2518920898438,539.6943359375,635.6095581054688,601.5824584960938
53,2.0,123.0,544.8900146484375,540.1390991210938,637.5833129882812,602.4470825195312
54,2.0,123.0,544.5535888671875,540.5596313476562,638.8457641601562,603.6527709960938
55,2.0,123.0,545.138671875,540.4374389648438,642.213623046875,605.7338256835938
56,2.0,123.0,546.22119140625,540.1055297851562,643.3624877929688,605.6045532226562
57,2.0,123.0,547.3134155273438,539.2951049804688,644.5252685546875,606.3829345703125
58,2.0,123.0,547.4996337890625,538.389892578125,644.7608032226562,607.6000366210938
59,2.0,123.0,547.6221313476562,538.3814086914062,647.9553833007812,608.4591064453125
60,2.0,123.0,547.7550048828125,538.245361328125,650.0299682617188,609.2525024414062
61,2.0,123.0,547.4932250976562,538.2631225585938,652.0380249023438,610.3453369140625
62,2.0,123.0,549.1966552734375,538.457275390625,653.0164794921875,610.792724609375
63,2.0,123.0,550.76904296875,537.5576782226562,653.9345703125,611.1336669921875
64,2.0,123.0,550.4957885742188,537.8140869140625,653.9886474609375,610.9798583984375
65,2.0,123.0,549.9996337890625,537.3659057617188,655.3095092773438,611.841796875
66,2.0,123.0,550.521484375,536.8109130859375,661.2461547851562,614.234130859375
67,2.0,123.0,552.4412841796875,536.562744140625,663.97021484375,615.3637084960938
68,2.0,123.0,553.0556030273438,536.0032348632812,664.15478515625,615.9747924804688
69,2.0,123.0,554.2972412109375,535.5665283203125,663.9005737304688,617.5933837890625
70,2.0,123.0,554.6768188476562,535.2604370117188,667.3203125,618.3737182617188
71,2.0,123.0,554.8021240234375,534.7814331054688,671.178955078125,619.2166748046875
72,2.0,123.0,554.7713623046875,534.3191528320312,674.1298828125,620.298583984375
73,2.0,123.0,553.4116821289062,535.1802368164062,676.219482421875,621.1141357421875
74,2.0,123.0,555.2975463867188,535.7940063476562,678.1327514648438,621.5874633789062
75,2.0,123.0,556.4982299804688,535.5262451171875,681.6087036132812,621.8853759765625
76,2.0,123.0,557.8786010742188,535.3193359375,684.0557250976562,622.1464233398438
77,2.0,123.0,556.61328125,534.2279663085938,687.3269653320312,623.1168212890625
78,2.0,123.0,558.5311889648438,534.6322631835938,689.6595458984375,625.4193725585938
79,2.0,123.0,561.0354614257812,534.3792114257812,693.5015869140625,625.9323120117188
80,2.0,123.0,561.4971313476562,533.6666259765625,697.2891235351562,627.2172241210938
81,2.0,123.0,561.9526977539062,533.6154174804688,700.845458984375,628.24462890625
82,2.0,123.0,564.2811889648438,532.7142944335938,702.8125,630.2090454101562
83,2.0,123.0,564.7009887695312,532.8080444335938,706.00390625,632.990478515625
84,2.0,123.0,563.57080078125,532.759765625,709.5570068359375,635.21240234375
85,2.0,123.0,565.4267578125,532.3660278320312,712.1609497070312,638.1272583007812
86,2.0,123.0,568.2102661132812,532.8761596679688,716.5223388671875,638.5921020507812
87,2.0,123.0,570.6878662109375,532.0093383789062,721.50244140625,640.4640502929688
88,2.0,123.0,570.6211547851562,532.7168579101562,724.772705078125,641.3436889648438
89,2.0,123.0,573.0917358398438,532.3966674804688,727.0862426757812,642.6271362304688
90,2.0,123.0,574.9317016601562,532.386962890625,731.7646484375,644.3168334960938
91,2.0,123.0,574.9273071289062,532.2304077148438,736.6637573242188,646.24658203125
92,2.0,123.0,575.2826538085938,532.3786010742188,741.7578125,647.9258422851562
93,2.0,123.0,576.0335693359375,531.5843505859375,746.0693969726562,649.049560546875
94,2.0,123.0,576.0052490234375,531.66943359375,750.3364868164062,651.3904418945312
95,2.0,123.0,576.3370361328125,532.02490234375,756.8766479492188,653.7422485351562
96,2.0,123.0,577.8397827148438,532.127197265625,762.6344604492188,655.266357421875
97,2.0,123.0,582.8886108398438,532.0765991210938,770.0316162109375,657.8040161132812
98,2.0,123.0,586.6141357421875,531.013916015625,776.428955078125,659.7429809570312
99,2.0,123.0,587.4240112304688,531.3558349609375,782.3179931640625,663.2623291015625
100,2.0,123.0,589.2840576171875,531.1312255859375,786.9124755859375,666.4651489257812
101,2.0,123.0,591.4545288085938,530.9482421875,794.00634765625,669.0119018554688
102,2.0,123.0,592.7476196289062,531.531982421875,799.6508178710938,669.3214111328125
103,2.0,123.0,594.8626098632812,531.5752563476562,808.2830200195312,672.4754638671875
104,2.0,123.0,597.31005859375,532.0478515625,816.6177368164062,674.2155151367188
105,2.0,123.0,598.3298950195312,531.274169921875,823.2788696289062,678.312744140625
106,2.0,123.0,602.2710571289062,530.1829223632812,832.2885131835938,683.1964721679688
107,2.0,123.0,603.2653198242188,530.2342529296875,842.890625,686.9432373046875
108,2.0,123.0,606.4181518554688,529.6641235351562,853.2603149414062,688.8450317382812
109,2.0,123.0,609.5581665039062,528.4121704101562,864.530029296875,694.1716918945312
110,2.0,123.0,613.1224975585938,526.972412109375,874.4887084960938,698.7348022460938
111,2.0,123.0,616.5051879882812,526.1620483398438,886.2347412109375,703.5427856445312
112,2.0,123.0,620.3992919921875,525.8101806640625,896.8504638671875,706.1640014648438
113,2.0,123.0,622.8721923828125,524.888671875,910.6377563476562,710.6561279296875
114,2.0,123.0,626.4661865234375,524.3226318359375,923.8453369140625,715.15087890625
115,2.0,123.0,632.5742797851562,523.2984008789062,938.610595703125,720.8841552734375
116,2.0,123.0,636.9348754882812,522.5947875976562,954.833984375,725.4415283203125
117,2.0,123.0,640.923095703125,522.2433471679688,973.3519287109375,729.482421875
118,2.0,123.0,645.5491333007812,521.3556518554688,989.5962524414062,733.2297973632812
119,2.0,123.0,649.6094360351562,520.634033203125,1008.8181762695312,744.6831665039062
120,2.0,123.0,656.1732177734375,519.5875854492188,1030.561767578125,752.2960205078125
121,2.0,123.0,660.1406860351562,517.8470458984375,1054.5648193359375,759.1644897460938
122,2.0,123.0,665.802001953125,516.6532592773438,1078.729248046875,770.37548828125
123,2.0,123.0,671.5984497070312,515.4598999023438,1104.9627685546875,777.5197143554688
124,2.0,123.0,678.9130859375,515.0043334960938,1133.90576171875,789.1672973632812
125,2.0,123.0,685.6513061523438,513.8458862304688,1166.6048583984375,799.0191650390625
126,2.0,123.0,693.93505859375,513.8780517578125,1202.600341796875,813.0973510742188
127,2.0,123.0,701.0931396484375,511.79754638671875,1241.499755859375,825.563232421875
128,2.0,123.0,710.677001953125,510.61285400390625,1288.22802734375,840.8244018554688
129,2.0,123.0,722.3187866210938,508.665283203125,1335.609130859375,862.3091430664062
130,2.0,123.0,732.9800415039062,506.3542175292969,1392.0032958984375,884.2825317382812
131,2.0,123.0,744.1182861328125,503.86328125,1454.434326171875,906.7348022460938
132,2.0,123.0,757.8428955078125,500.3880615234375,1523.0576171875,933.242919921875
133,2.0,123.0,771.579833984375,497.3254699707031,1603.715087890625,963.5926513671875
134,2.0,123.0,786.7123413085938,497.4243469238281,1696.8458251953125,1000.4811401367188
135,2.0,123.0,805.3316040039062,496.2911682128906,1804.0814208984375,1041.5064697265625
136,2.0,123.0,822.9404296875,493.015380859375,1891.7779541015625,1066.7962646484375
137,2.0,123.0,844.4274291992188,487.1811218261719,1920.0,1078.2681884765625
138,2.0,123.0,869.33349609375,481.5184326171875,1920.0,1080.0
139,2.0,123.0,894.0791625976562,478.7248840332031,1920.0,1080.0
140,2.0,123.0,922.6546630859375,473.1513977050781,1920.0,1080.0
141,2.0,123.0,955.2830200195312,469.5561218261719,1920.0,1078.7581787109375
142,2.0,123.0,991.7282104492188,460.9930419921875,1920.0,1075.4241943359375
143,2.0,123.0,1034.9871826171875,453.5627746582031,1920.0,1073.2972412109375
144,2.0,123.0,1085.4171142578125,444.5533142089844,1920.0,1073.60107421875
145,2.0,123.0,1146.4354248046875,428.519287109375,1920.0,1074.2122802734375
146,2.0,123.0,1219.1168212890625,422.61065673828125,1920.0,1075.3924560546875
147,2.0,123.0,1308.52099609375,444.8334655761719,1920.0,1078.7745361328125
148,2.0,123.0,1423.08984375,514.569091796875,1920.0,1075.8280029296875
149,2.0,123.0,1566.98193359375,613.9549560546875,1920.0,1073.1898193359375
