36,2.0,249.0,478.7071533203125,385.4440612792969,527.32666015625,417.44512939453125
37,2.0,249.0,479.0232849121094,385.604736328125,527.794677734375,417.3512268066406
38,2.0,249.0,479.0001220703125,385.5672607421875,528.93994140625,418.04052734375
39,2.0,249.0,479.6260681152344,385.11480712890625,531.575439453125,418.2498474121094
40,2.0,249.0,480.0177307128906,385.4198913574219,532.602783203125,418.5614929199219
41,2.0,249.0,479.7182922363281,385.9961853027344,532.608154296875,418.5150146484375
42,2.0,249.0,479.71331787109375,386.9242248535156,533.722412109375,418.59417724609375
43,2.0,249.0,480.6014709472656,386.7072448730469,534.5650024414062,418.0640563964844
44,2.0,249.0,481.947021484375,386.1819763183594,535.6038208007812,418.7861022949219
45,2.0,249.0,483.31732177734375,385.4698181152344,536.8096923828125,419.5817565917969
46,2.0,249.0,485.7100524902344,384.7904052734375,537.20849609375,419.5700378417969
47,2.0,249.0,486.51422119140625,383.2958068847656,538.0908203125,420.744140625
48,2.0,249.0,486.8171691894531,382.54693603515625,539.3162841796875,420.9241638183594
49,2.0,249.0,487.33001708984375,382.2075500488281,539.8939208984375,421.06109619140625
50,2.0,249.0,488.00537109375,382.42559814453125,541.5346069335938,421.8530578613281
51,2.0,249.0,488.43487548828125,382.21978759765625,542.1700439453125,421.20745849609375
52,2.0,249.0,489.2138977050781,381.8136291503906,543.8799438476562,420.5636291503906
53,2.0,249.0,490.503662109375,382.5308837890625,546.1716918945312,421.5701904296875
54,2.0,249.0,491.8518981933594,383.3689880371094,546.8900756835938,423.2416687011719
55,2.0,249.0,492.37701416015625,383.8254699707031,547.5452270507812,424.37481689453125
56,2.0,249.0,492.78717041015625,384.83868408203125,548.46630859375,425.55462646484375
57,2.0,249.0,493.3506164550781,386.5265808105469,549.5672607421875,425.2174072265625
58,2.0,249.0,494.26177978515625,383.9225769042969,550.91455078125,424.4831848144531
59,2.0,249.0,495.2237854003906,383.5729064941406,553.6470947265625,424.70123291015625
60,2.0,249.0,495.4568786621094,383.1068420410156,555.3717651367188,426.4344787597656
61,2.0,249.0,495.2370300292969,383.15234375,557.08154296875,428.28887939453125
62,2.0,249.0,496.0113830566406,382.06304931640625,558.173828125,429.2368469238281
63,2.0,249.0,497.0238952636719,382.5043029785156,559.7027587890625,428.6773376464844
64,2.0,249.0,498.3182678222656,382.4967041015625,561.2804565429688,428.7056579589844
65,2.0,249.0,499.44732666015625,381.9203796386719,563.481689453125,429.34063720703125
66,2.0,249.0,500.491455078125,381.8920593261719,565.2244873046875,429.44293212890625
67,2.0,249.0,501.2652893066406,381.67510986328125,566.7007446289062,429.7237243652344
68,2.0,249.0,501.61627197265625,381.8113098144531,568.8723754882812,430.3643798828125
69,2.0,249.0,502.42193603515625,381.8330078125,570.6024169921875,430.0295715332031
70,2.0,249.0,504.2957458496094,381.5113830566406,572.5430297851562,431.1816711425781
71,2.0,249.0,503.93115234375,380.97161865234375,574.666748046875,433.3290100097656
72,2.0,249.0,504.5794372558594,381.1602783203125,577.6461181640625,434.337890625
73,2.0,249.0,506.1756286621094,380.9439697265625,579.8546142578125,434.4433288574219
74,2.0,249.0,507.14666748046875,381.4513854980469,583.48583984375,434.47100830078125
75,2.0,249.0,508.818359375,380.6829833984375,586.4983520507812,435.9642333984375
76,2.0,249.0,510.0605773925781,380.20989990234375,587.8177490234375,438.03790283203125
77,2.0,249.0,512.5994262695312,379.2076721191406,589.6674194335938,438.57818603515625
78,2.0,249.0,514.7326049804688,379.0527648925781,592.015869140625,439.1201171875
79,2.0,249.0,516.549560546875,379.6531066894531,594.7774658203125,440.52252197265625
80,2.0,249.0,517.6995849609375,379.03192138671875,598.5897216796875,441.3438720703125
81,2.0,249.0,518.5388793945312,378.2137756347656,602.3903198242188,442.1942443847656
82,2.0,249.0,519.4539184570312,377.69281005859375,605.1998291015625,442.913818359375
83,2.0,249.0,520.0487060546875,377.9439697265625,608.1655883789062,443.05487060546875
84,2.0,249.0,522.6746826171875,377.1788024902344,611.528564453125,443.59527587890625
85,2.0,249.0,525.3697509765625,376.65191650390625,615.5775146484375,446.44378662109375
86,2.0,249.0,528.6776733398438,376.4071044921875,616.1915893554688,446.3526306152344
87,2.0,249.0,529.6130981445312,377.23504638671875,620.1629638671875,448.0838317871094
88,2.0,249.0,530.8635864257812,377.0052185058594,625.4010620117188,450.49566650390625
89,2.0,249.0,530.8682250976562,376.129150390625,630.6822509765625,451.837158203125
90,2.0,249.0,532.779296875,376.25634765625,633.5379638671875,453.358642578125
91,2.0,249.0,535.4689331054688,375.2242431640625,637.0911254882812,453.8345642089844
92,2.0,249.0,538.9640502929688,375.4163818359375,641.9068603515625,454.2316589355469
93,2.0,249.0,541.059326171875,375.3482971191406,646.03955078125,454.84393310546875
94,2.0,249.0,542.6417846679688,375.12109375,651.56884765625,456.4823913574219
95,2.0,249.0,544.63134765625,375.302978515625,656.7904052734375,457.7337646484375
96,2.0,249.0,547.06640625,373.8388671875,664.217529296875,460.2576599121094
97,2.0,249.0,549.982421875,373.1139221191406,669.1066284179688,461.93121337890625
98,2.0,249.0,552.072265625,372.7096862792969,674.542236328125,465.2635192871094
99,2.0,249.0,553.51318359375,372.70733642578125,680.4749145507812,465.8562316894531
100,2.0,249.0,556.4430541992188,371.5218811035156,686.4111938476562,467.3604431152344
101,2.0,249.0,558.6725463867188,370.07269287109375,693.1530151367188,470.5385437011719
102,2.0,249.0,563.5992431640625,369.8482666015625,699.755859375,472.3932189941406
103,2.0,249.0,566.26513671875,369.554443359375,708.2658081054688,475.49456787109375
104,2.0,249.0,568.3392944335938,368.0233154296875,716.03369140625,476.8102111816406
105,2.0,249.0,572.5032958984375,366.5007019042969,724.4423828125,479.0757751464844
106,2.0,249.0,575.4215087890625,365.8082275390625,734.3087768554688,483.187744140625
107,2.0,249.0,580.52978515625,365.8116760253906,745.0111694335938,486.9009094238281
108,2.0,249.0,586.8811645507812,365.3647766113281,754.85498046875,488.7361145019531
109,2.0,249.0,590.8243408203125,364.2845458984375,765.489990234375,490.6272277832031
110,2.0,249.0,595.7621459960938,362.9858093261719,777.3284301757812,493.03302001953125
111,2.0,249.0,600.5665893554688,361.2162170410156,791.5281982421875,496.4306335449219
112,2.0,249.0,606.5739135742188,360.0760803222656,805.09619140625,501.1031494140625
113,2.0,249.0,613.1176147460938,358.2041931152344,821.4736328125,506.933837890625
114,2.0,249.0,619.7818603515625,356.06134033203125,838.1776733398438,512.25341796875
115,2.0,249.0,626.4239501953125,354.5577697753906,855.545654296875,517.9505004882812
116,2.0,249.0,635.3978271484375,353.24908447265625,875.265869140625,523.5517578125
117,2.0,249.0,644.3690795898438,352.2535095214844,897.0493774414062,529.8447265625
118,2.0,249.0,654.0650634765625,351.8631896972656,921.6143188476562,535.7412719726562
119,2.0,249.0,661.7888793945312,351.1395263671875,947.76220703125,544.9471435546875
120,2.0,249.0,671.2589721679688,349.93310546875,978.178466796875,553.8533325195312
121,2.0,249.0,683.6882934570312,347.95758056640625,1011.3258056640625,561.6056518554688
122,2.0,249.0,698.1322631835938,345.6910095214844,1049.639404296875,573.1868896484375
123,2.0,249.0,712.3851318359375,342.2308654785156,1092.6273193359375,586.733642578125
124,2.0,249.0,727.8197631835938,339.6199645996094,1142.119384765625,601.940185546875
125,2.0,249.0,746.372802734375,336.73931884765625,1199.6898193359375,621.347412109375
126,2.0,249.0,766.9832763671875,334.2222900390625,1266.4825439453125,637.9600830078125
127,2.0,249.0,790.76416015625,330.1141357421875,1346.121337890625,662.8905639648438
128,2.0,249.0,818.3145751953125,326.2646484375,1439.8251953125,691.9578247070312
129,2.0,249.0,850.0794677734375,319.44146728515625,1554.824951171875,729.7257690429688
130,2.0,249.0,887.616455078125,311.3172607421875,1696.4803466796875,776.465576171875
131,2.0,249.0,932.2163696289062,303.06475830078125,1847.324462890625,839.4983520507812
132,2.0,249.0,986.6583862304688,295.6800842285156,1910.176513671875,924.06396484375
133,2.0,249.0,1053.858642578125,280.41583251953125,1920.0,1019.8355712890625
134,2.0,249.0,1141.1815185546875,265.1564025878906,1920.0,1039.7769775390625
135,2.0,249.0,1253.987548828125,246.06568908691406,1920.0,1034.52880859375
136,2.0,249.0,1411.41455078125,235.39173889160156,1920.0,1029.6959228515625
137,2.0,249.0,1635.2557373046875,320.9025573730469,1920.0,1063.583740234375
