76,2.0,192.0,236.6425323486328,642.684814453125,284.8710632324219,677.5913696289062
77,2.0,192.0,237.13192749023438,642.3359985351562,285.25531005859375,677.1897583007812
78,2.0,192.0,237.50186157226562,641.62890625,287.5862121582031,677.2001342773438
79,2.0,192.0,238.0769500732422,640.4473266601562,289.2536926269531,676.8031616210938
80,2.0,192.0,238.9958953857422,638.8289184570312,289.32220458984375,678.3211059570312
81,2.0,192.0,238.97552490234375,642.0726318359375,291.5736389160156,679.8361206054688
82,2.0,192.0,239.67605590820312,641.02099609375,292.49627685546875,680.0904541015625
83,2.0,192.0,240.05703735351562,639.7052001953125,292.36077880859375,679.55419921875
84,2.0,192.0,240.1188507080078,638.0458374023438,292.3966369628906,679.1427612304688
85,2.0,192.0,240.14927673339844,639.30322265625,292.52886962890625,679.4091186523438
86,2.0,192.0,240.43994140625,639.2466430664062,293.8653259277344,680.4780883789062
87,2.0,192.0,240.86630249023438,639.3234252929688,294.7313537597656,681.7523193359375
88,2.0,192.0,241.1671905517578,639.4856567382812,295.9857177734375,682.4190673828125
89,2.0,192.0,242.24436950683594,639.5436401367188,296.82086181640625,682.9539184570312
90,2.0,192.0,242.37490844726562,639.5980224609375,298.87860107421875,683.4547119140625
91,2.0,192.0,242.69140625,638.5830078125,301.3220520019531,683.7763061523438
92,2.0,192.0,242.66168212890625,639.461669921875,302.7538146972656,684.2091674804688
93,2.0,192.0,242.7654571533203,640.5249633789062,306.0311279296875,685.2835083007812
94,2.0,192.0,242.79640197753906,640.0230102539062,306.1537780761719,685.4973754882812
95,2.0,192.0,244.15782165527344,641.4208984375,308.1146240234375,685.5353393554688
96,2.0,192.0,244.88597106933594,641.2042846679688,310.27642822265625,686.6299438476562
97,2.0,192.0,245.2281036376953,641.473388671875,311.7358703613281,687.1892700195312
98,2.0,192.0,245.28231811523438,639.8359985351562,314.1590576171875,688.994140625
99,2.0,192.0,245.8964080810547,639.1525268554688,315.4791259765625,690.5521240234375
100,2.0,192.0,246.70236206054688,639.0653076171875,318.04156494140625,691.8439331054688
101,2.0,192.0,247.364990234375,639.1390380859375,319.0936584472656,692.3511962890625
102,2.0,192.0,248.15684509277344,639.3618774414062,320.68280029296875,693.0744018554688
103,2.0,192.0,248.71255493164062,639.9964599609375,321.9530029296875,693.7635498046875
104,2.0,192.0,248.96617126464844,639.9375,323.7109375,693.6812133789062
105,2.0,192.0,250.4891357421875,639.4105834960938,327.3976135253906,693.5406494140625
106,2.0,192.0,251.84808349609375,638.6491088867188,330.0605163574219,694.6444091796875
107,2.0,192.0,252.07115173339844,638.76318359375,331.8940734863281,695.9869995117188
108,2.0,192.0,252.75067138671875,638.531005859375,333.4156188964844,696.4992065429688
109,2.0,192.0,253.6316375732422,639.26513671875,335.6869812011719,697.3331298828125
110,2.0,192.0,254.08961486816406,638.9946899414062,337.9189147949219,698.675048828125
111,2.0,192.0,254.26358032226562,638.0231323242188,341.4850769042969,700.4512329101562
112,2.0,192.0,256.30792236328125,637.230712890625,345.5136413574219,702.1873779296875
113,2.0,192.0,257.0475158691406,637.1544189453125,348.56591796875,704.4498901367188
114,2.0,192.0,258.2938537597656,635.8692016601562,350.7333679199219,705.2283935546875
115,2.0,192.0,259.4294128417969,634.6805419921875,354.9430236816406,708.1854858398438
116,2.0,192.0,261.1551513671875,633.5282592773438,358.93634033203125,709.6145629882812
117,2.0,192.0,262.3296203613281,632.30859375,363.0633239746094,711.2859497070312
118,2.0,192.0,264.1653137207031,632.9446411132812,366.9654541015625,713.3917846679688
119,2.0,192.0,265.2142639160156,633.0386962890625,370.6579895019531,715.1915893554688
120,2.0,192.0,266.21478271484375,633.5007934570312,375.9478454589844,717.515625
121,2.0,192.0,266.6988525390625,632.4835815429688,381.0547790527344,719.3988037109375
122,2.0,192.0,265.5072326660156,631.2706298828125,387.2908935546875,721.324462890625
123,2.0,192.0,267.6532897949219,630.932861328125,392.95025634765625,722.9541015625
124,2.0,192.0,269.9518127441406,630.4434814453125,398.241943359375,724.2920532226562
125,2.0,192.0,273.08514404296875,629.8124389648438,404.7742919921875,728.1290893554688
126,2.0,192.0,273.78729248046875,629.2507934570312,411.4859619140625,731.02978515625
127,2.0,192.0,277.6647644042969,628.9435424804688,418.530517578125,734.0087890625
128,2.0,192.0,282.2392272949219,628.460205078125,427.6539001464844,736.83740234375
129,2.0,192.0,285.9639892578125,628.3720703125,435.70166015625,738.8665771484375
130,2.0,192.0,289.1221923828125,627.8176879882812,446.46978759765625,742.0130615234375
131,2.0,192.0,291.26531982421875,626.0023803710938,454.96771240234375,747.1666259765625
132,2.0,192.0,295.4974060058594,625.7694091796875,466.61932373046875,752.6260375976562
133,2.0,192.0,298.9127502441406,625.2755737304688,478.3677062988281,758.3090209960938
134,2.0,192.0,302.0691223144531,623.9169311523438,491.41912841796875,763.1829833984375
135,2.0,192.0,306.96759033203125,623.3928833007812,505.91412353515625,769.4500732421875
136,2.0,192.0,310.4942321777344,623.2412109375,521.9202270507812,775.1947021484375
137,2.0,192.0,316.6655578613281,621.6616821289062,538.486572265625,781.5535278320312
138,2.0,192.0,321.9495849609375,619.9905395507812,558.77392578125,788.6760864257812
139,2.0,192.0,327.76031494140625,618.877685546875,580.909912109375,796.7546997070312
140,2.0,192.0,334.57794189453125,618.48046875,604.6299438476562,805.1298217773438
141,2.0,192.0,344.0950927734375,617.7814331054688,634.3388671875,817.5878295898438
142,2.0,192.0,353.3403625488281,616.3598022460938,667.5773315429688,829.6604614257812
143,2.0,192.0,363.814453125,614.2820434570312,704.5864868164062,840.8143310546875
144,2.0,192.0,375.46990966796875,612.333251953125,748.550537109375,854.5516357421875
145,2.0,192.0,388.738525390625,608.29345703125,802.0653076171875,876.6264038085938
146,2.0,192.0,403.17437744140625,603.7671508789062,866.572021484375,896.3362426757812
147,2.0,192.0,420.4670104980469,596.3510131835938,945.0748291015625,924.3179321289062
148,2.0,192.0,443.6231384277344,587.8951416015625,1045.7850341796875,964.349853515625
149,2.0,192.0,468.0985412597656,582.3211669921875,1178.0679931640625,1015.2772827148438
150,2.0,192.0,499.34417724609375,568.5370483398438,1347.4775390625,1055.600341796875
151,2.0,192.0,543.4613037109375,556.4367065429688,1583.6829833984375,1071.265869140625
152,2.0,192.0,577.859619140625,542.687255859375,1800.0177001953125,1078.94482421875
153,2.0,192.0,655.7398071289062,518.4910888671875,1893.5123291015625,1079.44970703125
154,2.0,192.0,756.419921875,482.8674011230469,1920.0,1078.585693359375
155,2.0,192.0,895.6798095703125,429.4933776855469,1920.0,1079.33056640625
156,2.0,192.0,1114.956787109375,404.0879821777344,1920.0,1078.8375244140625
