75,2.0,218.0,230.21282958984375,637.4844360351562,276.2543640136719,672.396484375
76,2.0,218.0,230.28981018066406,636.9288940429688,276.8018798828125,672.1769409179688
77,2.0,218.0,230.03271484375,637.5481567382812,278.8262634277344,672.2830810546875
78,2.0,218.0,230.76953125,636.6505737304688,279.5968322753906,672.9714965820312
79,2.0,218.0,231.63087463378906,637.9097900390625,279.35406494140625,673.8887329101562
80,2.0,218.0,231.84307861328125,637.613525390625,280.54595947265625,674.6359252929688
81,2.0,218.0,232.19874572753906,638.6103515625,282.46246337890625,676.2319946289062
82,2.0,218.0,232.30149841308594,638.781005859375,284.4540100097656,677.0234375
83,2.0,218.0,232.5024871826172,640.3106689453125,284.6341247558594,677.7481689453125
84,2.0,218.0,232.83035278320312,638.6432495117188,284.9547119140625,677.3930053710938
85,2.0,218.0,232.762451171875,638.6907348632812,286.10601806640625,677.1707763671875
86,2.0,218.0,234.06204223632812,638.7982788085938,288.60418701171875,676.4317626953125
87,2.0,218.0,235.0699920654297,638.251220703125,290.11798095703125,676.5044555664062
88,2.0,218.0,235.84400939941406,637.878173828125,291.545166015625,677.4574584960938
89,2.0,218.0,236.70138549804688,637.6779174804688,292.46826171875,679.03125
90,2.0,218.0,236.78677368164062,638.28857421875,293.11016845703125,680.7119140625
91,2.0,218.0,237.14688110351562,639.251953125,293.37860107421875,681.442626953125
92,2.0,218.0,237.11529541015625,640.094482421875,293.3246154785156,681.553466796875
93,2.0,218.0,237.4237518310547,638.40771484375,293.4407653808594,681.1687622070312
94,2.0,218.0,238.11102294921875,639.1378784179688,294.3717956542969,681.8182373046875
95,2.0,218.0,238.67811584472656,639.68359375,295.2232360839844,682.4151611328125
96,2.0,218.0,239.3467559814453,639.1492309570312,296.5222473144531,682.5885009765625
97,2.0,218.0,240.02239990234375,639.1336669921875,298.2271423339844,682.7778930664062
98,2.0,218.0,240.8148193359375,637.8784790039062,299.5287170410156,683.0530395507812
99,2.0,218.0,241.30772399902344,638.0498657226562,301.35198974609375,683.363525390625
100,2.0,218.0,241.47479248046875,638.2887573242188,302.3077697753906,683.5344848632812
101,2.0,218.0,241.59628295898438,637.0521850585938,302.0189208984375,683.6633911132812
102,2.0,218.0,242.13931274414062,636.7587890625,304.12969970703125,684.3104248046875
103,2.0,218.0,242.59512329101562,636.58056640625,304.7364807128906,684.98486328125
104,2.0,218.0,243.45452880859375,637.8430786132812,307.4132995605469,685.0626831054688
105,2.0,218.0,243.54037475585938,638.2053833007812,310.60455322265625,686.2417602539062
106,2.0,218.0,244.73611450195312,637.150390625,313.8294677734375,687.2396240234375
107,2.0,218.0,245.73895263671875,636.4561767578125,316.2590026855469,689.1373901367188
108,2.0,218.0,246.3301239013672,636.3743286132812,318.635986328125,690.3461303710938
109,2.0,218.0,246.90570068359375,636.5650024414062,319.5481872558594,691.4828491210938
110,2.0,218.0,247.18101501464844,635.763427734375,320.2733154296875,692.4932250976562
111,2.0,218.0,248.4244842529297,635.4330444335938,320.9422607421875,692.548828125
112,2.0,218.0,248.59246826171875,636.2342529296875,322.76885986328125,693.377197265625
113,2.0,218.0,248.89515686035156,636.66259765625,325.6751403808594,693.7257080078125
114,2.0,218.0,250.17010498046875,636.8246459960938,328.3619689941406,693.6878051757812
115,2.0,218.0,251.6534423828125,636.2799072265625,331.2955627441406,693.930419921875
116,2.0,218.0,251.15145874023438,636.9336547851562,333.7822570800781,695.1594848632812
117,2.0,218.0,253.06605529785156,637.4474487304688,336.52496337890625,695.8096313476562
118,2.0,218.0,253.9044952392578,637.7568969726562,338.935791015625,696.5310668945312
119,2.0,218.0,254.18161010742188,637.8231811523438,340.9646301269531,697.5614013671875
120,2.0,218.0,254.75270080566406,637.3240356445312,343.0384521484375,699.1034545898438
121,2.0,218.0,255.22021484375,636.7098999023438,346.1765441894531,700.9146728515625
122,2.0,218.0,257.36761474609375,635.4822998046875,349.0677490234375,701.9093627929688
123,2.0,218.0,258.7676696777344,635.1567993164062,351.1673583984375,703.3857421875
124,2.0,218.0,259.60675048828125,634.1749267578125,355.2402038574219,705.603515625
125,2.0,218.0,260.9842529296875,633.0985717773438,358.7828674316406,706.329345703125
126,2.0,218.0,263.53875732421875,632.4983520507812,362.7350769042969,708.730712890625
127,2.0,218.0,264.3451843261719,632.5143432617188,365.3847351074219,709.7691650390625
128,2.0,218.0,265.2654724121094,631.9415283203125,369.0751647949219,711.4620361328125
129,2.0,218.0,266.2814025878906,631.6798095703125,373.01080322265625,713.2144775390625
130,2.0,218.0,268.0955810546875,631.1926879882812,379.16064453125,715.0105590820312
131,2.0,218.0,269.4941711425781,630.5716552734375,382.9283142089844,716.9589233398438
132,2.0,218.0,270.12542724609375,630.7005615234375,387.86822509765625,718.1878662109375
133,2.0,218.0,270.1408386230469,631.4598388671875,392.2964782714844,719.7922973632812
134,2.0,218.0,274.2222595214844,631.6150512695312,398.6217041015625,721.1978759765625
135,2.0,218.0,277.4626159667969,631.1981201171875,403.2418212890625,723.4862060546875
136,2.0,218.0,279.04583740234375,630.4888305664062,409.89788818359375,726.2410278320312
137,2.0,218.0,280.15216064453125,629.4016723632812,415.3853454589844,728.9905395507812
138,2.0,218.0,282.73773193359375,629.0855712890625,421.7299499511719,731.24267578125
139,2.0,218.0,284.90216064453125,628.6465454101562,429.2439270019531,733.626220703125
140,2.0,218.0,287.6218566894531,628.2489624023438,436.3203430175781,736.0609130859375
141,2.0,218.0,290.0248718261719,627.506591796875,444.037841796875,739.426513671875
142,2.0,218.0,291.63018798828125,626.1908569335938,452.7364501953125,743.3330688476562
143,2.0,218.0,295.7315368652344,625.2963256835938,461.33111572265625,746.6237182617188
144,2.0,218.0,299.2235107421875,624.2127075195312,472.18243408203125,750.7169799804688
145,2.0,218.0,303.4873962402344,624.1148071289062,481.3168640136719,754.8629150390625
146,2.0,218.0,308.22235107421875,623.3416748046875,491.68035888671875,759.1748046875
147,2.0,218.0,311.36370849609375,623.5196533203125,504.8161315917969,764.1881713867188
148,2.0,218.0,315.1766662597656,623.470703125,518.8556518554688,769.7698974609375
149,2.0,218.0,319.75189208984375,622.7478637695312,534.0582885742188,773.7822875976562
150,2.0,218.0,325.1863098144531,620.9139404296875,549.7399291992188,780.8636474609375
151,2.0,218.0,330.20263671875,619.3302612304688,567.184814453125,785.6680297851562
152,2.0,218.0,335.4055480957031,618.635498046875,586.1912231445312,794.2362670898438
153,2.0,218.0,342.4324035644531,618.4508666992188,607.1312255859375,802.3695068359375
154,2.0,218.0,351.2920227050781,616.9591674804688,630.3657836914062,808.6572875976562
155,2.0,218.0,358.747802734375,615.733154296875,658.1552124023438,818.6023559570312
156,2.0,218.0,368.8165283203125,613.8558959960938,688.2601928710938,828.0047607421875
157,2.0,218.0,377.3227233886719,613.1676635742188,722.8756103515625,841.1248168945312
158,2.0,218.0,388.37799072265625,610.9567260742188,760.628173828125,851.4285278320312
159,2.0,218.0,400.7833251953125,608.0511474609375,807.4608764648438,868.2131958007812
160,2.0,218.0,414.3687438964844,604.2357177734375,862.1001586914062,888.3236694335938
161,2.0,218.0,430.7397155761719,597.5551147460938,926.8030395507812,909.7477416992188
162,2.0,218.0,448.0683288574219,589.082275390625,1004.5095825195312,935.90087890625
163,2.0,218.0,468.3896179199219,584.740966796875,1098.7178955078125,972.6082153320312
164,2.0,218.0,492.7033386230469,579.6567993164062,1216.92138671875,1017.0074462890625
165,2.0,218.0,523.1196899414062,570.3731079101562,1368.3795166015625,1057.3448486328125
166,2.0,218.0,559.4251098632812,559.96142578125,1569.8670654296875,1071.619140625
167,2.0,218.0,596.7498168945312,549.2485961914062,1795.853759765625,1079.1993408203125
168,2.0,218.0,644.4384765625,533.4349975585938,1892.2041015625,1080.0
169,2.0,218.0,725.43017578125,509.88079833984375,1920.0,1079.42041015625
170,2.0,218.0,829.2362670898438,476.1766662597656,1920.0,1077.9990234375
171,2.0,218.0,963.9481811523438,430.398681640625,1920.0,1079.0072021484375
172,2.0,218.0,1162.19482421875,416.3472595214844,1920.0,1077.7357177734375
