92,2.0,217.0,238.1443634033203,638.6385498046875,289.3377380371094,676.2702026367188
93,2.0,217.0,238.181884765625,639.3154296875,290.2320251464844,676.2479248046875
94,2.0,217.0,238.42103576660156,638.5655517578125,290.3076477050781,675.806640625
95,2.0,217.0,238.4757537841797,639.1127319335938,291.4894714355469,675.8814086914062
96,2.0,217.0,239.15663146972656,638.2210083007812,292.1318664550781,675.9932250976562
97,2.0,217.0,239.61927795410156,637.7857055664062,292.31927490234375,676.2860107421875
98,2.0,217.0,240.8207550048828,638.3056640625,292.4592590332031,677.4299926757812
99,2.0,217.0,241.14569091796875,637.9639282226562,292.6556396484375,678.7819213867188
100,2.0,217.0,241.2998504638672,637.3366088867188,293.3753662109375,679.6072387695312
101,2.0,217.0,242.19549560546875,637.5765380859375,293.8818359375,679.8994750976562
102,2.0,217.0,242.53677368164062,639.6139526367188,294.0249328613281,680.7514038085938
103,2.0,217.0,242.8976593017578,639.146484375,294.9267883300781,680.638916015625
104,2.0,217.0,242.759765625,637.2593383789062,296.4461364746094,680.5146484375
105,2.0,217.0,242.35592651367188,636.9102783203125,298.79791259765625,680.9671630859375
106,2.0,217.0,243.07717895507812,636.81494140625,300.4914245605469,681.5138549804688
107,2.0,217.0,243.46560668945312,638.3421630859375,302.10650634765625,682.399658203125
108,2.0,217.0,244.18026733398438,639.1051635742188,302.7153625488281,682.8826904296875
109,2.0,217.0,244.70530700683594,638.576904296875,302.5323181152344,683.3910522460938
110,2.0,217.0,245.5174102783203,638.4855346679688,303.5738525390625,684.248779296875
111,2.0,217.0,245.94888305664062,640.1243896484375,304.8499450683594,684.5949096679688
112,2.0,217.0,246.95960998535156,639.9796752929688,305.8088073730469,684.5125122070312
113,2.0,217.0,246.79127502441406,641.289306640625,307.7149353027344,684.9256591796875
114,2.0,217.0,247.02828979492188,640.1430053710938,309.9517517089844,686.1550903320312
115,2.0,217.0,247.6362762451172,638.7214965820312,313.848388671875,687.0828247070312
116,2.0,217.0,248.2958984375,638.462646484375,316.36492919921875,687.856201171875
117,2.0,217.0,248.99978637695312,637.4473266601562,317.81591796875,688.7005615234375
118,2.0,217.0,249.48997497558594,638.3458251953125,318.74359130859375,688.8937377929688
119,2.0,217.0,250.6968231201172,639.4437866210938,320.079833984375,690.1090698242188
120,2.0,217.0,251.264404296875,639.4228515625,321.5093994140625,691.1256103515625
121,2.0,217.0,251.93560791015625,640.0108032226562,323.4638671875,691.5980224609375
122,2.0,217.0,252.51344299316406,639.449951171875,325.2027587890625,692.0889892578125
123,2.0,217.0,253.08511352539062,639.5834350585938,327.1744079589844,692.4647216796875
124,2.0,217.0,253.9012451171875,639.6268920898438,328.7666320800781,692.9757080078125
125,2.0,217.0,254.60411071777344,639.390869140625,332.0464172363281,693.5703735351562
126,2.0,217.0,255.09312438964844,639.544921875,334.3839416503906,693.5863037109375
127,2.0,217.0,255.12680053710938,639.7741088867188,335.66461181640625,693.17236328125
128,2.0,217.0,256.2471618652344,639.8704833984375,337.3005676269531,694.2971801757812
129,2.0,217.0,257.4098205566406,639.3659057617188,340.2548828125,696.1122436523438
130,2.0,217.0,258.899169921875,639.022705078125,342.2785949707031,697.3280029296875
131,2.0,217.0,259.93328857421875,637.402099609375,345.1971740722656,697.5439453125
132,2.0,217.0,261.51519775390625,636.0852661132812,346.3788146972656,699.2694091796875
133,2.0,217.0,263.1767272949219,636.047119140625,348.4805908203125,699.6138305664062
134,2.0,217.0,264.6295166015625,635.404296875,350.9839782714844,701.6439819335938
135,2.0,217.0,264.9852600097656,635.43896484375,353.756591796875,703.622802734375
136,2.0,217.0,265.2691650390625,634.7947998046875,357.09124755859375,704.9052124023438
137,2.0,217.0,265.8978576660156,634.1959228515625,361.12799072265625,705.803466796875
138,2.0,217.0,266.4080505371094,634.788330078125,363.90032958984375,706.8446044921875
139,2.0,217.0,268.3419494628906,634.1069946289062,367.41583251953125,710.0158081054688
140,2.0,217.0,269.68377685546875,633.5690307617188,370.2035827636719,710.6719360351562
141,2.0,217.0,271.2125549316406,632.660888671875,374.1820068359375,712.5377807617188
142,2.0,217.0,273.146728515625,632.0706176757812,379.0310363769531,713.6747436523438
143,2.0,217.0,274.2838439941406,631.1300048828125,381.78955078125,715.5769653320312
144,2.0,217.0,273.7652893066406,631.6687622070312,385.3453674316406,716.52099609375
145,2.0,217.0,274.1636657714844,632.2329711914062,390.03857421875,717.7057495117188
146,2.0,217.0,276.7890930175781,631.7670288085938,393.7868957519531,719.3049926757812
147,2.0,217.0,278.53106689453125,630.6566772460938,399.008056640625,720.4895629882812
148,2.0,217.0,280.02838134765625,629.9351196289062,404.27227783203125,722.2872314453125
149,2.0,217.0,283.39544677734375,629.9537353515625,410.2525634765625,724.2530517578125
150,2.0,217.0,284.7837219238281,630.1119995117188,415.8845520019531,728.0865478515625
151,2.0,217.0,286.92913818359375,629.9202270507812,421.9626770019531,730.5192260742188
152,2.0,217.0,288.40606689453125,629.5698852539062,428.6025085449219,732.862548828125
153,2.0,217.0,289.31622314453125,628.7036743164062,434.6799011230469,736.7996215820312
154,2.0,217.0,291.2242126464844,629.3869018554688,441.1336364746094,738.4091796875
155,2.0,217.0,292.9947509765625,628.3282470703125,448.1943054199219,741.1416015625
156,2.0,217.0,297.7325134277344,626.5855102539062,456.3293762207031,743.8282470703125
157,2.0,217.0,300.37982177734375,626.9594116210938,464.3077392578125,747.5545654296875
158,2.0,217.0,302.3012390136719,625.964599609375,475.7543029785156,751.6298217773438
159,2.0,217.0,306.6282653808594,625.0546875,483.9504699707031,757.1283569335938
160,2.0,217.0,310.7665100097656,625.0291748046875,492.9198913574219,760.220703125
161,2.0,217.0,312.8970947265625,624.9368286132812,504.70159912109375,764.66064453125
162,2.0,217.0,315.9964904785156,624.171142578125,516.2631225585938,770.1710815429688
163,2.0,217.0,320.960205078125,623.0949096679688,530.8028564453125,774.9536743164062
164,2.0,217.0,324.2520446777344,621.8108520507812,545.5756225585938,780.9414672851562
165,2.0,217.0,327.9908142089844,619.6871948242188,561.3593139648438,786.1304931640625
166,2.0,217.0,334.1308288574219,619.323486328125,579.3048706054688,794.5835571289062
167,2.0,217.0,338.3222351074219,618.3997192382812,596.9833374023438,800.845947265625
168,2.0,217.0,344.7862548828125,617.6030883789062,618.0357666015625,808.0938110351562
169,2.0,217.0,351.62890625,616.8919067382812,642.250244140625,816.6031494140625
170,2.0,217.0,358.439208984375,615.5178833007812,669.9821166992188,828.2476196289062
171,2.0,217.0,368.5811462402344,613.7835083007812,698.6858520507812,838.9788818359375
172,2.0,217.0,375.34503173828125,611.4987182617188,734.27978515625,850.1179809570312
173,2.0,217.0,386.54638671875,609.8982543945312,775.1681518554688,864.5169067382812
174,2.0,217.0,397.28277587890625,605.3282470703125,822.2056274414062,882.358154296875
175,2.0,217.0,411.0613708496094,600.137451171875,878.9532470703125,899.368896484375
176,2.0,217.0,424.635009765625,594.42529296875,944.8052978515625,922.2745361328125
177,2.0,217.0,442.2396240234375,586.330810546875,1024.027587890625,953.6828002929688
178,2.0,217.0,461.70947265625,582.028076171875,1122.495849609375,992.2544555664062
179,2.0,217.0,485.291015625,574.7685546875,1248.2398681640625,1038.296630859375
180,2.0,217.0,512.7725830078125,563.1644897460938,1406.7265625,1065.3984375
181,2.0,217.0,549.0233764648438,551.6217041015625,1617.2545166015625,1075.1636962890625
182,2.0,217.0,573.8460693359375,541.3316650390625,1815.913818359375,1080.0
183,2.0,217.0,635.994873046875,522.3917236328125,1900.6185302734375,1080.0
184,2.0,217.0,714.18896484375,497.3500061035156,1920.0,1077.7392578125
185,2.0,217.0,812.7807006835938,460.09014892578125,1920.0,1078.7650146484375
186,2.0,217.0,942.8197631835938,409.23431396484375,1920.0,1079.0599365234375
187,2.0,217.0,1139.9085693359375,397.2359619140625,1920.0,1077.325439453125
