12,2.0,202.0,209.3568115234375,648.5938720703125,250.73533630371094,683.3418579101562
13,2.0,202.0,208.75381469726562,649.3048095703125,251.36727905273438,683.4732055664062
14,2.0,202.0,208.7899169921875,649.5231323242188,252.09349060058594,683.6485595703125
15,2.0,202.0,208.5971221923828,649.291748046875,251.82275390625,683.8101196289062
16,2.0,202.0,209.09860229492188,647.8539428710938,251.56761169433594,683.9459838867188
17,2.0,202.0,208.0983123779297,646.1986694335938,252.3585968017578,684.4061279296875
18,2.0,202.0,208.03370666503906,646.2841186523438,253.7631378173828,684.2830200195312
19,2.0,202.0,207.94740295410156,645.8290405273438,254.12339782714844,684.2254028320312
20,2.0,202.0,208.2574462890625,646.4075927734375,254.70303344726562,684.1754760742188
21,2.0,202.0,208.3436279296875,646.3416137695312,255.7949981689453,684.6588134765625
22,2.0,202.0,209.06436157226562,646.2655639648438,255.97618103027344,684.6504516601562
23,2.0,202.0,209.37379455566406,645.4614868164062,255.89659118652344,684.9561767578125
24,2.0,202.0,210.94491577148438,646.3753662109375,256.54931640625,685.170166015625
25,2.0,202.0,212.06243896484375,645.9537353515625,257.8009338378906,685.408203125
26,2.0,202.0,212.9552001953125,645.7684936523438,258.0562438964844,685.7692260742188
27,2.0,202.0,213.36195373535156,645.8726196289062,258.7174987792969,686.3497314453125
28,2.0,202.0,213.57601928710938,647.176513671875,259.1560974121094,686.370849609375
29,2.0,202.0,213.15122985839844,647.3345336914062,260.15191650390625,686.3980712890625
30,2.0,202.0,213.17697143554688,647.4720458984375,259.9499816894531,686.5517578125
31,2.0,202.0,212.6110076904297,648.1591186523438,259.876953125,686.3148193359375
32,2.0,202.0,212.20388793945312,649.0760498046875,260.3871154785156,685.8667602539062
33,2.0,202.0,211.63031005859375,649.1276245117188,260.9374694824219,685.4747314453125
34,2.0,202.0,211.3754425048828,648.885498046875,261.1716003417969,685.3082885742188
35,2.0,202.0,211.41952514648438,648.74365234375,261.2635192871094,684.9442138671875
36,2.0,202.0,212.09800720214844,648.8218383789062,261.5729064941406,685.0689086914062
37,2.0,202.0,212.69192504882812,648.2645874023438,263.0222473144531,685.19775390625
38,2.0,202.0,212.79888916015625,648.3470458984375,264.4619140625,685.9977416992188
39,2.0,202.0,212.51719665527344,648.0381469726562,265.29345703125,686.8340454101562
40,2.0,202.0,212.25115966796875,649.2789916992188,266.0728454589844,688.171875
41,2.0,202.0,212.59048461914062,650.1416015625,267.0119934082031,688.8316040039062
42,2.0,202.0,212.65184020996094,649.7560424804688,267.3831787109375,689.684326171875
43,2.0,202.0,212.69381713867188,648.7913818359375,267.78790283203125,690.5828247070312
44,2.0,202.0,212.90084838867188,649.26171875,268.34490966796875,690.8310546875
45,2.0,202.0,213.15811157226562,649.2954711914062,268.4573669433594,690.8561401367188
46,2.0,202.0,213.27720642089844,648.71826171875,267.7709045410156,689.926025390625
47,2.0,202.0,213.47715759277344,649.488525390625,268.3135070800781,689.5324096679688
48,2.0,202.0,213.38511657714844,649.9124755859375,268.8125,690.2194213867188
49,2.0,202.0,213.35780334472656,649.2964477539062,268.8100280761719,690.98828125
50,2.0,202.0,213.75717163085938,647.7417602539062,269.4078369140625,692.1094360351562
51,2.0,202.0,213.5111083984375,648.7057495117188,270.1027526855469,692.5438842773438
52,2.0,202.0,213.76393127441406,649.77587890625,270.501220703125,692.646484375
53,2.0,202.0,214.533935546875,649.4883422851562,271.5194396972656,692.6275634765625
54,2.0,202.0,214.4706268310547,650.0224609375,272.1233215332031,692.3812255859375
55,2.0,202.0,214.62078857421875,648.6744384765625,273.56658935546875,692.2997436523438
56,2.0,202.0,214.9247589111328,648.3671264648438,273.549072265625,692.4149780273438
57,2.0,202.0,215.49525451660156,649.0159912109375,275.1309509277344,692.50244140625
58,2.0,202.0,215.71360778808594,648.510986328125,276.15716552734375,692.4950561523438
59,2.0,202.0,215.63619995117188,647.686767578125,277.5276794433594,692.577392578125
60,2.0,202.0,215.81556701660156,647.318603515625,278.781005859375,692.7017822265625
61,2.0,202.0,216.2897491455078,647.5598754882812,279.2515869140625,693.104736328125
62,2.0,202.0,216.57301330566406,647.4096069335938,279.24896240234375,693.4890747070312
63,2.0,202.0,216.79251098632812,647.4459838867188,280.5992736816406,693.5921020507812
64,2.0,202.0,217.0621795654297,648.4287109375,281.25390625,693.9683837890625
65,2.0,202.0,217.388427734375,650.5379638671875,280.70587158203125,694.4564819335938
66,2.0,202.0,217.2771453857422,651.6473388671875,279.4358215332031,694.6985473632812
67,2.0,202.0,216.7582550048828,651.1752319335938,282.40863037109375,695.1092529296875
68,2.0,202.0,216.83155822753906,650.0458984375,284.28619384765625,695.0743408203125
69,2.0,202.0,217.07449340820312,648.5762329101562,285.3647766113281,695.0765380859375
70,2.0,202.0,217.8569793701172,648.7448120117188,284.96942138671875,695.280517578125
71,2.0,202.0,218.27963256835938,648.7156982421875,286.9688415527344,695.8036499023438
72,2.0,202.0,218.1311492919922,648.9798583984375,288.7136535644531,696.6563720703125
73,2.0,202.0,218.4066619873047,648.7097778320312,289.16827392578125,696.9508056640625
74,2.0,202.0,219.5803680419922,647.9793701171875,292.1897277832031,699.4297485351562
75,2.0,202.0,219.37745666503906,646.9306030273438,293.0161437988281,700.3892211914062
76,2.0,202.0,218.86276245117188,646.4987182617188,294.0621032714844,700.074951171875
77,2.0,202.0,219.9044952392578,645.3099365234375,294.6627197265625,701.3655395507812
78,2.0,202.0,219.47369384765625,645.2173461914062,295.6573791503906,700.087646484375
79,2.0,202.0,219.9872589111328,645.6818237304688,295.82220458984375,701.0811157226562
80,2.0,202.0,220.40602111816406,645.8975219726562,295.8076477050781,701.242431640625
81,2.0,202.0,221.43167114257812,645.8331298828125,296.82391357421875,701.7063598632812
82,2.0,202.0,222.28994750976562,646.977783203125,298.4921569824219,702.13330078125
83,2.0,202.0,222.597900390625,647.00830078125,300.251953125,702.93505859375
84,2.0,202.0,222.80435180664062,646.6812133789062,302.0386047363281,703.1983032226562
85,2.0,202.0,222.8028564453125,647.048828125,303.4053039550781,703.7515258789062
86,2.0,202.0,222.72023010253906,647.3206176757812,304.52703857421875,704.3521728515625
87,2.0,202.0,223.12669372558594,647.3504028320312,306.093994140625,705.3673095703125
88,2.0,202.0,224.1486053466797,646.979248046875,307.0616149902344,705.6497802734375
89,2.0,202.0,225.20347595214844,645.9566650390625,307.5095520019531,705.7371215820312
90,2.0,202.0,226.12841796875,645.7921752929688,309.3666687011719,706.4995727539062
91,2.0,202.0,226.0120086669922,645.9834594726562,309.8837585449219,706.3853149414062
92,2.0,202.0,227.54640197753906,646.0955810546875,312.1283874511719,706.7581176757812
93,2.0,202.0,228.50555419921875,646.093505859375,313.14385986328125,707.5011596679688
94,2.0,202.0,229.31227111816406,646.3602294921875,315.07379150390625,708.9119873046875
95,2.0,202.0,230.06907653808594,646.3803100585938,316.0780334472656,710.1970825195312
96,2.0,202.0,230.8378448486328,646.4583740234375,317.9442443847656,711.6260986328125
97,2.0,202.0,230.6836395263672,646.2741088867188,320.4372253417969,712.6837768554688
98,2.0,202.0,230.38156127929688,645.8907470703125,322.0655822753906,713.629150390625
99,2.0,202.0,231.12057495117188,646.0513305664062,323.2270202636719,714.2606811523438
100,2.0,202.0,231.9689178466797,645.88916015625,325.9244079589844,715.3859252929688
101,2.0,202.0,233.01600646972656,646.6329956054688,327.2711181640625,716.35498046875
102,2.0,202.0,233.7186737060547,646.67041015625,328.57818603515625,716.7319946289062
103,2.0,202.0,233.72177124023438,646.3678588867188,329.6368713378906,717.4794921875
104,2.0,202.0,234.41763305664062,646.2682495117188,330.9310302734375,718.1629028320312
105,2.0,202.0,234.69021606445312,646.2797241210938,333.6758117675781,718.8126831054688
106,2.0,202.0,235.1745147705078,646.018310546875,335.5245666503906,719.2693481445312
107,2.0,202.0,236.00169372558594,644.8372802734375,338.1650390625,719.8770751953125
108,2.0,202.0,236.9085693359375,644.377197265625,340.4619140625,720.715576171875
109,2.0,202.0,237.94517517089844,643.9682006835938,343.4598083496094,721.78955078125
110,2.0,202.0,239.33790588378906,642.6248168945312,346.82098388671875,722.40283203125
111,2.0,202.0,240.24330139160156,641.3892822265625,348.00262451171875,723.277587890625
112,2.0,202.0,240.63888549804688,641.239013671875,349.8256530761719,725.0081787109375
113,2.0,202.0,241.14385986328125,641.0651245117188,353.62158203125,727.0292358398438
114,2.0,202.0,241.4327850341797,641.8910522460938,358.30316162109375,728.6621704101562
115,2.0,202.0,242.01492309570312,642.6837768554688,362.25482177734375,730.6541137695312
116,2.0,202.0,242.5596160888672,642.5684814453125,365.18316650390625,731.72900390625
117,2.0,202.0,243.05799865722656,642.614990234375,368.12060546875,732.5382690429688
118,2.0,202.0,242.97976684570312,642.0313110351562,369.4156494140625,734.598388671875
119,2.0,202.0,243.70806884765625,640.8692016601562,372.14862060546875,734.1542358398438
120,2.0,202.0,245.1680908203125,640.7024536132812,375.3739318847656,734.4613037109375
121,2.0,202.0,246.0982666015625,641.2072143554688,379.23876953125,735.8529052734375
122,2.0,202.0,246.51239013671875,640.3526611328125,381.2159423828125,737.5665893554688
123,2.0,202.0,248.4042510986328,640.7171020507812,384.1624450683594,738.8422241210938
124,2.0,202.0,249.69732666015625,639.2278442382812,388.4830627441406,740.0060424804688
125,2.0,202.0,252.25318908691406,639.3602905273438,392.051513671875,741.260986328125
126,2.0,202.0,252.51832580566406,639.0369873046875,395.99041748046875,742.6115112304688
127,2.0,202.0,253.46417236328125,638.917236328125,400.1461486816406,744.0280151367188
128,2.0,202.0,254.507080078125,638.6416015625,404.92718505859375,747.769775390625
129,2.0,202.0,257.0065612792969,637.36376953125,408.3375244140625,749.3286743164062
130,2.0,202.0,259.5633850097656,636.6952514648438,414.2567443847656,750.7028198242188
131,2.0,202.0,260.097412109375,636.05859375,419.24658203125,754.2994384765625
132,2.0,202.0,261.7890319824219,634.8801879882812,424.8512268066406,756.0243530273438
133,2.0,202.0,264.15814208984375,634.5733032226562,430.4698486328125,759.3668212890625
134,2.0,202.0,265.3960876464844,634.3694458007812,436.724609375,761.4240112304688
135,2.0,202.0,266.810302734375,633.4186401367188,442.55706787109375,763.6126098632812
136,2.0,202.0,269.1767578125,632.7785034179688,448.81756591796875,766.0327758789062
137,2.0,202.0,270.5947265625,632.5905151367188,455.36126708984375,767.6099853515625
138,2.0,202.0,273.01470947265625,633.0579833984375,461.8437805175781,769.3582763671875
139,2.0,202.0,276.3060607910156,633.2095336914062,468.3959655761719,771.217529296875
140,2.0,202.0,276.64947509765625,632.86181640625,477.1876220703125,775.4564208984375
141,2.0,202.0,277.0682678222656,632.2432861328125,485.8218688964844,779.537353515625
142,2.0,202.0,280.55322265625,632.37841796875,493.8226623535156,782.9136962890625
143,2.0,202.0,283.4300537109375,632.1881103515625,503.8119812011719,785.291015625
144,2.0,202.0,286.1015930175781,630.9989624023438,512.5299682617188,789.8805541992188
145,2.0,202.0,288.5640869140625,630.2938232421875,523.0090942382812,795.9403686523438
146,2.0,202.0,291.1639404296875,629.1198120117188,534.1489868164062,800.3987426757812
147,2.0,202.0,295.6068420410156,628.6771850585938,545.56103515625,804.5045776367188
148,2.0,202.0,299.9384765625,627.3387451171875,557.5706176757812,808.048828125
149,2.0,202.0,303.14013671875,627.0842895507812,570.0317993164062,812.7401123046875
150,2.0,202.0,307.6059875488281,625.8380126953125,583.638427734375,817.8309326171875
151,2.0,202.0,310.58526611328125,624.4601440429688,598.71630859375,822.967529296875
152,2.0,202.0,317.33697509765625,623.344970703125,615.155517578125,829.21533203125
153,2.0,202.0,321.60003662109375,622.6234130859375,632.8668212890625,836.1519165039062
154,2.0,202.0,326.1495361328125,621.7175903320312,650.3350219726562,842.2722778320312
155,2.0,202.0,332.16497802734375,619.72509765625,671.0133666992188,849.7770385742188
156,2.0,202.0,336.40277099609375,619.1349487304688,692.7175903320312,854.2775268554688
157,2.0,202.0,344.41839599609375,617.7162475585938,717.4403686523438,863.8547973632812
158,2.0,202.0,349.2533264160156,616.8056640625,744.309814453125,875.516357421875
159,2.0,202.0,357.68017578125,612.706787109375,773.4055786132812,885.80322265625
160,2.0,202.0,365.9514465332031,610.3091430664062,806.7181396484375,896.2267456054688
161,2.0,202.0,373.8838806152344,607.4031372070312,842.0639038085938,906.4208374023438
162,2.0,202.0,381.0999450683594,604.70849609375,881.2935791015625,920.1328735351562
163,2.0,202.0,389.9408874511719,599.3165283203125,925.186279296875,936.218505859375
164,2.0,202.0,403.43743896484375,596.1693725585938,976.3883056640625,955.7342529296875
165,2.0,202.0,414.5480651855469,592.8655395507812,1033.11474609375,978.2044677734375
166,2.0,202.0,428.19134521484375,590.450439453125,1097.8021240234375,1000.893798828125
167,2.0,202.0,443.5504455566406,587.23388671875,1173.4713134765625,1030.2342529296875
168,2.0,202.0,458.7616882324219,583.3909912109375,1262.225341796875,1061.25244140625
169,2.0,202.0,479.2166442871094,572.0491943359375,1360.7425537109375,1073.9544677734375
170,2.0,202.0,497.1420593261719,563.9785766601562,1482.7724609375,1077.052734375
171,2.0,202.0,523.6817626953125,557.955810546875,1629.9744873046875,1079.6842041015625
172,2.0,202.0,550.2031860351562,552.5547485351562,1808.707763671875,1080.0
173,2.0,202.0,565.0386962890625,545.379638671875,1898.474365234375,1080.0
174,2.0,202.0,603.4344482421875,532.6929931640625,1920.0,1079.877685546875
175,2.0,202.0,656.0270385742188,518.3152465820312,1920.0,1077.01025390625
176,2.0,202.0,710.95361328125,499.96551513671875,1920.0,1075.8372802734375
177,2.0,202.0,773.578857421875,478.3912353515625,1920.0,1075.775146484375
178,2.0,202.0,846.4818115234375,450.510009765625,1920.0,1077.767822265625
179,2.0,202.0,934.2860107421875,420.139892578125,1920.0,1075.532470703125
180,2.0,202.0,1049.5716552734375,406.8999328613281,1920.0,1075.6383056640625
181,2.0,202.0,1199.8773193359375,407.8695373535156,1920.0,1073.632080078125
182,2.0,202.0,1404.044189453125,435.1823425292969,1920.0,1071.977783203125
