78,2.0,211.0,225.3003387451172,639.4313354492188,270.7919616699219,675.0718994140625
79,2.0,211.0,225.1441650390625,639.8446655273438,271.4424133300781,674.9634399414062
80,2.0,211.0,224.91322326660156,639.9982299804688,271.3277587890625,675.1561279296875
81,2.0,211.0,225.05096435546875,639.3025512695312,271.19000244140625,675.50830078125
82,2.0,211.0,225.48023986816406,638.6865234375,270.9127197265625,675.650146484375
83,2.0,211.0,225.215087890625,638.7691650390625,271.4189453125,675.7315063476562
84,2.0,211.0,225.54852294921875,638.2588500976562,273.5052795410156,676.1237182617188
85,2.0,211.0,224.5643310546875,638.3404541015625,275.2092590332031,676.350341796875
86,2.0,211.0,225.7231903076172,638.4358520507812,275.5857238769531,676.114501953125
87,2.0,211.0,225.70266723632812,637.4932861328125,275.9546813964844,677.0078735351562
88,2.0,211.0,225.26296997070312,637.692138671875,278.0528869628906,679.1795043945312
89,2.0,211.0,225.18756103515625,638.8145751953125,278.8795471191406,680.6780395507812
90,2.0,211.0,225.6294708251953,638.481201171875,279.9506530761719,681.3410034179688
91,2.0,211.0,225.88153076171875,638.1311645507812,281.6451416015625,681.8701171875
92,2.0,211.0,225.69529724121094,639.8458251953125,280.884033203125,681.7875366210938
93,2.0,211.0,225.9806671142578,639.3597412109375,280.5923156738281,681.441650390625
94,2.0,211.0,226.4241485595703,637.8212280273438,280.9386291503906,681.117919921875
95,2.0,211.0,226.5890350341797,637.2300415039062,282.23785400390625,681.8446655273438
96,2.0,211.0,226.67681884765625,636.3981323242188,282.8760681152344,682.1160888671875
97,2.0,211.0,227.12945556640625,636.3047485351562,284.0103454589844,682.0078125
98,2.0,211.0,227.8485107421875,635.78125,285.56378173828125,681.6991577148438
99,2.0,211.0,228.44204711914062,635.4225463867188,287.8175048828125,682.1014404296875
100,2.0,211.0,228.68896484375,635.0841064453125,288.9424133300781,682.5283203125
101,2.0,211.0,229.0956573486328,634.646728515625,289.66473388671875,682.8176879882812
102,2.0,211.0,229.0185089111328,635.5619506835938,291.1859436035156,683.1863403320312
103,2.0,211.0,229.92123413085938,636.4314575195312,291.78863525390625,683.4034423828125
104,2.0,211.0,230.84361267089844,637.1263427734375,292.3653259277344,683.5186767578125
105,2.0,211.0,231.5216522216797,637.4163818359375,293.1605529785156,684.0072631835938
106,2.0,211.0,231.5334930419922,637.847900390625,293.966796875,684.6007690429688
107,2.0,211.0,232.0287628173828,638.0316772460938,295.10430908203125,685.1913452148438
108,2.0,211.0,232.56370544433594,638.6659545898438,295.9798583984375,685.1791381835938
109,2.0,211.0,233.29818725585938,639.8107299804688,298.2119140625,686.2666625976562
110,2.0,211.0,233.70343017578125,640.2106323242188,301.0361633300781,687.5204467773438
111,2.0,211.0,235.1221466064453,638.605224609375,303.1920471191406,688.1743774414062
112,2.0,211.0,235.4300537109375,639.1161499023438,304.9888916015625,689.4267578125
113,2.0,211.0,235.94845581054688,638.0949096679688,306.9637451171875,690.5608520507812
114,2.0,211.0,236.41893005371094,638.0133666992188,306.7762451171875,690.8623657226562
115,2.0,211.0,237.39044189453125,636.732177734375,308.7351989746094,691.3547973632812
116,2.0,211.0,237.69158935546875,637.9906005859375,310.70684814453125,692.067626953125
117,2.0,211.0,237.7539825439453,636.9750366210938,313.667236328125,693.278076171875
118,2.0,211.0,238.83499145507812,636.8614501953125,316.1126403808594,693.24169921875
119,2.0,211.0,241.30479431152344,634.9530639648438,317.6833190917969,693.409912109375
120,2.0,211.0,242.5352783203125,634.283935546875,320.09149169921875,693.5505981445312
121,2.0,211.0,243.5780792236328,634.68017578125,322.42718505859375,694.329345703125
122,2.0,211.0,244.1972198486328,634.9140625,324.5484619140625,694.7753295898438
123,2.0,211.0,244.1485595703125,635.0631713867188,325.241943359375,696.5997924804688
124,2.0,211.0,243.61398315429688,635.3074951171875,328.4211120605469,697.5111083984375
125,2.0,211.0,243.26588439941406,635.82470703125,330.07598876953125,699.4951782226562
126,2.0,211.0,243.85629272460938,635.6654052734375,331.85614013671875,700.6306762695312
127,2.0,211.0,243.90475463867188,636.3964233398438,333.52484130859375,700.5819702148438
128,2.0,211.0,246.10565185546875,634.7611083984375,337.3572998046875,701.9141845703125
129,2.0,211.0,247.82366943359375,634.2493896484375,340.3460388183594,702.6390380859375
130,2.0,211.0,249.235595703125,633.1614379882812,343.0591735839844,703.2424926757812
131,2.0,211.0,251.11134338378906,632.6903686523438,346.3382873535156,704.5550537109375
132,2.0,211.0,252.15440368652344,632.69384765625,348.6318664550781,705.2877197265625
133,2.0,211.0,252.5933074951172,633.6049194335938,350.9938049316406,706.506591796875
134,2.0,211.0,253.62002563476562,633.6585693359375,353.6938781738281,709.2401123046875
135,2.0,211.0,254.74696350097656,632.9988403320312,356.8384094238281,710.2088012695312
136,2.0,211.0,256.5585021972656,632.52294921875,360.93597412109375,711.4950561523438
137,2.0,211.0,257.7647399902344,633.1856079101562,363.93621826171875,712.70849609375
138,2.0,211.0,259.8395690917969,632.5601806640625,367.4754638671875,713.943359375
139,2.0,211.0,260.914306640625,631.7532958984375,369.9427795410156,715.5119018554688
140,2.0,211.0,262.2273254394531,630.6157836914062,375.26171875,717.1177368164062
141,2.0,211.0,263.140625,629.9888916015625,378.838623046875,717.9244995117188
142,2.0,211.0,265.0973205566406,630.1222534179688,383.4372863769531,719.433837890625
143,2.0,211.0,264.185791015625,630.7299194335938,386.781982421875,721.060302734375
144,2.0,211.0,264.2906799316406,630.67138671875,391.96234130859375,722.6470336914062
145,2.0,211.0,267.23553466796875,630.5234985351562,396.7848815917969,723.4855346679688
146,2.0,211.0,267.4629211425781,630.755126953125,401.4207763671875,725.8441772460938
147,2.0,211.0,269.523681640625,630.650390625,406.71673583984375,728.70849609375
148,2.0,211.0,272.37298583984375,629.456298828125,412.14971923828125,730.7744140625
149,2.0,211.0,275.06695556640625,629.2138061523438,418.1378479003906,732.7776489257812
150,2.0,211.0,277.9382629394531,627.8567504882812,423.6398620605469,735.44091796875
151,2.0,211.0,281.5666809082031,629.0034790039062,430.50726318359375,736.5904541015625
152,2.0,211.0,283.7808532714844,628.8524169921875,436.9029541015625,739.2164916992188
153,2.0,211.0,287.7034912109375,627.41748046875,443.6259460449219,742.01953125
154,2.0,211.0,289.3115234375,626.0439453125,451.93603515625,744.2703247070312
155,2.0,211.0,291.5914306640625,625.4535522460938,458.0647888183594,748.2546997070312
156,2.0,211.0,294.9154357910156,625.6557006835938,466.4645690917969,751.7546997070312
157,2.0,211.0,299.4864196777344,625.8084716796875,476.3858337402344,755.5302124023438
158,2.0,211.0,301.069091796875,624.3814697265625,485.588623046875,759.7637939453125
159,2.0,211.0,304.55694580078125,623.607177734375,495.6200256347656,763.4171142578125
160,2.0,211.0,308.1031494140625,623.8812255859375,506.0762939453125,766.6141967773438
161,2.0,211.0,310.3196716308594,624.032470703125,516.8990478515625,770.7130737304688
162,2.0,211.0,313.2105712890625,623.3981323242188,529.4361572265625,774.7642822265625
163,2.0,211.0,318.6492919921875,622.0944213867188,543.050048828125,780.4271240234375
164,2.0,211.0,322.8226623535156,620.4328002929688,556.4218139648438,784.4976806640625
165,2.0,211.0,327.3463439941406,619.12841796875,572.12646484375,790.2625732421875
166,2.0,211.0,333.6562805175781,618.9511108398438,589.3858032226562,797.150390625
167,2.0,211.0,338.10076904296875,618.592041015625,607.6021118164062,803.6921997070312
168,2.0,211.0,345.8036193847656,617.3211059570312,627.0370483398438,809.5349731445312
169,2.0,211.0,352.6336975097656,616.7417602539062,649.50048828125,818.4564819335938
170,2.0,211.0,359.8046569824219,616.0016479492188,673.0289306640625,826.3678588867188
171,2.0,211.0,369.58428955078125,614.0355834960938,698.5282592773438,833.4589233398438
172,2.0,211.0,376.76678466796875,612.8983154296875,728.6328735351562,843.0996704101562
173,2.0,211.0,386.3802795410156,612.3843994140625,761.125244140625,853.510009765625
174,2.0,211.0,396.1976318359375,609.3148193359375,800.5032348632812,866.8880004882812
175,2.0,211.0,406.68487548828125,605.8602294921875,844.8976440429688,879.9692993164062
176,2.0,211.0,419.3217468261719,601.4010009765625,893.7924194335938,896.9476318359375
177,2.0,211.0,434.79742431640625,595.3049926757812,949.474609375,914.3284301757812
178,2.0,211.0,450.7182312011719,588.5264892578125,1016.4241943359375,937.89306640625
179,2.0,211.0,468.3708190917969,585.59521484375,1092.854736328125,967.2105102539062
180,2.0,211.0,489.6156921386719,582.1586303710938,1187.0611572265625,1001.0654296875
181,2.0,211.0,512.3837280273438,576.1448974609375,1298.522705078125,1041.4013671875
182,2.0,211.0,540.3619995117188,566.90283203125,1435.291259765625,1066.7918701171875
183,2.0,211.0,569.4924926757812,558.2117919921875,1606.3599853515625,1075.3519287109375
184,2.0,211.0,599.8856201171875,549.3212890625,1812.67724609375,1080.0
185,2.0,211.0,650.7344360351562,537.0658569335938,1899.796142578125,1080.0
186,2.0,211.0,709.3958129882812,520.7718505859375,1920.0,1080.0
187,2.0,211.0,780.462646484375,499.4796447753906,1920.0,1078.26025390625
188,2.0,211.0,867.8009033203125,471.740234375,1920.0,1079.4334716796875
189,2.0,211.0,982.018798828125,434.8535461425781,1920.0,1079.3297119140625
190,2.0,211.0,1135.1385498046875,421.4542541503906,1920.0,1079.2933349609375
