14,2.0,198.0,217.8270721435547,646.7392578125,267.74835205078125,683.57080078125
15,2.0,198.0,217.63063049316406,647.4386596679688,267.5108947753906,683.9361572265625
16,2.0,198.0,218.01364135742188,648.4205322265625,266.8736267089844,684.2379760742188
17,2.0,198.0,218.32183837890625,649.1825561523438,267.823486328125,684.0845336914062
18,2.0,198.0,218.40394592285156,647.48876953125,268.21514892578125,684.1069946289062
19,2.0,198.0,218.02540588378906,647.9083862304688,270.03118896484375,684.4596557617188
20,2.0,198.0,218.1521759033203,647.9340209960938,271.93133544921875,684.5802001953125
21,2.0,198.0,218.09121704101562,646.9207763671875,272.5620422363281,684.6331787109375
22,2.0,198.0,218.07371520996094,646.5975952148438,272.4524230957031,684.69189453125
23,2.0,198.0,218.33804321289062,646.21435546875,271.4640197753906,684.8889770507812
24,2.0,198.0,218.89515686035156,645.9435424804688,272.35400390625,685.2010498046875
25,2.0,198.0,219.48915100097656,645.5164184570312,272.38885498046875,685.2943725585938
26,2.0,198.0,219.90989685058594,645.36328125,272.7814025878906,684.9686279296875
27,2.0,198.0,220.37086486816406,645.0228271484375,273.8013916015625,684.9595336914062
28,2.0,198.0,219.93870544433594,644.9845581054688,274.9849548339844,685.2776489257812
29,2.0,198.0,219.9320526123047,644.9751586914062,276.3973083496094,685.5047607421875
30,2.0,198.0,219.6225128173828,644.9596557617188,277.0897521972656,686.1563110351562
31,2.0,198.0,219.54713439941406,645.176513671875,278.3738708496094,686.435546875
32,2.0,198.0,219.8128204345703,644.9006958007812,278.72332763671875,686.7626953125
33,2.0,198.0,220.39071655273438,644.9866943359375,278.3979797363281,686.993408203125
34,2.0,198.0,220.48040771484375,644.8621215820312,278.848876953125,687.5625
35,2.0,198.0,220.66221618652344,645.5875854492188,278.72381591796875,688.5845947265625
36,2.0,198.0,221.3800506591797,646.2457275390625,279.0951232910156,688.9425048828125
37,2.0,198.0,221.6058349609375,646.033203125,279.78851318359375,689.1118774414062
38,2.0,198.0,221.368896484375,646.6337280273438,280.2340393066406,689.4700317382812
39,2.0,198.0,221.22787475585938,645.9169311523438,280.8814392089844,689.2109985351562
40,2.0,198.0,221.07127380371094,646.09326171875,281.2427673339844,689.4179077148438
41,2.0,198.0,221.13038635253906,646.1473388671875,281.869384765625,690.0298461914062
42,2.0,198.0,221.20721435546875,646.690673828125,282.71630859375,690.5371704101562
43,2.0,198.0,221.05154418945312,646.4061889648438,284.4160461425781,691.2005615234375
44,2.0,198.0,221.1909942626953,646.4984130859375,284.870849609375,691.1492309570312
45,2.0,198.0,221.01547241210938,646.5098876953125,285.474365234375,691.4112548828125
46,2.0,198.0,221.23638916015625,647.8753051757812,285.57269287109375,691.712890625
47,2.0,198.0,222.67657470703125,648.9439086914062,285.3958740234375,692.719970703125
48,2.0,198.0,223.32362365722656,648.201904296875,285.64599609375,693.1970825195312
49,2.0,198.0,223.69395446777344,649.3399047851562,285.22723388671875,693.4471435546875
50,2.0,198.0,223.82823181152344,649.7454833984375,285.9921569824219,693.9368286132812
51,2.0,198.0,224.1530303955078,650.4088134765625,287.0658264160156,693.8683471679688
52,2.0,198.0,224.50485229492188,650.1764526367188,287.7127685546875,694.0025024414062
53,2.0,198.0,224.7208709716797,650.5918579101562,288.1584167480469,694.2230834960938
54,2.0,198.0,225.01576232910156,650.1647338867188,288.83099365234375,694.0120849609375
55,2.0,198.0,225.22308349609375,651.3917846679688,289.1368713378906,693.6142578125
56,2.0,198.0,225.6288604736328,651.2701416015625,289.79833984375,693.4323120117188
57,2.0,198.0,226.0845489501953,650.7122802734375,291.04095458984375,693.259521484375
58,2.0,198.0,226.15811157226562,651.1173706054688,291.94097900390625,693.7553100585938
59,2.0,198.0,225.80030822753906,649.84521484375,291.2400207519531,694.5054931640625
60,2.0,198.0,225.77243041992188,648.509033203125,290.6561279296875,695.2498168945312
61,2.0,198.0,225.91966247558594,650.6593627929688,291.0395202636719,695.67822265625
62,2.0,198.0,225.7497100830078,649.0262451171875,292.2261657714844,696.438720703125
63,2.0,198.0,225.20497131347656,646.6091918945312,292.4705810546875,696.8137817382812
64,2.0,198.0,224.30364990234375,645.2923583984375,292.8822937011719,697.2566528320312
65,2.0,198.0,224.1968536376953,646.0303344726562,293.3593444824219,697.286376953125
66,2.0,198.0,224.30088806152344,647.7703857421875,292.97332763671875,697.381103515625
67,2.0,198.0,224.3783721923828,648.7301025390625,293.64105224609375,697.748291015625
68,2.0,198.0,224.44424438476562,648.1829833984375,295.4032897949219,698.0577392578125
69,2.0,198.0,224.55152893066406,649.2120971679688,297.2590026855469,698.4127197265625
70,2.0,198.0,224.56381225585938,650.0965576171875,299.1166076660156,698.7438354492188
71,2.0,198.0,224.46734619140625,648.9031372070312,299.84844970703125,699.31884765625
72,2.0,198.0,224.91708374023438,646.4049072265625,301.1252746582031,700.4122924804688
73,2.0,198.0,224.44970703125,647.25537109375,302.07769775390625,700.244384765625
74,2.0,198.0,224.40390014648438,646.8828125,303.137451171875,700.1785278320312
75,2.0,198.0,224.92306518554688,646.3627319335938,304.37371826171875,700.439697265625
76,2.0,198.0,225.1344451904297,646.226806640625,304.3021240234375,700.5651245117188
77,2.0,198.0,225.1097869873047,645.9063110351562,305.96307373046875,701.9908447265625
78,2.0,198.0,225.4639892578125,644.7969970703125,306.6553955078125,702.29443359375
79,2.0,198.0,225.74073791503906,643.1302490234375,307.044921875,702.8201293945312
80,2.0,198.0,226.3585968017578,643.3103637695312,307.5406494140625,703.4942016601562
81,2.0,198.0,226.94419860839844,643.02197265625,308.036865234375,703.933837890625
82,2.0,198.0,227.28558349609375,642.362548828125,309.56610107421875,704.4925537109375
83,2.0,198.0,228.36968994140625,642.4302978515625,310.0710754394531,704.9686279296875
84,2.0,198.0,228.63922119140625,642.160888671875,311.84344482421875,705.2199096679688
85,2.0,198.0,229.22669982910156,642.7405395507812,313.9102783203125,705.4130249023438
86,2.0,198.0,229.54278564453125,642.680419921875,314.78509521484375,705.5670166015625
87,2.0,198.0,229.89134216308594,642.5723876953125,316.2330627441406,706.3893432617188
88,2.0,198.0,230.24266052246094,642.7393798828125,316.97772216796875,707.2985229492188
89,2.0,198.0,230.36599731445312,642.90771484375,318.2853698730469,707.9467163085938
90,2.0,198.0,230.4842071533203,642.7620849609375,320.3826599121094,708.7591552734375
91,2.0,198.0,230.34130859375,642.4365844726562,321.8876953125,709.6226806640625
92,2.0,198.0,231.03363037109375,642.2992553710938,323.02032470703125,710.9508666992188
93,2.0,198.0,231.97409057617188,642.225830078125,324.1898193359375,711.9198608398438
94,2.0,198.0,232.2958984375,642.0589599609375,325.782470703125,712.6463012695312
95,2.0,198.0,232.12686157226562,642.0394897460938,327.18084716796875,713.2615966796875
96,2.0,198.0,231.78720092773438,641.9215087890625,329.6493835449219,714.1287841796875
97,2.0,198.0,231.32501220703125,641.28759765625,330.78125,715.6881103515625
98,2.0,198.0,231.558349609375,640.1455078125,332.35662841796875,716.2777709960938
99,2.0,198.0,232.2039337158203,639.2030029296875,333.54425048828125,716.6901245117188
100,2.0,198.0,231.9309844970703,639.2021484375,336.6014709472656,717.05126953125
101,2.0,198.0,232.4701385498047,639.2296752929688,337.42852783203125,717.2432861328125
102,2.0,198.0,232.98739624023438,639.3157348632812,339.7476806640625,718.3217163085938
103,2.0,198.0,233.71017456054688,639.5194091796875,340.5570373535156,719.1858520507812
104,2.0,198.0,234.22732543945312,639.06298828125,341.5390625,720.1546630859375
105,2.0,198.0,234.8601531982422,639.183837890625,343.8545227050781,720.7885131835938
106,2.0,198.0,236.5614471435547,638.5516967773438,346.39312744140625,720.9734497070312
107,2.0,198.0,237.79122924804688,638.1394653320312,347.4400939941406,721.9530029296875
108,2.0,198.0,238.85707092285156,638.0406494140625,349.4659423828125,722.4843139648438
109,2.0,198.0,238.950439453125,637.8776245117188,351.9056091308594,723.2469482421875
110,2.0,198.0,239.97756958007812,637.6417846679688,355.19158935546875,724.21728515625
111,2.0,198.0,239.72708129882812,637.497802734375,359.1181640625,726.7174682617188
112,2.0,198.0,240.36373901367188,637.7037353515625,360.8398132324219,728.1583862304688
113,2.0,198.0,240.67112731933594,637.269287109375,362.2056884765625,729.9854736328125
114,2.0,198.0,241.69503784179688,636.4364624023438,364.3369445800781,730.828125
115,2.0,198.0,241.99923706054688,636.9021606445312,367.3628845214844,731.3330688476562
116,2.0,198.0,242.48658752441406,637.4578247070312,369.60479736328125,732.3717041015625
117,2.0,198.0,242.714599609375,637.4230346679688,372.0335693359375,733.0474243164062
118,2.0,198.0,242.73641967773438,637.630615234375,373.80615234375,733.9591674804688
119,2.0,198.0,242.38119506835938,637.381103515625,376.199951171875,734.5956420898438
120,2.0,198.0,243.5275115966797,637.86669921875,379.18524169921875,735.8045654296875
121,2.0,198.0,244.1689453125,636.970458984375,382.1116638183594,736.36669921875
122,2.0,198.0,246.15792846679688,636.3428344726562,384.28131103515625,737.9683227539062
123,2.0,198.0,246.8455047607422,635.65966796875,386.59674072265625,738.9486694335938
124,2.0,198.0,247.24525451660156,634.2730102539062,390.81378173828125,739.922119140625
125,2.0,198.0,247.49375915527344,632.8910522460938,394.4804992675781,741.5978393554688
126,2.0,198.0,249.63717651367188,631.6185302734375,398.38330078125,743.256103515625
127,2.0,198.0,251.0703125,631.0064697265625,403.0273132324219,744.8291015625
128,2.0,198.0,252.5258026123047,631.2843627929688,406.0977478027344,748.200439453125
129,2.0,198.0,253.32742309570312,630.96044921875,407.4410095214844,750.4984130859375
130,2.0,198.0,253.69009399414062,631.3770751953125,412.1838684082031,751.2711181640625
131,2.0,198.0,253.92491149902344,631.0173950195312,416.5539245605469,753.4988403320312
132,2.0,198.0,254.56129455566406,630.0770874023438,421.2766418457031,756.5082397460938
133,2.0,198.0,255.78883361816406,628.8958129882812,425.87164306640625,758.6166381835938
134,2.0,198.0,256.4766845703125,628.7838745117188,430.9919128417969,760.8009033203125
135,2.0,198.0,258.39093017578125,628.3583374023438,435.3299560546875,762.7258911132812
136,2.0,198.0,258.75830078125,627.4318237304688,441.102294921875,764.7283325195312
137,2.0,198.0,261.7102355957031,627.90673828125,446.5318603515625,766.930419921875
138,2.0,198.0,262.8795166015625,627.4325561523438,451.9244079589844,767.9505004882812
139,2.0,198.0,264.97454833984375,628.447998046875,457.4222106933594,770.58544921875
140,2.0,198.0,265.7530517578125,629.1149291992188,462.2578125,772.7615356445312
141,2.0,198.0,267.7160339355469,630.0443725585938,467.1900329589844,776.5160522460938
142,2.0,198.0,268.46160888671875,629.8599243164062,474.96343994140625,780.1503295898438
143,2.0,198.0,269.42828369140625,629.368896484375,480.88372802734375,783.2734375
144,2.0,198.0,272.4200134277344,628.510986328125,488.8026428222656,786.0652465820312
145,2.0,198.0,273.9356689453125,627.6528930664062,495.9698791503906,788.5306396484375
146,2.0,198.0,275.257568359375,627.25244140625,504.1972961425781,792.6876220703125
147,2.0,198.0,276.4943542480469,626.56005859375,512.9987182617188,796.5291748046875
148,2.0,198.0,278.4388122558594,625.7786865234375,521.2857055664062,799.68603515625
149,2.0,198.0,281.1767272949219,624.1796264648438,530.2003784179688,804.5112915039062
150,2.0,198.0,286.2528381347656,623.657958984375,540.31884765625,809.0437622070312
151,2.0,198.0,286.83172607421875,622.54638671875,550.2691650390625,812.1178588867188
152,2.0,198.0,288.7085876464844,622.4911499023438,560.9185791015625,815.9376831054688
153,2.0,198.0,289.1846618652344,622.0528564453125,571.9718627929688,820.8860473632812
154,2.0,198.0,291.76611328125,621.484375,583.3451538085938,826.2212524414062
155,2.0,198.0,295.0256652832031,620.1175537109375,596.9733276367188,831.4205322265625
156,2.0,198.0,299.079833984375,618.8822631835938,609.0496215820312,835.9630737304688
157,2.0,198.0,303.843994140625,619.153076171875,623.4224853515625,841.5919799804688
158,2.0,198.0,307.6083679199219,617.5335083007812,638.9588623046875,845.555908203125
159,2.0,198.0,310.11517333984375,615.5672607421875,654.6586303710938,852.7674560546875
160,2.0,198.0,314.2523193359375,613.1963500976562,672.91259765625,857.6882934570312
161,2.0,198.0,318.7676086425781,612.0482177734375,693.2105102539062,866.7827758789062
162,2.0,198.0,324.0320129394531,611.4810791015625,714.799560546875,876.177001953125
163,2.0,198.0,327.41436767578125,609.6401977539062,738.3165283203125,885.1195678710938
164,2.0,198.0,333.0209045410156,606.5164184570312,764.5985107421875,895.5761108398438
165,2.0,198.0,339.3290710449219,600.9677734375,791.9708862304688,903.7225341796875
166,2.0,198.0,345.9612731933594,593.1419677734375,821.8002319335938,915.530517578125
167,2.0,198.0,351.24151611328125,587.580078125,854.0296630859375,929.9763793945312
168,2.0,198.0,357.41497802734375,587.9358520507812,890.6864013671875,944.6873168945312
169,2.0,198.0,365.66656494140625,585.0016479492188,929.444091796875,959.981689453125
170,2.0,198.0,371.1105651855469,581.8927001953125,974.6277465820312,981.150634765625
171,2.0,198.0,377.61767578125,582.0906372070312,1025.951416015625,1001.2677612304688
172,2.0,198.0,386.82672119140625,579.3494262695312,1085.364501953125,1026.9564208984375
173,2.0,198.0,397.37347412109375,577.2808837890625,1150.04248046875,1053.8582763671875
174,2.0,198.0,408.9722595214844,571.8171997070312,1226.4000244140625,1070.1317138671875
175,2.0,198.0,421.2051086425781,561.7083129882812,1314.2071533203125,1076.2904052734375
176,2.0,198.0,435.8407287597656,555.5674438476562,1412.6099853515625,1077.9915771484375
177,2.0,198.0,452.5673522949219,551.1581420898438,1543.1778564453125,1078.6488037109375
178,2.0,198.0,469.0490417480469,546.0803833007812,1671.8787841796875,1079.28173828125
179,2.0,198.0,486.5265808105469,540.4346313476562,1841.23291015625,1080.0
180,2.0,198.0,506.80859375,531.0985717773438,1909.2193603515625,1077.324462890625
181,2.0,198.0,534.8641357421875,520.5810546875,1920.0,1074.846435546875
182,2.0,198.0,565.4525146484375,505.1246032714844,1920.0,1073.7333984375
183,2.0,198.0,601.7633666992188,485.2895812988281,1920.0,1075.252197265625
184,2.0,198.0,646.6621704101562,463.4828796386719,1920.0,1075.5252685546875
185,2.0,198.0,695.0712280273438,438.5771789550781,1920.0,1076.2069091796875
186,2.0,198.0,754.8882446289062,404.44207763671875,1920.0,1073.938720703125
187,2.0,198.0,823.8764038085938,366.763671875,1920.0,1073.0020751953125
188,2.0,198.0,910.1354370117188,334.0270690917969,1920.0,1071.538818359375
189,2.0,198.0,1023.4995727539062,326.5940246582031,1920.0,1074.8253173828125
190,2.0,198.0,1172.586669921875,349.655029296875,1920.0,1072.5487060546875
191,2.0,198.0,1401.0560302734375,407.4713134765625,1920.0,1072.304931640625
