2,2.0,119.0,530.9814453125,537.3059692382812,607.0160522460938,587.3040161132812
3,2.0,119.0,531.1134643554688,535.5165405273438,607.2008056640625,589.5598754882812
4,2.0,119.0,532.0765380859375,535.5081176757812,607.6143798828125,589.59619140625
5,2.0,119.0,531.6993408203125,537.2307739257812,609.4749755859375,589.0331420898438
6,2.0,119.0,530.936767578125,537.4369506835938,610.059326171875,588.7127685546875
7,2.0,119.0,532.6552734375,538.5072631835938,609.9408569335938,589.5218505859375
8,2.0,119.0,534.7584228515625,540.2494506835938,612.0201416015625,589.9526977539062
9,2.0,119.0,534.8662719726562,541.018310546875,613.336181640625,591.7337646484375
10,2.0,119.0,534.4898071289062,541.069091796875,614.7931518554688,592.4324951171875
11,2.0,119.0,535.3640747070312,540.522216796875,616.9356079101562,593.102294921875
12,2.0,119.0,535.09912109375,539.0748901367188,618.9696655273438,593.6286010742188
13,2.0,119.0,535.3117065429688,538.4033813476562,619.4059448242188,594.0070190429688
14,2.0,119.0,535.93994140625,539.9110717773438,620.7476806640625,594.46728515625
15,2.0,119.0,538.2062377929688,540.1660766601562,620.0576171875,594.2342529296875
16,2.0,119.0,538.5233764648438,540.8048706054688,619.71435546875,594.305908203125
17,2.0,119.0,541.3336791992188,541.4315795898438,620.3314208984375,594.4995727539062
18,2.0,119.0,542.651123046875,541.0313110351562,620.8268432617188,594.44091796875
19,2.0,119.0,542.2705688476562,541.7754516601562,623.3397216796875,595.0894775390625
20,2.0,119.0,542.6734619140625,542.5159912109375,625.7254028320312,595.194580078125
21,2.0,119.0,542.8477172851562,541.9925537109375,627.58544921875,595.662353515625
22,2.0,119.0,543.65771484375,541.5680541992188,628.9306640625,596.2887573242188
23,2.0,119.0,543.7977905273438,541.8114013671875,629.8195190429688,596.311767578125
24,2.0,119.0,544.2271728515625,541.2504272460938,629.9083862304688,596.0388793945312
25,2.0,119.0,546.0172729492188,541.3866577148438,630.085205078125,596.2503051757812
26,2.0,119.0,547.1951293945312,540.638916015625,631.548583984375,595.89794921875
27,2.0,119.0,547.0135498046875,540.5023803710938,632.9605102539062,596.0477905273438
28,2.0,119.0,547.5369262695312,540.0577392578125,634.538818359375,596.5011596679688
29,2.0,119.0,547.3333740234375,539.9769897460938,635.8030395507812,597.4869995117188
30,2.0,119.0,548.2410888671875,539.5968017578125,636.6114501953125,597.4374389648438
31,2.0,119.0,549.450439453125,539.22412109375,638.4791870117188,597.3795776367188
32,2.0,119.0,549.5516357421875,539.1703491210938,640.3953857421875,597.3428344726562
33,2.0,119.0,549.99365234375,538.9249877929688,642.4043579101562,597.3580322265625
34,2.0,119.0,550.6708374023438,538.915771484375,644.2549438476562,597.9663696289062
35,2.0,119.0,551.6613159179688,538.8998413085938,645.572021484375,598.6997680664062
36,2.0,119.0,553.7620239257812,539.0450439453125,645.4178466796875,600.1907348632812
37,2.0,119.0,554.8702392578125,539.5512084960938,646.671142578125,601.0357666015625
38,2.0,119.0,554.1611938476562,539.6661987304688,647.857666015625,601.848388671875
39,2.0,119.0,553.939208984375,539.3319702148438,649.605224609375,602.2791748046875
40,2.0,119.0,554.4658203125,539.1622314453125,652.4451904296875,603.1567993164062
41,2.0,119.0,555.2493286132812,540.2816772460938,653.4808349609375,604.239501953125
42,2.0,119.0,556.0137329101562,540.0328979492188,653.7159423828125,605.65087890625
43,2.0,119.0,556.5106201171875,538.7097778320312,654.1702880859375,605.979736328125
44,2.0,119.0,556.9995727539062,538.0244140625,656.332275390625,605.84423828125
45,2.0,119.0,558.3790283203125,537.980224609375,659.0403442382812,606.1870727539062
46,2.0,119.0,559.5592041015625,537.44775390625,661.2890625,606.8654174804688
47,2.0,119.0,560.2734985351562,537.653564453125,663.2700805664062,607.6583862304688
48,2.0,119.0,561.2064819335938,537.60986328125,666.7058715820312,608.3802490234375
49,2.0,119.0,561.9405517578125,537.8995971679688,667.9347534179688,608.8334350585938
50,2.0,119.0,562.8970947265625,537.7159423828125,668.7161254882812,609.0328979492188
51,2.0,119.0,563.2421264648438,536.2068481445312,669.2550659179688,609.8952026367188
52,2.0,119.0,563.4524536132812,535.36328125,670.6990966796875,610.1873779296875
53,2.0,119.0,562.796142578125,536.2548828125,673.09228515625,610.2349243164062
54,2.0,119.0,562.583984375,536.86181640625,676.10986328125,611.3114013671875
55,2.0,119.0,563.5282592773438,536.385498046875,676.771728515625,612.043212890625
56,2.0,119.0,563.66552734375,535.790771484375,676.9978637695312,613.3209838867188
57,2.0,119.0,564.0835571289062,535.392578125,677.9038696289062,614.362548828125
58,2.0,119.0,566.96875,534.8050537109375,681.2821655273438,615.814208984375
59,2.0,119.0,567.6884155273438,534.6700439453125,685.0986938476562,616.9359741210938
60,2.0,119.0,569.28564453125,534.7249755859375,687.1151123046875,617.5747680664062
61,2.0,119.0,570.958740234375,534.4859008789062,687.5374145507812,619.3274536132812
62,2.0,119.0,572.8184814453125,533.9178466796875,688.4961547851562,620.0980224609375
63,2.0,119.0,573.4295043945312,534.3182373046875,691.0740966796875,620.5281372070312
64,2.0,119.0,574.6046752929688,533.8358764648438,693.3421630859375,621.5433959960938
65,2.0,119.0,575.7060546875,533.6585083007812,697.53662109375,621.93994140625
66,2.0,119.0,577.4119873046875,533.2194213867188,699.9724731445312,622.470458984375
67,2.0,119.0,577.8330688476562,533.47607421875,702.072509765625,622.3740844726562
68,2.0,119.0,577.1580810546875,533.5107421875,703.1934204101562,623.0321655273438
69,2.0,119.0,578.1534423828125,533.4835815429688,706.5009155273438,623.251953125
70,2.0,119.0,578.6885986328125,533.3512573242188,709.51904296875,624.6663208007812
71,2.0,119.0,578.2503051757812,533.1414794921875,711.8976440429688,625.7284545898438
72,2.0,119.0,578.8862915039062,533.4696044921875,715.3649291992188,627.7325439453125
73,2.0,119.0,578.717041015625,533.7230834960938,718.30126953125,630.1353149414062
74,2.0,119.0,579.7528076171875,534.494873046875,721.857666015625,632.8594360351562
75,2.0,119.0,580.652099609375,535.368408203125,724.2706298828125,633.1162109375
76,2.0,119.0,579.7466430664062,535.2057495117188,726.34912109375,633.7090454101562
77,2.0,119.0,581.430908203125,534.6847534179688,729.1328125,635.3760986328125
78,2.0,119.0,581.982421875,534.6289672851562,733.582763671875,637.3488159179688
79,2.0,119.0,583.0900268554688,532.791015625,737.0020751953125,641.428466796875
80,2.0,119.0,587.0451049804688,531.884521484375,740.0180053710938,642.971435546875
81,2.0,119.0,588.37744140625,531.1340942382812,744.9166870117188,644.2002563476562
82,2.0,119.0,589.242431640625,531.412109375,748.1779174804688,645.23291015625
83,2.0,119.0,590.582763671875,531.0657348632812,751.6337280273438,646.2300415039062
84,2.0,119.0,590.5753173828125,531.470947265625,756.00244140625,647.5923461914062
85,2.0,119.0,593.648681640625,530.9436645507812,759.8870849609375,648.3615112304688
86,2.0,119.0,593.9609375,530.6004028320312,765.391357421875,649.5687866210938
87,2.0,119.0,594.4672241210938,530.1923217773438,769.2525634765625,651.3577880859375
88,2.0,119.0,594.9779663085938,529.9287719726562,774.2903442382812,652.3809814453125
89,2.0,119.0,598.1014404296875,530.82958984375,779.0022583007812,654.2992553710938
90,2.0,119.0,599.975341796875,530.7965087890625,784.1934204101562,656.4563598632812
91,2.0,119.0,600.66064453125,530.9478759765625,788.56787109375,658.817626953125
92,2.0,119.0,601.9906616210938,530.8447875976562,794.283447265625,661.1840209960938
93,2.0,119.0,603.2118530273438,530.9052124023438,797.6746215820312,663.2915649414062
94,2.0,119.0,604.7091674804688,530.4307861328125,804.5934448242188,666.43603515625
95,2.0,119.0,606.7655029296875,530.0738525390625,810.1393432617188,668.1507568359375
96,2.0,119.0,607.7147216796875,530.15234375,818.165283203125,671.4598388671875
97,2.0,119.0,609.7247314453125,529.333984375,824.9109497070312,672.9588012695312
98,2.0,119.0,611.76953125,530.080078125,831.2828369140625,675.1206665039062
99,2.0,119.0,613.7714233398438,529.8248901367188,838.8739013671875,678.1531982421875
100,2.0,119.0,615.4151000976562,529.0289306640625,846.2263793945312,681.9120483398438
101,2.0,119.0,617.0701904296875,528.5325317382812,855.7171020507812,683.8765869140625
102,2.0,119.0,620.4044799804688,528.2107543945312,862.8721313476562,686.6282958984375
103,2.0,119.0,622.6697387695312,527.8718872070312,869.6868286132812,689.453369140625
104,2.0,119.0,624.8040771484375,526.3599853515625,879.6060180664062,692.8942260742188
105,2.0,119.0,626.448486328125,525.8037719726562,888.8817749023438,697.294189453125
106,2.0,119.0,628.63232421875,525.4636840820312,896.5943603515625,700.659423828125
107,2.0,119.0,633.3216552734375,524.460693359375,907.4442138671875,705.1566162109375
108,2.0,119.0,637.428955078125,524.46533203125,918.0912475585938,707.2733154296875
109,2.0,119.0,641.1682739257812,523.5892333984375,930.350830078125,711.27783203125
110,2.0,119.0,644.7363891601562,522.7012329101562,942.188232421875,714.49462890625
111,2.0,119.0,647.6449584960938,521.8054809570312,955.53857421875,718.9854125976562
112,2.0,119.0,651.3534545898438,521.6723022460938,968.7320556640625,725.0040893554688
113,2.0,119.0,655.7445068359375,521.3388671875,984.039794921875,728.6334838867188
114,2.0,119.0,660.1007080078125,520.7267456054688,998.196533203125,732.2089233398438
115,2.0,119.0,663.0494995117188,520.2479858398438,1013.8788452148438,737.8572387695312
116,2.0,119.0,667.1300048828125,519.7435913085938,1032.158447265625,747.5264282226562
117,2.0,119.0,670.5850830078125,518.5587768554688,1048.1556396484375,752.6388549804688
118,2.0,119.0,676.6807861328125,517.1820068359375,1069.3302001953125,759.7755737304688
119,2.0,119.0,681.3954467773438,516.39111328125,1089.6697998046875,768.0527954101562
120,2.0,119.0,685.982421875,515.0150146484375,1113.0455322265625,774.7360229492188
121,2.0,119.0,691.9637451171875,515.9509887695312,1136.8021240234375,783.15478515625
122,2.0,119.0,697.725830078125,516.1036376953125,1162.672119140625,794.0895385742188
123,2.0,119.0,702.8153076171875,514.9320068359375,1189.623291015625,800.986083984375
124,2.0,119.0,709.2032470703125,514.2313232421875,1221.8331298828125,812.7108764648438
125,2.0,119.0,717.5192260742188,512.354248046875,1253.240234375,821.7774658203125
126,2.0,119.0,726.1438598632812,510.48016357421875,1291.20556640625,834.0382690429688
127,2.0,119.0,735.0975341796875,508.5658874511719,1330.5224609375,850.5481567382812
128,2.0,119.0,743.2317504882812,508.4892272949219,1374.215576171875,867.132080078125
129,2.0,119.0,751.3790283203125,506.1608581542969,1422.360595703125,886.2831420898438
130,2.0,119.0,762.7753295898438,503.4236145019531,1475.0263671875,906.24267578125
131,2.0,119.0,772.3158569335938,500.71710205078125,1534.472412109375,929.7603149414062
132,2.0,119.0,783.522705078125,499.83270263671875,1600.7103271484375,953.6829223632812
133,2.0,119.0,798.4380493164062,497.7864990234375,1672.33642578125,979.2012939453125
134,2.0,119.0,812.5924072265625,497.2337646484375,1754.8074951171875,1012.9228515625
135,2.0,119.0,827.2083129882812,496.3912658691406,1846.455078125,1048.4754638671875
136,2.0,119.0,844.0465087890625,493.5052795410156,1907.913818359375,1070.2420654296875
137,2.0,119.0,861.8534545898438,489.31201171875,1920.0,1077.88671875
138,2.0,119.0,881.2020263671875,485.3330078125,1920.0,1080.0
139,2.0,119.0,901.2653198242188,478.969482421875,1920.0,1080.0
140,2.0,119.0,925.55810546875,476.4183044433594,1920.0,1080.0
141,2.0,119.0,949.0609130859375,473.1747131347656,1920.0,1080.0
142,2.0,119.0,974.4739379882812,470.7548828125,1920.0,1078.150634765625
143,2.0,119.0,1006.2002563476562,463.03631591796875,1920.0,1074.611083984375
144,2.0,119.0,1042.1815185546875,455.9142150878906,1920.0,1073.2183837890625
145,2.0,119.0,1082.997314453125,448.3991394042969,1920.0,1071.8603515625
146,2.0,119.0,1129.4248046875,436.2590637207031,1920.0,1072.8387451171875
147,2.0,119.0,1180.760986328125,424.436279296875,1920.0,1073.0003662109375
148,2.0,119.0,1242.3868408203125,422.9702453613281,1920.0,1072.9058837890625
149,2.0,119.0,1313.4375,444.5731506347656,1920.0,1077.984619140625
150,2.0,119.0,1400.8531494140625,490.12896728515625,1920.0,1077.6795654296875
151,2.0,119.0,1505.389892578125,567.063720703125,1920.0,1074.7684326171875
152,2.0,119.0,1634.2205810546875,645.0889892578125,1920.0,1070.8319091796875
