79,2.0,145.0,430.105224609375,520.93017578125,477.5905456542969,549.898681640625
80,2.0,145.0,430.63677978515625,520.280029296875,478.60455322265625,549.4467163085938
81,2.0,145.0,430.4119873046875,520.0354614257812,479.9452209472656,549.24462890625
82,2.0,145.0,430.2293701171875,519.2923583984375,481.4059143066406,550.147705078125
83,2.0,145.0,428.928955078125,519.1283569335938,482.70965576171875,551.0946044921875
84,2.0,145.0,429.24365234375,519.355712890625,482.7001037597656,551.7459106445312
85,2.0,145.0,429.7269287109375,519.2335205078125,482.3587646484375,552.035888671875
86,2.0,145.0,428.3553466796875,520.1327514648438,483.4919128417969,552.98046875
87,2.0,145.0,428.7300720214844,519.801513671875,483.5605163574219,553.342041015625
88,2.0,145.0,429.3938903808594,519.8898315429688,483.1850280761719,553.4051513671875
89,2.0,145.0,430.3885192871094,519.935791015625,484.1954345703125,553.8900146484375
90,2.0,145.0,431.3916931152344,519.9591674804688,485.130615234375,553.9915771484375
91,2.0,145.0,432.43170166015625,519.3117065429688,485.54766845703125,553.8426513671875
92,2.0,145.0,433.0119934082031,519.3755493164062,486.2115478515625,553.6290283203125
93,2.0,145.0,433.2889404296875,518.9568481445312,486.74468994140625,553.1951293945312
94,2.0,145.0,433.84625244140625,518.5183715820312,487.2071838378906,552.9165649414062
95,2.0,145.0,433.17578125,517.610595703125,489.2007141113281,553.6058959960938
96,2.0,145.0,432.94744873046875,516.8038940429688,490.49346923828125,554.0588989257812
97,2.0,145.0,432.4474792480469,517.1365966796875,491.8056945800781,555.2308959960938
98,2.0,145.0,432.4967956542969,517.3834228515625,492.9779357910156,555.718017578125
99,2.0,145.0,432.9922790527344,517.6024780273438,493.6641845703125,556.1179809570312
100,2.0,145.0,433.6321716308594,517.6256713867188,494.33538818359375,556.4263305664062
101,2.0,145.0,433.8962097167969,517.1109008789062,495.23138427734375,556.75439453125
102,2.0,145.0,434.1960144042969,516.92236328125,495.7249755859375,556.9210815429688
103,2.0,145.0,435.1363525390625,517.41357421875,497.6045227050781,556.9517211914062
104,2.0,145.0,436.0052490234375,517.757080078125,498.1077575683594,556.5330200195312
105,2.0,145.0,437.0951232910156,516.188232421875,499.93896484375,556.1846313476562
106,2.0,145.0,438.45794677734375,515.843017578125,501.1556396484375,556.800537109375
107,2.0,145.0,438.4140930175781,514.7568969726562,502.9618225097656,557.0772094726562
108,2.0,145.0,438.53173828125,512.5819702148438,504.40179443359375,558.164794921875
109,2.0,145.0,438.50494384765625,512.7865600585938,505.9674072265625,559.0308837890625
110,2.0,145.0,437.7591552734375,513.8309326171875,505.6653137207031,558.73583984375
111,2.0,145.0,437.4131164550781,514.0398559570312,506.9908142089844,558.80615234375
112,2.0,145.0,438.6358947753906,513.7518310546875,508.7746276855469,560.04931640625
113,2.0,145.0,440.4527893066406,513.2321166992188,510.46685791015625,561.032958984375
114,2.0,145.0,441.87640380859375,513.3197021484375,513.3568725585938,562.0432739257812
115,2.0,145.0,443.1988525390625,513.2859497070312,515.3826904296875,562.287109375
116,2.0,145.0,444.7379455566406,512.9080200195312,517.5632934570312,562.6399536132812
117,2.0,145.0,445.3840637207031,512.5528564453125,518.4993896484375,563.1600341796875
118,2.0,145.0,445.75213623046875,512.1228637695312,518.8624877929688,563.6339721679688
119,2.0,145.0,445.65264892578125,512.28515625,519.8452758789062,563.6697387695312
120,2.0,145.0,445.7247009277344,512.0238037109375,522.4359130859375,563.6739501953125
121,2.0,145.0,446.426513671875,512.5946655273438,527.6707763671875,564.255859375
122,2.0,145.0,446.7198791503906,513.1904907226562,530.7734985351562,565.1870727539062
123,2.0,145.0,448.0210876464844,513.0857543945312,531.974609375,566.5148315429688
124,2.0,145.0,449.6306457519531,512.560302734375,532.9447631835938,567.6166381835938
125,2.0,145.0,450.69586181640625,512.1392822265625,536.7205810546875,568.60498046875
126,2.0,145.0,451.1018981933594,511.61865234375,540.4053955078125,570.2959594726562
127,2.0,145.0,450.77911376953125,512.2777709960938,542.9192504882812,571.80712890625
128,2.0,145.0,452.6430969238281,511.8905944824219,543.9974975585938,573.0680541992188
129,2.0,145.0,454.42950439453125,509.6825866699219,546.280517578125,573.6694946289062
130,2.0,145.0,455.4547424316406,507.3888854980469,550.0777587890625,574.9118041992188
131,2.0,145.0,455.68939208984375,506.2043762207031,552.6473999023438,575.4154052734375
132,2.0,145.0,457.13970947265625,506.4651794433594,554.17138671875,575.9669799804688
133,2.0,145.0,457.4336242675781,505.7960510253906,557.92041015625,576.8452758789062
134,2.0,145.0,459.3541259765625,505.8066711425781,562.5413208007812,577.3147583007812
135,2.0,145.0,459.5463562011719,504.0470275878906,565.9502563476562,579.7076416015625
136,2.0,145.0,461.9671325683594,505.61212158203125,568.888671875,580.8560180664062
137,2.0,145.0,465.58184814453125,506.56585693359375,574.5633544921875,583.683349609375
138,2.0,145.0,467.0003662109375,507.22381591796875,578.8077392578125,585.3190307617188
139,2.0,145.0,467.7333679199219,507.3896484375,581.8360595703125,587.7833862304688
140,2.0,145.0,467.139404296875,506.7947998046875,587.3030395507812,589.1157836914062
141,2.0,145.0,468.5367736816406,505.146728515625,591.2771606445312,590.9380493164062
142,2.0,145.0,469.8503723144531,504.1314697265625,595.6394653320312,591.6646728515625
143,2.0,145.0,473.3162841796875,503.77099609375,602.1503295898438,594.1622924804688
144,2.0,145.0,475.244384765625,502.6300354003906,606.66748046875,596.019775390625
145,2.0,145.0,477.7013244628906,502.6493835449219,612.878173828125,597.1929931640625
146,2.0,145.0,478.7527160644531,502.77496337890625,617.457275390625,598.7418823242188
147,2.0,145.0,481.15216064453125,503.25018310546875,623.954345703125,599.8593139648438
148,2.0,145.0,481.7469787597656,502.46197509765625,631.7603759765625,602.4944458007812
149,2.0,145.0,484.4063415527344,501.0782165527344,639.60595703125,605.7639770507812
150,2.0,145.0,489.56463623046875,500.5643615722656,645.693115234375,607.5142211914062
151,2.0,145.0,489.1033020019531,500.3382263183594,653.0818481445312,609.7329711914062
152,2.0,145.0,490.0652160644531,499.0306091308594,662.3795166015625,613.488037109375
153,2.0,145.0,493.557373046875,498.9665222167969,671.2608642578125,616.0360107421875
154,2.0,145.0,496.4757385253906,497.6859130859375,681.0677490234375,619.02783203125
155,2.0,145.0,501.3063659667969,496.2988586425781,691.0355834960938,621.8748168945312
156,2.0,145.0,503.5504150390625,495.5335998535156,702.1837158203125,627.2080688476562
157,2.0,145.0,506.1224670410156,493.6358337402344,715.034912109375,631.3919067382812
158,2.0,145.0,509.07366943359375,491.4175720214844,727.3603515625,638.1298828125
159,2.0,145.0,512.5375366210938,488.5087890625,742.7549438476562,640.8353881835938
160,2.0,145.0,516.4869995117188,486.17523193359375,758.4673461914062,649.0534057617188
161,2.0,145.0,522.3162231445312,484.4335632324219,776.3150634765625,654.9446411132812
162,2.0,145.0,527.7272338867188,482.63909912109375,796.56591796875,662.5481567382812
163,2.0,145.0,533.692626953125,481.2140197753906,818.725341796875,671.2899780273438
164,2.0,145.0,541.1876831054688,478.8829650878906,843.8192749023438,676.818603515625
165,2.0,145.0,548.7792358398438,477.2405090332031,871.4564819335938,685.8250122070312
166,2.0,145.0,555.1919555664062,475.1445007324219,902.663818359375,696.8080444335938
167,2.0,145.0,562.022216796875,471.9320983886719,937.248046875,708.1669921875
168,2.0,145.0,570.4317016601562,469.8930969238281,978.1595458984375,721.0736694335938
169,2.0,145.0,581.986083984375,468.9800109863281,1025.27978515625,738.986572265625
170,2.0,145.0,593.6860961914062,464.225830078125,1082.8734130859375,760.1754760742188
171,2.0,145.0,605.4021606445312,461.3612060546875,1151.6064453125,785.7426147460938
172,2.0,145.0,622.020263671875,456.63018798828125,1235.092529296875,815.4525756835938
173,2.0,145.0,641.053466796875,447.58721923828125,1338.2369384765625,853.8279418945312
174,2.0,145.0,662.8075561523438,440.5828552246094,1469.0911865234375,899.717529296875
175,2.0,145.0,686.1796875,431.9473876953125,1638.78466796875,966.0629272460938
176,2.0,145.0,717.5919799804688,418.7835998535156,1822.0318603515625,1035.88037109375
177,2.0,145.0,754.8787231445312,403.5209045410156,1899.537841796875,1064.1585693359375
178,2.0,145.0,801.7891235351562,383.66802978515625,1920.0,1076.6055908203125
179,2.0,145.0,865.5577392578125,355.7341613769531,1920.0,1075.4434814453125
180,2.0,145.0,945.3460693359375,320.6558837890625,1920.0,1076.6822509765625
181,2.0,145.0,1053.6824951171875,267.921142578125,1920.0,1075.2962646484375
182,2.0,145.0,1215.72216796875,280.1769714355469,1920.0,1079.892333984375
183,2.0,145.0,1480.9024658203125,434.1603088378906,1920.0,1077.7652587890625
