11,2.0,137.0,269.4711608886719,363.84478759765625,316.0321960449219,391.7174072265625
12,2.0,137.0,268.3437194824219,364.723388671875,316.9489440917969,391.82635498046875
13,2.0,137.0,267.2858581542969,365.3293151855469,317.4564208984375,392.43408203125
14,2.0,137.0,266.24542236328125,365.3361511230469,317.58807373046875,393.3141784667969
15,2.0,137.0,266.8699035644531,365.2262878417969,317.572998046875,393.0909423828125
16,2.0,137.0,267.8861083984375,365.4830322265625,317.67120361328125,393.3199462890625
17,2.0,137.0,268.5083312988281,365.39532470703125,317.8813781738281,393.821044921875
18,2.0,137.0,268.4084167480469,365.7699279785156,317.9073791503906,394.1578063964844
19,2.0,137.0,267.9898986816406,365.60614013671875,317.8128967285156,394.3319396972656
20,2.0,137.0,268.7823486328125,365.42071533203125,317.8827209472656,394.931396484375
21,2.0,137.0,268.8426513671875,365.4422607421875,318.08380126953125,395.1720886230469
22,2.0,137.0,270.52978515625,365.3558044433594,318.1034851074219,395.1490173339844
23,2.0,137.0,271.6891784667969,365.1072998046875,318.2469177246094,395.01116943359375
24,2.0,137.0,272.74908447265625,365.6465148925781,318.3448486328125,395.199462890625
25,2.0,137.0,273.14324951171875,365.28106689453125,318.6295166015625,395.385498046875
26,2.0,137.0,272.8652038574219,364.83447265625,319.0723876953125,395.609619140625
27,2.0,137.0,273.59625244140625,365.1261291503906,319.25262451171875,395.57550048828125
28,2.0,137.0,274.008544921875,364.8365478515625,319.53741455078125,395.5452880859375
29,2.0,137.0,275.474365234375,365.1192932128906,319.75775146484375,395.623291015625
30,2.0,137.0,275.870849609375,365.83526611328125,320.2401428222656,395.4468078613281
31,2.0,137.0,276.4813537597656,366.4938049316406,320.3545837402344,395.64593505859375
32,2.0,137.0,276.9460754394531,366.22772216796875,320.6607360839844,395.6275939941406
33,2.0,137.0,276.1202697753906,366.091064453125,320.63623046875,395.76263427734375
34,2.0,137.0,276.095458984375,366.0891418457031,320.6199951171875,395.64453125
35,2.0,137.0,276.6154479980469,366.2441101074219,321.05108642578125,395.6823425292969
36,2.0,137.0,276.719482421875,365.9383850097656,321.32550048828125,395.9200439453125
37,2.0,137.0,276.7152099609375,366.4801940917969,321.5603942871094,396.2807312011719
38,2.0,137.0,277.4289855957031,366.0530090332031,322.0760498046875,396.97283935546875
39,2.0,137.0,277.67388916015625,366.1699523925781,322.462646484375,397.38092041015625
40,2.0,137.0,277.3427734375,366.7774658203125,322.7162170410156,397.73028564453125
41,2.0,137.0,276.595947265625,366.5579833984375,323.0025939941406,397.50628662109375
42,2.0,137.0,275.2417907714844,366.8875427246094,323.0129699707031,397.666748046875
43,2.0,137.0,274.1925964355469,366.90869140625,323.2623291015625,397.5831604003906
44,2.0,137.0,273.5238342285156,366.95526123046875,323.4598083496094,397.5760803222656
45,2.0,137.0,274.0085144042969,366.5435791015625,323.3843078613281,397.351806640625
46,2.0,137.0,275.3253173828125,366.6064147949219,323.56378173828125,397.09552001953125
47,2.0,137.0,275.5146484375,366.28277587890625,323.86529541015625,396.8236083984375
48,2.0,137.0,275.3941650390625,366.8075866699219,324.2757568359375,396.96087646484375
49,2.0,137.0,275.4145812988281,367.2723693847656,324.6737060546875,397.5556945800781
50,2.0,137.0,275.1422424316406,367.3386535644531,325.128662109375,397.77423095703125
51,2.0,137.0,275.66864013671875,367.21453857421875,325.8194885253906,398.2472839355469
52,2.0,137.0,277.0121154785156,366.6068420410156,326.5514831542969,398.4996032714844
53,2.0,137.0,276.667724609375,366.51739501953125,326.89764404296875,399.17987060546875
54,2.0,137.0,276.9168395996094,367.1792297363281,327.20941162109375,399.6325378417969
55,2.0,137.0,276.8301696777344,366.7862548828125,327.33282470703125,400.3004150390625
56,2.0,137.0,276.8628845214844,367.17755126953125,327.96441650390625,401.0455017089844
57,2.0,137.0,277.1188049316406,366.8547058105469,328.49371337890625,401.14825439453125
58,2.0,137.0,276.8133239746094,366.9534606933594,328.4212341308594,401.1212463378906
59,2.0,137.0,276.40106201171875,367.28656005859375,328.9302062988281,401.56146240234375
60,2.0,137.0,276.46197509765625,366.95550537109375,328.4346923828125,401.5234069824219
61,2.0,137.0,276.61163330078125,365.73193359375,328.8740234375,401.71209716796875
62,2.0,137.0,277.6383361816406,365.5114440917969,329.53314208984375,401.4363708496094
63,2.0,137.0,277.9469299316406,365.6751403808594,331.07183837890625,402.17095947265625
64,2.0,137.0,278.8340759277344,365.7005310058594,332.2908935546875,402.70513916015625
65,2.0,137.0,279.3151550292969,365.0760498046875,333.4473571777344,403.542724609375
66,2.0,137.0,278.6811828613281,365.5599060058594,334.4172668457031,404.4933166503906
67,2.0,137.0,277.2912902832031,365.6646423339844,335.30279541015625,405.4124755859375
68,2.0,137.0,276.94989013671875,364.7065124511719,335.9544372558594,406.190185546875
69,2.0,137.0,276.82208251953125,364.9265441894531,336.2676696777344,406.2587890625
70,2.0,137.0,276.6639099121094,365.3294677734375,336.9384460449219,406.007080078125
71,2.0,137.0,275.9295959472656,365.95306396484375,337.6478576660156,406.51263427734375
72,2.0,137.0,277.30255126953125,365.51104736328125,338.5578308105469,406.36529541015625
73,2.0,137.0,278.08154296875,365.7730712890625,339.2349548339844,407.0523986816406
74,2.0,137.0,279.4007873535156,365.3086853027344,339.6055908203125,407.77362060546875
75,2.0,137.0,280.81854248046875,364.92437744140625,339.6349792480469,408.1592102050781
76,2.0,137.0,282.6430358886719,365.0103759765625,340.2795104980469,408.03106689453125
77,2.0,137.0,283.440185546875,365.1446228027344,340.95770263671875,407.46856689453125
78,2.0,137.0,283.9924011230469,365.16290283203125,341.69854736328125,407.3270568847656
79,2.0,137.0,284.4324035644531,364.4646301269531,342.0567626953125,407.9897766113281
80,2.0,137.0,284.9598083496094,364.0375061035156,342.290771484375,408.166015625
81,2.0,137.0,284.9422607421875,364.2905578613281,343.4795227050781,408.5489501953125
82,2.0,137.0,285.4659118652344,364.50811767578125,345.2403259277344,408.3719787597656
83,2.0,137.0,285.89202880859375,364.127197265625,346.6879577636719,409.2162170410156
84,2.0,137.0,286.17425537109375,363.6436462402344,348.4486083984375,410.00439453125
85,2.0,137.0,286.231201171875,363.2289733886719,349.97003173828125,410.3381652832031
86,2.0,137.0,286.74822998046875,362.5419616699219,351.4744873046875,410.7480163574219
87,2.0,137.0,287.19061279296875,362.3620910644531,351.5861511230469,410.74298095703125
88,2.0,137.0,287.8824157714844,362.9678955078125,351.2763977050781,411.2295837402344
89,2.0,137.0,288.1410827636719,362.3463134765625,351.61199951171875,411.8397216796875
90,2.0,137.0,288.0616455078125,362.04986572265625,352.3739318847656,412.29766845703125
91,2.0,137.0,288.06610107421875,362.0376281738281,353.137939453125,412.5157165527344
92,2.0,137.0,287.76031494140625,361.675537109375,356.0208435058594,412.587890625
93,2.0,137.0,287.62481689453125,361.6111755371094,358.28656005859375,412.6626281738281
94,2.0,137.0,287.9401550292969,360.45635986328125,359.093994140625,414.2189025878906
95,2.0,137.0,288.7249755859375,360.3217468261719,359.49755859375,416.00006103515625
96,2.0,137.0,289.0038757324219,360.7663879394531,360.9610290527344,417.50408935546875
97,2.0,137.0,289.6044006347656,361.2674865722656,361.9498291015625,418.173828125
98,2.0,137.0,289.72967529296875,361.30712890625,363.796875,418.0298767089844
99,2.0,137.0,289.8260498046875,360.8467102050781,364.9773254394531,417.70770263671875
100,2.0,137.0,290.3269348144531,361.52276611328125,366.2797546386719,418.40850830078125
101,2.0,137.0,290.44073486328125,362.1458435058594,367.63995361328125,419.02496337890625
102,2.0,137.0,290.9521179199219,363.1722717285156,368.8782043457031,419.4959411621094
103,2.0,137.0,291.5690612792969,362.8976745605469,370.4840393066406,419.1299743652344
104,2.0,137.0,293.0003967285156,362.168701171875,372.1720275878906,419.4969482421875
105,2.0,137.0,294.036865234375,361.24066162109375,374.2059020996094,420.48297119140625
106,2.0,137.0,294.6752624511719,361.1067199707031,374.879638671875,421.3553466796875
107,2.0,137.0,295.20556640625,361.2821350097656,376.1448059082031,421.8492736816406
108,2.0,137.0,296.0408020019531,360.7307434082031,377.5044860839844,421.8305969238281
109,2.0,137.0,297.45404052734375,360.7327575683594,378.88714599609375,423.3055725097656
110,2.0,137.0,298.1221923828125,360.5058898925781,381.3469543457031,425.99676513671875
111,2.0,137.0,299.137939453125,360.2437744140625,383.3105163574219,427.8377990722656
112,2.0,137.0,299.16656494140625,360.05487060546875,385.24908447265625,428.4955139160156
113,2.0,137.0,299.6957702636719,359.81146240234375,387.0163879394531,429.4015808105469
114,2.0,137.0,300.6365966796875,359.92193603515625,389.0220031738281,430.27410888671875
115,2.0,137.0,300.62213134765625,359.7183837890625,391.8146667480469,429.98150634765625
116,2.0,137.0,301.8791809082031,360.1326904296875,394.149658203125,429.55731201171875
117,2.0,137.0,302.5798645019531,360.0660095214844,396.044921875,430.67779541015625
118,2.0,137.0,302.8719482421875,360.0426025390625,398.62164306640625,431.3882751464844
119,2.0,137.0,303.155029296875,360.28717041015625,401.47393798828125,431.5472717285156
120,2.0,137.0,304.2980651855469,359.5938415527344,404.6593933105469,432.6424560546875
121,2.0,137.0,305.1875,359.7392272949219,406.6910705566406,434.41314697265625
122,2.0,137.0,306.990478515625,360.38543701171875,408.6915283203125,435.4912414550781
123,2.0,137.0,307.0243835449219,360.7779235839844,411.7685852050781,437.0531921386719
124,2.0,137.0,307.7010803222656,360.20587158203125,414.85943603515625,438.27130126953125
125,2.0,137.0,308.28497314453125,359.96014404296875,417.4768371582031,439.8861083984375
126,2.0,137.0,307.7460021972656,359.27008056640625,419.9637145996094,441.99163818359375
127,2.0,137.0,308.8382568359375,359.3828430175781,423.1974182128906,443.81500244140625
128,2.0,137.0,309.6563415527344,359.1253662109375,426.158203125,445.2885437011719
129,2.0,137.0,311.0242004394531,359.0147705078125,430.7139892578125,446.2824401855469
130,2.0,137.0,311.990478515625,358.7748718261719,435.3855895996094,447.68927001953125
131,2.0,137.0,312.8943786621094,357.7560729980469,438.4941101074219,449.9283142089844
132,2.0,137.0,314.41644287109375,356.70361328125,441.5623779296875,451.73291015625
133,2.0,137.0,316.06829833984375,357.21356201171875,444.8324279785156,453.5273132324219
134,2.0,137.0,317.8616943359375,356.3481140136719,448.3592224121094,454.29986572265625
135,2.0,137.0,317.3812561035156,356.4097900390625,453.0801086425781,455.47821044921875
136,2.0,137.0,319.4909362792969,356.6664123535156,457.6061096191406,456.5091552734375
137,2.0,137.0,320.21466064453125,357.05157470703125,461.4356994628906,458.08551025390625
138,2.0,137.0,321.8797302246094,357.295654296875,466.3443603515625,460.0400695800781
139,2.0,137.0,323.3936462402344,356.8695373535156,471.4371643066406,461.4367980957031
140,2.0,137.0,324.5087890625,356.4009704589844,476.8371276855469,464.5926208496094
141,2.0,137.0,324.5986328125,355.79241943359375,482.86883544921875,466.9277648925781
142,2.0,137.0,325.5547790527344,355.3179626464844,489.055908203125,469.2903137207031
143,2.0,137.0,327.3923645019531,355.123046875,494.6377868652344,472.2894592285156
144,2.0,137.0,329.8041687011719,355.1759033203125,501.3822326660156,474.7630920410156
145,2.0,137.0,332.0611267089844,354.62384033203125,508.13568115234375,476.362060546875
146,2.0,137.0,331.5966491699219,353.61199951171875,515.230712890625,479.42315673828125
147,2.0,137.0,333.5848693847656,352.60223388671875,522.4637451171875,484.0902099609375
148,2.0,137.0,337.9670104980469,352.1231689453125,531.8497314453125,487.65008544921875
149,2.0,137.0,336.7607727050781,350.0739440917969,540.6063842773438,492.29913330078125
150,2.0,137.0,340.7150573730469,349.0653991699219,550.1971435546875,496.7862854003906
151,2.0,137.0,344.8873291015625,349.5769348144531,559.4833984375,499.6512145996094
152,2.0,137.0,345.6274719238281,349.3703308105469,571.3563232421875,504.89501953125
153,2.0,137.0,346.9366760253906,348.46075439453125,581.7184448242188,510.7907409667969
154,2.0,137.0,348.8074645996094,348.1180114746094,594.1425170898438,514.9198608398438
155,2.0,137.0,351.7228698730469,348.26904296875,608.5972290039062,519.1402587890625
156,2.0,137.0,354.73089599609375,347.9600830078125,624.2500610351562,524.5796508789062
157,2.0,137.0,359.2017822265625,347.4459228515625,639.7057495117188,532.6031494140625
158,2.0,137.0,364.8910217285156,345.3889465332031,656.6277465820312,539.151611328125
159,2.0,137.0,369.1552734375,342.3367919921875,675.3023681640625,543.581298828125
160,2.0,137.0,372.47802734375,344.9998474121094,697.19189453125,554.9734497070312
161,2.0,137.0,376.9566650390625,344.47552490234375,721.0537719726562,561.8003540039062
162,2.0,137.0,383.6325378417969,342.7978210449219,746.2635498046875,572.7387084960938
163,2.0,137.0,390.8644714355469,341.150146484375,774.7235107421875,582.8051147460938
164,2.0,137.0,397.1438903808594,335.96551513671875,807.9591674804688,599.6613159179688
165,2.0,137.0,405.1146240234375,335.18438720703125,844.9690551757812,611.6832275390625
166,2.0,137.0,414.2309875488281,334.1204833984375,887.2380981445312,627.0965576171875
167,2.0,137.0,420.8115234375,331.47808837890625,936.4480590820312,646.7324829101562
168,2.0,137.0,432.2177429199219,327.3664245605469,996.6279907226562,672.9940795898438
169,2.0,137.0,442.87939453125,324.671142578125,1065.099853515625,703.6572875976562
170,2.0,137.0,454.7322692871094,322.33367919921875,1148.3822021484375,735.4892578125
171,2.0,137.0,469.1703796386719,316.23406982421875,1249.4940185546875,781.3942260742188
172,2.0,137.0,485.8929138183594,312.4013977050781,1372.1968994140625,835.8704223632812
173,2.0,137.0,505.0765686035156,306.5685729980469,1523.357666015625,908.7686767578125
174,2.0,137.0,528.3104858398438,301.9079284667969,1732.094970703125,1001.8967895507812
175,2.0,137.0,557.2646484375,293.278564453125,1864.8868408203125,1052.040283203125
176,2.0,137.0,594.4353637695312,284.13623046875,1918.718505859375,1072.9610595703125
177,2.0,137.0,637.7584838867188,271.54974365234375,1920.0,1077.3511962890625
178,2.0,137.0,687.7877197265625,260.77642822265625,1920.0,1076.3602294921875
179,2.0,137.0,754.42724609375,241.58187866210938,1920.0,1076.786865234375
180,2.0,137.0,838.5109252929688,213.72987365722656,1920.0,1077.5806884765625
181,2.0,137.0,956.9226684570312,209.02442932128906,1920.0,1076.96728515625
183,2.0,137.0,1415.5748291015625,453.0838928222656,1920.0,1076.701416015625
