27,2.0,121.0,507.0067443847656,409.2251281738281,585.491455078125,466.27581787109375
28,2.0,121.0,507.2577819824219,408.7074279785156,586.1732177734375,466.7953186035156
29,2.0,121.0,507.6340026855469,409.75555419921875,587.3583374023438,467.6244812011719
30,2.0,121.0,507.86138916015625,409.9202880859375,588.4691162109375,468.3271484375
31,2.0,121.0,508.23468017578125,413.68011474609375,588.6222534179688,469.1070556640625
32,2.0,121.0,508.5733337402344,416.6938781738281,589.4497680664062,469.6512756347656
33,2.0,121.0,508.8622741699219,418.0152587890625,590.7997436523438,469.8435363769531
34,2.0,121.0,509.002197265625,414.76409912109375,591.0258178710938,469.1830749511719
35,2.0,121.0,508.585693359375,411.64190673828125,590.4703369140625,469.0008544921875
36,2.0,121.0,508.0456237792969,410.3617858886719,590.5823364257812,468.75482177734375
37,2.0,121.0,507.9268493652344,409.4322509765625,590.0952758789062,468.5310974121094
38,2.0,121.0,507.26287841796875,410.1459045410156,590.6818237304688,468.9842224121094
39,2.0,121.0,506.7774963378906,410.6993713378906,592.2274169921875,471.07940673828125
40,2.0,121.0,506.4649353027344,411.9242248535156,592.4454345703125,473.0145568847656
41,2.0,121.0,507.2899475097656,411.71551513671875,594.955322265625,472.9594421386719
42,2.0,121.0,507.54998779296875,411.1083679199219,598.1553955078125,473.00726318359375
43,2.0,121.0,508.1309509277344,410.2867431640625,600.2776489257812,472.9420471191406
44,2.0,121.0,509.4768371582031,408.81500244140625,601.3143310546875,472.0320129394531
45,2.0,121.0,511.8551940917969,408.2467346191406,602.3876342773438,472.5448913574219
46,2.0,121.0,513.1997680664062,409.09637451171875,602.587646484375,472.6632080078125
47,2.0,121.0,513.8871459960938,408.6990966796875,603.5576782226562,474.15899658203125
48,2.0,121.0,513.1973266601562,408.1186828613281,603.981201171875,475.26739501953125
49,2.0,121.0,513.0214233398438,407.7273254394531,604.8734130859375,475.6296081542969
50,2.0,121.0,514.36669921875,407.6003112792969,606.4885864257812,476.1427917480469
51,2.0,121.0,515.7614135742188,407.7335205078125,607.8515625,475.95068359375
52,2.0,121.0,516.1469116210938,407.92333984375,606.803466796875,475.91583251953125
53,2.0,121.0,515.9962158203125,408.383056640625,609.2479858398438,476.2969055175781
54,2.0,121.0,515.3956909179688,408.47705078125,611.1162719726562,477.37835693359375
55,2.0,121.0,515.7181396484375,408.43194580078125,611.5291137695312,477.4280700683594
56,2.0,121.0,515.3866577148438,407.7159729003906,612.605712890625,477.9176025390625
57,2.0,121.0,516.6287231445312,407.6410827636719,613.0076293945312,477.1296081542969
58,2.0,121.0,517.279541015625,407.81243896484375,614.109619140625,478.50286865234375
59,2.0,121.0,517.9567260742188,407.4310607910156,614.6777954101562,479.68963623046875
60,2.0,121.0,518.0101928710938,407.5585021972656,615.441162109375,480.822021484375
61,2.0,121.0,519.3015747070312,408.02020263671875,618.6405029296875,481.4633483886719
62,2.0,121.0,519.364501953125,407.9904479980469,620.5062866210938,481.5711669921875
63,2.0,121.0,519.302978515625,408.72662353515625,625.413818359375,481.189453125
64,2.0,121.0,519.0455322265625,408.7412414550781,626.7800903320312,481.66595458984375
65,2.0,121.0,518.20751953125,407.6763916015625,627.3745727539062,483.43585205078125
66,2.0,121.0,519.3160400390625,407.9283752441406,628.9469604492188,484.6251220703125
67,2.0,121.0,521.7969360351562,408.05352783203125,631.0881958007812,483.8795166015625
68,2.0,121.0,523.4956665039062,407.6599426269531,632.8731689453125,483.1023254394531
69,2.0,121.0,523.278076171875,406.96893310546875,636.5706176757812,483.6617431640625
70,2.0,121.0,524.4623413085938,406.3389587402344,638.3563232421875,484.8441162109375
71,2.0,121.0,525.5662231445312,406.3517761230469,639.0297241210938,486.0557861328125
72,2.0,121.0,525.61328125,405.84747314453125,639.4221801757812,487.29095458984375
73,2.0,121.0,525.42578125,405.9211120605469,640.6033935546875,488.1116638183594
74,2.0,121.0,525.8237915039062,405.5956726074219,642.545166015625,489.1201477050781
75,2.0,121.0,526.4904174804688,405.702392578125,645.4755859375,489.9058532714844
76,2.0,121.0,527.0843505859375,405.2541198730469,647.5678100585938,490.66693115234375
77,2.0,121.0,527.2933959960938,404.54840087890625,649.147216796875,490.3939208984375
78,2.0,121.0,528.1791381835938,403.7801818847656,651.672607421875,490.99774169921875
79,2.0,121.0,529.242431640625,403.6614685058594,653.5635986328125,491.40496826171875
80,2.0,121.0,530.3823852539062,403.5553283691406,655.52880859375,492.38983154296875
81,2.0,121.0,530.6047973632812,404.2021484375,659.16943359375,493.2287902832031
82,2.0,121.0,530.6810913085938,403.973876953125,660.5364990234375,494.38653564453125
83,2.0,121.0,531.0965576171875,403.7662658691406,662.188232421875,495.24212646484375
84,2.0,121.0,531.6901245117188,403.8778381347656,663.9634399414062,496.2901611328125
85,2.0,121.0,533.4093627929688,403.51409912109375,664.8991088867188,497.54180908203125
86,2.0,121.0,534.043212890625,403.5284423828125,667.973876953125,497.27313232421875
87,2.0,121.0,535.5958251953125,402.9571533203125,671.1932373046875,497.7397766113281
88,2.0,121.0,536.0975952148438,402.7377624511719,674.4736938476562,498.72320556640625
89,2.0,121.0,538.110107421875,402.9619140625,676.2587280273438,499.7414855957031
90,2.0,121.0,539.4138793945312,402.81829833984375,679.6148071289062,500.3110656738281
91,2.0,121.0,541.8578491210938,402.55731201171875,683.7265014648438,501.0920715332031
92,2.0,121.0,543.3261108398438,402.3846130371094,686.683837890625,502.4739685058594
93,2.0,121.0,545.2022094726562,402.3044738769531,689.41259765625,503.76214599609375
94,2.0,121.0,545.1378173828125,401.7633361816406,688.7299194335938,504.6441650390625
95,2.0,121.0,546.0109252929688,401.6484680175781,694.00048828125,505.0312194824219
96,2.0,121.0,546.7097778320312,401.56353759765625,697.9950561523438,505.30670166015625
97,2.0,121.0,547.48095703125,401.7022705078125,701.295654296875,506.8349609375
98,2.0,121.0,547.8740844726562,401.50732421875,704.0271606445312,506.92816162109375
99,2.0,121.0,548.7677001953125,401.3807678222656,710.1981201171875,507.7286376953125
100,2.0,121.0,550.2088623046875,400.84173583984375,715.2418212890625,509.19244384765625
101,2.0,121.0,551.4191284179688,400.3893737792969,720.1445922851562,512.2656860351562
102,2.0,121.0,553.5263061523438,400.051025390625,724.8405151367188,513.773193359375
103,2.0,121.0,555.8932495117188,399.7110290527344,729.4650268554688,514.8238525390625
104,2.0,121.0,559.9273681640625,399.1388854980469,735.7469482421875,515.510009765625
105,2.0,121.0,562.8689575195312,399.17205810546875,739.9049072265625,517.2670288085938
106,2.0,121.0,565.3778686523438,398.9183654785156,743.9918212890625,517.6820678710938
107,2.0,121.0,568.6996459960938,397.6388854980469,749.0200805664062,519.9813232421875
108,2.0,121.0,570.55859375,397.06201171875,753.9910888671875,520.40283203125
109,2.0,121.0,572.1591186523438,396.73284912109375,758.1228637695312,520.7177734375
110,2.0,121.0,574.6139526367188,396.4978942871094,762.7604370117188,522.2329711914062
111,2.0,121.0,576.4613647460938,395.0591125488281,770.2647094726562,522.0916137695312
112,2.0,121.0,577.2035522460938,394.61529541015625,775.418212890625,524.0741577148438
113,2.0,121.0,577.7192993164062,394.1344299316406,780.2705078125,524.9306640625
114,2.0,121.0,579.6592407226562,392.4314880371094,784.490966796875,525.6768188476562
115,2.0,121.0,580.5711669921875,391.3897399902344,790.589111328125,527.8243408203125
116,2.0,121.0,583.2612915039062,391.1816101074219,796.1553955078125,530.17236328125
117,2.0,121.0,585.5449829101562,390.6941223144531,801.5100708007812,533.3316040039062
118,2.0,121.0,587.9637451171875,390.6056823730469,807.2889404296875,535.9442749023438
119,2.0,121.0,589.6856079101562,390.3915710449219,813.6542358398438,538.553466796875
120,2.0,121.0,592.2111206054688,389.5577087402344,821.1727905273438,540.5698852539062
121,2.0,121.0,593.87548828125,389.3909606933594,827.5670776367188,541.8831176757812
122,2.0,121.0,596.1809692382812,388.23577880859375,833.3642578125,542.3452758789062
123,2.0,121.0,598.6558837890625,387.5460510253906,840.5291137695312,545.3985595703125
124,2.0,121.0,600.249267578125,385.9005432128906,847.624755859375,549.116455078125
125,2.0,121.0,601.3487548828125,385.31927490234375,855.7318725585938,550.007568359375
126,2.0,121.0,602.6215209960938,384.9557189941406,863.46337890625,554.194580078125
127,2.0,121.0,604.4015502929688,384.7473449707031,870.7056884765625,554.5769653320312
128,2.0,121.0,606.759521484375,383.8809814453125,879.1063232421875,556.9507446289062
129,2.0,121.0,609.8978271484375,383.1322326660156,887.92431640625,560.8225708007812
130,2.0,121.0,612.3649291992188,382.3091735839844,896.7979736328125,565.7798461914062
131,2.0,121.0,615.322265625,380.4593811035156,907.1715698242188,569.9724731445312
132,2.0,121.0,618.8157348632812,379.2486877441406,917.647705078125,572.9848022460938
133,2.0,121.0,621.3446044921875,378.408935546875,927.1907958984375,579.2826538085938
134,2.0,121.0,623.711669921875,377.1278381347656,939.1843872070312,582.9840698242188
135,2.0,121.0,627.1378784179688,376.4045104980469,951.0101318359375,586.673828125
136,2.0,121.0,629.4357299804688,375.6407775878906,964.5078735351562,590.780517578125
137,2.0,121.0,632.78857421875,375.5834655761719,976.8715209960938,594.6558227539062
138,2.0,121.0,635.9465942382812,374.8254699707031,992.3440551757812,603.7755126953125
139,2.0,121.0,639.9937744140625,374.73876953125,1006.91650390625,607.2742309570312
140,2.0,121.0,643.7471923828125,373.446533203125,1021.1438598632812,611.1419067382812
141,2.0,121.0,647.588134765625,373.1990051269531,1038.2435302734375,616.7591552734375
142,2.0,121.0,652.06689453125,372.4649353027344,1056.0137939453125,623.3976440429688
143,2.0,121.0,656.2708740234375,369.9185791015625,1076.81396484375,629.9257202148438
144,2.0,121.0,659.5077514648438,367.0476989746094,1095.8050537109375,637.86865234375
145,2.0,121.0,663.1906127929688,365.3563537597656,1118.316650390625,643.9702758789062
146,2.0,121.0,668.7744750976562,363.1339111328125,1140.5662841796875,653.1661987304688
147,2.0,121.0,674.8646850585938,361.20269775390625,1164.158447265625,663.6414794921875
148,2.0,121.0,679.58154296875,360.294189453125,1190.6341552734375,672.6807250976562
149,2.0,121.0,685.3719482421875,359.1395263671875,1221.610595703125,682.5396728515625
150,2.0,121.0,690.3807983398438,356.6723327636719,1253.530029296875,694.8932495117188
151,2.0,121.0,698.051025390625,353.75848388671875,1288.0482177734375,702.4456176757812
152,2.0,121.0,704.5012817382812,350.0570373535156,1323.6104736328125,714.734619140625
153,2.0,121.0,712.7113037109375,348.5758361816406,1365.41455078125,729.5546875
154,2.0,121.0,721.7275390625,347.3946228027344,1411.3046875,745.6272583007812
155,2.0,121.0,730.9135131835938,345.8597717285156,1460.1864013671875,759.36767578125
156,2.0,121.0,739.5530395507812,343.30035400390625,1514.83251953125,779.9580078125
157,2.0,121.0,748.1510009765625,339.54400634765625,1573.4140625,802.7457275390625
158,2.0,121.0,759.6317749023438,337.39617919921875,1640.39208984375,826.5698852539062
159,2.0,121.0,769.3482666015625,332.4485778808594,1713.4344482421875,854.1537475585938
160,2.0,121.0,780.3375854492188,327.5368957519531,1795.683349609375,886.836669921875
161,2.0,121.0,794.3204956054688,322.31005859375,1887.7100830078125,920.2075805664062
162,2.0,121.0,810.7756958007812,315.6839904785156,1920.0,964.3253784179688
163,2.0,121.0,824.8944091796875,310.8751220703125,1920.0,1013.7958984375
164,2.0,121.0,843.3082275390625,303.1204528808594,1920.0,1057.8585205078125
165,2.0,121.0,860.728271484375,294.6148986816406,1920.0,1074.198974609375
166,2.0,121.0,881.547607421875,286.56695556640625,1920.0,1079.972900390625
167,2.0,121.0,904.8432006835938,278.1485290527344,1920.0,1080.0
168,2.0,121.0,928.572998046875,266.117431640625,1920.0,1080.0
169,2.0,121.0,956.4205322265625,255.52783203125,1920.0,1076.77978515625
170,2.0,121.0,989.179443359375,249.19818115234375,1920.0,1074.9840087890625
171,2.0,121.0,1023.7469482421875,235.60665893554688,1920.0,1070.7119140625
172,2.0,121.0,1063.2569580078125,214.6310272216797,1920.0,1070.459228515625
173,2.0,121.0,1107.8662109375,183.76882934570312,1920.0,1070.949462890625
174,2.0,121.0,1162.091552734375,169.24765014648438,1920.0,1071.5
175,2.0,121.0,1220.0028076171875,173.8730926513672,1920.0,1072.673095703125
176,2.0,121.0,1289.75390625,204.12294006347656,1920.0,1073.0511474609375
177,2.0,121.0,1372.991943359375,252.29212951660156,1920.0,1074.1199951171875
178,2.0,121.0,1475.0655517578125,333.4734802246094,1920.0,1075.207763671875
179,2.0,121.0,1596.60107421875,427.916259765625,1920.0,1073.1517333984375
180,2.0,121.0,1756.8480224609375,499.683837890625,1920.0,1074.859130859375
