2,2.0,125.0,518.2263793945312,539.8646240234375,578.2857055664062,586.2996215820312
3,2.0,125.0,518.690673828125,540.570556640625,578.1741943359375,586.19091796875
4,2.0,125.0,518.8610229492188,540.1143798828125,578.8258666992188,586.3298950195312
5,2.0,125.0,518.0526123046875,540.4242553710938,579.725341796875,586.6104736328125
6,2.0,125.0,517.4747314453125,540.0883178710938,580.8729858398438,586.7908935546875
7,2.0,125.0,516.8329467773438,539.7918701171875,581.5877685546875,587.20458984375
8,2.0,125.0,516.7156372070312,541.263916015625,582.3298950195312,587.2189331054688
9,2.0,125.0,518.026123046875,542.7974243164062,582.5339965820312,587.3302612304688
10,2.0,125.0,519.0303344726562,542.0933227539062,582.694091796875,587.4909057617188
11,2.0,125.0,519.83984375,541.8780517578125,583.1224975585938,587.5986938476562
12,2.0,125.0,519.8309326171875,542.2832641601562,583.4502563476562,587.6049194335938
13,2.0,125.0,521.0846557617188,542.1668090820312,583.3286743164062,587.4871826171875
14,2.0,125.0,520.1721801757812,543.0177612304688,583.6083984375,587.650146484375
15,2.0,125.0,519.436767578125,545.033203125,586.1123046875,588.2478637695312
16,2.0,125.0,519.7722778320312,547.0772094726562,587.8203125,588.48486328125
17,2.0,125.0,519.7457885742188,544.4715576171875,588.364013671875,588.7770385742188
18,2.0,125.0,519.382568359375,542.2406005859375,589.79345703125,589.917236328125
19,2.0,125.0,519.8521728515625,542.1317749023438,592.035400390625,591.1215209960938
20,2.0,125.0,520.3757934570312,541.0442504882812,593.3189086914062,591.7902221679688
21,2.0,125.0,521.206298828125,540.1878051757812,594.3132934570312,592.5966186523438
22,2.0,125.0,521.2710571289062,539.3458862304688,594.80712890625,593.0607299804688
23,2.0,125.0,521.0791625976562,539.1129760742188,595.0486450195312,593.2366943359375
24,2.0,125.0,520.2659912109375,538.3323364257812,593.8101806640625,592.9485473632812
25,2.0,125.0,520.3605346679688,537.7113647460938,592.7423095703125,592.3997192382812
26,2.0,125.0,520.342041015625,537.574462890625,594.1390380859375,592.7332763671875
27,2.0,125.0,520.100830078125,538.1973266601562,594.92041015625,593.318115234375
28,2.0,125.0,519.8121337890625,539.1197509765625,596.0700073242188,593.6688842773438
29,2.0,125.0,519.290771484375,539.15234375,598.5903930664062,595.2484741210938
30,2.0,125.0,519.2691040039062,539.1820678710938,600.0950927734375,596.0270385742188
31,2.0,125.0,519.5298461914062,539.6138916015625,601.50390625,596.3377685546875
32,2.0,125.0,519.6998291015625,539.5096435546875,602.557373046875,596.41748046875
33,2.0,125.0,519.5712280273438,538.8812255859375,603.5492553710938,596.7479858398438
34,2.0,125.0,520.1405639648438,540.05712890625,604.4115600585938,596.6216430664062
35,2.0,125.0,520.4301147460938,537.779052734375,604.6973266601562,596.8623657226562
36,2.0,125.0,519.9801025390625,536.0942993164062,605.3336791992188,596.7899780273438
37,2.0,125.0,520.6067504882812,535.3013305664062,607.1558837890625,597.0984497070312
40,2.0,125.0,522.1865234375,533.4412231445312,609.1202392578125,598.75244140625
41,2.0,125.0,522.6536254882812,535.8971557617188,610.8826904296875,598.2872924804688
42,2.0,125.0,522.3811645507812,536.3679809570312,612.099365234375,598.9720458984375
43,2.0,125.0,523.9432983398438,536.5414428710938,613.1005859375,600.5635375976562
44,2.0,125.0,525.4393310546875,537.1029663085938,614.3643798828125,601.76611328125
45,2.0,125.0,524.1976928710938,537.5535888671875,615.0053100585938,602.7752075195312
46,2.0,125.0,523.2513427734375,537.1859741210938,615.9039306640625,603.8578491210938
47,2.0,125.0,524.6293334960938,537.0059814453125,616.2332153320312,604.7112426757812
48,2.0,125.0,526.59814453125,536.2371215820312,617.13671875,606.1643676757812
49,2.0,125.0,524.6140747070312,536.3796997070312,620.5013427734375,605.8555908203125
50,2.0,125.0,525.1296997070312,536.2706298828125,619.9983520507812,608.0061645507812
51,2.0,125.0,524.6773681640625,536.5910034179688,621.5783081054688,608.5546875
52,2.0,125.0,525.5020141601562,535.93798828125,623.2498168945312,609.4553833007812
53,2.0,125.0,525.572998046875,535.6030883789062,626.8729248046875,609.5438232421875
54,2.0,125.0,525.6451416015625,535.6943969726562,628.873291015625,609.5321044921875
55,2.0,125.0,526.13330078125,535.4658203125,630.3163452148438,609.9766845703125
56,2.0,125.0,526.859130859375,535.4569091796875,631.6079711914062,610.1624145507812
57,2.0,125.0,528.2603759765625,535.1531982421875,632.98681640625,610.4295043945312
58,2.0,125.0,528.8568115234375,534.93701171875,634.1487426757812,610.753173828125
59,2.0,125.0,528.869384765625,534.2784423828125,637.4927368164062,611.9124145507812
60,2.0,125.0,529.2161865234375,534.4705200195312,641.2130126953125,613.326416015625
61,2.0,125.0,529.7628173828125,534.6748046875,643.1090087890625,614.225830078125
62,2.0,125.0,530.4124755859375,534.1856689453125,643.990234375,614.9547119140625
63,2.0,125.0,530.7932739257812,534.039794921875,644.8209838867188,617.1377563476562
64,2.0,125.0,531.0314331054688,533.6917114257812,645.7721557617188,617.463134765625
65,2.0,125.0,531.1989135742188,533.30322265625,646.9490966796875,618.9449462890625
66,2.0,125.0,531.7362670898438,533.2144165039062,648.4227294921875,620.2877807617188
67,2.0,125.0,531.7659301757812,532.9329223632812,649.677001953125,620.53564453125
68,2.0,125.0,531.9451293945312,533.2479248046875,650.1793212890625,621.5547485351562
69,2.0,125.0,530.9178466796875,533.3823852539062,654.5232543945312,622.744384765625
70,2.0,125.0,530.9599609375,533.170166015625,658.4471435546875,622.9658203125
71,2.0,125.0,532.1661987304688,533.0144653320312,661.759765625,623.3780517578125
72,2.0,125.0,533.9469604492188,532.2650756835938,663.8927612304688,624.9520263671875
73,2.0,125.0,535.6867065429688,531.8798828125,665.3836669921875,626.1644897460938
74,2.0,125.0,536.6864013671875,531.8475952148438,668.7590942382812,627.5816040039062
75,2.0,125.0,537.2734375,531.4736328125,674.2755737304688,629.3307495117188
76,2.0,125.0,539.5047607421875,530.83154296875,677.563720703125,631.6646118164062
77,2.0,125.0,540.9527587890625,530.38330078125,679.70556640625,633.5386352539062
78,2.0,125.0,542.8394775390625,529.9224243164062,683.4413452148438,635.4823608398438
79,2.0,125.0,543.3639526367188,529.6862182617188,687.360595703125,637.629150390625
80,2.0,125.0,543.343505859375,529.7388305664062,689.5797119140625,640.1483764648438
81,2.0,125.0,544.01220703125,529.2360229492188,693.8053588867188,641.715576171875
82,2.0,125.0,546.218505859375,529.0086059570312,698.8828735351562,643.653076171875
83,2.0,125.0,546.1822509765625,528.6611328125,701.2499389648438,644.6890258789062
84,2.0,125.0,546.7941284179688,528.5652465820312,704.769287109375,645.7011108398438
85,2.0,125.0,547.4916381835938,528.4336547851562,709.1856689453125,647.3349609375
86,2.0,125.0,549.3137817382812,528.4927368164062,714.2381591796875,647.3607177734375
87,2.0,125.0,549.773193359375,528.6622924804688,719.5342407226562,650.7721557617188
88,2.0,125.0,550.5299072265625,528.6197509765625,723.2122802734375,650.970947265625
89,2.0,125.0,551.4473876953125,528.6131591796875,726.3341064453125,653.3474731445312
90,2.0,125.0,551.9424438476562,529.077880859375,732.8917236328125,657.6749267578125
91,2.0,125.0,552.631591796875,529.6533203125,737.2086791992188,661.2257080078125
92,2.0,125.0,553.5091552734375,529.1626586914062,742.78369140625,663.7515258789062
93,2.0,125.0,554.4131469726562,528.9766845703125,748.8226928710938,666.2305297851562
94,2.0,125.0,556.6963500976562,528.5463256835938,754.4423217773438,668.8511962890625
95,2.0,125.0,557.0787963867188,527.9044189453125,760.532958984375,672.2451782226562
96,2.0,125.0,558.2902221679688,527.925537109375,767.643310546875,673.6668701171875
97,2.0,125.0,558.6573486328125,527.9285888671875,774.334228515625,677.9423828125
98,2.0,125.0,560.6715698242188,526.9134521484375,782.8013305664062,682.2877807617188
99,2.0,125.0,562.3516845703125,526.6925659179688,790.5333251953125,685.5997314453125
100,2.0,125.0,562.223876953125,526.212646484375,797.7821044921875,687.0186157226562
101,2.0,125.0,562.7051391601562,525.5032348632812,807.412353515625,690.2933959960938
102,2.0,125.0,563.8562622070312,524.4351806640625,816.1546630859375,695.6896362304688
103,2.0,125.0,565.131591796875,523.7900390625,824.5343017578125,700.2317504882812
104,2.0,125.0,567.3023071289062,522.4237670898438,834.0963134765625,703.831298828125
105,2.0,125.0,570.4454345703125,521.9976196289062,844.3680419921875,709.005615234375
106,2.0,125.0,572.5985717773438,520.8694458007812,856.0573120117188,712.62646484375
107,2.0,125.0,574.5805053710938,520.1046752929688,867.6202392578125,716.4721069335938
108,2.0,125.0,576.903564453125,519.7244873046875,881.300048828125,723.5113525390625
109,2.0,125.0,579.21875,519.4739379882812,894.5211181640625,728.1613159179688
110,2.0,125.0,581.1822509765625,516.7077026367188,909.9303588867188,733.4390258789062
111,2.0,125.0,584.6680908203125,515.90673828125,925.9093627929688,740.3893432617188
112,2.0,125.0,589.1201782226562,515.3302612304688,943.8653564453125,748.130859375
113,2.0,125.0,594.5685424804688,514.7364501953125,962.2998657226562,755.1319580078125
114,2.0,125.0,598.1519165039062,512.8839111328125,983.2369384765625,761.5565795898438
115,2.0,125.0,600.340576171875,512.4111328125,1005.8738403320312,772.1224975585938
116,2.0,125.0,604.781005859375,510.2893981933594,1031.1148681640625,782.333251953125
117,2.0,125.0,608.5438232421875,510.8399353027344,1055.63916015625,795.1969604492188
118,2.0,125.0,613.734375,508.8447265625,1085.5411376953125,805.935546875
119,2.0,125.0,618.2070922851562,505.0907897949219,1118.4669189453125,817.7973022460938
120,2.0,125.0,623.9273681640625,500.9516296386719,1153.2421875,833.5994262695312
121,2.0,125.0,631.6437377929688,499.2878723144531,1194.65283203125,851.155029296875
122,2.0,125.0,638.9705810546875,497.335693359375,1240.8984375,871.5490112304688
123,2.0,125.0,645.6942138671875,494.0619201660156,1294.5157470703125,893.9312133789062
124,2.0,125.0,652.575927734375,492.28729248046875,1354.9910888671875,918.8761596679688
125,2.0,125.0,663.1798706054688,489.0899963378906,1422.092041015625,948.1444702148438
126,2.0,125.0,671.5310668945312,487.2245178222656,1503.7032470703125,983.28564453125
127,2.0,125.0,680.6837768554688,485.291748046875,1596.083984375,1026.091552734375
128,2.0,125.0,693.704833984375,483.9364318847656,1703.895751953125,1059.0997314453125
129,2.0,125.0,708.022216796875,481.218017578125,1831.2779541015625,1073.7510986328125
130,2.0,125.0,722.500244140625,475.88775634765625,1902.5672607421875,1077.23095703125
131,2.0,125.0,740.9984741210938,468.98052978515625,1920.0,1080.0
132,2.0,125.0,760.0509643554688,462.35736083984375,1920.0,1080.0
133,2.0,125.0,783.0783081054688,455.8236389160156,1920.0,1080.0
134,2.0,125.0,809.0369262695312,448.9955749511719,1920.0,1078.5555419921875
135,2.0,125.0,843.4832763671875,438.40338134765625,1920.0,1076.5811767578125
136,2.0,125.0,881.4779052734375,423.12939453125,1920.0,1074.7476806640625
137,2.0,125.0,923.3060913085938,405.74200439453125,1920.0,1073.7684326171875
138,2.0,125.0,974.906982421875,375.2634582519531,1920.0,1072.5831298828125
139,2.0,125.0,1030.2034912109375,353.6669006347656,1920.0,1070.654296875
140,2.0,125.0,1112.137939453125,361.7132263183594,1920.0,1072.542724609375
142,2.0,125.0,1353.2286376953125,538.0132446289062,1920.0,1073.9224853515625
