70,2.0,116.0,325.4627685546875,514.172119140625,383.8170166015625,554.3475341796875
71,2.0,116.0,327.42340087890625,514.625244140625,384.298095703125,554.8433837890625
72,2.0,116.0,330.16845703125,514.0575561523438,385.41595458984375,555.1686401367188
73,2.0,116.0,329.8130798339844,514.171630859375,387.61688232421875,556.54052734375
74,2.0,116.0,329.58953857421875,513.371826171875,388.0747375488281,556.2136840820312
75,2.0,116.0,332.13458251953125,517.49267578125,388.6642761230469,556.5732421875
76,2.0,116.0,332.6200866699219,519.556640625,390.62164306640625,556.6998291015625
77,2.0,116.0,333.3689880371094,521.3402099609375,393.16815185546875,556.7385864257812
78,2.0,116.0,333.0532531738281,521.361572265625,394.4416198730469,556.8944702148438
79,2.0,116.0,332.6799011230469,520.284423828125,396.5093078613281,556.9696655273438
80,2.0,116.0,333.77850341796875,519.70556640625,397.4150695800781,556.6026611328125
81,2.0,116.0,334.2262878417969,519.1522216796875,398.67437744140625,556.4905395507812
82,2.0,116.0,333.82208251953125,516.8065795898438,400.0991516113281,556.9247436523438
83,2.0,116.0,334.547607421875,514.912109375,401.4818115234375,557.9125366210938
84,2.0,116.0,335.1767578125,514.7273559570312,402.0892639160156,558.3463134765625
85,2.0,116.0,335.10382080078125,515.43115234375,403.7738037109375,558.82421875
86,2.0,116.0,335.7080383300781,515.0462036132812,408.73211669921875,559.8255004882812
87,2.0,116.0,336.26495361328125,511.8775329589844,411.1893615722656,560.9306640625
88,2.0,116.0,336.7530517578125,510.3936767578125,412.5694274902344,561.3640747070312
89,2.0,116.0,337.1353454589844,509.9637145996094,413.6268615722656,561.5117797851562
90,2.0,116.0,338.0546569824219,510.61163330078125,414.2167663574219,561.7830200195312
91,2.0,116.0,338.85382080078125,509.7413635253906,416.6722412109375,562.6731567382812
92,2.0,116.0,340.3924865722656,508.45343017578125,419.3013916015625,563.922607421875
93,2.0,116.0,341.6954040527344,506.940185546875,421.2469177246094,564.7621459960938
94,2.0,116.0,341.27947998046875,506.2748718261719,422.48388671875,565.4365844726562
95,2.0,116.0,340.9307556152344,505.27728271484375,423.31451416015625,567.843505859375
96,2.0,116.0,340.7147216796875,504.3960876464844,425.0208435058594,569.3773803710938
97,2.0,116.0,339.8891906738281,504.9140930175781,430.9806213378906,571.2863159179688
98,2.0,116.0,341.1029052734375,503.5270690917969,433.13623046875,572.5358276367188
99,2.0,116.0,343.47808837890625,502.7215576171875,435.7309265136719,572.5347290039062
100,2.0,116.0,345.53326416015625,502.21337890625,437.3950500488281,572.83349609375
101,2.0,116.0,346.8167724609375,501.724365234375,441.4933166503906,573.7538452148438
102,2.0,116.0,347.4115295410156,501.6741638183594,446.1317138671875,574.6929321289062
103,2.0,116.0,347.873046875,500.623291015625,450.6542053222656,577.0046997070312
104,2.0,116.0,348.7477722167969,500.06658935546875,452.7333679199219,579.5628051757812
105,2.0,116.0,349.0224304199219,500.19903564453125,457.5556335449219,583.515380859375
106,2.0,116.0,348.9306335449219,500.3502502441406,460.76287841796875,585.9765014648438
107,2.0,116.0,350.12652587890625,500.31280517578125,465.56707763671875,587.3349609375
108,2.0,116.0,351.31396484375,500.1672668457031,470.0738830566406,588.6979370117188
109,2.0,116.0,352.7980651855469,499.44903564453125,473.300048828125,591.5028686523438
110,2.0,116.0,355.9190979003906,499.456787109375,480.0411376953125,593.1980590820312
111,2.0,116.0,358.1693115234375,498.2662048339844,484.8554382324219,595.8804931640625
112,2.0,116.0,359.51446533203125,499.021484375,491.8199768066406,597.9490356445312
113,2.0,116.0,361.77716064453125,499.35101318359375,498.14910888671875,600.2296752929688
114,2.0,116.0,361.171630859375,499.17987060546875,505.1981201171875,604.4655151367188
115,2.0,116.0,360.7762451171875,499.6302795410156,512.9775390625,607.9231567382812
116,2.0,116.0,360.63104248046875,499.9757385253906,521.0062866210938,612.755615234375
117,2.0,116.0,362.69403076171875,500.16046142578125,530.0786743164062,617.1300659179688
118,2.0,116.0,368.4707946777344,499.0894775390625,539.6153564453125,620.8788452148438
119,2.0,116.0,372.34979248046875,497.1181640625,548.7484130859375,624.6900634765625
120,2.0,116.0,374.8634948730469,496.71649169921875,561.3649291992188,631.1380004882812
121,2.0,116.0,376.88385009765625,495.69976806640625,574.0335693359375,636.632080078125
122,2.0,116.0,378.5415344238281,495.22564697265625,587.677490234375,643.5919189453125
123,2.0,116.0,380.4465637207031,494.40765380859375,602.2421264648438,649.8881225585938
124,2.0,116.0,380.8481140136719,494.03326416015625,620.8513793945312,655.5556030273438
125,2.0,116.0,385.661376953125,492.92816162109375,640.9498901367188,665.3275756835938
126,2.0,116.0,391.2393493652344,492.10308837890625,663.35693359375,674.7046508789062
127,2.0,116.0,397.1249694824219,490.38189697265625,688.6460571289062,684.56884765625
128,2.0,116.0,402.65142822265625,487.4017333984375,716.5214233398438,698.5972900390625
129,2.0,116.0,408.91827392578125,485.9219970703125,751.606689453125,710.742919921875
130,2.0,116.0,416.60772705078125,483.1099548339844,791.4695434570312,724.912109375
131,2.0,116.0,426.83837890625,479.7569580078125,839.7622680664062,743.2366943359375
132,2.0,116.0,437.89605712890625,474.9645080566406,898.337158203125,769.5957641601562
133,2.0,116.0,449.0863342285156,468.6473693847656,973.6513671875,800.0967407226562
134,2.0,116.0,460.75494384765625,462.5149841308594,1070.668701171875,845.5399780273438
135,2.0,116.0,477.41363525390625,458.21673583984375,1199.2723388671875,899.4942016601562
136,2.0,116.0,499.541748046875,450.6493835449219,1373.4024658203125,980.6519165039062
137,2.0,116.0,526.8975830078125,441.653076171875,1615.0045166015625,1039.8519287109375
138,2.0,116.0,560.169189453125,430.6646728515625,1807.6146240234375,1067.203857421875
139,2.0,116.0,607.8316650390625,410.2348937988281,1892.302001953125,1075.5477294921875
140,2.0,116.0,678.993408203125,381.83184814453125,1920.0,1077.26025390625
141,2.0,116.0,780.5579833984375,334.2804870605469,1920.0,1077.2945556640625
142,2.0,116.0,942.2998657226562,304.6319274902344,1920.0,1077.6103515625
