50,2.0,152.0,152.06546020507812,560.6821899414062,194.4849090576172,585.076904296875
51,2.0,152.0,153.12098693847656,560.5065307617188,195.01907348632812,584.7139282226562
52,2.0,152.0,153.5796356201172,560.51318359375,196.24331665039062,585.7885131835938
53,2.0,152.0,154.9048614501953,560.3551025390625,196.29238891601562,586.7682495117188
54,2.0,152.0,155.53659057617188,560.376220703125,196.3302764892578,586.80224609375
55,2.0,152.0,156.65518188476562,560.7060546875,195.6000213623047,586.861572265625
56,2.0,152.0,158.0729217529297,560.919677734375,195.05479431152344,587.185546875
57,2.0,152.0,158.72059631347656,560.7039794921875,195.3864288330078,587.306640625
58,2.0,152.0,159.26571655273438,560.6259155273438,195.8957977294922,587.3010864257812
59,2.0,152.0,158.84561157226562,560.763916015625,196.2039337158203,587.3609008789062
60,2.0,152.0,158.57838439941406,560.6727905273438,196.62942504882812,587.3944091796875
61,2.0,152.0,158.31239318847656,560.9893188476562,197.37425231933594,587.974609375
62,2.0,152.0,158.16384887695312,560.3981323242188,197.9044647216797,587.9173583984375
63,2.0,152.0,157.4456024169922,559.9940795898438,199.0174102783203,587.614501953125
64,2.0,152.0,157.17987060546875,560.035888671875,199.2191162109375,587.7666625976562
65,2.0,152.0,157.0148162841797,559.7186279296875,199.93814086914062,587.669677734375
66,2.0,152.0,156.36862182617188,560.2118530273438,200.75057983398438,588.4113159179688
67,2.0,152.0,157.01953125,560.12548828125,201.98280334472656,588.2722778320312
68,2.0,152.0,157.52561950683594,560.04931640625,202.69520568847656,588.3548583984375
69,2.0,152.0,157.81686401367188,560.0966186523438,202.84088134765625,588.63720703125
70,2.0,152.0,157.8927001953125,560.2430419921875,203.2661590576172,589.228271484375
71,2.0,152.0,158.16293334960938,560.80078125,204.06874084472656,589.8843383789062
72,2.0,152.0,158.65113830566406,560.1689453125,205.58090209960938,590.4965209960938
73,2.0,152.0,158.62660217285156,560.52734375,206.36465454101562,590.3336181640625
74,2.0,152.0,158.64642333984375,560.490478515625,206.98326110839844,590.290771484375
75,2.0,152.0,158.91346740722656,561.03076171875,206.97225952148438,590.595703125
76,2.0,152.0,159.0133056640625,560.1777954101562,206.99154663085938,590.61669921875
77,2.0,152.0,158.76504516601562,560.2069702148438,206.84219360351562,591.1348876953125
78,2.0,152.0,159.4353790283203,560.0985717773438,207.44728088378906,591.4525146484375
79,2.0,152.0,159.974609375,560.8760375976562,207.9705810546875,592.0009155273438
80,2.0,152.0,161.24545288085938,561.6988525390625,208.30560302734375,592.00732421875
81,2.0,152.0,162.4923553466797,561.5073852539062,209.3462371826172,591.944091796875
82,2.0,152.0,162.83172607421875,561.5211181640625,210.9552764892578,592.1925048828125
83,2.0,152.0,163.30848693847656,561.8760375976562,212.24705505371094,592.7445068359375
84,2.0,152.0,164.34213256835938,561.720947265625,213.636474609375,593.0204467773438
85,2.0,152.0,163.18048095703125,562.9525146484375,214.88125610351562,594.1300659179688
86,2.0,152.0,163.85440063476562,563.3203125,215.4666748046875,594.5464477539062
87,2.0,152.0,164.67111206054688,562.901123046875,216.866943359375,594.817626953125
88,2.0,152.0,165.1424102783203,561.1390991210938,217.6470489501953,594.8526000976562
89,2.0,152.0,165.6636199951172,560.6121215820312,218.309326171875,594.6419677734375
90,2.0,152.0,167.0574188232422,559.2954711914062,218.04576110839844,595.7636108398438
91,2.0,152.0,168.2972869873047,558.0947875976562,218.51083374023438,595.9385986328125
92,2.0,152.0,168.0352325439453,557.9219970703125,219.1336669921875,596.36474609375
93,2.0,152.0,168.65565490722656,558.5068359375,220.984619140625,596.4337158203125
94,2.0,152.0,169.54058837890625,557.6171264648438,222.31410217285156,596.330078125
95,2.0,152.0,170.51739501953125,556.8716430664062,223.4891815185547,596.508544921875
96,2.0,152.0,169.8662109375,556.4458618164062,226.1850128173828,597.398193359375
97,2.0,152.0,169.61712646484375,556.1392211914062,227.71763610839844,598.2360229492188
98,2.0,152.0,170.1309814453125,555.509033203125,228.39276123046875,598.5056762695312
99,2.0,152.0,170.4358367919922,555.7598266601562,229.4382781982422,598.7021484375
100,2.0,152.0,170.1033477783203,555.6890258789062,230.1444091796875,598.6905517578125
101,2.0,152.0,169.49130249023438,556.6932373046875,230.75198364257812,599.66650390625
102,2.0,152.0,169.9295196533203,556.7969970703125,231.36228942871094,600.2880249023438
103,2.0,152.0,171.00692749023438,557.27099609375,233.22216796875,600.946533203125
104,2.0,152.0,171.91641235351562,558.0455932617188,235.27810668945312,601.287353515625
105,2.0,152.0,172.5797882080078,558.9619140625,236.88670349121094,602.0272216796875
106,2.0,152.0,173.01283264160156,555.43603515625,239.74734497070312,602.6038208007812
107,2.0,152.0,173.34066772460938,553.067626953125,242.52667236328125,603.4240112304688
108,2.0,152.0,174.17706298828125,552.8184814453125,243.56948852539062,604.211181640625
109,2.0,152.0,174.65576171875,552.5154418945312,244.49493408203125,604.0973510742188
110,2.0,152.0,175.12892150878906,552.4005737304688,245.4551239013672,604.7554931640625
111,2.0,152.0,175.798583984375,551.590576171875,246.99502563476562,606.346923828125
112,2.0,152.0,177.06495666503906,549.861572265625,249.38523864746094,607.0550537109375
113,2.0,152.0,178.47300720214844,549.6307373046875,251.37838745117188,607.3043823242188
114,2.0,152.0,179.3621826171875,549.8773803710938,253.8955078125,607.94189453125
115,2.0,152.0,180.51309204101562,550.1396484375,256.6388244628906,608.605224609375
116,2.0,152.0,181.65907287597656,550.6690063476562,258.9416809082031,608.8052368164062
117,2.0,152.0,182.67733764648438,549.9852294921875,260.92108154296875,609.6135864257812
118,2.0,152.0,183.22320556640625,550.01904296875,263.6390380859375,610.4181518554688
119,2.0,152.0,183.59686279296875,549.7293701171875,266.5590515136719,611.0789184570312
120,2.0,152.0,183.36224365234375,549.12841796875,268.6632080078125,611.2586059570312
121,2.0,152.0,184.23745727539062,548.9500122070312,270.74322509765625,611.8448486328125
122,2.0,152.0,184.6228485107422,548.6268310546875,273.54754638671875,612.9426879882812
123,2.0,152.0,187.5601043701172,548.3395385742188,277.5895080566406,613.8262329101562
124,2.0,152.0,189.64012145996094,548.7229614257812,280.9742736816406,615.623046875
125,2.0,152.0,189.541015625,548.8700561523438,283.959716796875,618.47021484375
126,2.0,152.0,190.31362915039062,549.0172119140625,286.3384704589844,620.46728515625
127,2.0,152.0,191.1348114013672,548.5941772460938,290.40625,620.8938598632812
128,2.0,152.0,191.24745178222656,548.9526977539062,293.4945983886719,621.4967651367188
129,2.0,152.0,192.17648315429688,548.9030151367188,297.7103271484375,623.34814453125
130,2.0,152.0,193.47390747070312,548.8370361328125,303.7198181152344,624.3959350585938
131,2.0,152.0,197.02670288085938,548.3989868164062,308.61138916015625,626.099609375
132,2.0,152.0,199.99658203125,547.2183837890625,312.5123291015625,627.2322387695312
133,2.0,152.0,201.98562622070312,546.446533203125,318.528564453125,630.5626220703125
134,2.0,152.0,202.86032104492188,546.8404541015625,323.61279296875,633.802734375
135,2.0,152.0,204.2000274658203,546.1514282226562,328.8609619140625,635.6880493164062
136,2.0,152.0,205.0092315673828,545.4147338867188,333.7956848144531,637.5639038085938
137,2.0,152.0,206.00088500976562,544.7794799804688,340.5614013671875,638.7216186523438
138,2.0,152.0,209.1754608154297,543.5807495117188,347.25982666015625,640.799072265625
139,2.0,152.0,211.8707733154297,542.9061279296875,353.4828796386719,644.274169921875
140,2.0,152.0,214.6797332763672,543.5454711914062,361.634765625,646.473876953125
141,2.0,152.0,217.05242919921875,542.9560546875,367.90716552734375,648.3853759765625
142,2.0,152.0,218.8553924560547,541.4456787109375,379.48541259765625,649.7009887695312
143,2.0,152.0,222.16876220703125,539.7449951171875,388.2484436035156,654.368408203125
144,2.0,152.0,225.2579345703125,539.1714477539062,398.3642272949219,657.2039794921875
145,2.0,152.0,227.71865844726562,536.1844482421875,408.1099853515625,658.9244384765625
146,2.0,152.0,230.57421875,534.2755126953125,421.22259521484375,663.3441772460938
147,2.0,152.0,232.8326416015625,533.9815063476562,432.9724426269531,667.128662109375
148,2.0,152.0,235.71481323242188,533.43310546875,446.507568359375,674.9075317382812
149,2.0,152.0,238.81192016601562,531.9844360351562,462.4474792480469,678.4829711914062
150,2.0,152.0,244.5541534423828,530.4871826171875,480.7048645019531,683.2947387695312
151,2.0,152.0,247.388916015625,527.0087280273438,500.1163024902344,692.745361328125
152,2.0,152.0,255.96768188476562,525.43408203125,521.8030395507812,698.9026489257812
153,2.0,152.0,261.6067199707031,523.1029663085938,546.1898803710938,705.8271484375
154,2.0,152.0,271.1028747558594,521.8037719726562,574.280029296875,715.7646484375
155,2.0,152.0,279.8706359863281,519.30419921875,604.5617065429688,725.1161499023438
156,2.0,152.0,287.7395324707031,516.2715454101562,640.8320922851562,739.0467529296875
157,2.0,152.0,297.87310791015625,513.7073974609375,683.1116943359375,750.31640625
158,2.0,152.0,310.00286865234375,510.59771728515625,733.5435180664062,769.0310668945312
159,2.0,152.0,323.3766174316406,503.49652099609375,796.8809814453125,789.989990234375
160,2.0,152.0,340.3548278808594,497.1040344238281,872.3926391601562,816.020751953125
161,2.0,152.0,356.7049560546875,490.8210144042969,967.0360717773438,851.1329956054688
162,2.0,152.0,377.6346435546875,479.9646911621094,1089.9354248046875,894.3401489257812
163,2.0,152.0,406.1269226074219,468.90203857421875,1249.4403076171875,954.1227416992188
164,2.0,152.0,436.9683837890625,454.8564147949219,1467.91259765625,1026.737548828125
165,2.0,152.0,462.6056213378906,437.9018859863281,1750.7423095703125,1060.5816650390625
166,2.0,152.0,525.703369140625,411.7408447265625,1871.121826171875,1074.514404296875
167,2.0,152.0,603.9353637695312,385.87872314453125,1920.0,1075.6021728515625
168,2.0,152.0,702.4692993164062,340.81951904296875,1920.0,1078.3099365234375
169,2.0,152.0,849.9739990234375,272.0252990722656,1920.0,1077.42578125
