92,2.0,149.0,420.31011962890625,430.2400207519531,470.8688659667969,466.3236999511719
93,2.0,149.0,420.55242919921875,429.6747131347656,471.33319091796875,466.2670593261719
94,2.0,149.0,421.17138671875,430.29986572265625,472.5023193359375,466.4634704589844
95,2.0,149.0,421.1321105957031,430.6204833984375,473.5200500488281,466.3484802246094
96,2.0,149.0,421.8906555175781,430.5436096191406,474.2491760253906,466.5901794433594
97,2.0,149.0,422.5228576660156,430.502685546875,475.7564392089844,466.81951904296875
98,2.0,149.0,423.1113586425781,429.5283203125,477.41461181640625,466.9403381347656
99,2.0,149.0,423.92169189453125,429.5926513671875,480.17315673828125,467.0928039550781
100,2.0,149.0,424.7890625,429.2315979003906,481.6156005859375,467.8293762207031
101,2.0,149.0,425.95831298828125,429.7156066894531,483.09051513671875,467.83636474609375
102,2.0,149.0,426.83905029296875,430.1182861328125,484.6625061035156,467.888427734375
103,2.0,149.0,427.01910400390625,430.9731140136719,485.39349365234375,468.4630432128906
104,2.0,149.0,427.2996826171875,431.5765686035156,486.96405029296875,468.16162109375
105,2.0,149.0,427.1116943359375,430.659423828125,490.1753234863281,469.3418884277344
106,2.0,149.0,427.84912109375,430.04510498046875,491.9938049316406,470.64337158203125
107,2.0,149.0,428.43206787109375,429.9606628417969,494.06048583984375,472.67974853515625
108,2.0,149.0,428.4689636230469,429.2962646484375,494.9012756347656,472.9310302734375
109,2.0,149.0,428.6971130371094,429.1501159667969,496.64031982421875,472.66680908203125
110,2.0,149.0,429.90899658203125,428.93670654296875,497.4604187011719,473.0384216308594
111,2.0,149.0,430.6771240234375,428.4273376464844,497.8303527832031,473.47674560546875
112,2.0,149.0,431.1743469238281,427.93328857421875,501.7339172363281,474.975341796875
113,2.0,149.0,431.78521728515625,425.0955810546875,505.054443359375,476.2142333984375
114,2.0,149.0,432.34332275390625,423.7948303222656,506.2271423339844,476.90936279296875
115,2.0,149.0,432.89410400390625,424.3663330078125,507.70294189453125,477.1374816894531
116,2.0,149.0,433.85272216796875,425.1893310546875,510.665771484375,477.2555847167969
117,2.0,149.0,434.5487060546875,424.6221923828125,513.24560546875,477.42181396484375
118,2.0,149.0,435.091552734375,424.3750305175781,516.3599243164062,478.4306335449219
119,2.0,149.0,435.9307861328125,423.3732604980469,517.7351684570312,478.6236877441406
120,2.0,149.0,437.293701171875,422.6505126953125,518.5440063476562,479.0679626464844
121,2.0,149.0,438.5747375488281,422.5054931640625,519.873779296875,479.778564453125
122,2.0,149.0,441.0749206542969,421.65753173828125,524.3543090820312,479.34552001953125
123,2.0,149.0,442.7978210449219,421.38287353515625,528.6542358398438,479.9576721191406
124,2.0,149.0,444.2896423339844,421.7434387207031,531.1493530273438,482.7047424316406
125,2.0,149.0,445.3694152832031,421.4151611328125,534.3375244140625,483.5237731933594
126,2.0,149.0,447.0667724609375,420.54315185546875,538.5177612304688,484.1946105957031
127,2.0,149.0,448.3314514160156,419.8268127441406,542.2940673828125,486.2134094238281
128,2.0,149.0,449.73028564453125,419.4775085449219,545.2969360351562,487.2221984863281
129,2.0,149.0,450.5367736816406,419.7591857910156,549.5185546875,488.5142517089844
130,2.0,149.0,453.0506286621094,419.6871032714844,554.2886352539062,489.375
131,2.0,149.0,454.7645568847656,419.66070556640625,557.545654296875,490.8136901855469
132,2.0,149.0,455.9299011230469,419.2838134765625,561.877685546875,493.3189392089844
133,2.0,149.0,456.1775817871094,418.3886413574219,567.3800048828125,496.2126770019531
134,2.0,149.0,456.8451232910156,418.2578430175781,571.3768310546875,498.21881103515625
135,2.0,149.0,457.7117004394531,417.5011901855469,574.6248168945312,499.75537109375
136,2.0,149.0,459.0144348144531,416.6783447265625,578.906005859375,500.3413391113281
137,2.0,149.0,462.3140869140625,415.3628845214844,584.7364501953125,501.4937744140625
138,2.0,149.0,463.01708984375,414.7592468261719,590.0353393554688,501.97833251953125
139,2.0,149.0,466.890869140625,415.04449462890625,596.4918212890625,502.7548522949219
140,2.0,149.0,468.73193359375,414.7179870605469,601.4305419921875,504.2164611816406
141,2.0,149.0,474.1028747558594,414.28656005859375,609.890625,506.1307373046875
142,2.0,149.0,475.44268798828125,413.68115234375,618.4331665039062,510.9180603027344
143,2.0,149.0,477.8720397949219,413.5836181640625,626.2960205078125,514.1394653320312
144,2.0,149.0,479.2799377441406,413.70562744140625,633.8718872070312,516.3712158203125
145,2.0,149.0,481.4311218261719,412.2864074707031,642.7182006835938,518.39892578125
146,2.0,149.0,484.31573486328125,411.1529235839844,653.1806030273438,521.2794189453125
147,2.0,149.0,487.6413269042969,410.3865661621094,664.4404907226562,524.4638671875
148,2.0,149.0,492.5070495605469,408.30596923828125,674.3701782226562,528.2257080078125
149,2.0,149.0,496.1673278808594,406.3294372558594,686.2234497070312,531.5261840820312
150,2.0,149.0,501.3661193847656,405.3802185058594,697.569580078125,536.068603515625
151,2.0,149.0,505.6468811035156,403.3465576171875,711.982177734375,540.6741333007812
152,2.0,149.0,509.5479736328125,402.5816345214844,728.8071899414062,543.7271728515625
153,2.0,149.0,515.9901123046875,401.94769287109375,744.9762573242188,546.3043212890625
154,2.0,149.0,522.3807373046875,400.2306823730469,763.7677612304688,554.0089721679688
155,2.0,149.0,527.3118896484375,398.1628723144531,782.6475219726562,560.725341796875
156,2.0,149.0,535.6676025390625,397.2432556152344,805.2471923828125,567.18994140625
157,2.0,149.0,542.7715454101562,393.6874694824219,831.2944946289062,574.8175659179688
158,2.0,149.0,551.5858154296875,389.19366455078125,859.682861328125,580.7046508789062
159,2.0,149.0,561.9525756835938,386.0146179199219,890.4535522460938,592.2350463867188
160,2.0,149.0,572.0625,383.1185302734375,927.685791015625,603.5527954101562
161,2.0,149.0,582.995361328125,381.03118896484375,971.9397583007812,621.2937622070312
162,2.0,149.0,595.6846313476562,378.59173583984375,1021.37255859375,639.164794921875
163,2.0,149.0,610.030029296875,374.50701904296875,1083.057373046875,660.35888671875
164,2.0,149.0,626.0108642578125,369.76025390625,1155.7567138671875,685.8735961914062
165,2.0,149.0,645.6773071289062,363.8613586425781,1245.3082275390625,710.738037109375
166,2.0,149.0,667.537353515625,353.36993408203125,1356.153564453125,749.1533203125
167,2.0,149.0,693.8967895507812,346.596923828125,1495.674072265625,794.8320922851562
168,2.0,149.0,726.936279296875,339.6623840332031,1678.33642578125,862.168212890625
169,2.0,149.0,763.0255737304688,327.0165710449219,1838.456787109375,953.362548828125
170,2.0,149.0,809.1664428710938,312.5011901855469,1906.0523681640625,1031.5548095703125
171,2.0,149.0,873.964599609375,292.60455322265625,1920.0,1063.890380859375
172,2.0,149.0,956.8890991210938,269.41326904296875,1920.0,1072.57763671875
173,2.0,149.0,1068.7822265625,234.51608276367188,1920.0,1077.294921875
174,2.0,149.0,1231.904541015625,235.1972198486328,1920.0,1080.0
175,2.0,149.0,1492.53125,360.8348388671875,1920.0,1080.0
