102,2.0,136.0,516.009033203125,542.4077758789062,570.8568725585938,583.7886352539062
103,2.0,136.0,517.0172119140625,539.9666748046875,569.7836303710938,583.2899169921875
104,2.0,136.0,516.5927734375,539.2831420898438,568.9662475585938,583.6700439453125
105,2.0,136.0,516.7186889648438,540.3029174804688,569.09765625,584.0206298828125
106,2.0,136.0,516.3872680664062,541.8248291015625,570.8612060546875,584.3278198242188
107,2.0,136.0,516.525390625,540.6380615234375,573.36279296875,584.8525390625
108,2.0,136.0,517.0248413085938,539.3397216796875,575.0578002929688,585.8142700195312
109,2.0,136.0,516.8975219726562,538.33056640625,576.2623901367188,586.1851196289062
110,2.0,136.0,518.1793823242188,538.4679565429688,576.6887817382812,586.3655395507812
111,2.0,136.0,518.2349853515625,539.5441284179688,576.7645263671875,586.5172119140625
112,2.0,136.0,519.3352661132812,539.6318969726562,576.9423828125,586.430908203125
113,2.0,136.0,519.1140747070312,538.1397094726562,577.9461669921875,586.4244384765625
114,2.0,136.0,520.3442993164062,538.8656005859375,578.67431640625,586.4666748046875
115,2.0,136.0,520.2435302734375,539.5868530273438,579.2343139648438,586.4816284179688
116,2.0,136.0,520.6309204101562,540.0364379882812,579.7936401367188,586.3775634765625
117,2.0,136.0,521.3048095703125,540.3500366210938,580.2549438476562,586.278564453125
118,2.0,136.0,522.2403564453125,541.4598999023438,581.187255859375,586.24658203125
119,2.0,136.0,523.7667236328125,542.0264892578125,582.454345703125,586.4271240234375
120,2.0,136.0,523.847900390625,544.0870361328125,583.1395263671875,586.22509765625
121,2.0,136.0,524.2780151367188,544.6314086914062,585.3356323242188,586.3413696289062
122,2.0,136.0,524.7760620117188,542.8458862304688,586.7335205078125,586.7030029296875
123,2.0,136.0,525.1074829101562,542.0399169921875,588.7029418945312,587.2943115234375
125,2.0,136.0,526.2186279296875,540.22607421875,590.81591796875,588.5919189453125
126,2.0,136.0,526.4807739257812,540.4150390625,591.23095703125,588.1600341796875
127,2.0,136.0,527.8237915039062,540.0060424804688,591.6871337890625,588.0340576171875
128,2.0,136.0,527.859619140625,540.7910766601562,594.2545776367188,588.5708618164062
129,2.0,136.0,527.9619140625,541.3296508789062,596.1513061523438,589.2061767578125
130,2.0,136.0,529.7380981445312,540.4125366210938,597.5098876953125,590.2796020507812
131,2.0,136.0,529.2163696289062,540.7797241210938,600.5186157226562,590.6398315429688
132,2.0,136.0,528.8631591796875,540.56298828125,602.9495239257812,591.4964599609375
133,2.0,136.0,528.884033203125,539.7620239257812,603.5939331054688,592.0867309570312
134,2.0,136.0,528.7447509765625,538.9158935546875,605.4265747070312,592.8736572265625
135,2.0,136.0,528.266845703125,537.1710815429688,607.4254150390625,593.85302734375
136,2.0,136.0,527.5953979492188,536.936767578125,608.58984375,594.37890625
137,2.0,136.0,527.3740844726562,536.5166015625,608.3366088867188,595.1304321289062
138,2.0,136.0,528.353759765625,536.2724609375,609.5731811523438,595.4920654296875
139,2.0,136.0,529.4783935546875,536.0936889648438,611.2626342773438,595.757568359375
140,2.0,136.0,530.1884155273438,536.2694702148438,613.4760131835938,596.5191040039062
141,2.0,136.0,529.6564331054688,536.3576049804688,614.9130249023438,596.8342895507812
142,2.0,136.0,529.5209350585938,536.4733276367188,616.0294799804688,597.1693725585938
143,2.0,136.0,529.7803344726562,536.1506958007812,616.9210815429688,597.5288696289062
144,2.0,136.0,530.5526123046875,536.484375,618.3451538085938,598.9080200195312
145,2.0,136.0,531.5187377929688,536.8031616210938,619.7686157226562,599.57958984375
146,2.0,136.0,532.0694580078125,538.0371704101562,621.2765502929688,600.2958374023438
147,2.0,136.0,531.7440795898438,538.7606201171875,623.5384521484375,600.6184692382812
148,2.0,136.0,534.1951293945312,538.7980346679688,626.5285034179688,602.0099487304688
149,2.0,136.0,536.7288818359375,538.6043090820312,628.9288940429688,603.0955200195312
150,2.0,136.0,537.6260375976562,537.4522705078125,630.7933959960938,604.4768676757812
151,2.0,136.0,537.2494506835938,536.4081420898438,632.2966918945312,606.1221313476562
152,2.0,136.0,538.5382080078125,536.377197265625,635.2137451171875,607.8402099609375
153,2.0,136.0,538.8598022460938,536.5006713867188,638.8286743164062,608.39013671875
154,2.0,136.0,539.6759033203125,536.8137817382812,641.7349243164062,608.7025756835938
155,2.0,136.0,540.5665283203125,537.2724609375,644.2462158203125,609.8981323242188
156,2.0,136.0,541.5292358398438,537.0012817382812,644.72509765625,610.3973388671875
157,2.0,136.0,541.7215576171875,537.49169921875,647.4739990234375,610.9098510742188
158,2.0,136.0,541.8305053710938,537.1182250976562,651.0293579101562,613.1361083984375
159,2.0,136.0,542.4396362304688,536.41552734375,652.9513549804688,614.9719848632812
160,2.0,136.0,543.6588745117188,535.7567138671875,656.4135131835938,616.3182373046875
161,2.0,136.0,545.8872680664062,534.9830322265625,659.4348754882812,618.0657348632812
162,2.0,136.0,545.47412109375,534.2522583007812,663.3544921875,619.3211669921875
163,2.0,136.0,547.631103515625,533.8824462890625,666.4839477539062,620.7329711914062
164,2.0,136.0,549.3712158203125,533.7003173828125,669.404541015625,622.3150634765625
165,2.0,136.0,551.6422119140625,533.9323120117188,671.7725219726562,622.5900268554688
166,2.0,136.0,551.320556640625,533.0640258789062,675.3356323242188,622.7429809570312
167,2.0,136.0,552.0365600585938,532.5377197265625,680.59619140625,624.4677734375
168,2.0,136.0,551.5958862304688,532.423095703125,686.1212158203125,627.2039184570312
169,2.0,136.0,551.5397338867188,532.1459350585938,690.5305786132812,629.5194702148438
170,2.0,136.0,552.0131225585938,531.8838500976562,694.89892578125,632.9166259765625
171,2.0,136.0,552.0931396484375,531.5726928710938,700.3697509765625,635.2843627929688
172,2.0,136.0,551.9631958007812,531.58984375,704.370849609375,638.58544921875
173,2.0,136.0,553.6567993164062,530.8697509765625,709.3689575195312,640.7562866210938
174,2.0,136.0,554.0975341796875,530.3102416992188,716.8322143554688,642.7623291015625
175,2.0,136.0,556.968017578125,529.858642578125,723.5911865234375,645.2600708007812
176,2.0,136.0,562.0048828125,530.41162109375,726.4639892578125,647.1513671875
177,2.0,136.0,565.0455932617188,529.9182739257812,733.8319702148438,649.046142578125
178,2.0,136.0,564.9935302734375,529.597412109375,741.7910766601562,651.6480102539062
179,2.0,136.0,565.3907470703125,528.9597778320312,748.3597412109375,656.1922607421875
180,2.0,136.0,567.290283203125,529.0718383789062,755.489501953125,660.8327026367188
181,2.0,136.0,569.9863891601562,529.4131469726562,763.4652099609375,663.9650268554688
182,2.0,136.0,570.5139770507812,529.2598266601562,770.9360961914062,668.3116455078125
183,2.0,136.0,572.6013793945312,528.4208984375,781.1903686523438,671.7540283203125
184,2.0,136.0,572.94873046875,528.484130859375,791.55517578125,675.9191284179688
185,2.0,136.0,574.5997924804688,527.9849243164062,804.22119140625,681.1970825195312
186,2.0,136.0,580.0386352539062,527.1082763671875,814.8457641601562,684.2803344726562
187,2.0,136.0,582.7562255859375,527.1939697265625,825.9700317382812,689.83203125
188,2.0,136.0,586.1928100585938,526.0972900390625,840.28515625,695.7715454101562
189,2.0,136.0,589.2373657226562,524.2725219726562,854.756103515625,701.8872680664062
190,2.0,136.0,593.2379760742188,522.8350219726562,870.5824584960938,706.7242431640625
191,2.0,136.0,597.1183471679688,521.5253295898438,887.8941040039062,712.5261840820312
192,2.0,136.0,601.79296875,521.0189208984375,908.130126953125,721.0137329101562
193,2.0,136.0,606.1260375976562,520.2311401367188,928.8159790039062,727.45556640625
194,2.0,136.0,611.81787109375,519.0111083984375,952.9506225585938,736.5764770507812
195,2.0,136.0,615.4022216796875,517.8685302734375,979.32275390625,747.6618041992188
196,2.0,136.0,622.1087036132812,515.46435546875,1006.7490844726562,757.2465209960938
197,2.0,136.0,630.7340698242188,512.50927734375,1040.142333984375,771.2591552734375
198,2.0,136.0,636.27001953125,511.0833435058594,1079.43359375,789.1765747070312
199,2.0,136.0,645.8346557617188,507.45819091796875,1122.2904052734375,806.5315551757812
200,2.0,136.0,654.0847778320312,503.8361511230469,1172.5482177734375,824.6889038085938
201,2.0,136.0,662.9058227539062,500.1235656738281,1231.1885986328125,852.0029296875
202,2.0,136.0,672.4456787109375,497.69329833984375,1303.275634765625,880.9083251953125
203,2.0,136.0,686.9745483398438,494.11492919921875,1390.0350341796875,914.6989135742188
204,2.0,136.0,701.1307373046875,491.46575927734375,1494.2381591796875,956.9099731445312
205,2.0,136.0,719.2579956054688,489.0855712890625,1620.7423095703125,1016.0164794921875
206,2.0,136.0,738.8218994140625,484.7330322265625,1780.268310546875,1056.8502197265625
207,2.0,136.0,761.1543579101562,473.59051513671875,1881.5596923828125,1073.5093994140625
208,2.0,136.0,790.7435302734375,466.43756103515625,1920.0,1080.0
209,2.0,136.0,825.4194946289062,460.3276062011719,1920.0,1080.0
210,2.0,136.0,868.3638305664062,450.31866455078125,1920.0,1079.50146484375
211,2.0,136.0,918.1069946289062,435.80316162109375,1920.0,1077.2615966796875
212,2.0,136.0,980.8801879882812,418.92913818359375,1920.0,1076.6336669921875
213,2.0,136.0,1064.4005126953125,394.29974365234375,1920.0,1076.575439453125
214,2.0,136.0,1184.5072021484375,413.2945251464844,1920.0,1077.134033203125
