32,2.0,138.0,333.9278564453125,512.7740478515625,388.38238525390625,557.601806640625
33,2.0,138.0,334.09979248046875,514.08349609375,389.5043029785156,557.7022094726562
34,2.0,138.0,334.1575622558594,513.0698852539062,390.353271484375,557.8063354492188
35,2.0,138.0,333.7647399902344,514.1515502929688,390.3856506347656,557.991455078125
36,2.0,138.0,333.0173034667969,516.8692016601562,390.7867736816406,558.199951171875
37,2.0,138.0,332.8438720703125,517.774169921875,391.0422668457031,558.27978515625
38,2.0,138.0,333.7688293457031,516.9605712890625,393.46295166015625,557.9265747070312
39,2.0,138.0,333.4200744628906,517.6500244140625,395.79730224609375,557.9810180664062
40,2.0,138.0,333.55963134765625,517.8450927734375,397.1745300292969,558.2152099609375
41,2.0,138.0,334.54962158203125,518.7770385742188,398.61737060546875,558.3062133789062
42,2.0,138.0,335.1120300292969,519.5558471679688,399.5101623535156,559.0288696289062
43,2.0,138.0,335.6708984375,519.8974609375,399.8921813964844,559.2756958007812
44,2.0,138.0,336.2660217285156,519.0989379882812,400.1662292480469,559.0873413085938
45,2.0,138.0,336.2724914550781,520.281005859375,400.87274169921875,559.9950561523438
46,2.0,138.0,337.4570007324219,519.8408203125,402.2820129394531,560.23681640625
47,2.0,138.0,337.20037841796875,518.461181640625,404.8059387207031,561.1722412109375
48,2.0,138.0,337.0858459472656,515.93310546875,404.5522766113281,561.1604614257812
49,2.0,138.0,337.3741760253906,515.010986328125,406.374267578125,560.99169921875
50,2.0,138.0,338.5331726074219,513.1664428710938,408.1218566894531,561.4513549804688
51,2.0,138.0,339.4706115722656,510.7875671386719,409.1168212890625,561.3975830078125
52,2.0,138.0,339.8471984863281,511.5725402832031,410.87060546875,561.7316284179688
53,2.0,138.0,340.0615234375,512.1660766601562,412.34283447265625,562.1353759765625
54,2.0,138.0,340.852294921875,512.1470947265625,412.67974853515625,562.7266845703125
55,2.0,138.0,341.49017333984375,511.35150146484375,413.82037353515625,563.6084594726562
56,2.0,138.0,340.2227478027344,511.5616149902344,415.7175598144531,563.938232421875
57,2.0,138.0,340.5013427734375,510.85205078125,417.2110900878906,564.1785278320312
58,2.0,138.0,339.4936218261719,510.7728271484375,419.1035461425781,564.9144287109375
59,2.0,138.0,340.06787109375,510.9937744140625,420.8627624511719,565.6575317382812
60,2.0,138.0,342.5484313964844,510.26129150390625,421.1789245605469,567.72412109375
61,2.0,138.0,342.0926513671875,510.9037780761719,424.1021423339844,569.2210083007812
62,2.0,138.0,340.2142028808594,511.58453369140625,424.9425354003906,570.6244506835938
63,2.0,138.0,340.3258361816406,510.0725402832031,425.0766906738281,570.6748657226562
64,2.0,138.0,341.975341796875,510.8318176269531,426.164306640625,570.867919921875
65,2.0,138.0,342.8924865722656,510.5732727050781,428.0382995605469,571.9534301757812
66,2.0,138.0,343.0963134765625,509.6414489746094,431.4726257324219,572.4905395507812
67,2.0,138.0,344.5072021484375,508.79571533203125,434.9415283203125,573.05517578125
68,2.0,138.0,346.00616455078125,508.85833740234375,437.4210510253906,573.634765625
69,2.0,138.0,346.6811828613281,506.774169921875,437.1129455566406,573.4459228515625
70,2.0,138.0,346.9248962402344,506.7169189453125,437.8646545410156,573.8136596679688
71,2.0,138.0,346.9102783203125,506.03179931640625,441.3741455078125,574.39404296875
72,2.0,138.0,348.8160400390625,506.86004638671875,445.287841796875,575.626953125
73,2.0,138.0,350.0884094238281,507.15240478515625,447.2681884765625,576.4853515625
74,2.0,138.0,350.0810241699219,506.00860595703125,448.93365478515625,578.105224609375
75,2.0,138.0,349.6105651855469,506.3448181152344,450.1336669921875,581.7012939453125
76,2.0,138.0,350.1445617675781,508.1172180175781,452.6789245605469,582.4879150390625
77,2.0,138.0,350.58587646484375,508.85107421875,455.06903076171875,583.6754150390625
78,2.0,138.0,351.89300537109375,509.7844543457031,459.12347412109375,585.6185913085938
79,2.0,138.0,352.4403991699219,509.9212951660156,460.80322265625,585.9676513671875
80,2.0,138.0,355.0690612792969,509.2751159667969,463.59466552734375,586.6810913085938
81,2.0,138.0,355.71905517578125,507.6988525390625,467.5162353515625,586.6084594726562
82,2.0,138.0,357.51837158203125,506.89349365234375,470.9947814941406,589.5217895507812
83,2.0,138.0,359.00799560546875,506.78790283203125,472.8773498535156,590.1395263671875
84,2.0,138.0,360.09442138671875,506.1474914550781,478.1622314453125,592.8612060546875
85,2.0,138.0,360.8470764160156,506.5550231933594,482.4711608886719,594.83154296875
86,2.0,138.0,360.49896240234375,505.7305908203125,485.3955383300781,596.3339233398438
87,2.0,138.0,360.9721984863281,505.0045471191406,491.253662109375,597.8270874023438
88,2.0,138.0,361.1086730957031,504.91717529296875,495.3698425292969,598.5694580078125
89,2.0,138.0,363.16766357421875,504.928466796875,499.8038635253906,600.3931274414062
90,2.0,138.0,362.6504211425781,503.9929504394531,504.0915222167969,602.2579956054688
91,2.0,138.0,362.97381591796875,503.8316345214844,508.59381103515625,605.109130859375
92,2.0,138.0,364.2466735839844,503.8332214355469,515.19775390625,608.3419799804688
93,2.0,138.0,366.2546691894531,503.4511413574219,520.196044921875,612.1316528320312
94,2.0,138.0,370.1572265625,503.2698059082031,526.2717895507812,613.8031005859375
95,2.0,138.0,371.9393005371094,502.72308349609375,533.0276489257812,616.6940307617188
96,2.0,138.0,374.25738525390625,502.7185363769531,539.4029541015625,619.6072387695312
97,2.0,138.0,376.80548095703125,502.38232421875,545.2150268554688,622.1721801757812
98,2.0,138.0,378.5596008300781,501.637451171875,551.5264892578125,625.0466918945312
99,2.0,138.0,379.03656005859375,501.28118896484375,560.8096923828125,628.9005737304688
100,2.0,138.0,378.8649597167969,500.9434509277344,569.7454833984375,633.244873046875
101,2.0,138.0,380.364501953125,500.39227294921875,577.1682739257812,636.655029296875
102,2.0,138.0,380.8792724609375,498.72210693359375,587.7260131835938,640.3460083007812
103,2.0,138.0,382.7173156738281,498.5054931640625,597.8905029296875,644.2935180664062
104,2.0,138.0,385.04486083984375,498.9317932128906,609.3768920898438,647.6644897460938
105,2.0,138.0,388.3011169433594,498.2348327636719,621.8410034179688,653.06298828125
106,2.0,138.0,392.139892578125,497.7876892089844,635.7782592773438,658.0205688476562
107,2.0,138.0,396.3721923828125,497.6190490722656,649.2109985351562,664.143798828125
108,2.0,138.0,400.1959228515625,496.57305908203125,663.8321533203125,670.9945678710938
109,2.0,138.0,404.8496398925781,495.915283203125,681.1810913085938,678.2612915039062
110,2.0,138.0,408.9171142578125,494.537841796875,698.0194702148438,681.6581420898438
111,2.0,138.0,414.0747985839844,493.55401611328125,717.73876953125,693.8326416015625
112,2.0,138.0,419.2834167480469,492.22698974609375,741.2748413085938,703.3417358398438
113,2.0,138.0,423.1877746582031,490.47576904296875,765.3232421875,710.4290771484375
114,2.0,138.0,428.8456726074219,487.701904296875,793.8775634765625,722.1556396484375
115,2.0,138.0,435.6645202636719,485.0627746582031,824.7888793945312,731.5663452148438
116,2.0,138.0,443.4505310058594,480.8561096191406,859.7289428710938,748.2532348632812
117,2.0,138.0,450.7336120605469,478.5306701660156,901.3526611328125,767.4271240234375
118,2.0,138.0,460.2298583984375,473.8992919921875,948.0835571289062,785.812744140625
119,2.0,138.0,468.90057373046875,472.2059631347656,1006.6765747070312,808.10107421875
120,2.0,138.0,479.724609375,468.2384338378906,1073.223876953125,834.0449829101562
121,2.0,138.0,493.7016296386719,465.2723388671875,1155.423095703125,870.516845703125
122,2.0,138.0,506.50347900390625,461.01812744140625,1253.6524658203125,909.3644409179688
123,2.0,138.0,524.209716796875,456.1051025390625,1378.0853271484375,967.7216796875
124,2.0,138.0,544.4401245117188,449.98602294921875,1533.588134765625,1031.6158447265625
125,2.0,138.0,564.1182250976562,441.7673645019531,1739.6611328125,1063.3414306640625
126,2.0,138.0,595.0967407226562,437.1343078613281,1864.4129638671875,1076.753662109375
127,2.0,138.0,630.186279296875,428.8622741699219,1917.93359375,1080.0
128,2.0,138.0,675.9275512695312,415.1056823730469,1920.0,1080.0
129,2.0,138.0,731.4833984375,399.0082092285156,1920.0,1079.0574951171875
130,2.0,138.0,799.8421020507812,377.0008850097656,1920.0,1076.552978515625
131,2.0,138.0,894.4700317382812,340.8192443847656,1920.0,1076.0328369140625
132,2.0,138.0,1030.9095458984375,349.62908935546875,1920.0,1076.520263671875
