62,2.0,15.0,454.2162780761719,684.9058227539062,505.86859130859375,724.9259033203125
63,2.0,15.0,454.8052062988281,682.7639770507812,507.3135681152344,724.6478271484375
64,2.0,15.0,455.36212158203125,682.7955322265625,507.578369140625,724.158447265625
65,2.0,15.0,456.0308837890625,679.8685913085938,508.3520812988281,724.5254516601562
66,2.0,15.0,456.0480041503906,681.9141845703125,508.77923583984375,725.3687133789062
67,2.0,15.0,456.3753967285156,683.3173217773438,509.32440185546875,726.0269165039062
68,2.0,15.0,456.325439453125,683.2742309570312,509.69183349609375,726.1109008789062
69,2.0,15.0,457.4867858886719,683.9273681640625,509.5321960449219,725.8765869140625
70,2.0,15.0,458.58050537109375,684.7222900390625,509.77947998046875,726.3590698242188
71,2.0,15.0,459.773681640625,685.7437744140625,510.8348388671875,727.1187133789062
72,2.0,15.0,460.4936828613281,685.673095703125,512.2974243164062,726.894775390625
73,2.0,15.0,460.34490966796875,685.946533203125,513.8604125976562,727.73291015625
74,2.0,15.0,460.38409423828125,686.8694458007812,514.8182373046875,728.3861694335938
75,2.0,15.0,460.9784240722656,687.0120239257812,515.58984375,729.0755615234375
76,2.0,15.0,461.3476867675781,685.8732299804688,517.4493408203125,729.6156616210938
77,2.0,15.0,461.3134460449219,685.200439453125,518.990478515625,730.0389404296875
78,2.0,15.0,461.7803649902344,685.041015625,519.7835083007812,729.700927734375
79,2.0,15.0,461.9731750488281,684.1408081054688,521.895263671875,729.8267822265625
80,2.0,15.0,461.9853515625,684.403564453125,522.3853759765625,729.7147827148438
81,2.0,15.0,462.2666320800781,682.4097900390625,523.0282592773438,728.7001953125
82,2.0,15.0,462.3941955566406,682.5272216796875,525.0355224609375,728.24462890625
83,2.0,15.0,464.7047119140625,681.4151000976562,525.1959838867188,728.9107055664062
84,2.0,15.0,466.97479248046875,681.5517578125,526.5791625976562,729.13623046875
85,2.0,15.0,468.3211364746094,681.8182373046875,527.738037109375,729.6145629882812
86,2.0,15.0,469.26727294921875,682.2454223632812,529.4061889648438,730.529296875
87,2.0,15.0,470.4962158203125,681.466064453125,531.4315795898438,730.9577026367188
88,2.0,15.0,471.2289733886719,680.9857788085938,532.565185546875,731.1467895507812
89,2.0,15.0,471.8076171875,681.6513061523438,533.6031494140625,731.0126342773438
90,2.0,15.0,471.8610534667969,681.283203125,534.6067504882812,731.0517578125
91,2.0,15.0,473.47998046875,680.9703369140625,536.01416015625,731.0445556640625
92,2.0,15.0,473.55120849609375,682.5872802734375,537.2161254882812,731.4257202148438
93,2.0,15.0,474.4391784667969,682.9302978515625,539.2086181640625,732.362548828125
94,2.0,15.0,475.69122314453125,681.557861328125,540.2717895507812,732.7456665039062
95,2.0,15.0,477.14788818359375,680.9335327148438,542.1666259765625,733.1949462890625
96,2.0,15.0,478.12139892578125,679.6751098632812,543.4970092773438,734.474365234375
97,2.0,15.0,478.9808654785156,678.53466796875,545.6329956054688,735.1284790039062
98,2.0,15.0,480.9463195800781,680.2242431640625,546.6256713867188,734.99462890625
99,2.0,15.0,482.1609191894531,681.9902954101562,547.2644653320312,733.9395751953125
100,2.0,15.0,482.0184631347656,680.8919067382812,549.8052368164062,734.853271484375
101,2.0,15.0,481.99017333984375,679.9224853515625,552.2387084960938,736.12109375
102,2.0,15.0,482.6899108886719,677.2761840820312,553.5559692382812,736.051513671875
103,2.0,15.0,482.4668273925781,673.183837890625,556.0166015625,737.7625732421875
104,2.0,15.0,482.83831787109375,675.037353515625,557.8189086914062,738.4710083007812
105,2.0,15.0,482.8775634765625,674.2805786132812,560.1475830078125,738.9569702148438
106,2.0,15.0,484.1457824707031,675.6697998046875,561.9462280273438,739.5054321289062
107,2.0,15.0,484.70977783203125,677.3271484375,564.321044921875,739.6565551757812
108,2.0,15.0,486.6091613769531,677.8800659179688,565.5767211914062,739.6495971679688
109,2.0,15.0,487.8320617675781,678.0559692382812,566.7866821289062,740.0515747070312
110,2.0,15.0,491.3315734863281,678.3190307617188,569.8030395507812,740.2811279296875
111,2.0,15.0,493.6368713378906,678.3704223632812,572.4630126953125,740.5565795898438
112,2.0,15.0,494.344482421875,678.4182739257812,574.9747314453125,740.6802368164062
113,2.0,15.0,494.92669677734375,678.39013671875,575.7115478515625,741.6563720703125
115,2.0,15.0,496.4636535644531,677.478271484375,580.588623046875,743.873779296875
116,2.0,15.0,497.9923400878906,677.4007568359375,583.4956665039062,742.8151245117188
117,2.0,15.0,499.6723937988281,677.1060180664062,585.7638549804688,742.7220458984375
118,2.0,15.0,501.9199523925781,677.295166015625,588.1176147460938,743.7847290039062
119,2.0,15.0,504.03753662109375,676.6639404296875,590.5661010742188,744.8402099609375
120,2.0,15.0,505.1407775878906,675.9503784179688,593.646484375,746.7302856445312
121,2.0,15.0,505.4968566894531,675.7377319335938,597.3218994140625,747.0034790039062
122,2.0,15.0,505.9699401855469,675.2476196289062,601.2737426757812,747.7360229492188
123,2.0,15.0,505.76312255859375,675.0504760742188,604.4678344726562,747.7974243164062
124,2.0,15.0,506.02215576171875,674.6398315429688,607.179443359375,749.7339477539062
125,2.0,15.0,507.0621337890625,674.7910766601562,609.2568969726562,750.5291748046875
126,2.0,15.0,510.13201904296875,673.8239135742188,612.4125366210938,751.4881591796875
127,2.0,15.0,512.3111572265625,674.0176391601562,614.0032958984375,751.8659057617188
128,2.0,15.0,514.21337890625,674.3059692382812,617.4094848632812,753.4338989257812
129,2.0,15.0,515.9224853515625,674.1786499023438,621.0409545898438,754.0172119140625
130,2.0,15.0,518.3079223632812,673.9550170898438,623.8695678710938,753.8043823242188
131,2.0,15.0,521.197021484375,673.10546875,626.3427734375,754.3319091796875
132,2.0,15.0,522.1854858398438,671.1207885742188,630.1112060546875,754.604248046875
133,2.0,15.0,522.992431640625,670.9788818359375,635.51806640625,756.2705078125
134,2.0,15.0,525.2535400390625,671.05908203125,639.22607421875,758.3461303710938
135,2.0,15.0,527.4262084960938,670.940673828125,642.77880859375,759.805908203125
136,2.0,15.0,529.1900634765625,670.3424072265625,648.21728515625,759.8359985351562
137,2.0,15.0,530.3713989257812,668.8627319335938,651.3179321289062,762.0416870117188
138,2.0,15.0,531.5416870117188,668.2289428710938,657.0870971679688,763.4533081054688
139,2.0,15.0,533.9981079101562,668.19287109375,661.623779296875,765.0101928710938
140,2.0,15.0,537.8572998046875,667.3217163085938,665.6112060546875,766.3880615234375
141,2.0,15.0,540.9962768554688,666.927001953125,672.4031372070312,766.6134033203125
142,2.0,15.0,542.2839965820312,666.3966674804688,676.4487915039062,767.361572265625
143,2.0,15.0,544.5416259765625,664.8161010742188,681.1641845703125,768.4939575195312
144,2.0,15.0,548.5181274414062,664.8306274414062,686.8369750976562,769.772705078125
145,2.0,15.0,550.288330078125,664.981689453125,693.2422485351562,771.6297607421875
146,2.0,15.0,550.791259765625,664.6273803710938,699.2897338867188,772.8186645507812
147,2.0,15.0,552.6417846679688,664.3515625,705.1167602539062,774.821044921875
148,2.0,15.0,554.2509155273438,663.8177490234375,713.3921508789062,776.9064331054688
149,2.0,15.0,556.4177856445312,662.4378662109375,719.0009155273438,779.34619140625
150,2.0,15.0,561.2117309570312,661.4312744140625,726.3920288085938,781.6466064453125
151,2.0,15.0,566.1697998046875,660.6683349609375,734.6044311523438,785.2781372070312
152,2.0,15.0,569.7744750976562,659.3104858398438,741.9893798828125,787.0734252929688
153,2.0,15.0,573.79150390625,657.487548828125,750.6693725585938,787.6541748046875
154,2.0,15.0,576.887451171875,655.7147827148438,760.31982421875,790.7340087890625
155,2.0,15.0,581.4043579101562,654.5335083007812,770.7362670898438,793.1583251953125
156,2.0,15.0,585.8394165039062,653.5615234375,780.6209106445312,795.0834350585938
157,2.0,15.0,589.4779052734375,652.6390991210938,790.5857543945312,797.639892578125
158,2.0,15.0,594.815673828125,650.103515625,802.6306762695312,800.0838012695312
159,2.0,15.0,598.990478515625,647.7312622070312,813.0783081054688,803.1541748046875
160,2.0,15.0,603.2626342773438,645.2169189453125,827.50244140625,807.2303466796875
161,2.0,15.0,609.29248046875,644.9129638671875,840.8006591796875,810.8073120117188
162,2.0,15.0,616.37646484375,642.9354858398438,856.1781616210938,813.63232421875
163,2.0,15.0,622.2942504882812,642.7377319335938,871.0464477539062,817.5565795898438
164,2.0,15.0,628.216064453125,641.4596557617188,887.691650390625,822.2821044921875
165,2.0,15.0,634.5242309570312,639.1700439453125,906.2236938476562,826.1682739257812
166,2.0,15.0,642.604736328125,637.4542236328125,925.6548461914062,832.54052734375
167,2.0,15.0,651.08349609375,635.1033325195312,945.4682006835938,837.7557983398438
168,2.0,15.0,658.8493041992188,632.2969360351562,969.2031860351562,843.1712646484375
169,2.0,15.0,666.957275390625,628.1820068359375,993.8748779296875,849.6239624023438
170,2.0,15.0,676.8836669921875,624.7865600585938,1022.0361938476562,858.4115600585938
171,2.0,15.0,688.0656127929688,622.567626953125,1050.4957275390625,865.3690185546875
172,2.0,15.0,699.4974975585938,621.04638671875,1082.321044921875,874.4443969726562
173,2.0,15.0,711.1712646484375,618.0372314453125,1117.87548828125,884.3247680664062
174,2.0,15.0,725.1588745117188,614.7794189453125,1157.2144775390625,895.458251953125
175,2.0,15.0,740.5631713867188,609.9900512695312,1201.4072265625,908.1942138671875
176,2.0,15.0,755.35595703125,604.23291015625,1250.404296875,921.0746459960938
177,2.0,15.0,771.4760131835938,599.3203125,1306.986328125,936.3021240234375
178,2.0,15.0,791.40087890625,592.104248046875,1372.8480224609375,953.8074951171875
179,2.0,15.0,811.9138793945312,586.5386962890625,1444.6197509765625,971.7468872070312
180,2.0,15.0,834.0578002929688,574.9757080078125,1528.8699951171875,993.4265747070312
181,2.0,15.0,861.9151000976562,564.6964111328125,1624.40625,1020.4482421875
182,2.0,15.0,891.2459716796875,557.0323486328125,1735.9075927734375,1050.2447509765625
183,2.0,15.0,926.7451171875,545.8632202148438,1863.26220703125,1071.235595703125
184,2.0,15.0,962.45068359375,532.1177978515625,1915.846435546875,1078.4696044921875
185,2.0,15.0,1009.3451538085938,516.2195434570312,1920.0,1080.0
186,2.0,15.0,1062.40283203125,496.0872497558594,1920.0,1080.0
187,2.0,15.0,1126.8360595703125,472.840576171875,1920.0,1080.0
188,2.0,15.0,1201.994873046875,440.7109069824219,1920.0,1079.21044921875
189,2.0,15.0,1294.388916015625,408.5542907714844,1920.0,1078.1275634765625
190,2.0,15.0,1408.832275390625,394.80731201171875,1920.0,1076.35498046875
191,2.0,15.0,1553.92138671875,402.7231140136719,1920.0,1077.5732421875
192,2.0,15.0,1742.6893310546875,486.0341796875,1920.0,1076.614501953125
