134,2.0,28.0,445.0556335449219,682.0133666992188,498.6590270996094,728.32080078125
135,2.0,28.0,445.787109375,686.4284057617188,501.3984375,729.0836791992188
136,2.0,28.0,448.21856689453125,688.1536254882812,504.7552185058594,729.4346923828125
137,2.0,28.0,449.0129089355469,687.465087890625,506.50531005859375,729.4688110351562
138,2.0,28.0,449.4081726074219,686.7608642578125,508.63714599609375,729.6395874023438
139,2.0,28.0,450.22998046875,684.969482421875,509.5348815917969,730.3555908203125
140,2.0,28.0,452.2420349121094,685.7575073242188,509.7605895996094,730.7745971679688
141,2.0,28.0,453.0627136230469,684.1130981445312,510.17364501953125,731.0538940429688
142,2.0,28.0,452.9234619140625,687.0721435546875,511.6611633300781,731.2003173828125
143,2.0,28.0,453.7655944824219,686.539306640625,514.76318359375,731.2865600585938
144,2.0,28.0,455.11810302734375,685.467041015625,517.6157836914062,731.33203125
145,2.0,28.0,456.55706787109375,684.0589599609375,519.4605712890625,731.5528564453125
146,2.0,28.0,456.8369140625,682.0154418945312,520.2260131835938,731.7323608398438
147,2.0,28.0,458.2080993652344,681.0916137695312,521.675537109375,732.6363525390625
148,2.0,28.0,459.19537353515625,681.23779296875,522.6911010742188,733.1411743164062
149,2.0,28.0,460.10223388671875,681.4345092773438,525.38330078125,733.2190551757812
150,2.0,28.0,460.4881286621094,681.431884765625,527.7175903320312,733.8361206054688
151,2.0,28.0,461.1007080078125,680.4463500976562,529.9461669921875,735.2655639648438
152,2.0,28.0,461.8841247558594,679.7310180664062,532.8517456054688,737.1824951171875
153,2.0,28.0,462.2092590332031,679.4268188476562,535.0911254882812,738.37109375
154,2.0,28.0,463.3695373535156,678.1570434570312,536.5316772460938,739.0886840820312
155,2.0,28.0,465.3377990722656,679.153564453125,539.5348510742188,739.3208618164062
156,2.0,28.0,467.34735107421875,679.3223266601562,541.7359008789062,739.9075927734375
157,2.0,28.0,469.2170715332031,679.60888671875,545.6624145507812,740.401123046875
158,2.0,28.0,470.55389404296875,677.9498901367188,548.9761962890625,740.9488525390625
159,2.0,28.0,471.6666564941406,678.4202880859375,552.1777954101562,742.1953125
160,2.0,28.0,472.83966064453125,677.8180541992188,556.9426879882812,742.6243286132812
161,2.0,28.0,474.04852294921875,678.1997680664062,560.1741943359375,743.3497314453125
162,2.0,28.0,476.45806884765625,678.62255859375,562.2782592773438,745.2352905273438
163,2.0,28.0,478.3058166503906,676.8623046875,567.06787109375,745.5789794921875
164,2.0,28.0,479.73907470703125,677.2000122070312,571.3973999023438,747.3230590820312
165,2.0,28.0,480.3263244628906,677.3296508789062,572.4730834960938,749.044921875
166,2.0,28.0,480.6575622558594,676.7960205078125,577.4324340820312,750.332275390625
167,2.0,28.0,482.4973449707031,676.1311645507812,582.551513671875,751.7186889648438
168,2.0,28.0,485.4369812011719,675.5320434570312,586.7122802734375,752.845947265625
169,2.0,28.0,488.27978515625,675.4279174804688,592.084228515625,753.7191772460938
170,2.0,28.0,491.3623352050781,675.5344848632812,596.558837890625,754.578125
171,2.0,28.0,493.9098815917969,674.9094848632812,599.479248046875,755.0731201171875
172,2.0,28.0,498.292724609375,673.8588256835938,605.7720336914062,756.7769775390625
173,2.0,28.0,502.0870361328125,672.5429077148438,611.61962890625,758.8829345703125
174,2.0,28.0,503.97296142578125,671.3991088867188,617.012451171875,761.6692504882812
175,2.0,28.0,505.9530334472656,670.0243530273438,622.70166015625,763.2061767578125
176,2.0,28.0,505.9960021972656,666.83984375,628.4164428710938,765.1251831054688
177,2.0,28.0,508.7696533203125,666.902099609375,635.9669189453125,767.0800170898438
178,2.0,28.0,512.2095947265625,665.1561279296875,642.8477783203125,768.2279663085938
179,2.0,28.0,515.3157958984375,665.2299194335938,651.2153930664062,769.9171142578125
180,2.0,28.0,517.0545043945312,664.5787353515625,660.551025390625,772.4481201171875
181,2.0,28.0,520.7890625,663.5278930664062,668.9678344726562,775.3431396484375
182,2.0,28.0,525.3928833007812,663.6232299804688,678.5542602539062,778.3155517578125
183,2.0,28.0,530.2886352539062,662.5989990234375,690.2608032226562,782.7693481445312
184,2.0,28.0,532.3549194335938,661.6751098632812,699.1173706054688,785.6497192382812
185,2.0,28.0,539.9406127929688,661.0086059570312,710.6403198242188,789.4829711914062
186,2.0,28.0,546.3885498046875,660.544921875,722.2568359375,792.5379638671875
187,2.0,28.0,551.3653564453125,658.5887451171875,735.0216064453125,795.5943603515625
188,2.0,28.0,554.5411376953125,655.6026000976562,751.1524047851562,799.0439453125
189,2.0,28.0,561.2930908203125,652.1971435546875,766.7943115234375,803.2353515625
190,2.0,28.0,569.2283935546875,649.002197265625,784.6478271484375,808.7161254882812
191,2.0,28.0,575.3799438476562,646.2076416015625,804.951416015625,813.4336547851562
192,2.0,28.0,583.732177734375,643.203125,826.5162963867188,818.8843994140625
193,2.0,28.0,592.3942260742188,639.0390625,851.228759765625,826.6084594726562
194,2.0,28.0,601.7676391601562,636.6705322265625,878.1389770507812,835.0382690429688
195,2.0,28.0,611.9352416992188,633.252685546875,908.8697509765625,844.9240112304688
196,2.0,28.0,624.1375122070312,629.5712890625,942.934326171875,854.8958129882812
197,2.0,28.0,636.5134887695312,623.8721313476562,981.3170776367188,866.56005859375
198,2.0,28.0,652.195556640625,620.9461059570312,1026.5523681640625,880.3703002929688
199,2.0,28.0,667.42626953125,615.8185424804688,1079.220458984375,896.0279541015625
200,2.0,28.0,686.8609619140625,607.1869506835938,1141.2337646484375,915.0875244140625
201,2.0,28.0,707.1798095703125,599.9258422851562,1216.23828125,938.7576904296875
202,2.0,28.0,733.6883544921875,592.4127807617188,1308.1270751953125,966.4749145507812
203,2.0,28.0,762.6490478515625,580.1236572265625,1422.9378662109375,1002.1428833007812
204,2.0,28.0,796.8402099609375,565.5065307617188,1569.0521240234375,1043.6175537109375
205,2.0,28.0,838.1942138671875,548.7821044921875,1779.118408203125,1066.6519775390625
206,2.0,28.0,890.5008544921875,529.09375,1880.4337158203125,1076.0755615234375
207,2.0,28.0,960.6304931640625,500.8710632324219,1920.0,1080.0
208,2.0,28.0,1051.529541015625,460.4085693359375,1920.0,1078.38916015625
209,2.0,28.0,1174.663818359375,404.4792785644531,1920.0,1078.4100341796875
210,2.0,28.0,1354.526611328125,368.8546142578125,1920.0,1079.2696533203125
211,2.0,28.0,1632.3583984375,391.5063171386719,1920.0,1079.163330078125
