79,2.0,20.0,454.11151123046875,681.7069702148438,506.52001953125,724.2909545898438
80,2.0,20.0,454.71185302734375,682.5770874023438,506.99322509765625,724.6956176757812
81,2.0,20.0,454.94366455078125,683.7893676757812,508.88568115234375,726.879150390625
82,2.0,20.0,454.8804626464844,685.0059204101562,508.51678466796875,726.296142578125
83,2.0,20.0,456.1141357421875,685.6255493164062,508.7078857421875,727.15234375
84,2.0,20.0,456.50054931640625,685.5603637695312,509.27001953125,728.0613403320312
85,2.0,20.0,456.9648132324219,685.3599243164062,511.3998718261719,729.4317626953125
86,2.0,20.0,456.80242919921875,686.961669921875,512.7881469726562,730.1246337890625
87,2.0,20.0,457.2940368652344,686.3822631835938,514.645751953125,730.020263671875
88,2.0,20.0,458.78216552734375,684.5803833007812,516.5054931640625,729.860107421875
89,2.0,20.0,459.7396545410156,686.3460083007812,518.6815185546875,729.804931640625
90,2.0,20.0,460.1217041015625,685.2603149414062,520.0750122070312,729.8583374023438
91,2.0,20.0,460.5888366699219,686.8888549804688,521.1555786132812,729.7906494140625
92,2.0,20.0,460.83392333984375,685.6694946289062,521.5435180664062,730.0556640625
93,2.0,20.0,461.0175476074219,684.4445190429688,521.8024291992188,729.9514770507812
94,2.0,20.0,461.6833190917969,681.6306762695312,524.3131103515625,730.5838623046875
95,2.0,20.0,461.8410339355469,681.666259765625,526.2238159179688,731.0911254882812
96,2.0,20.0,462.7859191894531,680.5867309570312,527.3994750976562,731.1406860351562
97,2.0,20.0,464.4795837402344,679.5684814453125,528.46533203125,730.7450561523438
99,2.0,20.0,468.44390869140625,679.8580932617188,531.7208251953125,732.0994262695312
100,2.0,20.0,469.0086364746094,680.3992919921875,532.8544311523438,732.9718627929688
101,2.0,20.0,469.73785400390625,681.01806640625,535.2525024414062,733.4393920898438
102,2.0,20.0,471.2522888183594,681.6520385742188,536.2708129882812,733.6430053710938
103,2.0,20.0,472.0989074707031,681.8756103515625,539.0169067382812,734.4473876953125
104,2.0,20.0,472.8196716308594,679.6023559570312,541.2942504882812,735.2916259765625
105,2.0,20.0,472.77484130859375,679.7523193359375,542.8860473632812,735.4292602539062
106,2.0,20.0,473.9017028808594,677.8396606445312,545.2377319335938,735.4445190429688
107,2.0,20.0,475.40777587890625,677.8784790039062,546.491455078125,736.2167358398438
108,2.0,20.0,476.2787780761719,676.5311279296875,548.5950927734375,737.0158081054688
109,2.0,20.0,477.0503845214844,675.077392578125,550.9852294921875,738.109619140625
110,2.0,20.0,478.619140625,678.5252075195312,553.256103515625,738.6299438476562
111,2.0,20.0,480.3678894042969,678.1154174804688,554.7399291992188,738.514892578125
112,2.0,20.0,481.50933837890625,677.0259399414062,556.8795166015625,739.895751953125
113,2.0,20.0,481.2169189453125,675.8638305664062,560.4939575195312,740.952880859375
114,2.0,20.0,481.7864990234375,677.1490478515625,562.812744140625,742.0512084960938
115,2.0,20.0,481.7430419921875,678.0950927734375,565.1031494140625,743.2135620117188
116,2.0,20.0,483.009521484375,678.2662963867188,568.8319702148438,743.7677612304688
117,2.0,20.0,483.90411376953125,677.791259765625,571.7686157226562,744.2257080078125
118,2.0,20.0,485.4843444824219,677.1167602539062,573.2523803710938,744.413818359375
119,2.0,20.0,486.5168762207031,677.0936279296875,575.4601440429688,746.2249755859375
120,2.0,20.0,488.53192138671875,677.220703125,578.724853515625,746.1470947265625
121,2.0,20.0,491.4478454589844,676.4053344726562,583.1880493164062,745.8274536132812
122,2.0,20.0,493.55084228515625,676.3765258789062,586.26708984375,746.47216796875
123,2.0,20.0,494.8501892089844,675.9388427734375,589.1063842773438,749.23486328125
124,2.0,20.0,496.9390563964844,676.4921875,591.42822265625,750.841796875
125,2.0,20.0,498.7403564453125,675.8711547851562,594.8300170898438,751.9705200195312
126,2.0,20.0,501.06402587890625,676.0112915039062,597.0894165039062,752.3980102539062
127,2.0,20.0,503.2865905761719,674.867919921875,602.4520263671875,753.60546875
128,2.0,20.0,503.91961669921875,674.870849609375,607.0950927734375,754.6078491210938
129,2.0,20.0,504.8801574707031,674.53515625,611.5476684570312,755.48876953125
130,2.0,20.0,506.55657958984375,672.54638671875,614.5209350585938,756.0294189453125
131,2.0,20.0,507.8725891113281,671.68115234375,618.3135986328125,756.9596557617188
132,2.0,20.0,508.6838684082031,672.0452270507812,623.2032470703125,758.1932373046875
133,2.0,20.0,510.6029052734375,671.4310302734375,627.1923217773438,759.9850463867188
134,2.0,20.0,513.5419311523438,670.1658325195312,632.5575561523438,763.0792236328125
135,2.0,20.0,516.1385498046875,668.2991943359375,637.682373046875,764.7587280273438
136,2.0,20.0,517.5056762695312,667.8257446289062,642.578369140625,766.374755859375
137,2.0,20.0,518.8986206054688,666.8353271484375,649.77099609375,767.1162109375
138,2.0,20.0,523.0093383789062,665.7591552734375,656.1385498046875,768.1785278320312
139,2.0,20.0,524.9002685546875,665.4790649414062,662.7626953125,769.9568481445312
140,2.0,20.0,527.7283935546875,664.353515625,668.211669921875,771.751220703125
141,2.0,20.0,528.9664916992188,663.9681396484375,675.1129760742188,774.3802490234375
142,2.0,20.0,530.7948608398438,663.4423828125,683.19287109375,776.6651000976562
143,2.0,20.0,535.72412109375,663.8363037109375,691.854248046875,779.0587768554688
144,2.0,20.0,538.7564086914062,662.6428833007812,698.0936279296875,783.0401000976562
145,2.0,20.0,545.1860961914062,661.2258911132812,707.0897216796875,786.6754150390625
146,2.0,20.0,549.9315795898438,660.614501953125,717.2096557617188,788.9324340820312
147,2.0,20.0,553.714599609375,659.2660522460938,727.33056640625,790.8171997070312
148,2.0,20.0,555.1318359375,657.5795288085938,736.7154541015625,794.213623046875
149,2.0,20.0,559.1309814453125,656.040283203125,749.5944213867188,797.0362548828125
150,2.0,20.0,563.2845458984375,653.7394409179688,761.3947143554688,800.202880859375
151,2.0,20.0,568.752197265625,650.816650390625,776.4790649414062,803.6400756835938
152,2.0,20.0,574.7666625976562,648.59033203125,791.084716796875,807.7013549804688
153,2.0,20.0,580.1845092773438,646.58056640625,806.66845703125,811.6170043945312
154,2.0,20.0,586.7936401367188,644.982666015625,823.3336791992188,815.7557983398438
155,2.0,20.0,593.7083740234375,641.0570068359375,841.0333862304688,819.7620849609375
156,2.0,20.0,600.58056640625,638.8146362304688,861.4822998046875,824.7086791992188
157,2.0,20.0,610.1563720703125,636.6365966796875,883.8480834960938,833.0859375
158,2.0,20.0,618.7921142578125,634.5820922851562,908.4854736328125,840.3245849609375
159,2.0,20.0,627.3563232421875,631.3668212890625,935.8514404296875,847.8746337890625
160,2.0,20.0,637.0123291015625,627.142578125,965.7974243164062,857.5715942382812
161,2.0,20.0,647.78515625,623.3779907226562,999.120361328125,867.25244140625
162,2.0,20.0,661.4695434570312,620.4442138671875,1037.1949462890625,878.7858276367188
163,2.0,20.0,675.3698120117188,617.4995727539062,1081.53955078125,892.21044921875
164,2.0,20.0,690.4390869140625,611.7898559570312,1130.6839599609375,906.3993530273438
165,2.0,20.0,706.7390747070312,604.087646484375,1185.9278564453125,922.8545532226562
166,2.0,20.0,724.9909057617188,597.8995361328125,1253.130615234375,942.7383422851562
167,2.0,20.0,746.8314819335938,591.8165893554688,1329.55517578125,964.7525634765625
168,2.0,20.0,772.857421875,582.1104125976562,1425.2174072265625,991.864990234375
169,2.0,20.0,801.1765747070312,570.4948120117188,1540.0684814453125,1026.162109375
170,2.0,20.0,834.020263671875,556.7302856445312,1675.0333251953125,1061.150390625
171,2.0,20.0,872.4407348632812,544.2205810546875,1838.7454833984375,1073.8367919921875
172,2.0,20.0,921.859130859375,525.5035400390625,1906.19921875,1078.2987060546875
173,2.0,20.0,977.822509765625,502.4669189453125,1920.0,1080.0
174,2.0,20.0,1050.95361328125,472.2967834472656,1920.0,1080.0
175,2.0,20.0,1146.8043212890625,431.8395690917969,1920.0,1078.739501953125
176,2.0,20.0,1266.8846435546875,386.71612548828125,1920.0,1076.92529296875
177,2.0,20.0,1431.2376708984375,362.2823181152344,1920.0,1078.583984375
178,2.0,20.0,1662.9415283203125,401.0872802734375,1920.0,1077.41552734375
