117,2.0,23.0,452.73291015625,683.9966430664062,506.11029052734375,725.8209228515625
118,2.0,23.0,453.3683776855469,683.7455444335938,506.8114013671875,726.675048828125
119,2.0,23.0,454.0606994628906,685.0748291015625,508.6020812988281,728.3423461914062
120,2.0,23.0,455.0460205078125,684.005126953125,509.0832214355469,729.5574951171875
121,2.0,23.0,455.1571350097656,684.4613037109375,509.5386047363281,729.984130859375
122,2.0,23.0,455.110595703125,684.7197265625,510.49249267578125,730.5003662109375
123,2.0,23.0,455.8285827636719,684.8790283203125,511.9371643066406,730.3870239257812
124,2.0,23.0,456.78125,686.0352172851562,513.1433715820312,729.8875732421875
125,2.0,23.0,457.2864074707031,685.5671997070312,515.8822631835938,730.2017822265625
126,2.0,23.0,457.73712158203125,686.1251220703125,517.50634765625,730.4330444335938
127,2.0,23.0,459.4520568847656,684.7304077148438,519.0906372070312,730.9169311523438
128,2.0,23.0,460.6531982421875,685.43603515625,520.174072265625,731.2181396484375
129,2.0,23.0,460.99993896484375,685.836669921875,521.5005493164062,731.3497924804688
130,2.0,23.0,460.8032531738281,684.6865234375,522.854736328125,731.4082641601562
131,2.0,23.0,461.1282043457031,683.2662353515625,524.8699340820312,731.3119506835938
132,2.0,23.0,461.40533447265625,683.9509887695312,526.8610229492188,731.7568359375
133,2.0,23.0,462.5326843261719,681.1376953125,527.4532470703125,731.8216552734375
134,2.0,23.0,462.2934265136719,680.0985107421875,529.68994140625,732.9845581054688
135,2.0,23.0,463.2109069824219,678.4436645507812,531.4348754882812,733.66455078125
136,2.0,23.0,465.3957824707031,678.1265258789062,533.4363403320312,735.3323974609375
137,2.0,23.0,467.8199462890625,679.6264038085938,533.302734375,735.5816650390625
138,2.0,23.0,469.1575622558594,680.8080444335938,534.3892211914062,735.69873046875
139,2.0,23.0,469.81427001953125,681.5877075195312,537.5758666992188,735.7120971679688
140,2.0,23.0,470.2635192871094,681.2094116210938,540.2531127929688,737.020751953125
141,2.0,23.0,471.21002197265625,680.3297729492188,543.1839599609375,737.5962524414062
142,2.0,23.0,473.19439697265625,680.3975830078125,546.9567260742188,738.1314697265625
143,2.0,23.0,473.8092346191406,679.8579711914062,548.8134155273438,738.62109375
144,2.0,23.0,475.4035949707031,680.60986328125,550.9530639648438,738.921142578125
145,2.0,23.0,477.1868591308594,676.5324096679688,554.2784423828125,739.890380859375
146,2.0,23.0,479.1117248535156,678.0926513671875,557.1709594726562,740.220458984375
147,2.0,23.0,480.2744140625,674.4296875,558.44921875,740.7924194335938
148,2.0,23.0,480.64739990234375,676.3383178710938,560.7587890625,742.0225219726562
149,2.0,23.0,480.53033447265625,677.6166381835938,564.1986694335938,742.9893798828125
150,2.0,23.0,481.97430419921875,678.2529296875,568.4179077148438,742.7219848632812
151,2.0,23.0,482.93951416015625,678.403564453125,571.11669921875,744.2159423828125
152,2.0,23.0,482.8431396484375,677.9043579101562,571.73828125,745.7802734375
153,2.0,23.0,484.68389892578125,676.0427856445312,574.2769165039062,746.4307861328125
154,2.0,23.0,486.6126403808594,675.6456909179688,579.4174194335938,746.6774291992188
155,2.0,23.0,489.5965270996094,675.4796752929688,583.4342041015625,747.8646240234375
156,2.0,23.0,492.9804382324219,675.9402465820312,586.2854614257812,749.7772827148438
157,2.0,23.0,494.9056091308594,675.2957763671875,592.3847045898438,751.4934692382812
158,2.0,23.0,494.6740417480469,675.447021484375,594.9923095703125,752.8331298828125
159,2.0,23.0,499.56341552734375,676.1776733398438,598.0901489257812,753.6298217773438
160,2.0,23.0,501.7338562011719,675.85888671875,604.463134765625,754.6648559570312
161,2.0,23.0,503.785400390625,674.4915161132812,608.8633422851562,755.486328125
162,2.0,23.0,505.148681640625,673.2523193359375,613.236328125,755.8382568359375
163,2.0,23.0,507.12078857421875,672.2357177734375,618.8284301757812,757.821533203125
164,2.0,23.0,508.428466796875,670.8638305664062,622.93603515625,759.760986328125
165,2.0,23.0,508.4572448730469,670.2060546875,626.6027221679688,761.0867309570312
166,2.0,23.0,510.7347106933594,668.2453002929688,632.52392578125,763.3950805664062
167,2.0,23.0,514.3631591796875,667.0037231445312,638.57568359375,765.1161499023438
168,2.0,23.0,516.6727905273438,665.9498901367188,644.7596435546875,766.223876953125
169,2.0,23.0,518.8325805664062,666.5455322265625,651.6919555664062,767.2855224609375
170,2.0,23.0,522.6221313476562,666.0350341796875,658.8191528320312,768.571044921875
171,2.0,23.0,526.3986206054688,666.3605346679688,665.4507446289062,770.2732543945312
172,2.0,23.0,527.793212890625,665.3973388671875,672.8938598632812,772.886474609375
173,2.0,23.0,530.7063598632812,664.1614990234375,680.115966796875,775.8680419921875
174,2.0,23.0,535.4263916015625,663.44970703125,690.6754150390625,778.3086547851562
175,2.0,23.0,538.7346801757812,663.6277465820312,698.2094116210938,782.385009765625
176,2.0,23.0,544.3644409179688,663.226318359375,707.01513671875,785.7667846679688
177,2.0,23.0,549.2701416015625,660.9574584960938,717.5281982421875,788.548583984375
178,2.0,23.0,552.5809936523438,660.5960083007812,728.7022705078125,791.24462890625
179,2.0,23.0,556.734619140625,658.3741455078125,739.2501831054688,794.6971435546875
180,2.0,23.0,562.3452758789062,655.7316284179688,752.6078491210938,797.3600463867188
181,2.0,23.0,567.4041748046875,653.5269165039062,766.938232421875,800.5157470703125
182,2.0,23.0,573.8411865234375,650.5193481445312,781.6160888671875,803.8649291992188
183,2.0,23.0,578.4529418945312,648.3579711914062,796.3897094726562,808.5498657226562
184,2.0,23.0,585.8557739257812,646.4114379882812,814.2164916992188,812.4953002929688
185,2.0,23.0,593.6057739257812,643.2021484375,834.1357421875,817.1383666992188
186,2.0,23.0,600.7282104492188,639.7217407226562,855.3436279296875,821.7605590820312
187,2.0,23.0,609.8388671875,637.734130859375,878.7691650390625,829.8209228515625
188,2.0,23.0,619.2721557617188,635.9586791992188,904.8588256835938,838.0199584960938
189,2.0,23.0,630.3927001953125,633.5811767578125,932.944580078125,845.8302612304688
190,2.0,23.0,641.43994140625,628.9193115234375,966.4347534179688,854.5046997070312
191,2.0,23.0,653.252197265625,623.677734375,1001.3976440429688,865.1699829101562
192,2.0,23.0,666.3589477539062,620.9542236328125,1043.2305908203125,876.4260864257812
193,2.0,23.0,680.9546508789062,615.9146728515625,1089.323486328125,891.24560546875
194,2.0,23.0,698.9356079101562,609.4722900390625,1143.8936767578125,908.4816284179688
195,2.0,23.0,716.1448364257812,602.7423706054688,1207.6693115234375,926.1138305664062
196,2.0,23.0,738.4049682617188,596.5986938476562,1283.3746337890625,948.4532470703125
197,2.0,23.0,761.3642578125,588.6232299804688,1375.7342529296875,975.2608032226562
198,2.0,23.0,790.4121704101562,577.7000122070312,1484.58251953125,1007.3825073242188
199,2.0,23.0,826.0703125,564.4803466796875,1620.64501953125,1044.0367431640625
200,2.0,23.0,863.3540649414062,550.1380004882812,1803.7379150390625,1067.7694091796875
201,2.0,23.0,914.6239624023438,531.1737670898438,1891.129638671875,1076.0665283203125
202,2.0,23.0,972.8486938476562,507.42523193359375,1920.0,1080.0
203,2.0,23.0,1050.6666259765625,476.7197570800781,1920.0,1080.0
204,2.0,23.0,1150.0052490234375,435.20721435546875,1920.0,1078.77099609375
205,2.0,23.0,1281.4423828125,391.584716796875,1920.0,1078.037109375
206,2.0,23.0,1468.2396240234375,383.9290466308594,1920.0,1079.2896728515625
