12,2.0,6.0,450.2397766113281,683.010009765625,501.9206848144531,724.2921752929688
13,2.0,6.0,451.27069091796875,682.7249755859375,503.3974609375,724.4425048828125
14,2.0,6.0,451.65887451171875,683.5370483398438,504.5770568847656,724.1432495117188
15,2.0,6.0,452.2962951660156,682.7667846679688,505.13232421875,723.954345703125
16,2.0,6.0,452.9465637207031,681.2156372070312,506.13189697265625,724.0869750976562
17,2.0,6.0,453.02813720703125,677.95556640625,507.5674133300781,724.4013061523438
18,2.0,6.0,453.0047912597656,679.1701049804688,508.5892028808594,724.6435546875
19,2.0,6.0,453.0919494628906,680.2471313476562,508.6531066894531,724.83203125
20,2.0,6.0,453.2437744140625,679.4612426757812,509.0263977050781,724.7317504882812
21,2.0,6.0,454.2010498046875,679.4584350585938,509.7001647949219,724.203125
22,2.0,6.0,454.5699462890625,679.8800048828125,510.06878662109375,724.6585693359375
23,2.0,6.0,454.8301696777344,678.8558959960938,510.1928405761719,725.0980834960938
24,2.0,6.0,455.46527099609375,678.5709228515625,510.61572265625,724.7928466796875
25,2.0,6.0,456.5074157714844,678.8865966796875,511.3143615722656,724.7376708984375
26,2.0,6.0,457.3174743652344,679.808837890625,512.228759765625,725.1427612304688
27,2.0,6.0,457.6814270019531,680.4942626953125,513.3189086914062,724.7728271484375
28,2.0,6.0,458.5660705566406,681.9335327148438,514.0250244140625,725.373291015625
29,2.0,6.0,458.5712585449219,682.0877685546875,515.843994140625,726.8209838867188
30,2.0,6.0,458.7002868652344,683.6035766601562,516.5062255859375,728.1813354492188
31,2.0,6.0,460.0648193359375,682.4599609375,517.0444946289062,728.4163818359375
32,2.0,6.0,459.806884765625,682.1726684570312,518.3667602539062,729.3568115234375
33,2.0,6.0,459.80975341796875,681.3541870117188,519.008056640625,729.7022094726562
34,2.0,6.0,460.2161865234375,681.1396484375,520.2843017578125,729.6260986328125
35,2.0,6.0,460.1168212890625,679.9876098632812,522.6880493164062,729.766845703125
36,2.0,6.0,460.03656005859375,681.247314453125,524.0606689453125,730.1454467773438
37,2.0,6.0,460.6708068847656,679.6533203125,523.4446411132812,729.6558227539062
38,2.0,6.0,460.7139892578125,678.5225830078125,524.582763671875,729.2515258789062
39,2.0,6.0,461.8409423828125,678.2720336914062,525.3106689453125,729.2455444335938
40,2.0,6.0,461.4969482421875,679.7765502929688,527.1530151367188,729.5828247070312
41,2.0,6.0,462.6724853515625,678.8193359375,527.7906494140625,729.2257690429688
42,2.0,6.0,462.1466369628906,678.9826049804688,528.96240234375,729.9255981445312
43,2.0,6.0,463.6431579589844,679.3997192382812,529.4494018554688,730.5074462890625
44,2.0,6.0,465.2425842285156,678.59814453125,531.4140625,730.7711791992188
45,2.0,6.0,466.2442626953125,676.7727661132812,532.22119140625,730.7511596679688
46,2.0,6.0,467.71746826171875,677.2254638671875,532.4095458984375,730.7675170898438
47,2.0,6.0,469.1916198730469,677.7481689453125,532.988525390625,730.8290405273438
48,2.0,6.0,469.5982360839844,678.413330078125,533.4171752929688,731.0430297851562
49,2.0,6.0,470.1626281738281,678.9134521484375,534.6953125,731.7020874023438
50,2.0,6.0,470.38427734375,678.656982421875,536.29345703125,732.839599609375
51,2.0,6.0,470.2149963378906,678.2141723632812,537.3924560546875,734.2132568359375
52,2.0,6.0,470.3593444824219,678.847412109375,539.17529296875,733.6470947265625
53,2.0,6.0,471.05108642578125,679.2813720703125,540.3197021484375,733.378173828125
54,2.0,6.0,472.1263732910156,679.8388061523438,542.5165405273438,733.2646484375
55,2.0,6.0,472.6528625488281,679.3145751953125,544.206787109375,733.0868530273438
56,2.0,6.0,473.7522888183594,678.7048950195312,545.4804077148438,733.260498046875
57,2.0,6.0,474.7915344238281,678.2508544921875,546.5911865234375,734.7753295898438
58,2.0,6.0,474.84295654296875,677.0509033203125,545.7975463867188,736.4818115234375
59,2.0,6.0,475.3489685058594,677.2193603515625,547.0767822265625,736.3050537109375
60,2.0,6.0,476.2717590332031,677.09326171875,548.9960327148438,736.5447387695312
61,2.0,6.0,477.265380859375,677.48876953125,551.447265625,737.1967163085938
62,2.0,6.0,477.54815673828125,675.13818359375,553.2139892578125,736.8425903320312
63,2.0,6.0,478.19903564453125,675.50146484375,554.9248046875,736.5960083007812
64,2.0,6.0,480.08746337890625,676.2174072265625,556.0241088867188,737.3060913085938
65,2.0,6.0,480.9544982910156,676.9974975585938,557.4689331054688,737.4133911132812
66,2.0,6.0,481.6856384277344,676.1516723632812,558.760009765625,737.5620727539062
67,2.0,6.0,482.03704833984375,674.1774291992188,558.7416381835938,738.6795654296875
68,2.0,6.0,482.165771484375,674.5836791992188,561.3406372070312,739.6334838867188
69,2.0,6.0,482.5351867675781,674.8028564453125,562.589599609375,740.04150390625
70,2.0,6.0,483.8349609375,676.1549072265625,564.4404907226562,740.5774536132812
71,2.0,6.0,484.7538146972656,675.8109741210938,565.8939819335938,740.7562866210938
72,2.0,6.0,484.6477355957031,676.3494262695312,568.5010986328125,741.3995361328125
73,2.0,6.0,485.0152587890625,676.8202514648438,568.4725952148438,742.0410766601562
74,2.0,6.0,485.27728271484375,676.109619140625,569.8359375,742.9533081054688
75,2.0,6.0,485.4984130859375,675.4456787109375,569.6520385742188,743.3619995117188
76,2.0,6.0,486.2585144042969,674.4373168945312,570.7254638671875,743.8042602539062
77,2.0,6.0,487.4510803222656,673.7403564453125,574.572998046875,743.754150390625
78,2.0,6.0,488.3943176269531,671.7700805664062,577.154296875,744.0438232421875
79,2.0,6.0,488.477783203125,671.116943359375,579.3707275390625,744.0003051757812
80,2.0,6.0,488.7442321777344,670.1231079101562,580.070556640625,744.2863159179688
81,2.0,6.0,491.31011962890625,670.48876953125,582.2783203125,745.7750854492188
82,2.0,6.0,493.3257141113281,672.4848022460938,584.3324584960938,746.1348266601562
83,2.0,6.0,494.3354187011719,672.8739013671875,586.7813110351562,746.091064453125
84,2.0,6.0,494.6765441894531,673.273193359375,589.2461547851562,745.9150390625
85,2.0,6.0,495.0323791503906,672.4531860351562,590.8251342773438,746.7168579101562
86,2.0,6.0,495.3558654785156,672.3565673828125,592.3096313476562,747.0416870117188
87,2.0,6.0,495.38970947265625,672.4345703125,594.9134521484375,748.5345458984375
88,2.0,6.0,496.635498046875,672.5066528320312,596.7986450195312,750.63330078125
89,2.0,6.0,498.42987060546875,672.3388671875,598.26416015625,752.28466796875
90,2.0,6.0,498.3517761230469,671.8372802734375,600.2798461914062,753.1890869140625
91,2.0,6.0,499.42962646484375,671.1069946289062,602.9694213867188,753.7174682617188
92,2.0,6.0,502.22509765625,669.4754638671875,605.9068603515625,753.3505859375
93,2.0,6.0,502.83380126953125,667.88525390625,609.0665283203125,753.5692138671875
94,2.0,6.0,503.5742492675781,667.2667236328125,612.2514038085938,753.7037353515625
95,2.0,6.0,504.9325256347656,667.3837890625,614.1568603515625,753.7628173828125
96,2.0,6.0,506.4313049316406,667.1748657226562,615.9578247070312,754.3532104492188
97,2.0,6.0,507.1700744628906,667.0529174804688,617.9104614257812,755.1370849609375
98,2.0,6.0,508.1717224121094,666.7206420898438,621.3002319335938,756.0072021484375
99,2.0,6.0,509.54815673828125,665.8842163085938,624.42919921875,757.3814697265625
100,2.0,6.0,509.4024963378906,665.0592041015625,626.6644287109375,758.9437255859375
101,2.0,6.0,509.78271484375,665.505615234375,629.987548828125,760.334716796875
102,2.0,6.0,511.83795166015625,665.4139404296875,632.9327392578125,762.0467529296875
103,2.0,6.0,515.3748779296875,665.77587890625,635.8631591796875,763.1419677734375
104,2.0,6.0,516.547607421875,664.0613403320312,639.028564453125,764.8273315429688
105,2.0,6.0,516.783203125,664.02490234375,641.9503173828125,765.4966430664062
106,2.0,6.0,516.4287719726562,663.8050537109375,645.2975463867188,765.37158203125
107,2.0,6.0,518.4423217773438,663.5411987304688,650.3323364257812,765.9877319335938
108,2.0,6.0,518.7832641601562,663.6533813476562,653.8245239257812,767.1145629882812
109,2.0,6.0,519.2164916992188,663.1611328125,658.2173461914062,767.6735229492188
110,2.0,6.0,523.0822143554688,662.1671142578125,662.6829223632812,768.3213500976562
111,2.0,6.0,525.0797729492188,663.2926025390625,667.8467407226562,770.2039794921875
112,2.0,6.0,527.7353515625,663.5800170898438,670.1461181640625,770.7310791015625
113,2.0,6.0,529.573486328125,663.1281127929688,675.9166259765625,771.20947265625
114,2.0,6.0,530.11279296875,662.299072265625,678.2664794921875,772.2659912109375
115,2.0,6.0,532.211669921875,661.022705078125,683.4482421875,773.5123901367188
116,2.0,6.0,534.6177978515625,661.199951171875,688.5347900390625,776.260986328125
117,2.0,6.0,536.5521240234375,660.8515014648438,693.1346435546875,776.90673828125
118,2.0,6.0,538.2846069335938,662.323974609375,696.5944213867188,778.6055297851562
119,2.0,6.0,541.8256225585938,662.23681640625,701.739501953125,780.4108276367188
120,2.0,6.0,543.907958984375,660.5233764648438,709.249267578125,782.6380004882812
121,2.0,6.0,549.5306396484375,659.095458984375,714.9572143554688,785.3645629882812
122,2.0,6.0,550.1065063476562,657.6953735351562,720.91357421875,785.5192260742188
123,2.0,6.0,551.0986328125,656.5454711914062,727.316650390625,787.0819091796875
124,2.0,6.0,552.3751831054688,655.7573852539062,734.4031372070312,788.4149169921875
125,2.0,6.0,554.120849609375,654.9238891601562,739.1994018554688,791.4847412109375
126,2.0,6.0,557.3726196289062,653.0946044921875,747.0313720703125,792.3839721679688
127,2.0,6.0,560.9983520507812,652.4102783203125,755.0335083007812,795.31005859375
128,2.0,6.0,563.3958129882812,650.3967895507812,762.3499145507812,798.1185913085938
129,2.0,6.0,566.623779296875,648.4494018554688,770.4318237304688,798.7581787109375
130,2.0,6.0,571.0843505859375,646.8195190429688,779.1787109375,800.984375
131,2.0,6.0,575.2914428710938,646.4348754882812,786.1207885742188,802.7766723632812
132,2.0,6.0,577.1522216796875,645.6799926757812,795.9769287109375,805.3656616210938
133,2.0,6.0,580.4605102539062,644.2113647460938,806.1170654296875,808.1998291015625
134,2.0,6.0,585.5421142578125,643.5009765625,816.1144409179688,810.52685546875
135,2.0,6.0,588.9104614257812,642.3301391601562,826.9363403320312,813.606689453125
136,2.0,6.0,593.8244018554688,640.6060791015625,837.658203125,815.7366333007812
137,2.0,6.0,598.3600463867188,637.2675170898438,849.54541015625,818.6146850585938
138,2.0,6.0,602.3106079101562,636.115966796875,863.0872802734375,821.7181396484375
139,2.0,6.0,608.308349609375,635.517578125,877.556396484375,824.7833862304688
140,2.0,6.0,613.691162109375,634.8502197265625,890.3469848632812,830.5347290039062
141,2.0,6.0,618.6053466796875,633.4321899414062,904.533447265625,836.021484375
142,2.0,6.0,623.9036865234375,632.0214233398438,920.1273193359375,839.5496215820312
143,2.0,6.0,630.4853515625,630.421875,937.9446411132812,843.7461547851562
144,2.0,6.0,636.1708984375,627.4803466796875,956.264892578125,848.8477783203125
145,2.0,6.0,643.190185546875,625.0203857421875,976.3746948242188,853.2477416992188
146,2.0,6.0,648.4166870117188,623.0530395507812,995.373046875,859.4044189453125
147,2.0,6.0,655.6576538085938,620.0949096679688,1017.5803833007812,865.839111328125
148,2.0,6.0,664.4619140625,618.6224975585938,1039.9404296875,871.7661743164062
149,2.0,6.0,672.6461181640625,618.5005493164062,1065.076416015625,879.8214111328125
150,2.0,6.0,681.2081909179688,616.8793334960938,1093.2501220703125,889.6892700195312
151,2.0,6.0,691.4227294921875,614.3856811523438,1122.0291748046875,897.5687866210938
152,2.0,6.0,701.5637817382812,610.6220092773438,1153.45703125,905.6500244140625
153,2.0,6.0,711.3779907226562,604.6099243164062,1188.35595703125,915.1320190429688
154,2.0,6.0,722.0503540039062,599.2718505859375,1225.4339599609375,926.1453857421875
155,2.0,6.0,735.8372192382812,595.858642578125,1267.1038818359375,938.2640991210938
156,2.0,6.0,749.1455078125,592.21484375,1313.0269775390625,951.0828247070312
157,2.0,6.0,762.87158203125,588.9649047851562,1362.5035400390625,964.9140625
158,2.0,6.0,780.060791015625,583.1304931640625,1420.8134765625,980.7860717773438
159,2.0,6.0,796.0386962890625,576.9857788085938,1482.765869140625,996.7682495117188
160,2.0,6.0,813.688232421875,568.5104370117188,1555.173095703125,1017.068359375
161,2.0,6.0,834.95166015625,560.9699096679688,1631.5516357421875,1037.45849609375
162,2.0,6.0,855.7891235351562,551.6058959960938,1733.413818359375,1061.2845458984375
163,2.0,6.0,878.9769287109375,543.6669311523438,1835.9637451171875,1074.394775390625
164,2.0,6.0,906.9905395507812,534.9984741210938,1903.606201171875,1079.496826171875
165,2.0,6.0,940.1525268554688,523.129638671875,1920.0,1079.457763671875
166,2.0,6.0,975.0947265625,510.25714111328125,1920.0,1080.0
167,2.0,6.0,1012.6573486328125,495.1122131347656,1920.0,1080.0
168,2.0,6.0,1052.935546875,477.5667724609375,1920.0,1080.0
169,2.0,6.0,1106.8297119140625,456.2668762207031,1920.0,1078.6884765625
170,2.0,6.0,1165.8450927734375,432.07568359375,1920.0,1075.708251953125
171,2.0,6.0,1231.8238525390625,400.9892883300781,1920.0,1075.630615234375
172,2.0,6.0,1309.1527099609375,378.8448181152344,1920.0,1074.6531982421875
173,2.0,6.0,1404.751220703125,371.0408630371094,1920.0,1074.6236572265625
174,2.0,6.0,1516.226318359375,381.5000915527344,1920.0,1075.2894287109375
175,2.0,6.0,1653.322021484375,406.7420654296875,1920.0,1075.186279296875
