2,2.0,89.0,358.3115234375,537.7949829101562,406.9355773925781,573.41455078125
3,2.0,89.0,358.8912658691406,536.9451293945312,408.1669006347656,573.2628784179688
4,2.0,89.0,359.9217529296875,535.6737670898438,410.2601318359375,573.7002563476562
5,2.0,89.0,360.30938720703125,534.6038818359375,410.9195861816406,574.09521484375
6,2.0,89.0,360.58953857421875,534.3905029296875,410.8158874511719,575.030517578125
7,2.0,89.0,361.2115478515625,533.81787109375,411.0296630859375,575.7619018554688
8,2.0,89.0,362.20062255859375,533.5208740234375,411.7962951660156,575.3930053710938
9,2.0,89.0,362.2340087890625,533.988037109375,412.4520263671875,575.7555541992188
10,2.0,89.0,362.1649475097656,533.3012084960938,412.92266845703125,575.7747802734375
11,2.0,89.0,361.6192626953125,533.3693237304688,412.5371398925781,576.3992309570312
12,2.0,89.0,361.47772216796875,533.7199096679688,412.57940673828125,576.5166625976562
13,2.0,89.0,361.49664306640625,533.0761108398438,414.0593566894531,575.5689086914062
14,2.0,89.0,361.98040771484375,533.1900634765625,413.8495788574219,575.9819946289062
15,2.0,89.0,362.3847351074219,533.158935546875,413.2396545410156,576.3316040039062
16,2.0,89.0,362.84112548828125,533.1918334960938,414.7877502441406,576.7182006835938
17,2.0,89.0,363.19842529296875,533.3590698242188,415.6356201171875,577.0211181640625
18,2.0,89.0,363.7023620605469,533.6162719726562,415.57427978515625,576.6261596679688
19,2.0,89.0,363.73431396484375,533.4634399414062,414.8928527832031,576.8037719726562
20,2.0,89.0,363.0408630371094,532.7344970703125,416.6689147949219,577.0458984375
21,2.0,89.0,362.740478515625,532.29736328125,417.34661865234375,577.7896728515625
22,2.0,89.0,362.7769775390625,531.80615234375,417.84271240234375,578.2984008789062
23,2.0,89.0,362.7117004394531,531.7262573242188,418.35504150390625,578.5059814453125
24,2.0,89.0,362.9452209472656,531.6455688476562,418.8407287597656,578.70263671875
25,2.0,89.0,363.0863037109375,531.6458129882812,420.0216369628906,578.7579956054688
26,2.0,89.0,363.43560791015625,532.0186157226562,420.89215087890625,578.986572265625
27,2.0,89.0,363.6202697753906,532.4186401367188,421.82855224609375,579.2462768554688
28,2.0,89.0,363.9991760253906,532.6624755859375,421.48773193359375,579.3001098632812
29,2.0,89.0,364.294677734375,532.545166015625,421.8614807128906,578.9974975585938
30,2.0,89.0,364.661865234375,532.83056640625,422.675537109375,579.031005859375
31,2.0,89.0,364.4281005859375,531.8011474609375,424.7335205078125,578.8493041992188
32,2.0,89.0,363.9150695800781,531.4337158203125,427.0095520019531,579.6958618164062
33,2.0,89.0,363.1697082519531,529.8148803710938,430.09918212890625,580.8181762695312
34,2.0,89.0,362.960205078125,528.533935546875,431.4006652832031,581.3935546875
35,2.0,89.0,363.1072082519531,528.6936645507812,431.8516845703125,581.0831909179688
36,2.0,89.0,363.8616943359375,528.1417846679688,432.0137634277344,581.0620727539062
37,2.0,89.0,364.541748046875,528.35986328125,433.3763122558594,581.54248046875
38,2.0,89.0,365.2287292480469,528.64599609375,434.25335693359375,582.06298828125
39,2.0,89.0,365.31842041015625,528.5149536132812,434.25579833984375,582.0311889648438
40,2.0,89.0,364.6507873535156,528.897705078125,434.6784362792969,582.4337158203125
41,2.0,89.0,365.9130859375,529.1135864257812,436.7501220703125,583.1871337890625
42,2.0,89.0,366.5677795410156,529.0090942382812,437.942626953125,583.0989990234375
43,2.0,89.0,367.1161193847656,528.7636108398438,438.06939697265625,583.9063720703125
44,2.0,89.0,367.0874938964844,527.9984741210938,438.41485595703125,584.3692626953125
45,2.0,89.0,366.92974853515625,528.307373046875,438.9801940917969,584.6420288085938
46,2.0,89.0,366.4034423828125,528.2379150390625,440.4828796386719,585.281982421875
47,2.0,89.0,367.0982666015625,530.4205932617188,439.679443359375,586.1514282226562
48,2.0,89.0,366.2572326660156,529.6821899414062,441.49981689453125,586.190673828125
49,2.0,89.0,367.0168762207031,530.6436767578125,442.11334228515625,586.7782592773438
50,2.0,89.0,367.01654052734375,529.5775756835938,443.4481201171875,587.4111938476562
52,2.0,89.0,368.8036193847656,529.8364868164062,444.5452880859375,588.1255493164062
53,2.0,89.0,369.43841552734375,529.6483154296875,445.6607360839844,587.9075927734375
54,2.0,89.0,369.9842529296875,529.4847412109375,445.07843017578125,588.40771484375
55,2.0,89.0,369.9205017089844,530.0364379882812,446.73907470703125,589.2066040039062
60,2.0,89.0,369.4701232910156,528.2823486328125,453.5462951660156,592.8177490234375
61,2.0,89.0,370.5509338378906,527.5702514648438,455.84185791015625,592.6026000976562
62,2.0,89.0,370.9042663574219,527.4495849609375,457.6109619140625,592.8439331054688
63,2.0,89.0,370.3515319824219,527.2758178710938,459.6777038574219,593.6548461914062
64,2.0,89.0,371.0554504394531,527.1202392578125,461.47100830078125,594.1079711914062
65,2.0,89.0,372.46209716796875,527.3521118164062,462.7893371582031,595.1145629882812
66,2.0,89.0,373.0572204589844,527.2003784179688,463.65777587890625,596.2188720703125
67,2.0,89.0,373.3564147949219,527.3004150390625,466.1698913574219,597.3578491210938
69,2.0,89.0,374.29974365234375,527.7402954101562,470.1814880371094,597.9081420898438
70,2.0,89.0,376.4194030761719,527.9511108398438,471.81256103515625,597.4115600585938
71,2.0,89.0,378.4464111328125,527.9779052734375,474.11932373046875,596.9507446289062
72,2.0,89.0,379.85003662109375,527.9497680664062,475.4072265625,597.3145141601562
73,2.0,89.0,381.2572326660156,527.5922241210938,477.2311706542969,598.55615234375
74,2.0,89.0,382.55401611328125,527.5003662109375,479.0071105957031,599.8776245117188
75,2.0,89.0,381.4010925292969,527.8803100585938,481.0571594238281,600.8136596679688
76,2.0,89.0,380.3202819824219,527.6536254882812,482.806396484375,601.02197265625
78,2.0,89.0,380.89202880859375,526.8736572265625,486.3949890136719,603.1455078125
79,2.0,89.0,381.70489501953125,526.3054809570312,489.2516174316406,603.542236328125
80,2.0,89.0,382.55145263671875,525.442626953125,491.1709289550781,604.260009765625
81,2.0,89.0,383.2720642089844,525.0460205078125,492.3942565917969,605.5901489257812
82,2.0,89.0,383.6906433105469,524.2684936523438,493.9491882324219,606.7735595703125
84,2.0,89.0,385.03857421875,523.740966796875,497.99505615234375,608.5958251953125
86,2.0,89.0,386.5105895996094,523.79345703125,505.18035888671875,609.8477783203125
87,2.0,89.0,386.0897521972656,524.1502075195312,509.7283935546875,610.8848876953125
88,2.0,89.0,387.921630859375,523.5079345703125,513.2178955078125,611.2388916015625
89,2.0,89.0,390.1424255371094,523.1322021484375,516.4342651367188,611.3656005859375
90,2.0,89.0,393.0541076660156,522.8536376953125,518.790771484375,612.3700561523438
91,2.0,89.0,395.5663146972656,522.3614501953125,521.2550659179688,614.0167236328125
92,2.0,89.0,399.18939208984375,521.8069458007812,523.4920654296875,615.4878540039062
93,2.0,89.0,399.3277893066406,521.2061767578125,528.5810546875,617.8106079101562
94,2.0,89.0,399.0146179199219,521.5293579101562,531.4302368164062,618.3548583984375
95,2.0,89.0,400.2922668457031,521.2523803710938,533.9989013671875,619.274169921875
96,2.0,89.0,404.7672424316406,521.07080078125,538.0930786132812,620.1597290039062
97,2.0,89.0,405.3985900878906,520.3352661132812,541.54345703125,621.244384765625
98,2.0,89.0,406.7861633300781,519.7454223632812,544.88037109375,621.6744384765625
99,2.0,89.0,407.8851318359375,519.7584228515625,550.4114379882812,623.7239379882812
100,2.0,89.0,407.8713073730469,519.3401489257812,553.4414672851562,625.86572265625
101,2.0,89.0,409.2374267578125,519.2322387695312,558.2161865234375,626.6467895507812
102,2.0,89.0,407.6528015136719,518.6913452148438,563.6649780273438,629.8712158203125
103,2.0,89.0,407.98199462890625,518.25732421875,569.8932495117188,631.6626586914062
104,2.0,89.0,408.6823425292969,517.2117919921875,573.4954223632812,633.2073974609375
105,2.0,89.0,412.0620422363281,516.3458251953125,575.1604614257812,634.3247680664062
106,2.0,89.0,415.00213623046875,515.5706176757812,580.3881225585938,636.1740112304688
107,2.0,89.0,416.3480224609375,515.9715576171875,587.5112915039062,637.1485595703125
108,2.0,89.0,416.88427734375,502.38232421875,593.8955688476562,639.9172973632812
109,2.0,89.0,417.95892333984375,507.1487731933594,599.076904296875,641.559326171875
110,2.0,89.0,418.5392150878906,512.1695556640625,605.9305419921875,645.3280639648438
111,2.0,89.0,418.7693786621094,509.4595031738281,613.3499145507812,647.458984375
112,2.0,89.0,419.6876525878906,506.89947509765625,619.4232177734375,649.4301147460938
113,2.0,89.0,420.3681640625,500.2160339355469,625.0332641601562,651.9550170898438
115,2.0,89.0,424.3984069824219,505.30242919921875,639.705078125,657.702392578125
116,2.0,89.0,427.8294677734375,506.9305725097656,647.3018188476562,660.9861450195312
118,2.0,89.0,431.864501953125,505.1856689453125,665.7201538085938,667.185791015625
119,2.0,89.0,435.3463439941406,505.8822326660156,674.0255737304688,669.6682739257812
120,2.0,89.0,438.7222595214844,505.23504638671875,684.1629638671875,674.2755126953125
121,2.0,89.0,442.65875244140625,504.53778076171875,695.2982788085938,678.0057983398438
122,2.0,89.0,448.174072265625,502.40167236328125,705.8533325195312,681.154052734375
123,2.0,89.0,452.00042724609375,502.58404541015625,717.807861328125,684.6466064453125
124,2.0,89.0,455.56231689453125,502.88739013671875,729.984619140625,689.909423828125
125,2.0,89.0,459.5895690917969,501.11151123046875,744.7278442382812,694.1680297851562
126,2.0,89.0,462.5974426269531,500.2566223144531,757.5377197265625,699.5358276367188
127,2.0,89.0,467.0000305175781,498.78009033203125,772.64404296875,703.306640625
128,2.0,89.0,471.09906005859375,497.4184265136719,790.894287109375,709.5177001953125
129,2.0,89.0,476.5035705566406,496.495849609375,809.2088012695312,717.2688598632812
130,2.0,89.0,479.9088134765625,493.5089111328125,826.9996948242188,722.625244140625
131,2.0,89.0,482.9875183105469,490.3277587890625,848.0122680664062,728.10009765625
132,2.0,89.0,490.1280822753906,487.4588317871094,870.194091796875,734.104248046875
133,2.0,89.0,497.6837158203125,485.8293151855469,894.9471435546875,741.7915649414062
134,2.0,89.0,503.4381408691406,485.2292785644531,921.7634887695312,748.7950439453125
135,2.0,89.0,508.8554382324219,483.384033203125,950.5075073242188,762.0639038085938
136,2.0,89.0,515.2864990234375,481.77899169921875,982.5999145507812,774.920654296875
137,2.0,89.0,523.7019653320312,479.7120361328125,1017.7832641601562,783.5807495117188
138,2.0,89.0,531.3848266601562,476.3737487792969,1057.2662353515625,797.2346801757812
139,2.0,89.0,539.51416015625,472.1869201660156,1100.162109375,812.9059448242188
140,2.0,89.0,549.662109375,469.2138366699219,1149.179931640625,832.9585571289062
141,2.0,89.0,560.45703125,465.38128662109375,1204.175537109375,855.6047973632812
142,2.0,89.0,572.572509765625,461.30938720703125,1265.9981689453125,880.8560791015625
143,2.0,89.0,585.5673217773438,456.7446594238281,1336.0311279296875,904.47021484375
144,2.0,89.0,597.3696899414062,449.4138488769531,1417.49853515625,932.9924926757812
145,2.0,89.0,614.0751342773438,445.2393493652344,1510.174072265625,968.9129028320312
146,2.0,89.0,630.2708740234375,440.1038818359375,1620.7381591796875,1014.8925170898438
147,2.0,89.0,650.9010620117188,434.7748107910156,1738.1351318359375,1050.0135498046875
148,2.0,89.0,674.7587890625,422.5530700683594,1867.532958984375,1069.603515625
149,2.0,89.0,700.470947265625,414.49932861328125,1919.6046142578125,1076.9256591796875
150,2.0,89.0,720.2708129882812,401.78839111328125,1920.0,1080.0
151,2.0,89.0,757.0386352539062,390.3813781738281,1920.0,1080.0
152,2.0,89.0,797.674072265625,376.3435974121094,1920.0,1078.4876708984375
153,2.0,89.0,844.8424072265625,358.302490234375,1920.0,1075.50048828125
154,2.0,89.0,898.13232421875,334.6548156738281,1920.0,1075.410400390625
155,2.0,89.0,965.5564575195312,304.9121398925781,1920.0,1075.04931640625
156,2.0,89.0,1042.742919921875,265.9278564453125,1920.0,1074.63623046875
157,2.0,89.0,1146.4859619140625,253.29949951171875,1920.0,1074.716064453125
158,2.0,89.0,1277.478759765625,272.1407165527344,1920.0,1073.931884765625
159,2.0,89.0,1452.568359375,348.4638671875,1920.0,1074.668212890625
