8,2.0,83.0,267.49456787109375,475.9999084472656,333.7581481933594,522.2706298828125
9,2.0,83.0,268.00799560546875,475.68817138671875,334.8350524902344,522.6499633789062
10,2.0,83.0,269.5175476074219,477.51312255859375,335.40789794921875,523.2260131835938
11,2.0,83.0,270.11859130859375,474.81158447265625,337.7922058105469,523.4275512695312
12,2.0,83.0,270.4574890136719,473.46234130859375,338.7641906738281,524.3530883789062
13,2.0,83.0,270.4690856933594,473.47222900390625,338.56085205078125,525.3196411132812
14,2.0,83.0,270.3045654296875,473.20721435546875,339.1204528808594,525.74169921875
15,2.0,83.0,270.8843078613281,472.59765625,339.8503112792969,525.6278076171875
16,2.0,83.0,271.1101379394531,472.078369140625,340.61602783203125,525.9533081054688
17,2.0,83.0,272.11688232421875,471.8470153808594,342.1401672363281,525.5635986328125
18,2.0,83.0,272.8150634765625,471.8202819824219,342.2135009765625,525.1791381835938
19,2.0,83.0,273.6988220214844,471.6078796386719,342.75872802734375,524.5330200195312
20,2.0,83.0,274.5396423339844,471.69891357421875,344.50811767578125,525.030517578125
21,2.0,83.0,274.3408203125,471.6896667480469,345.5139465332031,526.1069946289062
22,2.0,83.0,274.0244140625,471.86956787109375,346.50604248046875,527.229248046875
23,2.0,83.0,274.96282958984375,472.026123046875,347.5394592285156,527.2423095703125
24,2.0,83.0,275.04132080078125,471.5650634765625,348.05230712890625,526.9326782226562
25,2.0,83.0,275.5903015136719,471.8412780761719,348.9782409667969,527.2611083984375
26,2.0,83.0,275.9521179199219,471.9691162109375,350.4043273925781,527.7894897460938
27,2.0,83.0,275.1702575683594,471.457763671875,350.9569091796875,527.7188720703125
28,2.0,83.0,275.47125244140625,471.33709716796875,353.1035461425781,528.2149047851562
29,2.0,83.0,275.7611999511719,471.38787841796875,353.633056640625,528.7249145507812
30,2.0,83.0,276.09234619140625,471.232421875,354.1857604980469,528.843994140625
31,2.0,83.0,276.38275146484375,471.2750549316406,354.85211181640625,528.9705810546875
32,2.0,83.0,276.4077453613281,470.5519104003906,356.4266357421875,529.3614501953125
33,2.0,83.0,277.1035461425781,471.64471435546875,356.5955810546875,529.7191162109375
34,2.0,83.0,278.11932373046875,472.39501953125,358.4637451171875,531.4111328125
35,2.0,83.0,279.2319641113281,472.31536865234375,360.9335632324219,531.8668212890625
36,2.0,83.0,278.7908935546875,471.3017883300781,361.42926025390625,531.5723876953125
37,2.0,83.0,279.3279113769531,471.6229553222656,363.50177001953125,531.4678344726562
38,2.0,83.0,280.7181091308594,471.81707763671875,363.75921630859375,531.5057983398438
39,2.0,83.0,281.2655334472656,471.7660827636719,365.4989013671875,531.6829833984375
40,2.0,83.0,282.2054138183594,471.7432861328125,365.9610290527344,532.022216796875
41,2.0,83.0,282.5913391113281,471.16131591796875,367.0425720214844,532.9119873046875
42,2.0,83.0,283.2522888183594,470.9830017089844,368.9807434082031,533.2136840820312
43,2.0,83.0,284.41131591796875,470.88006591796875,369.67987060546875,534.6686401367188
44,2.0,83.0,285.2842712402344,471.00201416015625,371.8488464355469,536.0905151367188
45,2.0,83.0,284.779296875,471.05718994140625,372.8040466308594,536.3311767578125
46,2.0,83.0,285.7178039550781,470.94696044921875,374.09552001953125,536.3292846679688
47,2.0,83.0,286.4974060058594,470.22265625,375.1905517578125,536.4842529296875
48,2.0,83.0,287.1687927246094,470.34552001953125,376.10076904296875,536.779052734375
49,2.0,83.0,287.8594055175781,470.55609130859375,376.5732116699219,536.8338623046875
50,2.0,83.0,288.1701965332031,470.2220764160156,378.7900085449219,537.40185546875
51,2.0,83.0,288.9403381347656,470.0156555175781,381.3159484863281,538.077880859375
52,2.0,83.0,290.7826843261719,468.65966796875,383.9421081542969,537.9434814453125
53,2.0,83.0,290.314208984375,469.5617370605469,386.8226013183594,538.651611328125
54,2.0,83.0,289.60430908203125,469.68756103515625,389.11126708984375,539.3021240234375
55,2.0,83.0,289.9725036621094,469.3608093261719,390.8503112792969,539.8587036132812
56,2.0,83.0,290.654541015625,468.7753601074219,393.51434326171875,540.3258666992188
57,2.0,83.0,291.5726623535156,468.3536682128906,394.96490478515625,540.2135620117188
58,2.0,83.0,291.66802978515625,468.78369140625,395.9117431640625,541.5889282226562
59,2.0,83.0,292.72857666015625,469.1011962890625,396.51605224609375,542.7437744140625
60,2.0,83.0,294.01043701171875,468.60699462890625,396.8576965332031,543.9218139648438
61,2.0,83.0,294.5984191894531,468.1245422363281,397.90301513671875,544.2091064453125
62,2.0,83.0,294.8109436035156,467.5190124511719,398.72540283203125,544.7821655273438
63,2.0,83.0,296.0915832519531,467.6058044433594,401.57427978515625,544.9554443359375
64,2.0,83.0,297.0673522949219,467.8014831542969,403.03021240234375,544.96484375
65,2.0,83.0,298.9788513183594,467.82122802734375,406.12451171875,545.4078369140625
66,2.0,83.0,299.7819519042969,467.8861083984375,406.7821044921875,545.4915771484375
67,2.0,83.0,301.2529296875,467.77166748046875,408.247314453125,545.3910522460938
68,2.0,83.0,302.3905029296875,466.9851379394531,410.9298095703125,547.4459228515625
69,2.0,83.0,302.2713623046875,465.651611328125,411.37127685546875,548.260986328125
70,2.0,83.0,304.24749755859375,465.503662109375,414.4042053222656,548.2783203125
71,2.0,83.0,304.7409973144531,465.6378173828125,418.9959716796875,548.0969848632812
72,2.0,83.0,305.30078125,465.1862487792969,421.54534912109375,548.80029296875
73,2.0,83.0,307.7853088378906,465.3780517578125,423.0184020996094,549.183349609375
74,2.0,83.0,307.47467041015625,464.8882141113281,425.7314453125,550.0070190429688
75,2.0,83.0,309.1825256347656,465.05426025390625,428.7084045410156,550.1472778320312
76,2.0,83.0,312.565673828125,464.2620544433594,431.75927734375,550.60107421875
77,2.0,83.0,311.720458984375,464.1001281738281,433.8617858886719,551.1824340820312
78,2.0,83.0,312.203125,463.1409912109375,436.8157653808594,551.7673950195312
79,2.0,83.0,313.2469177246094,463.15570068359375,439.941650390625,552.6012573242188
80,2.0,83.0,314.418701171875,462.8292236328125,441.6760559082031,553.0904541015625
81,2.0,83.0,313.2760009765625,462.418701171875,444.8004455566406,553.117431640625
82,2.0,83.0,314.8419494628906,461.40081787109375,447.7986145019531,554.7383422851562
83,2.0,83.0,315.89764404296875,460.70440673828125,451.7384033203125,555.2161254882812
84,2.0,83.0,320.50994873046875,460.3006896972656,452.5914001464844,555.907470703125
86,2.0,83.0,324.0343017578125,459.8432922363281,458.1939392089844,557.784423828125
87,2.0,83.0,324.4024353027344,459.542236328125,461.2918701171875,558.1497802734375
88,2.0,83.0,325.8591003417969,458.7391052246094,467.38116455078125,558.7636108398438
89,2.0,83.0,325.3875732421875,458.3787536621094,472.4422912597656,559.9782104492188
90,2.0,83.0,326.5770263671875,458.4070739746094,475.2154541015625,560.8722534179688
91,2.0,83.0,332.276611328125,457.8952941894531,478.5008850097656,561.062255859375
92,2.0,83.0,333.8695068359375,456.2887268066406,481.1991271972656,561.3626708984375
93,2.0,83.0,333.841064453125,455.85882568359375,485.36029052734375,561.972900390625
94,2.0,83.0,332.6033020019531,455.7914733886719,489.8874206542969,562.4647827148438
95,2.0,83.0,333.2674560546875,453.8041687011719,493.71954345703125,562.7420654296875
96,2.0,83.0,334.4952392578125,452.27386474609375,499.18499755859375,563.7738647460938
97,2.0,83.0,336.0771484375,446.1882629394531,502.040283203125,566.145263671875
98,2.0,83.0,338.3719482421875,450.8703918457031,507.0456848144531,567.9149169921875
99,2.0,83.0,341.5094909667969,453.17633056640625,511.6505126953125,570.6143798828125
100,2.0,83.0,342.2677001953125,453.7405090332031,515.634033203125,571.9689331054688
101,2.0,83.0,343.8599548339844,451.68798828125,520.4677124023438,573.4259033203125
102,2.0,83.0,348.099853515625,453.01416015625,525.5183715820312,573.562744140625
103,2.0,83.0,350.5882263183594,452.73382568359375,530.5421752929688,575.1959838867188
104,2.0,83.0,351.2520446777344,451.3666076660156,535.3258666992188,575.4110717773438
105,2.0,83.0,354.6166687011719,450.8625793457031,537.2710571289062,576.8803100585938
106,2.0,83.0,355.9286193847656,450.193603515625,544.5762939453125,580.4878540039062
107,2.0,83.0,357.42926025390625,449.6781005859375,550.1843872070312,582.6817626953125
108,2.0,83.0,359.4754943847656,450.1275939941406,555.7357177734375,582.9417724609375
109,2.0,83.0,362.8021545410156,449.6265563964844,562.6775512695312,585.5188598632812
110,2.0,83.0,365.564697265625,449.1985168457031,569.7410278320312,588.1487426757812
111,2.0,83.0,367.28271484375,449.1790466308594,575.0450439453125,589.7797241210938
112,2.0,83.0,370.2919006347656,447.6737365722656,582.7710571289062,591.2359619140625
113,2.0,83.0,371.44464111328125,446.8182678222656,588.860107421875,591.3513793945312
114,2.0,83.0,373.6227722167969,446.4259948730469,596.6547241210938,594.13720703125
115,2.0,83.0,376.49969482421875,445.80499267578125,603.594970703125,596.238525390625
116,2.0,83.0,379.6094665527344,444.943603515625,611.5999755859375,599.2760009765625
117,2.0,83.0,382.2154846191406,442.6176452636719,620.7188720703125,602.026123046875
118,2.0,83.0,384.8788146972656,441.52337646484375,628.3270263671875,604.2533569335938
119,2.0,83.0,388.25177001953125,440.5970764160156,636.6400146484375,606.3428344726562
122,2.0,83.0,400.34613037109375,438.0436706542969,664.8486328125,615.085693359375
123,2.0,83.0,404.2525329589844,437.03509521484375,675.025634765625,616.1832885742188
124,2.0,83.0,407.5713195800781,434.8708801269531,686.5183715820312,617.8961791992188
125,2.0,83.0,410.3383483886719,434.069091796875,697.0711059570312,621.9517211914062
126,2.0,83.0,413.767578125,433.3013000488281,708.9449462890625,624.8253784179688
127,2.0,83.0,417.57501220703125,431.74871826171875,722.217529296875,629.5169677734375
128,2.0,83.0,423.2552490234375,430.46417236328125,735.2474975585938,633.3018798828125
129,2.0,83.0,428.5749816894531,427.1482849121094,746.9906005859375,637.407470703125
130,2.0,83.0,432.8891296386719,425.2358093261719,761.6627807617188,641.4820556640625
131,2.0,83.0,435.4398498535156,423.44964599609375,777.9884033203125,646.2798461914062
132,2.0,83.0,440.43359375,424.16265869140625,795.1795043945312,648.481201171875
133,2.0,83.0,445.7746276855469,424.2261962890625,812.696044921875,650.6115112304688
134,2.0,83.0,452.3571472167969,422.5269775390625,831.5303344726562,657.4603881835938
135,2.0,83.0,458.56732177734375,421.50067138671875,850.30517578125,661.0051879882812
136,2.0,83.0,464.015625,419.2606506347656,872.5414428710938,668.184326171875
137,2.0,83.0,468.53387451171875,417.227294921875,895.1848754882812,677.5088500976562
138,2.0,83.0,476.0078430175781,417.0820007324219,919.3693237304688,682.5444946289062
139,2.0,83.0,481.9210205078125,415.0592346191406,945.4912109375,688.1441040039062
140,2.0,83.0,488.0662841796875,413.28155517578125,971.284423828125,696.8677368164062
141,2.0,83.0,497.60931396484375,411.6893005371094,1000.7373046875,708.2925415039062
142,2.0,83.0,505.32830810546875,409.31951904296875,1033.9818115234375,719.0474243164062
143,2.0,83.0,513.6061401367188,406.6670227050781,1068.08349609375,728.3577880859375
144,2.0,83.0,524.807373046875,401.3187255859375,1106.3388671875,738.1763916015625
145,2.0,83.0,535.3634643554688,397.914794921875,1147.5714111328125,750.1310424804688
146,2.0,83.0,546.4763793945312,394.50433349609375,1191.89794921875,766.4104614257812
147,2.0,83.0,557.2826538085938,391.1108703613281,1241.3978271484375,782.1256103515625
148,2.0,83.0,569.2570190429688,387.689453125,1296.737548828125,800.3050537109375
149,2.0,83.0,582.8836059570312,383.9221496582031,1361.2965087890625,815.1181030273438
150,2.0,83.0,597.698486328125,377.8567199707031,1430.698486328125,836.5061645507812
151,2.0,83.0,613.267822265625,371.4059143066406,1505.8944091796875,859.6268310546875
152,2.0,83.0,629.2723388671875,365.76568603515625,1588.0545654296875,886.2813720703125
153,2.0,83.0,648.0232543945312,360.2451171875,1684.64111328125,915.41796875
154,2.0,83.0,668.5462036132812,352.6727600097656,1785.4927978515625,949.6987915039062
155,2.0,83.0,674.2277221679688,346.2084655761719,1886.5831298828125,990.3974609375
156,2.0,83.0,697.4285888671875,338.20098876953125,1920.0,1036.3922119140625
157,2.0,83.0,736.4058837890625,329.5922546386719,1920.0,1064.9376220703125
158,2.0,83.0,772.0997314453125,319.8703918457031,1920.0,1076.9632568359375
159,2.0,83.0,804.4837646484375,304.4332580566406,1920.0,1080.0
160,2.0,83.0,840.4063720703125,292.09619140625,1920.0,1079.868408203125
161,2.0,83.0,882.0321655273438,275.48736572265625,1920.0,1074.09619140625
162,2.0,83.0,930.856201171875,261.0620422363281,1920.0,1071.6422119140625
163,2.0,83.0,983.8193969726562,241.76385498046875,1920.0,1071.1763916015625
164,2.0,83.0,1045.0458984375,218.92193603515625,1920.0,1068.5782470703125
165,2.0,83.0,1122.6077880859375,195.01290893554688,1920.0,1072.4459228515625
166,2.0,83.0,1210.379638671875,188.38160705566406,1920.0,1073.3994140625
167,2.0,83.0,1314.197509765625,202.03672790527344,1920.0,1074.02734375
168,2.0,83.0,1442.5428466796875,252.40985107421875,1920.0,1074.9678955078125
169,2.0,83.0,1596.1324462890625,332.72454833984375,1920.0,1072.8741455078125
170,2.0,83.0,1790.6630859375,418.6991271972656,1920.0,1072.526123046875
