88,2.0,115.0,603.068603515625,468.7407531738281,657.8673706054688,511.04638671875
89,2.0,115.0,603.9423828125,469.6908874511719,658.8047485351562,511.4141845703125
90,2.0,115.0,605.3242797851562,470.6399841308594,660.3640747070312,512.5188598632812
91,2.0,115.0,605.9921875,470.5820617675781,663.8213500976562,512.5822143554688
92,2.0,115.0,606.5615844726562,470.2033996582031,665.5066528320312,512.7737426757812
93,2.0,115.0,607.7138061523438,469.4447326660156,667.5303344726562,512.6055908203125
94,2.0,115.0,609.0204467773438,469.31524658203125,670.2015380859375,514.0994873046875
95,2.0,115.0,612.4107055664062,472.0492248535156,672.3235473632812,514.155029296875
96,2.0,115.0,613.4464721679688,471.10333251953125,673.7780151367188,514.1509399414062
97,2.0,115.0,612.8007202148438,469.01806640625,674.8489990234375,514.4756469726562
98,2.0,115.0,613.2407836914062,467.7833557128906,676.8814086914062,516.3558349609375
99,2.0,115.0,614.0574951171875,467.4704895019531,677.8738403320312,517.39501953125
100,2.0,115.0,615.2020874023438,467.34014892578125,680.593505859375,518.6239624023438
101,2.0,115.0,615.8218994140625,467.260009765625,682.8200073242188,519.1204223632812
103,2.0,115.0,617.768310546875,466.48748779296875,686.7655029296875,520.88037109375
106,2.0,115.0,621.60498046875,465.2995910644531,696.348876953125,522.8775024414062
107,2.0,115.0,623.70703125,465.4032897949219,699.8552856445312,523.5270385742188
108,2.0,115.0,625.6835327148438,465.1346435546875,701.8501586914062,523.2366333007812
109,2.0,115.0,626.6639404296875,464.80328369140625,704.53369140625,523.2548217773438
110,2.0,115.0,627.0059204101562,464.8215637207031,708.2058715820312,524.611572265625
111,2.0,115.0,628.2083740234375,465.2997131347656,709.6412353515625,525.079345703125
112,2.0,115.0,629.5603637695312,464.8852233886719,712.5145263671875,527.259765625
113,2.0,115.0,631.677734375,465.3713684082031,717.3709106445312,528.664794921875
114,2.0,115.0,635.3782958984375,464.7257385253906,723.044921875,530.6817016601562
115,2.0,115.0,636.25927734375,463.7703552246094,727.907470703125,532.6466674804688
116,2.0,115.0,637.928466796875,463.9753112792969,731.5581665039062,533.6185302734375
117,2.0,115.0,639.373291015625,464.2139892578125,735.31494140625,535.6055908203125
118,2.0,115.0,641.94775390625,464.7458801269531,742.725830078125,536.4658813476562
119,2.0,115.0,645.7533569335938,462.9518737792969,748.4176635742188,537.1482543945312
120,2.0,115.0,646.4238891601562,461.3626708984375,755.0892333984375,538.7817993164062
121,2.0,115.0,648.8253173828125,460.76007080078125,759.5409545898438,540.654296875
122,2.0,115.0,652.9010620117188,460.50860595703125,766.2274780273438,543.24462890625
123,2.0,115.0,654.0471801757812,460.481689453125,771.2691040039062,545.9747924804688
124,2.0,115.0,655.3230590820312,460.5555114746094,778.548828125,548.8152465820312
125,2.0,115.0,658.8782348632812,457.9403381347656,785.9385986328125,550.2769775390625
126,2.0,115.0,661.9896240234375,457.7015380859375,792.7969360351562,550.953369140625
127,2.0,115.0,665.2337036132812,456.5718078613281,802.8546752929688,552.3821411132812
128,2.0,115.0,666.409423828125,455.0407409667969,811.2932739257812,556.6873168945312
129,2.0,115.0,670.9950561523438,455.20703125,819.9443969726562,559.3295288085938
130,2.0,115.0,673.819091796875,454.4839782714844,830.7276611328125,562.0879516601562
131,2.0,115.0,678.8471069335938,453.52435302734375,841.559814453125,565.4117431640625
132,2.0,115.0,684.1993408203125,452.95111083984375,855.4642944335938,569.0288696289062
133,2.0,115.0,690.1112060546875,450.8685302734375,867.5379638671875,572.6962890625
134,2.0,115.0,695.8270874023438,449.785400390625,881.3689575195312,574.74462890625
136,2.0,115.0,705.159912109375,446.67584228515625,915.0137939453125,585.6588134765625
137,2.0,115.0,710.357421875,444.421142578125,932.4550170898438,592.6722412109375
138,2.0,115.0,718.7083129882812,442.4432373046875,954.6484985351562,599.8153686523438
139,2.0,115.0,727.05517578125,440.6506652832031,977.000732421875,605.984375
140,2.0,115.0,736.7466430664062,436.41796875,1003.9970703125,613.9312133789062
141,2.0,115.0,746.7885131835938,434.2000427246094,1034.48388671875,623.3698120117188
142,2.0,115.0,758.1566162109375,431.3898620605469,1069.7064208984375,631.28564453125
143,2.0,115.0,770.126220703125,429.46282958984375,1109.7156982421875,640.1873168945312
144,2.0,115.0,784.12060546875,427.2799377441406,1155.0684814453125,652.915283203125
145,2.0,115.0,798.912841796875,425.10565185546875,1211.2403564453125,668.4193115234375
146,2.0,115.0,818.5232543945312,420.29443359375,1276.5098876953125,689.2552490234375
147,2.0,115.0,839.3580322265625,413.0480651855469,1357.92041015625,715.8941650390625
148,2.0,115.0,863.751220703125,405.6487121582031,1457.7591552734375,744.4402465820312
149,2.0,115.0,893.8717651367188,398.0996398925781,1584.23291015625,784.9618530273438
150,2.0,115.0,930.019775390625,388.2444152832031,1748.85693359375,835.838623046875
151,2.0,115.0,975.5006713867188,374.9635314941406,1866.4561767578125,906.628173828125
152,2.0,115.0,1030.2276611328125,357.8891906738281,1916.543701171875,1006.6705932617188
153,2.0,115.0,1106.81298828125,336.3834533691406,1920.0,1053.0711669921875
154,2.0,115.0,1209.813232421875,306.1599426269531,1920.0,1059.38525390625
155,2.0,115.0,1356.1693115234375,275.8239440917969,1920.0,1070.0208740234375
156,2.0,115.0,1584.4398193359375,334.0445861816406,1920.0,1077.5194091796875
