14,2.0,93.0,708.294189453125,414.4232482910156,747.55517578125,442.7817687988281
15,2.0,93.0,708.512939453125,414.02252197265625,748.2526245117188,442.9352722167969
16,2.0,93.0,708.4498901367188,414.2362976074219,748.099365234375,442.8701171875
17,2.0,93.0,708.9134521484375,413.52984619140625,748.59130859375,442.712890625
18,2.0,93.0,709.3989868164062,412.8137512207031,748.7100219726562,442.85406494140625
19,2.0,93.0,709.804443359375,412.61883544921875,749.4107666015625,442.94384765625
20,2.0,93.0,709.9387817382812,412.47674560546875,750.1475219726562,443.3260498046875
21,2.0,93.0,709.5411987304688,412.3399963378906,750.6649780273438,443.39697265625
22,2.0,93.0,710.0743408203125,412.1522216796875,750.7568359375,443.6368713378906
23,2.0,93.0,710.2664184570312,411.6465148925781,751.0884399414062,443.88116455078125
24,2.0,93.0,710.4818725585938,411.678466796875,751.4390869140625,443.6749572753906
25,2.0,93.0,710.630859375,411.77691650390625,751.81787109375,443.7652893066406
26,2.0,93.0,710.8844604492188,411.6658020019531,751.5956420898438,444.1377868652344
27,2.0,93.0,711.6055908203125,411.51434326171875,751.7826538085938,444.1336975097656
28,2.0,93.0,712.0607299804688,411.7403564453125,751.7669677734375,444.5810852050781
29,2.0,93.0,712.5635375976562,411.0822448730469,751.736572265625,444.4610595703125
30,2.0,93.0,713.021484375,411.0597839355469,751.7491455078125,444.7364501953125
31,2.0,93.0,713.2155151367188,411.9430847167969,752.1920776367188,444.7879333496094
32,2.0,93.0,713.0803833007812,411.9898986816406,753.0219116210938,444.9398193359375
33,2.0,93.0,712.909912109375,411.9791259765625,753.4138793945312,445.0176696777344
34,2.0,93.0,712.8905639648438,412.18853759765625,753.1025390625,445.2978210449219
35,2.0,93.0,713.0453491210938,412.3099060058594,754.4915771484375,445.6872253417969
36,2.0,93.0,712.9679565429688,412.3288879394531,754.9765625,445.3979187011719
37,2.0,93.0,713.2620239257812,412.2654724121094,756.1555786132812,445.41107177734375
38,2.0,93.0,713.7258911132812,412.1806945800781,756.1149291992188,445.33587646484375
39,2.0,93.0,714.2630004882812,412.4969482421875,756.3714599609375,445.33807373046875
40,2.0,93.0,714.7116088867188,412.43499755859375,758.2021484375,445.734375
41,2.0,93.0,715.0205688476562,412.4887390136719,758.2294311523438,445.5497131347656
42,2.0,93.0,715.462646484375,412.3741149902344,759.3209838867188,445.5669250488281
43,2.0,93.0,715.7349243164062,412.3242492675781,761.0664672851562,446.1655578613281
44,2.0,93.0,715.4006958007812,412.1968078613281,762.3133544921875,446.1351318359375
45,2.0,93.0,715.9078369140625,412.8446044921875,764.305419921875,446.8792724609375
46,2.0,93.0,716.9083251953125,412.85906982421875,764.760986328125,447.01837158203125
47,2.0,93.0,717.496826171875,412.96075439453125,764.6914672851562,447.1365051269531
48,2.0,93.0,718.0953979492188,413.4626770019531,765.9917602539062,447.70587158203125
49,2.0,93.0,718.6420288085938,413.02008056640625,767.8026123046875,448.2545471191406
50,2.0,93.0,718.6158447265625,413.26702880859375,769.5093383789062,448.9769592285156
51,2.0,93.0,718.5509643554688,412.9366455078125,770.5348510742188,449.1227111816406
52,2.0,93.0,718.6009521484375,412.8194580078125,770.8524169921875,449.4134521484375
53,2.0,93.0,719.05078125,412.7803649902344,771.759765625,450.3746337890625
54,2.0,93.0,719.86328125,412.9780578613281,772.8509521484375,450.77532958984375
55,2.0,93.0,720.3344116210938,413.22711181640625,773.2426147460938,450.44036865234375
56,2.0,93.0,720.6847534179688,413.5703125,773.0550537109375,450.5375061035156
57,2.0,93.0,721.317138671875,414.1087646484375,773.6903686523438,449.84197998046875
58,2.0,93.0,721.3270874023438,413.8525390625,774.4600830078125,449.9018859863281
59,2.0,93.0,721.447265625,412.9693908691406,774.9728393554688,450.1311950683594
60,2.0,93.0,721.9834594726562,412.47418212890625,775.04443359375,450.82452392578125
61,2.0,93.0,722.3984985351562,412.874267578125,775.849365234375,451.4715270996094
62,2.0,93.0,722.7728271484375,412.6944580078125,777.7578125,451.8197326660156
63,2.0,93.0,723.05517578125,412.4778137207031,778.2059326171875,452.3663330078125
64,2.0,93.0,723.0912475585938,412.47369384765625,778.2498168945312,452.9735412597656
65,2.0,93.0,723.4334716796875,412.7966003417969,780.0217895507812,452.8500671386719
66,2.0,93.0,723.7769775390625,413.9757995605469,781.1090698242188,452.3724670410156
67,2.0,93.0,723.9617919921875,413.9742126464844,782.0051879882812,452.4927062988281
68,2.0,93.0,724.3547973632812,414.07568359375,783.4345703125,453.1670227050781
69,2.0,93.0,724.5919189453125,414.0520935058594,784.4104614257812,453.4735412597656
70,2.0,93.0,724.7040405273438,413.4559326171875,785.4420166015625,454.4204406738281
71,2.0,93.0,725.1062622070312,413.37103271484375,786.33935546875,455.3128967285156
72,2.0,93.0,725.7451782226562,412.53118896484375,788.2498779296875,456.1982116699219
73,2.0,93.0,726.18017578125,411.7770080566406,789.3082885742188,456.88836669921875
74,2.0,93.0,726.0933837890625,410.8824768066406,790.6397705078125,456.99957275390625
75,2.0,93.0,726.3551635742188,410.6090087890625,791.95556640625,457.0232849121094
76,2.0,93.0,726.6179809570312,410.1790466308594,793.0570678710938,457.2059020996094
77,2.0,93.0,726.7396850585938,410.113037109375,794.9922485351562,457.1605529785156
78,2.0,93.0,727.6940307617188,410.1593017578125,796.3510131835938,456.8675537109375
79,2.0,93.0,727.7811279296875,409.2819519042969,797.90087890625,457.2640075683594
80,2.0,93.0,728.3441162109375,408.62091064453125,798.3058471679688,458.40997314453125
81,2.0,93.0,727.9481201171875,408.1265869140625,798.857421875,459.0071105957031
82,2.0,93.0,728.21533203125,407.7966613769531,799.2144165039062,459.6739196777344
83,2.0,93.0,729.122314453125,407.8851318359375,799.5897827148438,459.5229187011719
84,2.0,93.0,729.6132202148438,408.0722351074219,799.6036987304688,458.9479675292969
85,2.0,93.0,730.5143432617188,408.1697998046875,800.1246337890625,458.7086181640625
86,2.0,93.0,730.7456665039062,408.1034851074219,801.3095092773438,459.2443542480469
87,2.0,93.0,730.480224609375,407.74505615234375,803.0732421875,460.2996520996094
88,2.0,93.0,730.27783203125,407.6402893066406,805.1414794921875,461.0444641113281
89,2.0,93.0,730.5458374023438,407.5790710449219,806.3037719726562,462.65338134765625
90,2.0,93.0,731.6021728515625,407.9579772949219,807.5284423828125,464.2007751464844
91,2.0,93.0,731.7485961914062,408.0797424316406,808.8469848632812,464.7261962890625
92,2.0,93.0,732.7158203125,407.3637390136719,809.7671508789062,464.862060546875
93,2.0,93.0,733.3334350585938,407.1623229980469,810.6591796875,465.90771484375
94,2.0,93.0,733.8256225585938,407.3746337890625,813.0038452148438,465.9542236328125
95,2.0,93.0,734.360107421875,407.5431823730469,816.2731323242188,466.63446044921875
96,2.0,93.0,734.6309204101562,407.4568786621094,818.5361938476562,466.09869384765625
97,2.0,93.0,734.8698120117188,407.2530517578125,820.3003540039062,466.1162414550781
98,2.0,93.0,735.72265625,407.0541076660156,820.8378295898438,467.0856628417969
99,2.0,93.0,736.7888793945312,406.8968505859375,823.9585571289062,469.3880310058594
100,2.0,93.0,738.1802978515625,406.75537109375,825.1767578125,470.3045959472656
101,2.0,93.0,738.2122802734375,406.696533203125,826.7119750976562,471.2757263183594
102,2.0,93.0,738.9525146484375,406.12078857421875,828.5543823242188,471.07672119140625
103,2.0,93.0,739.6873168945312,405.5378112792969,829.1978759765625,472.55718994140625
104,2.0,93.0,741.2411499023438,404.7594909667969,831.2483520507812,473.9955749511719
105,2.0,93.0,741.5281982421875,404.72589111328125,832.4521484375,474.0189208984375
106,2.0,93.0,742.75390625,403.683349609375,832.567626953125,471.9862976074219
107,2.0,93.0,743.470947265625,403.2122802734375,833.7612915039062,472.875
108,2.0,93.0,743.6597290039062,404.1856994628906,836.3453369140625,475.2765808105469
109,2.0,93.0,744.431884765625,403.54119873046875,837.3197631835938,475.54888916015625
110,2.0,93.0,745.2146606445312,403.4608459472656,841.8992309570312,475.9930725097656
111,2.0,93.0,745.3848876953125,404.75933837890625,843.4732055664062,476.88385009765625
112,2.0,93.0,745.9686279296875,403.9053649902344,847.1620483398438,477.5037841796875
113,2.0,93.0,745.7747192382812,404.8974609375,847.8389282226562,478.5858154296875
114,2.0,93.0,746.7147827148438,405.0831604003906,851.0548706054688,479.7323303222656
115,2.0,93.0,748.6058959960938,405.2261962890625,853.5890502929688,480.3494873046875
116,2.0,93.0,748.733154296875,405.024658203125,856.2242431640625,481.4215087890625
117,2.0,93.0,748.9611206054688,404.8097839355469,858.704345703125,483.3387145996094
118,2.0,93.0,750.2565307617188,402.728759765625,861.9790649414062,483.9593811035156
119,2.0,93.0,750.9299926757812,401.9548645019531,865.0170288085938,485.3981018066406
120,2.0,93.0,752.0107421875,401.2680969238281,866.9093017578125,485.95953369140625
121,2.0,93.0,752.4987182617188,400.7543029785156,870.8222045898438,487.8095703125
122,2.0,93.0,755.1171264648438,399.68841552734375,874.6530151367188,488.651123046875
123,2.0,93.0,756.0182495117188,399.33245849609375,878.1387939453125,489.4073486328125
124,2.0,93.0,758.626220703125,399.925537109375,880.7696533203125,490.3437805175781
125,2.0,93.0,759.867919921875,400.19683837890625,885.0808715820312,491.01678466796875
126,2.0,93.0,762.657470703125,399.95587158203125,889.5714111328125,492.19940185546875
127,2.0,93.0,764.075927734375,399.4449768066406,892.9825439453125,493.07708740234375
128,2.0,93.0,767.3275756835938,398.900634765625,897.9755859375,493.8342590332031
129,2.0,93.0,768.3713989257812,398.37005615234375,901.7815551757812,495.6343078613281
130,2.0,93.0,769.07080078125,398.585693359375,903.900146484375,497.6858215332031
131,2.0,93.0,770.0096435546875,398.00946044921875,908.74365234375,499.50177001953125
132,2.0,93.0,770.3213500976562,397.1721496582031,913.649658203125,501.1535949707031
133,2.0,93.0,770.3955078125,396.38775634765625,918.6536254882812,502.20721435546875
134,2.0,93.0,771.2916259765625,395.6202697753906,924.66796875,505.1521301269531
135,2.0,93.0,777.2146606445312,395.1306457519531,930.344970703125,508.5644226074219
136,2.0,93.0,779.2430419921875,395.0467224121094,934.9607543945312,510.1268615722656
137,2.0,93.0,782.3617553710938,394.10906982421875,941.118896484375,512.435546875
138,2.0,93.0,784.910400390625,393.4270324707031,949.0311889648438,515.8926391601562
139,2.0,93.0,787.1318969726562,392.92791748046875,955.952392578125,517.9525146484375
140,2.0,93.0,791.3079833984375,392.287353515625,963.0152587890625,519.6969604492188
141,2.0,93.0,792.5027465820312,391.9449768066406,970.3055419921875,520.9840087890625
142,2.0,93.0,792.7765502929688,391.5123291015625,977.0347290039062,523.8470458984375
143,2.0,93.0,795.8941040039062,391.1755065917969,985.8365478515625,527.1451416015625
144,2.0,93.0,799.3782958984375,390.6302185058594,993.669677734375,530.0414428710938
145,2.0,93.0,800.1603393554688,389.7773132324219,1003.11181640625,534.2352294921875
146,2.0,93.0,801.3452758789062,388.8826599121094,1013.0819091796875,536.2355346679688
147,2.0,93.0,802.920654296875,386.8517761230469,1023.5277099609375,542.0263671875
148,2.0,93.0,806.2108764648438,384.841796875,1034.0899658203125,545.4537353515625
149,2.0,93.0,808.9356689453125,384.7691955566406,1046.7183837890625,547.3893432617188
150,2.0,93.0,813.5877685546875,384.6299743652344,1059.4150390625,550.8890380859375
151,2.0,93.0,818.570556640625,383.5623474121094,1072.1319580078125,556.9473876953125
152,2.0,93.0,821.5455932617188,382.45050048828125,1086.3848876953125,562.2625732421875
153,2.0,93.0,826.6204223632812,381.68206787109375,1102.20703125,567.1298217773438
154,2.0,93.0,831.8746337890625,379.7184143066406,1118.0076904296875,570.94970703125
155,2.0,93.0,838.1570434570312,378.2486572265625,1135.8868408203125,577.36083984375
156,2.0,93.0,842.727294921875,376.78472900390625,1156.2509765625,585.71044921875
157,2.0,93.0,849.8324584960938,375.3545837402344,1177.24169921875,590.2131958007812
158,2.0,93.0,855.2796020507812,373.8655700683594,1200.55712890625,599.4440307617188
159,2.0,93.0,860.3843383789062,372.43890380859375,1224.593994140625,608.6758422851562
160,2.0,93.0,866.8148193359375,370.923828125,1252.2518310546875,617.5988159179688
161,2.0,93.0,874.7734985351562,368.2784423828125,1282.2318115234375,625.7243041992188
162,2.0,93.0,883.6063232421875,366.2359313964844,1316.6043701171875,637.648681640625
163,2.0,93.0,892.8236083984375,362.6797790527344,1354.4095458984375,648.4326171875
164,2.0,93.0,901.5462036132812,360.1162109375,1397.28857421875,664.223876953125
165,2.0,93.0,912.2576293945312,354.9830017089844,1445.153564453125,683.3316650390625
166,2.0,93.0,923.4573364257812,351.48138427734375,1497.1871337890625,702.7425537109375
167,2.0,93.0,934.4299926757812,349.5695495605469,1559.77197265625,722.619140625
168,2.0,93.0,950.0506591796875,345.902099609375,1633.0240478515625,749.4268798828125
169,2.0,93.0,967.0401611328125,341.84161376953125,1716.04345703125,778.454833984375
170,2.0,93.0,984.4970703125,338.488037109375,1815.7054443359375,813.5030517578125
171,2.0,93.0,1005.0615844726562,333.00445556640625,1893.6181640625,856.32666015625
172,2.0,93.0,1028.125732421875,327.6425476074219,1920.0,913.392578125
173,2.0,93.0,1055.4483642578125,319.96551513671875,1920.0,981.9633178710938
174,2.0,93.0,1086.2025146484375,309.7493591308594,1920.0,1043.3375244140625
175,2.0,93.0,1125.4158935546875,298.5531921386719,1920.0,1069.9725341796875
176,2.0,93.0,1170.673095703125,285.1732482910156,1920.0,1077.779052734375
177,2.0,93.0,1219.64697265625,267.6607666015625,1920.0,1077.4263916015625
178,2.0,93.0,1280.44921875,252.11846923828125,1920.0,1077.0609130859375
179,2.0,93.0,1358.175537109375,234.91050720214844,1920.0,1076.0784912109375
180,2.0,93.0,1456.8045654296875,243.81190490722656,1920.0,1078.6072998046875
181,2.0,93.0,1584.921142578125,301.36395263671875,1920.0,1080.0
