58,2.0,96.0,374.9243469238281,389.97235107421875,429.8680725097656,440.0899963378906
59,2.0,96.0,375.44244384765625,390.66558837890625,430.799560546875,440.6719970703125
60,2.0,96.0,375.98980712890625,396.6936340332031,431.5439147949219,442.05078125
61,2.0,96.0,375.9509582519531,392.08941650390625,433.4222106933594,440.9892272949219
62,2.0,96.0,376.3999328613281,396.3592529296875,434.00299072265625,441.1405334472656
63,2.0,96.0,377.0768737792969,394.7066650390625,435.8012390136719,441.61175537109375
64,2.0,96.0,377.059814453125,391.19732666015625,436.240966796875,440.8721008300781
65,2.0,96.0,377.45977783203125,390.35162353515625,437.56298828125,441.0634460449219
66,2.0,96.0,378.73333740234375,391.32293701171875,439.63531494140625,442.4669189453125
67,2.0,96.0,379.3157043457031,391.6700439453125,441.4032897949219,443.1011962890625
68,2.0,96.0,379.4750061035156,391.1091003417969,441.4955139160156,443.739990234375
69,2.0,96.0,379.9860534667969,390.9443664550781,443.0711975097656,443.95660400390625
70,2.0,96.0,380.9851989746094,391.0530700683594,445.0029602050781,444.6108093261719
71,2.0,96.0,381.6392822265625,390.8602294921875,445.550048828125,444.9044494628906
72,2.0,96.0,382.2979431152344,390.9956359863281,447.9281921386719,446.16619873046875
73,2.0,96.0,382.1325378417969,392.22607421875,450.61102294921875,445.3602294921875
74,2.0,96.0,382.6072998046875,392.9073486328125,452.5703125,445.5467224121094
75,2.0,96.0,383.50341796875,393.2701416015625,455.1350402832031,445.3959045410156
76,2.0,96.0,383.9752502441406,393.3912048339844,457.0289001464844,445.7430114746094
77,2.0,96.0,384.5116271972656,393.7011413574219,458.7511291503906,446.0706787109375
78,2.0,96.0,384.5668029785156,394.001953125,458.77960205078125,446.4695739746094
79,2.0,96.0,385.0388488769531,393.69122314453125,460.07733154296875,447.8585510253906
80,2.0,96.0,385.8645935058594,393.6404113769531,460.9252624511719,448.7325134277344
81,2.0,96.0,386.651123046875,393.9045104980469,461.4261169433594,449.6019287109375
82,2.0,96.0,388.0940856933594,394.3601989746094,465.18115234375,449.9736633300781
83,2.0,96.0,388.0832824707031,394.03656005859375,467.912353515625,450.651123046875
84,2.0,96.0,389.6669616699219,394.20013427734375,469.91058349609375,450.9955749511719
85,2.0,96.0,391.14447021484375,393.71856689453125,470.39923095703125,450.5281677246094
86,2.0,96.0,391.8927917480469,394.06488037109375,472.79901123046875,451.5443115234375
87,2.0,96.0,394.31781005859375,394.3213806152344,475.099853515625,452.83489990234375
88,2.0,96.0,395.76422119140625,393.9016418457031,477.0794372558594,452.7183532714844
89,2.0,96.0,396.0784606933594,393.69244384765625,478.6623229980469,453.3883972167969
90,2.0,96.0,396.5176086425781,393.18035888671875,481.9367980957031,453.79534912109375
91,2.0,96.0,397.8083190917969,392.5612487792969,484.2803039550781,453.6877136230469
92,2.0,96.0,397.3388977050781,392.1318664550781,484.6582336425781,453.986572265625
93,2.0,96.0,399.5762023925781,391.5727844238281,486.9541320800781,454.70965576171875
94,2.0,96.0,401.36639404296875,390.63568115234375,489.7854919433594,455.1112060546875
95,2.0,96.0,401.9275817871094,389.5726623535156,493.8656005859375,455.9927673339844
96,2.0,96.0,404.3125915527344,388.81158447265625,495.609619140625,456.9079895019531
97,2.0,96.0,404.9596862792969,388.8398742675781,497.4959716796875,457.818115234375
98,2.0,96.0,406.2476806640625,389.44140625,498.3138427734375,458.281494140625
99,2.0,96.0,407.0546569824219,389.06488037109375,502.236328125,458.4585266113281
100,2.0,96.0,408.2250061035156,388.7021789550781,505.6239929199219,460.37286376953125
101,2.0,96.0,408.7321472167969,388.6446838378906,509.4749755859375,461.764892578125
102,2.0,96.0,410.2048645019531,387.90960693359375,512.0082397460938,460.9987487792969
103,2.0,96.0,412.49798583984375,387.9023742675781,514.87744140625,460.42120361328125
104,2.0,96.0,412.4244689941406,387.467529296875,518.8535766601562,464.5461120605469
105,2.0,96.0,414.337890625,386.8897705078125,522.719482421875,465.69329833984375
106,2.0,96.0,416.68206787109375,387.6285095214844,525.740234375,464.8764953613281
107,2.0,96.0,419.3526611328125,388.3523254394531,529.0881958007812,467.2120361328125
108,2.0,96.0,419.02349853515625,386.76373291015625,534.205078125,468.7415466308594
109,2.0,96.0,422.22491455078125,385.59857177734375,536.4744262695312,469.177734375
110,2.0,96.0,424.5797424316406,384.8388977050781,540.51220703125,470.0832824707031
111,2.0,96.0,426.4743347167969,383.6628723144531,544.3050537109375,472.29705810546875
112,2.0,96.0,427.7506408691406,385.48175048828125,547.6828002929688,474.9853820800781
113,2.0,96.0,429.8669128417969,387.3032531738281,552.5297241210938,477.3730163574219
114,2.0,96.0,431.9747314453125,387.0291442871094,556.1752319335938,478.668701171875
115,2.0,96.0,433.6896057128906,386.1770324707031,560.9832763671875,478.6364440917969
116,2.0,96.0,435.0014343261719,384.27679443359375,565.52880859375,478.5972900390625
117,2.0,96.0,436.1101989746094,384.98382568359375,571.2666625976562,480.4213562011719
118,2.0,96.0,437.9373474121094,384.5068054199219,577.293212890625,480.8316345214844
119,2.0,96.0,440.1986999511719,383.9277038574219,581.2803955078125,482.6175842285156
120,2.0,96.0,442.8811340332031,383.9585266113281,586.3740234375,484.66064453125
121,2.0,96.0,443.9617614746094,383.6961669921875,590.7799682617188,487.5634460449219
122,2.0,96.0,444.6006164550781,383.33642578125,598.0870971679688,489.07708740234375
123,2.0,96.0,450.7704162597656,382.638427734375,603.2970581054688,488.4976501464844
124,2.0,96.0,451.70208740234375,382.5578918457031,609.35693359375,490.967529296875
125,2.0,96.0,455.3283996582031,382.7594299316406,615.5944213867188,492.2267761230469
126,2.0,96.0,455.7312316894531,381.93359375,623.3320922851562,496.93121337890625
127,2.0,96.0,457.9710388183594,380.4634094238281,630.5504760742188,497.4618835449219
128,2.0,96.0,459.4704284667969,379.1976623535156,637.0831298828125,498.39031982421875
129,2.0,96.0,462.4383239746094,378.2843017578125,645.2568359375,502.7760009765625
130,2.0,96.0,464.3254699707031,376.9893798828125,654.13671875,505.00872802734375
131,2.0,96.0,467.1712646484375,374.7041015625,664.2813110351562,508.478515625
132,2.0,96.0,471.1372985839844,373.57012939453125,674.806640625,513.1390380859375
133,2.0,96.0,474.7701416015625,372.7640075683594,684.3961181640625,514.51708984375
134,2.0,96.0,477.66864013671875,371.4174499511719,695.7117309570312,517.8965454101562
135,2.0,96.0,480.5325927734375,370.131103515625,708.34228515625,523.3509521484375
136,2.0,96.0,485.1429138183594,368.53375244140625,722.3803100585938,528.0526123046875
137,2.0,96.0,490.33453369140625,367.7170104980469,735.4663696289062,532.7398071289062
139,2.0,96.0,503.29156494140625,364.6005554199219,765.1070556640625,541.0452270507812
141,2.0,96.0,513.7448120117188,361.543212890625,800.8733520507812,551.6372680664062
142,2.0,96.0,520.3765869140625,359.50689697265625,822.242431640625,555.2898559570312
143,2.0,96.0,527.4735107421875,356.4176330566406,845.1126708984375,564.7304077148438
144,2.0,96.0,535.038330078125,352.83074951171875,868.4102172851562,571.9850463867188
145,2.0,96.0,540.9354858398438,351.06890869140625,895.3821411132812,578.0677490234375
146,2.0,96.0,550.4358520507812,350.89898681640625,924.8694458007812,589.1151123046875
147,2.0,96.0,559.786865234375,350.55596923828125,958.1353759765625,600.0598754882812
148,2.0,96.0,569.8557739257812,348.9394226074219,996.4470825195312,611.5279541015625
149,2.0,96.0,580.2098388671875,345.0693664550781,1037.049560546875,622.538330078125
150,2.0,96.0,592.6019287109375,343.6806335449219,1083.97021484375,639.4533081054688
151,2.0,96.0,604.94921875,339.7139892578125,1137.7110595703125,655.3466796875
152,2.0,96.0,618.730712890625,335.7433166503906,1198.530029296875,676.8514404296875
153,2.0,96.0,634.7599487304688,331.95074462890625,1268.746337890625,698.0009765625
154,2.0,96.0,653.0064697265625,323.3652038574219,1351.3856201171875,727.4413452148438
155,2.0,96.0,673.3230590820312,314.5553283691406,1449.4615478515625,760.4246826171875
156,2.0,96.0,697.7877197265625,308.50445556640625,1567.3155517578125,802.0700073242188
157,2.0,96.0,724.2326049804688,302.18988037109375,1707.4364013671875,852.8862915039062
158,2.0,96.0,755.9756469726562,295.3035888671875,1853.8995361328125,911.8406372070312
159,2.0,96.0,793.032470703125,285.0174255371094,1914.33984375,995.5958862304688
160,2.0,96.0,834.733154296875,273.1537170410156,1920.0,1048.2493896484375
161,2.0,96.0,887.572998046875,256.2423095703125,1920.0,1070.51318359375
162,2.0,96.0,949.0003051757812,240.45411682128906,1920.0,1072.9681396484375
163,2.0,96.0,1026.9766845703125,216.53341674804688,1920.0,1072.8203125
164,2.0,96.0,1128.766357421875,186.22640991210938,1920.0,1076.0172119140625
165,2.0,96.0,1263.8248291015625,179.37521362304688,1920.0,1078.904541015625
166,2.0,96.0,1448.35693359375,231.16798400878906,1920.0,1079.662353515625
