74,2.0,111.0,482.39898681640625,489.1051330566406,531.80322265625,529.491455078125
75,2.0,111.0,482.1442565917969,488.5220642089844,531.856689453125,529.4804077148438
76,2.0,111.0,481.26397705078125,487.48724365234375,532.918212890625,529.667236328125
77,2.0,111.0,481.23480224609375,487.0508117675781,534.8392944335938,529.4242553710938
78,2.0,111.0,483.2803649902344,487.8153076171875,536.179931640625,528.2911376953125
79,2.0,111.0,484.390625,488.3402404785156,537.1663208007812,528.1248779296875
80,2.0,111.0,484.05596923828125,488.2686767578125,538.4493408203125,528.957275390625
81,2.0,111.0,484.49578857421875,488.525634765625,539.3385009765625,529.2406616210938
82,2.0,111.0,485.0087585449219,488.5293884277344,540.015625,530.39013671875
83,2.0,111.0,484.8200378417969,487.9453430175781,541.8270263671875,530.8486938476562
84,2.0,111.0,485.0693054199219,487.8170471191406,543.0061645507812,531.3402099609375
85,2.0,111.0,486.0263671875,488.1408386230469,546.2626342773438,531.5145263671875
86,2.0,111.0,486.9267272949219,488.29193115234375,547.76806640625,532.0946655273438
87,2.0,111.0,488.49578857421875,487.7164306640625,551.4069213867188,533.0582885742188
88,2.0,111.0,490.07501220703125,486.60009765625,553.2837524414062,534.1355590820312
89,2.0,111.0,491.4736633300781,486.5485534667969,555.0881958007812,535.1356201171875
90,2.0,111.0,491.1912841796875,485.55316162109375,556.1353149414062,536.166259765625
91,2.0,111.0,493.33538818359375,483.8503112792969,557.9176635742188,536.98486328125
92,2.0,111.0,494.8011474609375,483.4545593261719,558.9979248046875,537.685302734375
93,2.0,111.0,495.6070251464844,483.48614501953125,562.528564453125,538.047119140625
94,2.0,111.0,496.2144470214844,482.9808044433594,565.4724731445312,538.089599609375
95,2.0,111.0,497.6404724121094,483.0288391113281,567.6005859375,538.7047119140625
96,2.0,111.0,498.25543212890625,483.006103515625,569.919921875,539.3260498046875
97,2.0,111.0,499.71075439453125,482.9554748535156,572.4566650390625,540.7078857421875
98,2.0,111.0,501.0045166015625,481.8050537109375,575.47265625,540.956298828125
99,2.0,111.0,502.3843994140625,480.75006103515625,577.5728759765625,542.6907958984375
100,2.0,111.0,503.8618469238281,480.5254821777344,582.1358642578125,544.0831909179688
101,2.0,111.0,505.16094970703125,480.9903869628906,586.5230102539062,545.2615356445312
102,2.0,111.0,505.7027893066406,481.52301025390625,589.1602172851562,545.510498046875
103,2.0,111.0,506.5005798339844,481.5991516113281,591.5093994140625,546.2174072265625
104,2.0,111.0,507.1432189941406,481.6735534667969,594.2971801757812,547.4658203125
105,2.0,111.0,508.5672912597656,480.8922119140625,596.2354736328125,548.26513671875
107,2.0,111.0,511.4732360839844,479.7999572753906,604.1956176757812,550.062744140625
108,2.0,111.0,513.5472412109375,479.83355712890625,607.847412109375,550.432373046875
109,2.0,111.0,515.030029296875,480.1146545410156,612.304443359375,551.340576171875
110,2.0,111.0,518.1089477539062,479.21533203125,615.4279174804688,552.3231811523438
112,2.0,111.0,523.3612670898438,479.06988525390625,626.7415771484375,554.1497192382812
113,2.0,111.0,525.818115234375,479.3561706542969,633.7601318359375,556.8384399414062
114,2.0,111.0,528.1884765625,478.92169189453125,639.475830078125,558.596435546875
115,2.0,111.0,529.4556274414062,478.7991638183594,644.4278564453125,560.4839477539062
116,2.0,111.0,532.1778564453125,479.05078125,650.3046264648438,561.6196899414062
118,2.0,111.0,540.3566284179688,477.5500793457031,663.902587890625,564.025146484375
119,2.0,111.0,542.3451538085938,477.6447448730469,671.38671875,565.9381103515625
120,2.0,111.0,543.43310546875,476.28369140625,678.9091796875,568.0715942382812
121,2.0,111.0,548.6033325195312,475.6265563964844,686.3713989257812,572.455078125
122,2.0,111.0,551.41845703125,474.2779846191406,694.281982421875,574.0416259765625
123,2.0,111.0,553.5472412109375,474.1329345703125,702.7704467773438,575.3273315429688
124,2.0,111.0,557.84228515625,473.22320556640625,712.2431640625,578.1712036132812
125,2.0,111.0,562.5341796875,472.3248596191406,722.6150512695312,582.8088989257812
126,2.0,111.0,567.6522827148438,471.0414733886719,734.0861206054688,585.3018798828125
127,2.0,111.0,570.2846069335938,469.2039489746094,746.1558227539062,588.4801635742188
128,2.0,111.0,574.0282592773438,467.6430358886719,760.3128662109375,592.0601806640625
129,2.0,111.0,578.2841796875,466.0955810546875,773.3908081054688,596.2015380859375
130,2.0,111.0,585.887939453125,465.28997802734375,789.1028442382812,600.8873291015625
134,2.0,111.0,614.463134765625,454.1691589355469,870.015380859375,624.8866577148438
136,2.0,111.0,633.5960693359375,449.94964599609375,922.9173583984375,636.8106079101562
137,2.0,111.0,644.4238891601562,448.8039245605469,957.00439453125,646.7529296875
138,2.0,111.0,656.1973876953125,446.6784973144531,994.692138671875,658.6539306640625
139,2.0,111.0,668.3618774414062,444.6419677734375,1038.7509765625,669.6453247070312
140,2.0,111.0,681.2037963867188,440.484130859375,1090.3052978515625,683.4426879882812
141,2.0,111.0,699.6661987304688,438.5303039550781,1150.17236328125,701.0123901367188
142,2.0,111.0,719.2091674804688,432.48968505859375,1223.5211181640625,720.605224609375
143,2.0,111.0,742.24609375,425.41522216796875,1313.6287841796875,750.9140014648438
144,2.0,111.0,769.28173828125,415.7605895996094,1423.7034912109375,785.3335571289062
145,2.0,111.0,802.1907958984375,406.742919921875,1564.498046875,830.0669555664062
146,2.0,111.0,840.8358154296875,395.3141784667969,1744.8887939453125,891.7080078125
147,2.0,111.0,889.197021484375,380.2159423828125,1866.9234619140625,974.4732666015625
148,2.0,111.0,951.7131958007812,363.40869140625,1917.1480712890625,1038.9210205078125
149,2.0,111.0,1030.5751953125,339.0225524902344,1920.0,1062.5081787109375
150,2.0,111.0,1140.7706298828125,310.93670654296875,1920.0,1067.9453125
151,2.0,111.0,1298.779296875,281.3353271484375,1920.0,1076.224609375
152,2.0,111.0,1535.4912109375,340.3074035644531,1920.0,1080.0
