2,2.0,223.0,473.93212890625,465.2842712402344,572.5020141601562,537.7874145507812
3,2.0,223.0,475.0003356933594,464.8838195800781,573.4515991210938,537.7366333007812
4,2.0,223.0,475.84796142578125,464.5329284667969,573.6996459960938,537.9243774414062
5,2.0,223.0,476.121826171875,464.4620361328125,573.7755737304688,537.96630859375
6,2.0,223.0,477.7015075683594,464.1951904296875,574.8085327148438,538.0894165039062
7,2.0,223.0,479.1312255859375,464.0635070800781,577.5123291015625,538.2516479492188
8,2.0,223.0,479.3688049316406,464.92919921875,579.5894775390625,538.72705078125
9,2.0,223.0,479.754638671875,464.6175231933594,581.159912109375,538.87890625
10,2.0,223.0,480.33416748046875,464.2082824707031,582.6094360351562,539.38427734375
11,2.0,223.0,480.83917236328125,462.4747619628906,584.799560546875,540.2052001953125
12,2.0,223.0,480.89337158203125,463.13494873046875,585.626708984375,541.5537719726562
13,2.0,223.0,482.1744384765625,462.5689392089844,587.3368530273438,542.5974731445312
14,2.0,223.0,481.9284362792969,462.96405029296875,588.020751953125,542.592529296875
15,2.0,223.0,481.9816589355469,462.82952880859375,588.96630859375,542.8291015625
16,2.0,223.0,483.74395751953125,461.7796630859375,590.9058227539062,544.1535034179688
17,2.0,223.0,484.2222595214844,462.2794494628906,593.4586791992188,545.9075317382812
18,2.0,223.0,484.6142578125,462.4261169433594,594.4974975585938,547.2012939453125
19,2.0,223.0,486.1410217285156,462.091552734375,596.5901489257812,547.5773315429688
20,2.0,223.0,487.0718994140625,461.7180480957031,597.6220092773438,547.6444091796875
21,2.0,223.0,487.5972595214844,461.3817443847656,598.4986572265625,547.180419921875
22,2.0,223.0,488.4189758300781,461.13787841796875,599.4425048828125,546.8753051757812
23,2.0,223.0,489.4146423339844,461.00921630859375,601.0189208984375,548.5137329101562
24,2.0,223.0,489.5131530761719,461.01190185546875,605.81298828125,549.6996459960938
25,2.0,223.0,490.9084167480469,460.8795166015625,607.8478393554688,549.59814453125
26,2.0,223.0,491.81494140625,460.9625244140625,609.9327392578125,550.1490478515625
27,2.0,223.0,492.1612243652344,460.09918212890625,611.708251953125,550.57373046875
28,2.0,223.0,493.5403137207031,460.243896484375,612.7278442382812,550.7564697265625
29,2.0,223.0,493.659912109375,460.49822998046875,615.15380859375,551.5345458984375
30,2.0,223.0,493.3202819824219,459.8887023925781,618.6961059570312,551.6966552734375
31,2.0,223.0,495.24322509765625,460.221435546875,621.1905517578125,552.4647216796875
32,2.0,223.0,496.1361389160156,459.4134826660156,622.96826171875,552.1903076171875
33,2.0,223.0,496.04302978515625,459.4146423339844,624.3275146484375,552.91796875
34,2.0,223.0,496.9159240722656,459.20892333984375,625.3016967773438,554.8948364257812
35,2.0,223.0,499.1301574707031,458.498779296875,627.9833984375,555.6679077148438
36,2.0,223.0,499.6854553222656,457.5682067871094,630.1449584960938,555.5364379882812
37,2.0,223.0,501.350341796875,456.9353332519531,632.1641845703125,555.889892578125
38,2.0,223.0,501.9612121582031,456.56683349609375,633.4779052734375,557.142578125
39,2.0,223.0,501.5175476074219,456.4652404785156,635.9640502929688,558.7855224609375
40,2.0,223.0,501.2298278808594,456.0574951171875,638.7803955078125,559.8861694335938
41,2.0,223.0,502.6949462890625,455.96673583984375,641.1363525390625,559.9816284179688
42,2.0,223.0,502.9196472167969,455.86767578125,643.0098266601562,560.631103515625
43,2.0,223.0,504.059326171875,456.2732849121094,645.2611694335938,561.4288330078125
44,2.0,223.0,505.791748046875,456.51544189453125,648.3084106445312,562.0396118164062
45,2.0,223.0,506.8458557128906,457.294677734375,651.1316528320312,562.73974609375
46,2.0,223.0,509.3878479003906,457.3912048339844,653.4635620117188,562.9793090820312
47,2.0,223.0,509.5777282714844,457.3587951660156,656.1669311523438,563.3489990234375
48,2.0,223.0,512.8410034179688,457.2606201171875,659.2860717773438,563.7739868164062
49,2.0,223.0,514.28955078125,457.41650390625,662.2946166992188,566.0516967773438
50,2.0,223.0,515.6641235351562,456.85211181640625,666.2735595703125,568.7538452148438
51,2.0,223.0,515.8291625976562,457.20452880859375,668.53759765625,568.75537109375
52,2.0,223.0,517.4630737304688,456.1535949707031,671.4439086914062,570.6521606445312
53,2.0,223.0,517.9400024414062,456.2578430175781,675.7841796875,570.9075927734375
54,2.0,223.0,518.6339111328125,455.98583984375,677.1689453125,571.5556640625
55,2.0,223.0,519.3306274414062,454.12200927734375,680.7681884765625,573.2106323242188
56,2.0,223.0,521.01220703125,454.09393310546875,682.9142456054688,574.4848022460938
57,2.0,223.0,522.6920776367188,453.9216613769531,686.1616821289062,575.0397338867188
58,2.0,223.0,525.154296875,454.1704406738281,690.3019409179688,576.260009765625
59,2.0,223.0,526.0849609375,454.0865783691406,693.7214965820312,577.1170654296875
60,2.0,223.0,527.7463989257812,453.53765869140625,696.9242553710938,579.6820068359375
61,2.0,223.0,527.5538940429688,453.4161071777344,701.9664306640625,582.5617065429688
62,2.0,223.0,527.2009887695312,453.22650146484375,704.6139526367188,582.5193481445312
63,2.0,223.0,527.8524780273438,452.98089599609375,709.0476684570312,582.8466186523438
64,2.0,223.0,532.4865112304688,453.47271728515625,714.9436645507812,584.627197265625
65,2.0,223.0,535.6653442382812,452.6251220703125,718.0814208984375,584.9093017578125
66,2.0,223.0,537.6871337890625,452.6598205566406,722.541748046875,585.3794555664062
67,2.0,223.0,539.694580078125,451.9341735839844,725.97119140625,586.9097290039062
68,2.0,223.0,540.5113525390625,451.591064453125,729.34765625,587.98388671875
69,2.0,223.0,542.3721313476562,451.9091796875,735.1727294921875,589.6328735351562
70,2.0,223.0,543.6826171875,452.060302734375,739.5977172851562,591.43896484375
71,2.0,223.0,546.77978515625,452.09515380859375,743.9220581054688,593.5730590820312
72,2.0,223.0,549.9476318359375,451.5809326171875,748.5645751953125,595.4740600585938
73,2.0,223.0,551.4117431640625,451.1414489746094,753.8731079101562,596.2977294921875
74,2.0,223.0,552.4994506835938,450.5330810546875,759.4994506835938,597.753173828125
75,2.0,223.0,552.0222778320312,449.7398681640625,763.1099853515625,598.5409545898438
76,2.0,223.0,554.1451416015625,449.5423278808594,769.1576538085938,600.7772216796875
77,2.0,223.0,555.933837890625,448.8038330078125,775.103271484375,602.7515869140625
78,2.0,223.0,559.5414428710938,448.8480529785156,781.0582885742188,604.7677001953125
79,2.0,223.0,562.1366577148438,447.8094787597656,786.4624633789062,607.14990234375
80,2.0,223.0,564.7946166992188,447.03607177734375,793.9154663085938,609.8348999023438
81,2.0,223.0,567.2692260742188,446.6480712890625,800.4871215820312,611.3784790039062
82,2.0,223.0,569.8634643554688,445.9581604003906,807.359130859375,613.2139282226562
83,2.0,223.0,572.9003295898438,446.0469970703125,812.3672485351562,615.7020263671875
84,2.0,223.0,574.4244995117188,445.97003173828125,821.3781127929688,616.815673828125
85,2.0,223.0,577.7505493164062,445.8528137207031,829.2510986328125,620.2210083007812
86,2.0,223.0,581.408447265625,444.4128112792969,837.2155151367188,622.307861328125
87,2.0,223.0,586.8888549804688,443.0721740722656,845.5238037109375,623.27001953125
88,2.0,223.0,589.8545532226562,442.30096435546875,854.0161743164062,624.33154296875
89,2.0,223.0,593.267333984375,442.0148010253906,862.2470703125,627.1583862304688
90,2.0,223.0,595.796875,440.97662353515625,870.6924438476562,630.0
91,2.0,223.0,598.121826171875,440.12628173828125,879.9478759765625,633.7255249023438
92,2.0,223.0,602.3936767578125,440.0494079589844,889.3800659179688,636.200927734375
93,2.0,223.0,605.1107788085938,439.87738037109375,899.2158203125,638.1228637695312
94,2.0,223.0,609.5235595703125,438.4577941894531,909.6782836914062,641.5191040039062
95,2.0,223.0,611.6045532226562,438.1531677246094,921.4337158203125,644.3482666015625
96,2.0,223.0,614.4608764648438,437.4391784667969,933.2139892578125,647.79541015625
97,2.0,223.0,619.0536499023438,436.5595397949219,944.931396484375,651.0482177734375
98,2.0,223.0,622.1767578125,435.1113586425781,957.18115234375,656.1503295898438
99,2.0,223.0,626.6671142578125,433.9424743652344,970.4989013671875,659.1436157226562
100,2.0,223.0,631.5875244140625,433.7576904296875,983.4470825195312,661.53857421875
101,2.0,223.0,635.2613525390625,432.2212829589844,997.7361450195312,665.09619140625
102,2.0,223.0,641.3870849609375,430.51837158203125,1011.9324340820312,670.5447998046875
103,2.0,223.0,646.4345703125,429.3265380859375,1027.423828125,674.7813720703125
104,2.0,223.0,652.2550659179688,428.4620056152344,1042.1832275390625,681.4424438476562
105,2.0,223.0,657.126220703125,428.8006286621094,1058.7635498046875,685.8834838867188
106,2.0,223.0,661.4843139648438,429.0252380371094,1076.857177734375,691.6104736328125
107,2.0,223.0,667.2864379882812,427.770263671875,1094.87939453125,697.9954223632812
108,2.0,223.0,673.4718017578125,426.5434875488281,1114.6070556640625,703.4349975585938
109,2.0,223.0,679.9489135742188,425.58477783203125,1134.90380859375,708.3264770507812
110,2.0,223.0,685.58740234375,424.4019775390625,1156.4259033203125,717.0955810546875
111,2.0,223.0,693.712646484375,424.2288513183594,1180.0087890625,725.6658325195312
112,2.0,223.0,701.5113525390625,424.6398010253906,1204.1378173828125,731.2237548828125
113,2.0,223.0,708.50146484375,423.24786376953125,1230.285400390625,738.3140258789062
114,2.0,223.0,716.5136108398438,421.473388671875,1257.001953125,744.98095703125
115,2.0,223.0,725.2033081054688,420.0287780761719,1285.3619384765625,756.554443359375
116,2.0,223.0,734.0093383789062,415.84246826171875,1315.9339599609375,768.2952270507812
117,2.0,223.0,744.1182250976562,414.0177917480469,1349.4775390625,779.1011352539062
118,2.0,223.0,752.8201293945312,412.65032958984375,1384.7183837890625,790.2673950195312
119,2.0,223.0,763.0960083007812,410.42864990234375,1423.11474609375,802.6705322265625
120,2.0,223.0,773.7809448242188,407.7524108886719,1463.682373046875,816.22900390625
121,2.0,223.0,785.7215576171875,405.13201904296875,1505.31201171875,831.1433715820312
122,2.0,223.0,795.902099609375,404.19622802734375,1551.1553955078125,846.7657470703125
123,2.0,223.0,809.7618408203125,399.37860107421875,1601.3587646484375,864.5762939453125
124,2.0,223.0,823.8953857421875,399.0146179199219,1655.7294921875,881.017578125
125,2.0,223.0,837.7415771484375,397.288818359375,1714.6180419921875,902.120849609375
126,2.0,223.0,853.259521484375,391.1048583984375,1775.970947265625,927.4554443359375
127,2.0,223.0,869.3008422851562,388.48828125,1845.3603515625,950.5485229492188
128,2.0,223.0,888.9679565429688,386.581298828125,1905.82177734375,977.37060546875
129,2.0,223.0,906.794189453125,383.3710632324219,1920.0,1007.26025390625
130,2.0,223.0,926.5441284179688,376.24700927734375,1920.0,1038.1474609375
131,2.0,223.0,948.8882446289062,369.33612060546875,1920.0,1064.2613525390625
132,2.0,223.0,972.0430297851562,366.51300048828125,1920.0,1077.9776611328125
133,2.0,223.0,998.8933715820312,362.4071350097656,1920.0,1080.0
134,2.0,223.0,1027.346435546875,356.67474365234375,1920.0,1080.0
135,2.0,223.0,1059.0087890625,347.6465759277344,1920.0,1080.0
136,2.0,223.0,1094.444580078125,340.3199462890625,1920.0,1077.2862548828125
137,2.0,223.0,1132.3634033203125,330.99725341796875,1920.0,1076.0093994140625
138,2.0,223.0,1174.7642822265625,320.10113525390625,1920.0,1072.6644287109375
139,2.0,223.0,1216.3570556640625,312.475341796875,1920.0,1071.5650634765625
140,2.0,223.0,1266.42529296875,300.99847412109375,1920.0,1072.7039794921875
141,2.0,223.0,1323.47314453125,295.7626647949219,1920.0,1072.3179931640625
142,2.0,223.0,1387.5325927734375,293.9326171875,1920.0,1073.459716796875
143,2.0,223.0,1460.874267578125,296.0307312011719,1920.0,1075.355712890625
144,2.0,223.0,1540.239013671875,312.5152587890625,1920.0,1075.8804931640625
145,2.0,223.0,1636.4884033203125,359.2309265136719,1920.0,1077.9014892578125
146,2.0,223.0,1743.2979736328125,462.0315856933594,1920.0,1075.7208251953125
