77,2.0,248.0,228.5960693359375,421.28521728515625,279.6452941894531,462.7655944824219
78,2.0,248.0,229.79144287109375,420.7417907714844,280.1905517578125,464.0698547363281
79,2.0,248.0,230.7367401123047,422.26129150390625,281.40179443359375,465.1114807128906
80,2.0,248.0,231.37362670898438,421.74432373046875,282.7978515625,465.2838134765625
81,2.0,248.0,232.17047119140625,421.3840637207031,284.3680725097656,465.77740478515625
82,2.0,248.0,232.8127899169922,422.23541259765625,285.451171875,465.47015380859375
83,2.0,248.0,233.27203369140625,422.2245788574219,286.6959533691406,464.9862976074219
84,2.0,248.0,234.62071228027344,422.5722961425781,287.5654296875,464.7637023925781
85,2.0,248.0,235.33865356445312,422.5818176269531,289.2754211425781,464.64727783203125
86,2.0,248.0,236.0977020263672,423.287109375,290.5922546386719,465.41015625
87,2.0,248.0,236.56808471679688,423.0292663574219,291.7270202636719,465.9842834472656
88,2.0,248.0,236.56747436523438,422.2444152832031,293.2335205078125,464.92169189453125
89,2.0,248.0,237.55001831054688,422.1286315917969,295.021240234375,464.5771179199219
90,2.0,248.0,237.49526977539062,422.0222473144531,296.6603088378906,464.2137145996094
91,2.0,248.0,238.32000732421875,421.6773986816406,298.2875061035156,464.5458984375
92,2.0,248.0,239.1599884033203,421.4365539550781,299.672607421875,465.875244140625
93,2.0,248.0,239.7676239013672,421.4466247558594,300.5252990722656,468.3002624511719
94,2.0,248.0,239.79232788085938,421.4539794921875,300.8794250488281,469.85791015625
95,2.0,248.0,240.25833129882812,421.2147216796875,302.35955810546875,469.91650390625
96,2.0,248.0,241.27674865722656,421.00994873046875,303.92681884765625,469.8822937011719
97,2.0,248.0,241.73231506347656,421.08099365234375,305.6017150878906,469.842041015625
98,2.0,248.0,243.04971313476562,422.6420593261719,307.7746276855469,470.1872253417969
99,2.0,248.0,244.0194854736328,423.5257568359375,310.3540344238281,469.5972595214844
100,2.0,248.0,244.6090087890625,421.6385192871094,311.667236328125,471.27374267578125
101,2.0,248.0,246.1219482421875,420.2320251464844,313.8022155761719,471.9615173339844
102,2.0,248.0,246.9535369873047,418.77447509765625,316.4571228027344,472.7406921386719
103,2.0,248.0,248.27914428710938,418.90704345703125,318.1363830566406,473.07635498046875
104,2.0,248.0,250.84185791015625,419.3841552734375,320.5826416015625,473.3247375488281
105,2.0,248.0,252.5752410888672,418.0799560546875,323.2536315917969,473.1915588378906
106,2.0,248.0,252.9560546875,416.368896484375,326.0709228515625,474.30548095703125
107,2.0,248.0,253.23922729492188,415.5246276855469,327.5585021972656,475.9140319824219
108,2.0,248.0,253.40843200683594,415.9392395019531,329.9569396972656,476.628173828125
109,2.0,248.0,254.3654327392578,416.2519836425781,333.1512756347656,477.2135314941406
110,2.0,248.0,256.0616149902344,416.5386657714844,335.845703125,476.9466857910156
111,2.0,248.0,257.97747802734375,416.5107421875,339.38800048828125,477.04541015625
112,2.0,248.0,260.1186828613281,416.73773193359375,341.9644775390625,478.1983947753906
113,2.0,248.0,261.963134765625,416.4250793457031,344.2835388183594,478.68450927734375
114,2.0,248.0,263.7613220214844,416.41290283203125,347.124267578125,478.9033508300781
115,2.0,248.0,264.6214599609375,416.8478088378906,349.7740478515625,479.4527893066406
116,2.0,248.0,265.4604797363281,416.2456359863281,353.0843505859375,480.3733215332031
117,2.0,248.0,265.43719482421875,416.5274658203125,354.77154541015625,480.8521423339844
118,2.0,248.0,267.1685485839844,416.2497253417969,358.3592224121094,482.3375244140625
119,2.0,248.0,268.2787780761719,417.2978820800781,362.0814208984375,483.2068786621094
120,2.0,248.0,269.8833923339844,416.9500427246094,365.58184814453125,485.096923828125
121,2.0,248.0,273.74102783203125,416.0129699707031,369.0877685546875,486.11907958984375
122,2.0,248.0,275.8724365234375,415.5636901855469,374.9901428222656,488.00531005859375
123,2.0,248.0,277.21575927734375,415.2503967285156,379.5928039550781,489.2106628417969
124,2.0,248.0,279.3416442871094,415.71484375,381.95361328125,490.0265808105469
125,2.0,248.0,282.0640869140625,414.6859130859375,383.9806823730469,490.70477294921875
126,2.0,248.0,284.7308044433594,412.3296203613281,390.074462890625,491.5540466308594
127,2.0,248.0,287.5043029785156,410.806884765625,394.7837219238281,492.8963623046875
128,2.0,248.0,289.3895263671875,409.4087219238281,399.0166015625,494.40252685546875
129,2.0,248.0,291.3985290527344,408.75714111328125,403.64239501953125,494.9538269042969
130,2.0,248.0,293.6164245605469,407.9212951660156,410.1506652832031,498.5561218261719
131,2.0,248.0,296.00653076171875,407.6041259765625,416.32598876953125,499.8112487792969
132,2.0,248.0,299.1687316894531,408.4372863769531,423.1064758300781,502.055419921875
133,2.0,248.0,300.7582092285156,408.1490478515625,429.5162048339844,502.926025390625
134,2.0,248.0,303.4936218261719,406.79364013671875,435.46356201171875,504.072265625
135,2.0,248.0,308.07098388671875,405.29290771484375,441.616455078125,505.044189453125
136,2.0,248.0,311.2283020019531,405.1730041503906,448.8345642089844,506.5487060546875
137,2.0,248.0,312.52301025390625,404.7921447753906,456.9789733886719,509.2497253417969
138,2.0,248.0,315.34967041015625,404.2459716796875,463.42767333984375,512.4918212890625
139,2.0,248.0,320.3892517089844,404.0819091796875,474.09393310546875,514.9920043945312
140,2.0,248.0,325.0261535644531,402.947509765625,482.252197265625,519.4381103515625
141,2.0,248.0,329.1300048828125,401.78436279296875,491.5235900878906,521.51123046875
142,2.0,248.0,333.9255676269531,402.8003845214844,501.1499328613281,523.9989624023438
143,2.0,248.0,338.7956848144531,401.202392578125,512.2913208007812,526.1318969726562
144,2.0,248.0,345.76629638671875,399.7535705566406,524.947998046875,529.4170532226562
145,2.0,248.0,351.3590087890625,399.1934814453125,536.1748046875,532.3056030273438
146,2.0,248.0,357.2421875,399.6758117675781,551.2224731445312,535.764404296875
147,2.0,248.0,363.5923156738281,399.3255615234375,566.3103637695312,538.9315795898438
148,2.0,248.0,369.83538818359375,398.2707824707031,580.984619140625,542.2022094726562
149,2.0,248.0,376.4095458984375,398.0636291503906,598.5010986328125,545.6343994140625
150,2.0,248.0,383.859619140625,397.7764587402344,615.1090698242188,550.8056030273438
151,2.0,248.0,393.40960693359375,395.2810974121094,635.1690673828125,556.9434814453125
152,2.0,248.0,402.4548645019531,392.9794006347656,657.9461669921875,562.311279296875
153,2.0,248.0,413.23089599609375,391.4538269042969,681.53173828125,566.6858520507812
154,2.0,248.0,423.9845886230469,387.5413818359375,708.7059936523438,575.3088989257812
155,2.0,248.0,436.0350646972656,384.48223876953125,737.9556274414062,582.6458129882812
156,2.0,248.0,447.3379821777344,382.5055236816406,769.7887573242188,590.7288208007812
157,2.0,248.0,459.84918212890625,380.1166076660156,806.9010620117188,601.7717895507812
158,2.0,248.0,474.4114990234375,379.4290466308594,847.7644653320312,610.7584838867188
159,2.0,248.0,491.1318054199219,378.36126708984375,894.5592651367188,621.8106079101562
160,2.0,248.0,507.8579406738281,374.2820739746094,947.5781860351562,634.8049926757812
161,2.0,248.0,529.2546997070312,368.2541809082031,1009.27685546875,652.8900146484375
162,2.0,248.0,553.014404296875,363.2271423339844,1078.873046875,671.2747192382812
163,2.0,248.0,580.6801147460938,355.8033447265625,1160.8927001953125,693.826416015625
164,2.0,248.0,612.899169921875,350.8202819824219,1258.40625,722.2681884765625
165,2.0,248.0,648.733642578125,343.6060485839844,1378.9417724609375,755.1985473632812
166,2.0,248.0,691.0055541992188,337.187744140625,1518.5506591796875,795.8553466796875
167,2.0,248.0,741.6804809570312,327.9169006347656,1694.9281005859375,849.3876953125
168,2.0,248.0,800.5455932617188,316.2846374511719,1849.9970703125,917.3237915039062
169,2.0,248.0,874.2529907226562,301.7352600097656,1913.9373779296875,1008.6742553710938
170,2.0,248.0,967.1039428710938,281.9524230957031,1920.0,1054.2825927734375
171,2.0,248.0,1086.4749755859375,258.8542175292969,1920.0,1044.6796875
172,2.0,248.0,1245.0091552734375,228.46649169921875,1920.0,1035.0560302734375
173,2.0,248.0,1464.862548828125,238.57395935058594,1920.0,1064.3988037109375
