12,2.0,229.0,326.028564453125,524.2140502929688,398.61273193359375,580.7393798828125
13,2.0,229.0,326.26861572265625,524.5902709960938,399.82794189453125,581.44482421875
14,2.0,229.0,326.9893493652344,524.4129638671875,401.7284240722656,582.8467407226562
15,2.0,229.0,329.22833251953125,525.6485595703125,403.224609375,583.554443359375
16,2.0,229.0,331.6398010253906,525.7391357421875,405.7221374511719,583.3850708007812
17,2.0,229.0,331.7928466796875,524.2927856445312,406.6464538574219,582.9500732421875
18,2.0,229.0,332.0478820800781,523.8067016601562,408.28515625,583.4890747070312
19,2.0,229.0,332.42742919921875,524.7277221679688,409.1115417480469,584.3655395507812
20,2.0,229.0,332.38580322265625,524.7243041992188,410.0438537597656,585.1256713867188
21,2.0,229.0,333.8604431152344,524.3534545898438,411.237060546875,585.501953125
22,2.0,229.0,334.4681091308594,524.7699584960938,413.1460266113281,585.0269775390625
23,2.0,229.0,334.94146728515625,525.30078125,414.4873352050781,585.1595458984375
24,2.0,229.0,335.7861633300781,525.032470703125,416.80816650390625,585.3255615234375
25,2.0,229.0,336.2814636230469,524.7140502929688,418.21783447265625,585.4075317382812
26,2.0,229.0,336.53472900390625,524.7300415039062,419.47674560546875,585.7689208984375
27,2.0,229.0,336.6296691894531,524.279052734375,420.4342346191406,586.0144653320312
28,2.0,229.0,337.81207275390625,524.0028076171875,421.5097351074219,586.6173706054688
29,2.0,229.0,338.82952880859375,524.2567138671875,423.1827697753906,586.91015625
30,2.0,229.0,339.0463562011719,523.4419555664062,424.3450622558594,587.3408203125
31,2.0,229.0,338.30810546875,522.5524291992188,423.6041259765625,588.06494140625
32,2.0,229.0,339.4826354980469,522.0810546875,424.81231689453125,589.2532958984375
33,2.0,229.0,341.4495544433594,521.6593017578125,427.0881652832031,589.1707153320312
34,2.0,229.0,342.32342529296875,521.392822265625,429.754150390625,589.480712890625
35,2.0,229.0,342.97772216796875,521.2638549804688,432.12249755859375,590.7882080078125
36,2.0,229.0,343.5393371582031,521.5465087890625,433.3590393066406,592.5316162109375
37,2.0,229.0,344.07537841796875,521.479248046875,435.45025634765625,593.9799194335938
38,2.0,229.0,346.32666015625,521.9954223632812,437.095947265625,595.0433959960938
39,2.0,229.0,348.9508056640625,521.8963012695312,439.1385192871094,595.6386108398438
40,2.0,229.0,348.91229248046875,521.8404541015625,440.1578063964844,595.9784545898438
41,2.0,229.0,348.9480895996094,521.0066528320312,442.3842468261719,595.970458984375
42,2.0,229.0,350.0306701660156,521.133056640625,444.03778076171875,596.5023803710938
43,2.0,229.0,350.3611145019531,520.8775024414062,445.5583801269531,596.6292114257812
44,2.0,229.0,350.387939453125,520.9083251953125,446.6391906738281,596.9415283203125
45,2.0,229.0,350.241455078125,520.6904907226562,448.47998046875,597.5823364257812
46,2.0,229.0,351.039794921875,520.7147827148438,450.7308044433594,597.4219360351562
47,2.0,229.0,354.3668518066406,521.9017944335938,452.0610046386719,597.1622924804688
48,2.0,229.0,355.7755126953125,521.9845581054688,453.656982421875,597.6411743164062
49,2.0,229.0,355.01806640625,521.77490234375,455.64849853515625,598.5928344726562
50,2.0,229.0,355.12408447265625,520.48681640625,458.0072021484375,599.1422119140625
51,2.0,229.0,357.35272216796875,520.6610107421875,461.1146545410156,600.4122924804688
52,2.0,229.0,358.3232421875,520.753662109375,463.594970703125,601.1126708984375
53,2.0,229.0,359.5215759277344,520.9240112304688,465.7372131347656,602.9041137695312
54,2.0,229.0,360.5608825683594,520.2232055664062,468.5276794433594,603.861328125
55,2.0,229.0,361.1892395019531,519.6610717773438,471.42962646484375,604.2506713867188
56,2.0,229.0,361.7752990722656,518.9691772460938,472.9678039550781,604.2356567382812
57,2.0,229.0,361.281005859375,519.2098388671875,475.91827392578125,606.8678588867188
58,2.0,229.0,361.6499328613281,519.6499633789062,477.6181640625,608.1217651367188
59,2.0,229.0,363.5162353515625,519.9785766601562,479.8942565917969,608.8561401367188
60,2.0,229.0,364.7574157714844,519.236572265625,483.05322265625,610.0585327148438
61,2.0,229.0,365.65008544921875,519.0180053710938,485.2644958496094,611.0776977539062
62,2.0,229.0,365.6701354980469,517.5979614257812,487.96319580078125,611.65234375
63,2.0,229.0,367.0316467285156,516.53173828125,490.0778503417969,612.1864013671875
64,2.0,229.0,368.1758117675781,517.3477172851562,492.9883728027344,613.8361206054688
65,2.0,229.0,368.6177978515625,517.0419921875,495.1911926269531,615.1747436523438
66,2.0,229.0,369.3251953125,516.7273559570312,498.3671569824219,616.4994506835938
67,2.0,229.0,371.7558898925781,517.2390747070312,501.84832763671875,617.4071044921875
68,2.0,229.0,372.9224548339844,517.1902465820312,505.1696472167969,618.0490112304688
69,2.0,229.0,373.93243408203125,516.604736328125,508.3229675292969,619.10791015625
70,2.0,229.0,375.3379821777344,515.8689575195312,511.7886047363281,619.913818359375
71,2.0,229.0,376.8734130859375,517.1968994140625,515.577880859375,620.9850463867188
72,2.0,229.0,379.35711669921875,517.93994140625,519.159912109375,622.1104736328125
73,2.0,229.0,381.4515686035156,517.6987915039062,523.1732177734375,623.181396484375
74,2.0,229.0,383.1943359375,517.787841796875,526.7766723632812,623.784912109375
75,2.0,229.0,382.7349853515625,517.8312377929688,530.782958984375,625.206787109375
76,2.0,229.0,384.35772705078125,517.3841552734375,534.0447998046875,628.2464599609375
77,2.0,229.0,387.0247497558594,516.0502319335938,537.3433227539062,629.494140625
78,2.0,229.0,389.350341796875,515.3070678710938,543.5872802734375,631.55419921875
79,2.0,229.0,390.9685974121094,514.4130859375,549.2568969726562,632.1704711914062
80,2.0,229.0,393.1675720214844,513.781982421875,551.9904174804688,632.7899780273438
81,2.0,229.0,395.9398193359375,513.0961303710938,556.468017578125,634.1707153320312
82,2.0,229.0,397.0701904296875,512.4593505859375,560.2146606445312,635.2789306640625
83,2.0,229.0,398.52850341796875,510.9327392578125,566.3883056640625,636.2720336914062
84,2.0,229.0,400.0697021484375,510.8689270019531,571.972412109375,637.4015502929688
85,2.0,229.0,403.486083984375,510.68914794921875,575.2501831054688,638.5441284179688
86,2.0,229.0,406.37713623046875,510.0229797363281,580.6888427734375,640.4861450195312
87,2.0,229.0,407.8367004394531,509.3643798828125,585.872314453125,642.005859375
88,2.0,229.0,409.59490966796875,509.92620849609375,591.6029663085938,642.43798828125
89,2.0,229.0,411.7646789550781,509.8374328613281,597.5820922851562,644.8441772460938
90,2.0,229.0,415.24090576171875,509.10986328125,603.8053588867188,646.111328125
91,2.0,229.0,418.0101623535156,509.4090270996094,610.9481811523438,649.6355590820312
92,2.0,229.0,420.0135192871094,509.4423522949219,618.884521484375,652.4292602539062
93,2.0,229.0,422.74749755859375,509.331298828125,625.8228149414062,655.3592529296875
94,2.0,229.0,426.1784362792969,509.0945129394531,632.2098388671875,657.7825927734375
95,2.0,229.0,429.4379577636719,507.7464904785156,639.8609008789062,660.3209228515625
96,2.0,229.0,433.1358642578125,506.85589599609375,647.3782348632812,662.9815063476562
97,2.0,229.0,436.3885192871094,505.7898864746094,654.8819580078125,666.1947021484375
98,2.0,229.0,439.9576110839844,504.9949951171875,663.7666015625,668.4586181640625
99,2.0,229.0,444.3879699707031,504.37353515625,672.4979248046875,670.1559448242188
100,2.0,229.0,448.4483337402344,504.1678161621094,681.9714965820312,672.817626953125
101,2.0,229.0,452.29827880859375,503.2252502441406,692.8504028320312,676.4031372070312
102,2.0,229.0,455.7310791015625,502.42669677734375,703.196044921875,680.052734375
103,2.0,229.0,459.4121398925781,501.9644470214844,713.3718872070312,683.412109375
104,2.0,229.0,462.836669921875,501.43597412109375,724.6510620117188,687.1480102539062
105,2.0,229.0,468.1585388183594,501.2948913574219,736.6797485351562,690.430908203125
106,2.0,229.0,472.0657043457031,501.3211364746094,749.0159301757812,694.0266723632812
107,2.0,229.0,476.48126220703125,500.48016357421875,761.748291015625,698.3054809570312
108,2.0,229.0,479.90728759765625,500.1775817871094,775.6385498046875,704.2935180664062
109,2.0,229.0,484.4202575683594,499.8213806152344,789.3539428710938,708.9703979492188
110,2.0,229.0,488.8904113769531,499.13037109375,804.078369140625,713.0608520507812
111,2.0,229.0,495.0219421386719,497.4826965332031,822.225341796875,718.8995971679688
112,2.0,229.0,502.1732177734375,496.76239013671875,839.1220703125,722.8458251953125
113,2.0,229.0,509.185546875,496.15740966796875,856.5283813476562,728.1712036132812
114,2.0,229.0,514.6365966796875,495.69952392578125,876.496337890625,733.216552734375
115,2.0,229.0,520.7711791992188,494.5283508300781,896.7053833007812,738.2904052734375
116,2.0,229.0,528.5707397460938,494.61517333984375,918.9625244140625,745.9463500976562
117,2.0,229.0,536.458740234375,494.0499572753906,942.4159545898438,754.1292114257812
118,2.0,229.0,544.38134765625,493.29949951171875,967.6834106445312,759.6914672851562
119,2.0,229.0,551.912109375,491.7817077636719,994.3828735351562,769.2573852539062
120,2.0,229.0,559.6480102539062,489.9638977050781,1022.341064453125,781.4459228515625
121,2.0,229.0,570.9480590820312,487.2870178222656,1052.61474609375,791.3802490234375
122,2.0,229.0,580.9673461914062,484.1768798828125,1085.6187744140625,801.01513671875
123,2.0,229.0,592.6022338867188,483.8431396484375,1121.9130859375,811.6768798828125
124,2.0,229.0,603.7868041992188,483.40325927734375,1162.1534423828125,822.7388305664062
125,2.0,229.0,616.2398681640625,482.5163269042969,1203.685791015625,837.1189575195312
126,2.0,229.0,629.6196899414062,481.0583190917969,1251.6497802734375,853.1866455078125
127,2.0,229.0,642.5626831054688,479.8296813964844,1300.6866455078125,870.0764770507812
128,2.0,229.0,658.420166015625,478.16546630859375,1356.01171875,887.9523315429688
129,2.0,229.0,675.1756591796875,473.22625732421875,1418.3265380859375,908.930419921875
130,2.0,229.0,693.5330200195312,470.1588134765625,1485.7684326171875,932.0966186523438
131,2.0,229.0,713.4841918945312,466.71533203125,1559.9722900390625,959.8035888671875
132,2.0,229.0,734.33203125,461.21710205078125,1647.4761962890625,988.288818359375
133,2.0,229.0,757.6924438476562,455.2839050292969,1737.7886962890625,1026.1531982421875
134,2.0,229.0,782.7423095703125,453.373046875,1842.3917236328125,1058.8399658203125
135,2.0,229.0,810.5991821289062,444.57440185546875,1908.4525146484375,1073.8494873046875
136,2.0,229.0,842.5465087890625,440.8744812011719,1920.0,1079.175537109375
137,2.0,229.0,878.9173583984375,437.3346862792969,1920.0,1079.8287353515625
138,2.0,229.0,914.7996826171875,431.62298583984375,1920.0,1080.0
139,2.0,229.0,957.9835815429688,423.4520568847656,1920.0,1080.0
140,2.0,229.0,1007.953125,415.58404541015625,1920.0,1079.4844970703125
141,2.0,229.0,1067.143798828125,406.78961181640625,1920.0,1075.2884521484375
142,2.0,229.0,1132.835205078125,395.0741271972656,1920.0,1075.362060546875
143,2.0,229.0,1209.0631103515625,385.1235656738281,1920.0,1079.32275390625
144,2.0,229.0,1298.7169189453125,380.9482421875,1920.0,1077.916259765625
145,2.0,229.0,1404.0078125,386.6255187988281,1920.0,1077.4864501953125
146,2.0,229.0,1533.3109130859375,404.84698486328125,1920.0,1079.755859375
147,2.0,229.0,1688.5877685546875,529.4396362304688,1920.0,1078.6495361328125
