21,2.0,250.0,197.65553283691406,362.2386779785156,241.0252227783203,394.400634765625
22,2.0,250.0,197.99505615234375,361.8551025390625,241.03785705566406,394.2865295410156
23,2.0,250.0,198.27102661132812,362.0670166015625,241.266845703125,394.4834289550781
24,2.0,250.0,198.87075805664062,363.2179260253906,242.38812255859375,395.61328125
25,2.0,250.0,199.0939483642578,362.469482421875,242.45022583007812,395.5279235839844
26,2.0,250.0,198.93588256835938,362.169677734375,242.77740478515625,394.5185241699219
27,2.0,250.0,199.4141082763672,362.15740966796875,243.3473358154297,394.8434753417969
28,2.0,250.0,200.35975646972656,363.14813232421875,244.01304626464844,395.6605224609375
29,2.0,250.0,200.91796875,362.8444519042969,244.47047424316406,396.0038146972656
30,2.0,250.0,201.42364501953125,362.7565002441406,245.47503662109375,397.3147888183594
31,2.0,250.0,202.66046142578125,363.5032653808594,246.4962615966797,397.87005615234375
32,2.0,250.0,203.1721954345703,362.8346252441406,247.76101684570312,398.20037841796875
33,2.0,250.0,203.76031494140625,362.13824462890625,249.1674346923828,398.3458557128906
34,2.0,250.0,204.28074645996094,362.7964782714844,250.35986328125,398.731201171875
35,2.0,250.0,204.23353576660156,363.2203063964844,251.07826232910156,400.0219421386719
36,2.0,250.0,204.74720764160156,362.7120056152344,252.20680236816406,400.14691162109375
37,2.0,250.0,205.14364624023438,363.2016296386719,253.8774871826172,399.5480651855469
38,2.0,250.0,205.34432983398438,363.6513366699219,254.30506896972656,399.2912902832031
39,2.0,250.0,205.38821411132812,363.8156433105469,254.6145477294922,399.4977722167969
40,2.0,250.0,205.9176483154297,363.63873291015625,256.49298095703125,399.6582946777344
41,2.0,250.0,206.14515686035156,362.7346496582031,258.5545349121094,399.873046875
42,2.0,250.0,206.61639404296875,361.67596435546875,260.0393981933594,400.91644287109375
43,2.0,250.0,207.21597290039062,362.57855224609375,261.59393310546875,401.7083435058594
44,2.0,250.0,207.6427459716797,363.2758483886719,262.9996643066406,402.1925048828125
45,2.0,250.0,208.82521057128906,362.97149658203125,263.8356628417969,402.2826232910156
46,2.0,250.0,209.81764221191406,363.3382568359375,264.677490234375,401.9552917480469
47,2.0,250.0,211.10153198242188,363.1942138671875,266.5219421386719,402.2370910644531
48,2.0,250.0,210.822998046875,361.4927062988281,267.74017333984375,403.2130126953125
49,2.0,250.0,211.44898986816406,360.566162109375,268.3768615722656,403.3536071777344
50,2.0,250.0,211.9007568359375,359.6004943847656,269.0745544433594,403.30059814453125
51,2.0,250.0,212.83824157714844,358.697265625,270.377685546875,403.7001953125
52,2.0,250.0,213.5471954345703,358.34228515625,272.16973876953125,404.4866943359375
53,2.0,250.0,213.9607391357422,357.6356506347656,274.25445556640625,404.9143981933594
54,2.0,250.0,214.53347778320312,357.8142395019531,276.2644348144531,405.4520568847656
55,2.0,250.0,215.49453735351562,358.1629638671875,279.0139465332031,406.2807922363281
56,2.0,250.0,215.65679931640625,357.3934326171875,280.1039733886719,406.5608825683594
57,2.0,250.0,216.84219360351562,357.31024169921875,280.9449768066406,406.7110290527344
58,2.0,250.0,217.97825622558594,356.77838134765625,282.17523193359375,406.8955383300781
59,2.0,250.0,218.55589294433594,356.41571044921875,284.0123291015625,406.5997314453125
60,2.0,250.0,219.82461547851562,356.545166015625,286.97283935546875,407.28790283203125
61,2.0,250.0,220.60426330566406,356.2867431640625,289.7403564453125,408.8240051269531
62,2.0,250.0,222.08241271972656,356.6432800292969,291.31658935546875,409.57244873046875
63,2.0,250.0,223.5863800048828,356.4827575683594,292.4842834472656,409.8095703125
64,2.0,250.0,224.95758056640625,356.6732177734375,294.8718566894531,409.7246398925781
65,2.0,250.0,226.58843994140625,357.1155700683594,297.068603515625,410.13360595703125
66,2.0,250.0,227.5101776123047,357.1751403808594,299.4951171875,411.35430908203125
67,2.0,250.0,227.8253631591797,357.1485290527344,301.4237060546875,412.4631042480469
68,2.0,250.0,228.5556640625,357.92437744140625,303.05303955078125,413.0414123535156
69,2.0,250.0,229.0185546875,358.7258605957031,306.23492431640625,413.6533508300781
70,2.0,250.0,231.7246551513672,357.5343017578125,310.0429382324219,414.296142578125
71,2.0,250.0,232.8214874267578,356.9316711425781,312.7549743652344,416.2705383300781
72,2.0,250.0,234.02157592773438,356.7174987792969,315.6158142089844,417.5518798828125
73,2.0,250.0,237.19473266601562,356.87384033203125,317.72161865234375,417.7774658203125
74,2.0,250.0,239.10708618164062,356.4919738769531,319.7864074707031,418.0409240722656
75,2.0,250.0,240.6773681640625,356.13836669921875,322.9025573730469,418.5069580078125
76,2.0,250.0,241.2314453125,355.82952880859375,325.2929382324219,418.8960876464844
77,2.0,250.0,242.05055236816406,356.0613708496094,327.9421081542969,419.44903564453125
78,2.0,250.0,242.75193786621094,356.00201416015625,330.2498779296875,420.0821533203125
79,2.0,250.0,245.30934143066406,353.5830383300781,334.41180419921875,420.1666564941406
80,2.0,250.0,248.37347412109375,353.1479797363281,337.61846923828125,422.2620544433594
81,2.0,250.0,251.06858825683594,353.6758117675781,341.36602783203125,423.5190734863281
82,2.0,250.0,252.84645080566406,353.1158447265625,345.1822509765625,425.65386962890625
83,2.0,250.0,253.32249450683594,352.779052734375,348.24346923828125,427.25616455078125
84,2.0,250.0,253.4011688232422,352.54620361328125,352.8559875488281,428.288330078125
85,2.0,250.0,254.85348510742188,352.1717224121094,355.8960266113281,428.8310241699219
86,2.0,250.0,256.4416809082031,350.614990234375,361.63037109375,430.03436279296875
87,2.0,250.0,260.9640808105469,350.12530517578125,366.6075134277344,431.252197265625
88,2.0,250.0,263.3085632324219,349.976318359375,371.2265319824219,431.9156188964844
89,2.0,250.0,264.70672607421875,349.337890625,376.88055419921875,432.88653564453125
90,2.0,250.0,267.72589111328125,349.5543212890625,380.8183288574219,434.77490234375
91,2.0,250.0,271.435302734375,349.9972839355469,386.58978271484375,436.4429016113281
92,2.0,250.0,273.5701904296875,348.53033447265625,392.400146484375,438.806640625
93,2.0,250.0,275.5510559082031,349.04034423828125,398.8570861816406,440.1614990234375
94,2.0,250.0,277.4344787597656,348.53863525390625,404.39007568359375,441.2251892089844
95,2.0,250.0,281.2227783203125,347.6467590332031,410.2737121582031,442.9122619628906
96,2.0,250.0,285.4603271484375,346.2755432128906,417.48388671875,444.37591552734375
97,2.0,250.0,288.92999267578125,345.48834228515625,426.7065734863281,447.9171142578125
98,2.0,250.0,291.8459167480469,344.28668212890625,433.3533630371094,450.2536926269531
99,2.0,250.0,296.9942321777344,342.6221008300781,440.6180725097656,452.8710632324219
100,2.0,250.0,300.3057861328125,340.7352294921875,448.79205322265625,454.7987060546875
101,2.0,250.0,302.2117004394531,339.8069152832031,457.5796813964844,456.10394287109375
102,2.0,250.0,305.77911376953125,338.87298583984375,466.18359375,458.4914855957031
103,2.0,250.0,310.0543212890625,338.6601867675781,476.84808349609375,461.6551208496094
104,2.0,250.0,314.58526611328125,337.7723693847656,487.8688659667969,464.4651794433594
105,2.0,250.0,320.93292236328125,336.6382751464844,499.6571044921875,467.2760314941406
106,2.0,250.0,324.69903564453125,338.40570068359375,512.353271484375,471.76934814453125
107,2.0,250.0,331.8360900878906,337.6644592285156,526.436767578125,475.86212158203125
108,2.0,250.0,336.88934326171875,337.37872314453125,541.120361328125,478.5104675292969
109,2.0,250.0,344.5548095703125,335.3645935058594,556.9066772460938,482.72332763671875
110,2.0,250.0,354.0481872558594,333.8012390136719,575.2262573242188,486.92010498046875
111,2.0,250.0,361.24822998046875,332.87451171875,593.5687255859375,491.8705749511719
112,2.0,250.0,369.0589294433594,331.67138671875,614.8905639648438,498.26336669921875
113,2.0,250.0,376.86798095703125,328.4167785644531,637.6497192382812,506.2685852050781
114,2.0,250.0,388.182373046875,326.1459655761719,664.0181274414062,513.7683715820312
115,2.0,250.0,399.28009033203125,323.8106994628906,693.848876953125,519.2185668945312
116,2.0,250.0,411.3570556640625,319.8813781738281,725.3868408203125,529.5062866210938
117,2.0,250.0,423.1173400878906,316.0728454589844,760.9269409179688,538.837158203125
118,2.0,250.0,436.841552734375,313.0884704589844,801.2078247070312,550.5707397460938
119,2.0,250.0,454.8851013183594,311.8052673339844,848.2513427734375,560.514892578125
120,2.0,250.0,472.83160400390625,309.1531982421875,904.1998901367188,575.7191772460938
121,2.0,250.0,493.244140625,306.04705810546875,965.6757202148438,596.6734008789062
122,2.0,250.0,514.9854736328125,299.62640380859375,1037.888671875,619.2640991210938
123,2.0,250.0,542.39013671875,292.06793212890625,1122.843505859375,643.2277221679688
124,2.0,250.0,572.3269653320312,286.70098876953125,1227.5181884765625,675.0240478515625
125,2.0,250.0,608.9521484375,282.23602294921875,1353.3240966796875,714.3507690429688
126,2.0,250.0,652.3693237304688,273.3872375488281,1508.9451904296875,764.2425537109375
127,2.0,250.0,703.10888671875,265.35150146484375,1708.2103271484375,829.4661254882812
128,2.0,250.0,764.3948364257812,254.0778045654297,1855.74951171875,921.6755981445312
129,2.0,250.0,843.6611938476562,237.56700134277344,1916.2978515625,1016.4511108398438
130,2.0,250.0,947.7872924804688,218.15049743652344,1920.0,1044.9910888671875
131,2.0,250.0,1084.620361328125,186.7259521484375,1920.0,1046.1141357421875
132,2.0,250.0,1278.4451904296875,173.0260009765625,1920.0,1047.447265625
133,2.0,250.0,1563.1163330078125,206.12925720214844,1920.0,1075.6016845703125
