7,2.0,235.0,433.8061828613281,424.9116516113281,485.0744323730469,460.6540222167969
8,2.0,235.0,433.8873596191406,424.6127014160156,484.3116149902344,460.5262145996094
9,2.0,235.0,434.2940979003906,424.24212646484375,484.7963562011719,461.6335144042969
10,2.0,235.0,435.23028564453125,423.630615234375,485.865966796875,462.1704406738281
11,2.0,235.0,435.4424133300781,423.1641845703125,486.9239807128906,463.6425476074219
12,2.0,235.0,436.04815673828125,422.8795166015625,488.1593017578125,464.9152526855469
13,2.0,235.0,436.7422790527344,422.6856384277344,489.0385437011719,465.8493347167969
14,2.0,235.0,437.1891174316406,422.59674072265625,490.412353515625,465.4139709472656
15,2.0,235.0,437.0640563964844,423.1448974609375,490.9502868652344,465.0229797363281
16,2.0,235.0,437.6641845703125,422.24078369140625,491.3695068359375,465.8543701171875
17,2.0,235.0,438.4795227050781,421.55792236328125,491.7857666015625,464.9690856933594
18,2.0,235.0,438.4731750488281,421.5108642578125,492.6528625488281,464.9748840332031
19,2.0,235.0,439.2255859375,421.6894836425781,494.918212890625,466.0334777832031
20,2.0,235.0,439.6725769042969,421.83514404296875,496.4085693359375,466.9060974121094
21,2.0,235.0,439.9654235839844,421.79168701171875,497.3346252441406,467.302490234375
22,2.0,235.0,440.1451110839844,421.61004638671875,497.46942138671875,466.852294921875
23,2.0,235.0,440.336669921875,421.7718505859375,497.70587158203125,466.2206726074219
24,2.0,235.0,441.3954162597656,422.03765869140625,498.5274658203125,466.3079528808594
25,2.0,235.0,442.40789794921875,422.39556884765625,499.60394287109375,466.226806640625
26,2.0,235.0,443.4183044433594,423.4410705566406,500.9864196777344,466.77117919921875
27,2.0,235.0,444.9085693359375,424.7597351074219,502.83697509765625,467.3707580566406
28,2.0,235.0,445.7912902832031,424.6967468261719,504.2393493652344,468.2387390136719
29,2.0,235.0,446.50555419921875,424.69366455078125,505.67816162109375,469.3791198730469
30,2.0,235.0,446.8218078613281,425.1091613769531,507.8066101074219,469.951416015625
31,2.0,235.0,446.9913330078125,424.72149658203125,508.8009033203125,470.25244140625
32,2.0,235.0,447.26519775390625,423.8556213378906,509.03704833984375,469.52569580078125
33,2.0,235.0,448.22198486328125,424.1943664550781,509.9072265625,469.2569580078125
34,2.0,235.0,449.2474365234375,424.8857421875,510.2083435058594,468.8398132324219
35,2.0,235.0,450.2467041015625,424.9990539550781,511.0658874511719,469.3287353515625
36,2.0,235.0,450.4603576660156,424.94354248046875,512.6641235351562,470.2367248535156
37,2.0,235.0,451.6971740722656,425.075927734375,514.4596557617188,471.930908203125
38,2.0,235.0,452.5932312011719,424.3887634277344,515.743896484375,472.6020202636719
39,2.0,235.0,452.8433837890625,423.5165710449219,516.9992065429688,473.4122314453125
40,2.0,235.0,453.1304626464844,422.6257019042969,518.3020629882812,473.9270324707031
41,2.0,235.0,453.74493408203125,421.1449279785156,519.9912109375,474.1024169921875
42,2.0,235.0,453.77032470703125,420.8827209472656,520.8357543945312,474.2208557128906
43,2.0,235.0,453.9346923828125,421.3533630371094,521.4619750976562,474.9642639160156
44,2.0,235.0,454.44525146484375,421.93414306640625,522.705810546875,475.6784362792969
45,2.0,235.0,454.0436096191406,422.2964172363281,524.2139892578125,476.8106994628906
46,2.0,235.0,454.68701171875,422.0585632324219,524.7914428710938,477.10638427734375
47,2.0,235.0,455.4461975097656,422.28564453125,525.9923095703125,477.0892333984375
48,2.0,235.0,456.2306213378906,422.3005676269531,528.1907958984375,478.5013732910156
49,2.0,235.0,457.11907958984375,421.362060546875,530.602294921875,478.85296630859375
50,2.0,235.0,458.12652587890625,421.0923767089844,531.84814453125,478.9151916503906
51,2.0,235.0,458.54852294921875,420.1474609375,533.800048828125,479.2031555175781
52,2.0,235.0,459.63116455078125,419.5028076171875,534.6649169921875,479.0852355957031
53,2.0,235.0,459.5611267089844,420.6180419921875,536.1888427734375,478.8900146484375
55,2.0,235.0,461.1230773925781,420.02423095703125,540.0671997070312,479.8868103027344
56,2.0,235.0,461.8925476074219,420.89154052734375,541.98583984375,480.6039733886719
57,2.0,235.0,463.1824035644531,419.5100402832031,543.3820190429688,481.68145751953125
59,2.0,235.0,466.2136535644531,419.68524169921875,546.150146484375,483.3499755859375
60,2.0,235.0,467.8014221191406,419.9324645996094,549.02880859375,485.518310546875
61,2.0,235.0,468.28765869140625,420.0164794921875,551.2767944335938,486.5299072265625
62,2.0,235.0,468.5655517578125,420.26605224609375,552.33544921875,486.14697265625
63,2.0,235.0,469.284912109375,419.8236389160156,553.9046630859375,487.04345703125
64,2.0,235.0,469.5256652832031,419.5608215332031,556.5433959960938,487.5920104980469
65,2.0,235.0,470.07025146484375,419.39990234375,560.0068969726562,488.4730529785156
66,2.0,235.0,472.29034423828125,419.073486328125,561.9588012695312,488.98760986328125
67,2.0,235.0,473.13287353515625,418.4581604003906,563.8527221679688,489.7359924316406
68,2.0,235.0,474.68115234375,419.4744873046875,565.943359375,489.5289306640625
69,2.0,235.0,476.3036804199219,419.92559814453125,568.8331909179688,489.7567138671875
70,2.0,235.0,476.3501892089844,418.8126525878906,570.619873046875,489.875
71,2.0,235.0,478.2235107421875,419.89678955078125,572.4703979492188,492.036865234375
72,2.0,235.0,479.8302001953125,420.5674743652344,573.6719360351562,492.89862060546875
73,2.0,235.0,480.7634582519531,420.4280700683594,577.2150268554688,493.2642517089844
74,2.0,235.0,482.0591125488281,420.7543640136719,579.9934692382812,495.55523681640625
75,2.0,235.0,482.8501281738281,419.8528137207031,583.010986328125,499.00531005859375
76,2.0,235.0,483.8992614746094,419.2869567871094,586.1421508789062,499.78662109375
77,2.0,235.0,485.4206237792969,418.41815185546875,588.7088012695312,500.3443298339844
78,2.0,235.0,485.65899658203125,417.3341369628906,592.0797119140625,500.8145751953125
79,2.0,235.0,487.4808654785156,416.61639404296875,594.7627563476562,501.1372375488281
80,2.0,235.0,490.0501708984375,416.7698669433594,597.8617553710938,501.7634582519531
81,2.0,235.0,492.38958740234375,416.6943359375,601.2142944335938,502.0771789550781
82,2.0,235.0,494.0431823730469,415.99920654296875,605.5006103515625,502.55029296875
83,2.0,235.0,495.1572570800781,415.7252502441406,607.8909301757812,503.719970703125
84,2.0,235.0,496.2647705078125,415.6813659667969,611.3828735351562,504.7705078125
85,2.0,235.0,498.78759765625,415.824951171875,616.3323974609375,505.53143310546875
86,2.0,235.0,500.2643127441406,416.2585754394531,620.6996459960938,507.0655517578125
87,2.0,235.0,501.1871032714844,415.6521911621094,624.1079711914062,509.88604736328125
88,2.0,235.0,503.4287109375,414.3327331542969,628.5234375,511.9942626953125
89,2.0,235.0,504.5746154785156,413.85760498046875,631.7312622070312,513.1013793945312
90,2.0,235.0,506.1759033203125,413.7064208984375,635.453369140625,514.1314086914062
91,2.0,235.0,506.87298583984375,413.5954895019531,640.8622436523438,514.9605712890625
92,2.0,235.0,507.566162109375,413.9128112792969,645.10888671875,516.2382202148438
93,2.0,235.0,508.4805908203125,413.98468017578125,650.6822509765625,518.297607421875
94,2.0,235.0,511.3787841796875,413.1515197753906,656.4853515625,520.642578125
95,2.0,235.0,514.0362548828125,412.8043212890625,661.7048950195312,522.1283569335938
96,2.0,235.0,517.984619140625,411.88873291015625,667.8627319335938,523.2479858398438
97,2.0,235.0,519.8810424804688,412.0614929199219,673.0012817382812,524.5877075195312
98,2.0,235.0,523.2044067382812,411.9619445800781,678.658447265625,526.01025390625
99,2.0,235.0,526.8849487304688,410.94989013671875,685.2090454101562,528.2581176757812
100,2.0,235.0,528.466064453125,409.5084228515625,692.7709350585938,531.2708740234375
101,2.0,235.0,529.6748046875,408.7365417480469,699.6691284179688,534.7455444335938
102,2.0,235.0,532.2003784179688,408.1642761230469,706.5986938476562,536.4315185546875
103,2.0,235.0,538.6121826171875,408.46881103515625,714.6826782226562,537.4298706054688
104,2.0,235.0,541.036376953125,407.7176818847656,723.1753540039062,539.2356567382812
105,2.0,235.0,543.8156127929688,408.0417785644531,730.5582275390625,541.0020141601562
106,2.0,235.0,547.660400390625,406.6587829589844,738.274658203125,544.5271606445312
107,2.0,235.0,551.4702758789062,406.3868408203125,747.5603637695312,546.390380859375
108,2.0,235.0,554.5598754882812,405.0658874511719,756.85009765625,550.2777099609375
109,2.0,235.0,559.62109375,403.4931640625,768.0007934570312,553.4658813476562
110,2.0,235.0,562.6771850585938,402.11151123046875,777.9462890625,557.695556640625
111,2.0,235.0,567.9610595703125,401.32672119140625,788.9970092773438,560.8049926757812
112,2.0,235.0,573.7594604492188,400.7548522949219,800.7123413085938,565.3621826171875
113,2.0,235.0,578.1768798828125,400.373291015625,814.87353515625,569.582275390625
114,2.0,235.0,584.5387573242188,399.2172546386719,829.0667724609375,572.9068603515625
115,2.0,235.0,590.9821166992188,398.32159423828125,843.9525756835938,577.7206420898438
116,2.0,235.0,596.8032836914062,398.0162658691406,859.258544921875,581.8038330078125
117,2.0,235.0,601.5208129882812,396.73687744140625,876.6813354492188,586.4824829101562
118,2.0,235.0,608.1306762695312,396.1496887207031,894.538330078125,592.2241821289062
119,2.0,235.0,614.9808959960938,395.4014892578125,914.8562622070312,599.183837890625
120,2.0,235.0,621.400390625,395.2481994628906,935.802734375,607.7919311523438
121,2.0,235.0,629.7286376953125,393.15087890625,959.7556762695312,613.6907958984375
122,2.0,235.0,638.1090087890625,391.6553039550781,983.2933959960938,620.2086181640625
123,2.0,235.0,647.8704833984375,389.2029113769531,1010.9715576171875,629.687255859375
124,2.0,235.0,655.8381958007812,386.78814697265625,1040.0926513671875,637.4391479492188
125,2.0,235.0,665.9918212890625,384.9177551269531,1072.207763671875,648.5314331054688
126,2.0,235.0,677.0774536132812,382.87139892578125,1107.8326416015625,658.4208984375
127,2.0,235.0,691.1842651367188,380.21478271484375,1146.4566650390625,670.2457275390625
128,2.0,235.0,703.9969482421875,379.6380310058594,1189.458251953125,683.3546752929688
129,2.0,235.0,718.445556640625,375.67669677734375,1237.6085205078125,699.5945434570312
130,2.0,235.0,735.2351684570312,374.25927734375,1292.5615234375,716.5938110351562
131,2.0,235.0,751.5980224609375,373.4627380371094,1353.1878662109375,735.4668579101562
132,2.0,235.0,770.854736328125,368.5326232910156,1421.0423583984375,756.9695434570312
133,2.0,235.0,792.947509765625,363.2923583984375,1502.5841064453125,783.6942138671875
134,2.0,235.0,817.4412841796875,358.9253845214844,1593.8350830078125,814.4071655273438
135,2.0,235.0,845.023193359375,354.0002746582031,1696.305419921875,851.674072265625
136,2.0,235.0,871.9159545898438,349.742919921875,1819.2235107421875,895.4256591796875
137,2.0,235.0,908.3187866210938,342.1518249511719,1897.8179931640625,950.2793579101562
138,2.0,235.0,947.7776489257812,335.626708984375,1920.0,1013.4637451171875
139,2.0,235.0,994.4869995117188,328.5229797363281,1920.0,1057.73291015625
140,2.0,235.0,1048.48681640625,318.8753356933594,1920.0,1078.985595703125
141,2.0,235.0,1112.2725830078125,306.4828186035156,1920.0,1080.0
142,2.0,235.0,1191.056640625,294.6784362792969,1920.0,1078.640380859375
143,2.0,235.0,1284.8963623046875,279.3976745605469,1920.0,1072.758544921875
144,2.0,235.0,1404.25732421875,277.6351623535156,1920.0,1077.669677734375
145,2.0,235.0,1556.300048828125,298.63079833984375,1920.0,1080.0
