13,2.0,226.0,290.8460693359375,492.2157287597656,372.2196350097656,554.8759765625
14,2.0,226.0,291.468017578125,492.6042175292969,372.3493347167969,554.8987426757812
15,2.0,226.0,291.62200927734375,491.9276123046875,371.419921875,554.9424438476562
16,2.0,226.0,291.7217102050781,492.4925842285156,371.9200134277344,555.6567993164062
17,2.0,226.0,292.19403076171875,492.43359375,372.7901306152344,555.830810546875
18,2.0,226.0,293.8587341308594,492.5806579589844,373.8297119140625,556.4952392578125
20,2.0,226.0,294.4306335449219,493.369384765625,376.1795349121094,558.6012573242188
21,2.0,226.0,295.20074462890625,493.54754638671875,377.4059753417969,559.0534057617188
22,2.0,226.0,295.469970703125,493.50457763671875,379.3279113769531,560.342529296875
23,2.0,226.0,295.97027587890625,493.986572265625,381.0509338378906,560.4950561523438
24,2.0,226.0,297.2659606933594,494.4403076171875,383.73944091796875,560.1640014648438
25,2.0,226.0,298.2744445800781,494.7935791015625,385.6669921875,560.5228881835938
26,2.0,226.0,299.5010070800781,494.8798522949219,386.6606750488281,560.8009033203125
27,2.0,226.0,299.4233703613281,494.7265319824219,387.45556640625,560.7198486328125
28,2.0,226.0,300.7625427246094,494.0733947753906,388.1174621582031,561.404541015625
29,2.0,226.0,301.73651123046875,494.2255554199219,388.9540100097656,561.8892211914062
30,2.0,226.0,302.1279602050781,494.125244140625,391.1405334472656,561.5040893554688
31,2.0,226.0,301.7559509277344,493.94769287109375,393.4784240722656,562.0148315429688
32,2.0,226.0,301.24285888671875,493.9818420410156,394.4605407714844,562.7081298828125
33,2.0,226.0,301.6271667480469,493.76947021484375,394.95843505859375,563.516845703125
34,2.0,226.0,302.09710693359375,493.7177429199219,396.04229736328125,564.8912963867188
35,2.0,226.0,303.09051513671875,493.6632385253906,396.9960021972656,566.2557373046875
36,2.0,226.0,303.7431640625,494.0961608886719,397.8754577636719,566.460205078125
37,2.0,226.0,304.48785400390625,493.8030090332031,399.0467834472656,566.8890380859375
38,2.0,226.0,305.73291015625,493.4050598144531,400.8672180175781,567.565185546875
39,2.0,226.0,307.4468078613281,493.16412353515625,402.43402099609375,567.956298828125
40,2.0,226.0,307.5543212890625,493.813232421875,404.4795227050781,568.6636352539062
41,2.0,226.0,308.2705078125,493.90887451171875,406.19769287109375,569.6194458007812
42,2.0,226.0,309.2243957519531,492.9413757324219,407.3432312011719,570.1883544921875
43,2.0,226.0,310.7430114746094,493.0967102050781,408.68988037109375,570.5598754882812
44,2.0,226.0,312.0237121582031,493.4825439453125,411.2117614746094,571.1026611328125
45,2.0,226.0,313.3102111816406,493.6688537597656,413.09002685546875,571.9368896484375
46,2.0,226.0,313.65301513671875,493.76153564453125,414.93756103515625,572.3146362304688
47,2.0,226.0,313.7479248046875,493.4410095214844,417.8317565917969,572.8609619140625
48,2.0,226.0,314.32110595703125,493.380859375,418.7967529296875,574.105224609375
49,2.0,226.0,314.6331787109375,493.77410888671875,419.8219909667969,574.1199951171875
50,2.0,226.0,315.065673828125,493.77874755859375,420.8533935546875,574.6727905273438
51,2.0,226.0,315.149658203125,493.04974365234375,423.17645263671875,574.8705444335938
52,2.0,226.0,314.87567138671875,492.24163818359375,425.2076416015625,575.1997680664062
53,2.0,226.0,315.72052001953125,491.7908935546875,425.4737243652344,575.05615234375
54,2.0,226.0,316.510986328125,491.6724853515625,426.7843933105469,575.5230712890625
55,2.0,226.0,316.9005432128906,491.3924255371094,429.4820556640625,577.0177612304688
56,2.0,226.0,318.18731689453125,491.27459716796875,431.4435729980469,577.68017578125
57,2.0,226.0,319.6886901855469,491.0520324707031,434.24908447265625,578.2820434570312
58,2.0,226.0,321.0721740722656,491.28546142578125,436.67010498046875,579.3934936523438
59,2.0,226.0,323.4111633300781,491.4009094238281,438.2527160644531,579.8785400390625
60,2.0,226.0,323.85333251953125,490.7602233886719,439.77349853515625,580.28662109375
61,2.0,226.0,323.5054016113281,490.6986389160156,442.8287658691406,580.7749633789062
62,2.0,226.0,324.0140686035156,490.1645202636719,445.52435302734375,583.4802856445312
63,2.0,226.0,324.8032531738281,490.1302185058594,448.1435546875,584.9791259765625
64,2.0,226.0,325.7754211425781,490.4407653808594,451.60296630859375,585.7050170898438
65,2.0,226.0,326.6944885253906,491.0735168457031,452.5252990722656,585.6787719726562
66,2.0,226.0,328.35784912109375,490.2543640136719,454.86505126953125,586.30224609375
67,2.0,226.0,329.5682373046875,490.8136901855469,458.8929443359375,586.8381958007812
68,2.0,226.0,330.96636962890625,490.0216064453125,461.0938415527344,586.9785766601562
69,2.0,226.0,332.5135803222656,489.4481506347656,463.38238525390625,587.9033813476562
70,2.0,226.0,334.2723083496094,488.78289794921875,465.4411926269531,588.7481689453125
71,2.0,226.0,334.87774658203125,488.84375,468.4161376953125,590.2615966796875
72,2.0,226.0,335.36419677734375,489.23065185546875,471.2518310546875,592.0276489257812
73,2.0,226.0,336.0245361328125,488.6670837402344,472.8450927734375,592.592041015625
74,2.0,226.0,335.4909973144531,489.29534912109375,475.72467041015625,593.6397705078125
75,2.0,226.0,338.3787841796875,489.4370422363281,479.5052185058594,594.5484619140625
76,2.0,226.0,340.36737060546875,489.1128845214844,483.5877990722656,595.5585327148438
77,2.0,226.0,341.6542053222656,488.27886962890625,486.1558532714844,595.9989013671875
78,2.0,226.0,343.0833740234375,487.948974609375,488.33892822265625,596.0528564453125
79,2.0,226.0,345.6599426269531,487.6866455078125,491.4858093261719,596.6318359375
80,2.0,226.0,348.3277282714844,487.1173400878906,495.7794189453125,597.2736206054688
81,2.0,226.0,350.52947998046875,486.870361328125,499.81195068359375,597.7552490234375
82,2.0,226.0,351.3162841796875,485.7456970214844,502.31884765625,599.0883178710938
83,2.0,226.0,351.99932861328125,485.01104736328125,505.6152648925781,600.6493530273438
84,2.0,226.0,354.3871765136719,485.228271484375,508.3119812011719,603.2129516601562
85,2.0,226.0,356.4339599609375,485.4832458496094,510.55084228515625,604.9094848632812
86,2.0,226.0,358.2215576171875,485.0068359375,516.6023559570312,607.0327758789062
87,2.0,226.0,359.9722595214844,484.8731994628906,521.6815795898438,608.1236572265625
88,2.0,226.0,361.2355041503906,484.9149475097656,526.4491577148438,608.833740234375
89,2.0,226.0,362.8959045410156,485.480224609375,529.603515625,609.0440673828125
90,2.0,226.0,364.61944580078125,485.759521484375,532.4345092773438,609.6055908203125
91,2.0,226.0,367.01806640625,485.9920959472656,536.0902709960938,610.15869140625
92,2.0,226.0,369.7037048339844,485.267578125,541.4408569335938,611.7265014648438
93,2.0,226.0,372.2520446777344,485.4490661621094,546.9329223632812,612.2816772460938
94,2.0,226.0,372.80560302734375,484.5101623535156,550.9484252929688,614.9232177734375
95,2.0,226.0,373.8177185058594,484.1329040527344,555.7446899414062,616.6209716796875
96,2.0,226.0,375.1650390625,484.9357604980469,559.671142578125,618.4194946289062
97,2.0,226.0,376.6375427246094,484.2037658691406,565.6751708984375,619.847900390625
98,2.0,226.0,379.655517578125,484.3541564941406,571.7341918945312,620.8136596679688
99,2.0,226.0,381.8533630371094,483.97265625,578.0746459960938,622.28564453125
100,2.0,226.0,384.3458251953125,483.2545471191406,583.691162109375,623.12255859375
101,2.0,226.0,386.3564758300781,482.5836181640625,588.5662841796875,625.2910766601562
102,2.0,226.0,388.9922790527344,482.3940124511719,594.6316528320312,627.3749389648438
103,2.0,226.0,392.92889404296875,481.9337158203125,601.764404296875,629.6668090820312
104,2.0,226.0,395.5258483886719,481.1235656738281,607.45263671875,632.2547607421875
105,2.0,226.0,399.0551452636719,480.4588317871094,614.910888671875,633.8641357421875
106,2.0,226.0,403.1963195800781,480.39227294921875,621.628662109375,636.1302490234375
107,2.0,226.0,406.5363464355469,480.0555114746094,627.9379272460938,638.9191284179688
108,2.0,226.0,408.5375671386719,479.95477294921875,635.6096801757812,640.11767578125
109,2.0,226.0,409.56500244140625,478.9297790527344,642.3629150390625,642.0020141601562
110,2.0,226.0,412.74530029296875,478.032958984375,651.10400390625,645.18115234375
111,2.0,226.0,416.517578125,477.0000915527344,658.65087890625,648.024658203125
112,2.0,226.0,420.3414611816406,476.06268310546875,667.6822509765625,650.2518920898438
113,2.0,226.0,423.8276062011719,475.2911376953125,675.7435302734375,654.094970703125
114,2.0,226.0,428.1336975097656,474.8792724609375,685.1033935546875,655.9303588867188
115,2.0,226.0,430.4818115234375,473.9607238769531,694.3622436523438,659.5369873046875
116,2.0,226.0,434.6568298339844,473.9697570800781,704.854736328125,661.707763671875
117,2.0,226.0,439.2606201171875,473.541259765625,714.7232666015625,665.255859375
118,2.0,226.0,443.65179443359375,473.6789245605469,726.255859375,667.3175659179688
119,2.0,226.0,447.7712707519531,473.69659423828125,736.583251953125,671.3982543945312
120,2.0,226.0,453.3643798828125,473.5832214355469,748.5396728515625,676.5265502929688
121,2.0,226.0,456.6372375488281,473.7046203613281,760.252685546875,681.061279296875
122,2.0,226.0,461.39166259765625,473.5997619628906,773.6948852539062,683.201416015625
123,2.0,226.0,465.8306579589844,474.6260070800781,786.3679809570312,687.2407836914062
124,2.0,226.0,469.5293273925781,473.7427673339844,800.814208984375,692.76513671875
125,2.0,226.0,474.8058776855469,472.781982421875,816.4515991210938,695.5186157226562
126,2.0,226.0,479.984619140625,472.2850341796875,831.1998901367188,701.4296875
127,2.0,226.0,485.057373046875,472.0118713378906,847.982666015625,707.59716796875
128,2.0,226.0,491.6477355957031,471.83660888671875,864.2520141601562,711.4288940429688
129,2.0,226.0,498.4169006347656,471.2865905761719,881.987548828125,718.1498413085938
130,2.0,226.0,505.609130859375,469.3705749511719,900.7603759765625,724.2882690429688
131,2.0,226.0,510.74700927734375,468.32330322265625,921.599365234375,729.0254516601562
132,2.0,226.0,516.5274658203125,467.8370666503906,942.043212890625,735.5178833007812
133,2.0,226.0,524.6910400390625,465.5591125488281,965.3158569335938,741.2113647460938
134,2.0,226.0,534.1511840820312,464.77008056640625,989.4152221679688,746.239013671875
135,2.0,226.0,542.3410034179688,463.1551208496094,1013.2515869140625,757.8386840820312
136,2.0,226.0,549.7733764648438,461.8095703125,1041.114013671875,764.9053955078125
137,2.0,226.0,557.4375,460.43548583984375,1068.4737548828125,771.4374389648438
138,2.0,226.0,569.2565307617188,459.2196960449219,1098.837890625,781.2876586914062
139,2.0,226.0,579.5366821289062,457.2265319824219,1133.09130859375,793.5720825195312
140,2.0,226.0,590.420166015625,455.34344482421875,1167.8853759765625,805.4674682617188
141,2.0,226.0,602.6647338867188,454.9814758300781,1204.2386474609375,817.8980712890625
142,2.0,226.0,615.6331787109375,455.249267578125,1242.4288330078125,829.2045288085938
143,2.0,226.0,629.2451171875,452.9428405761719,1285.813720703125,843.4449462890625
144,2.0,226.0,642.3276977539062,450.67449951171875,1333.3641357421875,860.6658325195312
145,2.0,226.0,656.482421875,448.2525939941406,1383.4300537109375,877.0670166015625
146,2.0,226.0,672.491943359375,446.6453857421875,1439.822265625,894.82861328125
147,2.0,226.0,688.9124755859375,444.0169372558594,1500.29833984375,915.6802368164062
148,2.0,226.0,706.20849609375,442.2703857421875,1565.0718994140625,937.6414184570312
149,2.0,226.0,726.3296508789062,441.11614990234375,1636.8021240234375,963.8184814453125
150,2.0,226.0,747.0177612304688,438.9407958984375,1715.997802734375,991.50537109375
151,2.0,226.0,767.5457763671875,431.8541564941406,1800.9700927734375,1021.8988037109375
152,2.0,226.0,793.3493041992188,432.3046875,1891.6923828125,1054.0777587890625
153,2.0,226.0,819.5682983398438,431.8009338378906,1920.0,1071.82861328125
154,2.0,226.0,848.237060546875,427.88934326171875,1920.0,1080.0
155,2.0,226.0,884.49853515625,426.4056396484375,1920.0,1080.0
156,2.0,226.0,916.5408325195312,420.7080078125,1920.0,1080.0
157,2.0,226.0,955.0700073242188,415.9034118652344,1920.0,1080.0
158,2.0,226.0,997.1386108398438,412.50372314453125,1920.0,1078.719482421875
159,2.0,226.0,1043.826171875,404.4008483886719,1920.0,1076.638916015625
160,2.0,226.0,1100.03271484375,393.9563903808594,1920.0,1073.820556640625
161,2.0,226.0,1156.9307861328125,388.3804626464844,1920.0,1074.0338134765625
162,2.0,226.0,1221.518798828125,380.0833740234375,1920.0,1074.8087158203125
163,2.0,226.0,1297.7734375,377.7381896972656,1920.0,1075.189697265625
164,2.0,226.0,1384.8070068359375,376.2337951660156,1920.0,1076.923095703125
165,2.0,226.0,1484.22705078125,387.6063232421875,1920.0,1078.1422119140625
166,2.0,226.0,1602.3782958984375,418.4000244140625,1920.0,1075.4453125
167,2.0,226.0,1738.898681640625,554.0245971679688,1920.0,1074.6602783203125
