2,2.0,90.0,245.52171325683594,397.98431396484375,298.9920654296875,434.2810974121094
3,2.0,90.0,245.7271270751953,397.7294616699219,299.34344482421875,434.6591491699219
4,2.0,90.0,246.72433471679688,398.1675109863281,298.7786560058594,435.302978515625
5,2.0,90.0,247.3154754638672,398.0466613769531,299.0456848144531,435.5788269042969
6,2.0,90.0,248.02987670898438,397.23614501953125,299.6583251953125,435.6730041503906
7,2.0,90.0,248.30711364746094,396.7167663574219,300.1924133300781,435.924072265625
8,2.0,90.0,248.8931427001953,396.7063903808594,300.29547119140625,436.0096435546875
9,2.0,90.0,248.78843688964844,396.5530700683594,300.04400634765625,436.0470275878906
10,2.0,90.0,248.88844299316406,396.4671630859375,300.59832763671875,436.07147216796875
11,2.0,90.0,249.61004638671875,396.6813659667969,302.94586181640625,436.3880310058594
12,2.0,90.0,249.26788330078125,396.8146057128906,304.2727355957031,437.0484924316406
13,2.0,90.0,249.59146118164062,396.49908447265625,304.90020751953125,437.02960205078125
14,2.0,90.0,249.7860107421875,397.0307312011719,305.6468811035156,437.6098937988281
15,2.0,90.0,250.20188903808594,397.1191101074219,306.66595458984375,437.8443908691406
16,2.0,90.0,250.1923828125,397.0453186035156,307.4951477050781,438.21405029296875
17,2.0,90.0,249.89068603515625,397.0179443359375,308.1222839355469,439.4048767089844
18,2.0,90.0,250.6902618408203,396.7498779296875,309.5566711425781,440.2701416015625
19,2.0,90.0,251.1731719970703,396.3716125488281,310.3096008300781,441.1379089355469
20,2.0,90.0,251.63230895996094,396.0863342285156,311.2586669921875,441.7461853027344
21,2.0,90.0,252.52586364746094,395.59130859375,312.6645812988281,441.86163330078125
22,2.0,90.0,254.0886993408203,395.2524108886719,314.0431213378906,441.9458923339844
23,2.0,90.0,254.72158813476562,395.13983154296875,314.83135986328125,442.1363220214844
24,2.0,90.0,256.2900085449219,394.9490051269531,316.13629150390625,441.7193603515625
25,2.0,90.0,256.5847473144531,395.00579833984375,317.5021057128906,441.5246276855469
26,2.0,90.0,257.3332214355469,395.1836853027344,318.1585998535156,442.1133117675781
27,2.0,90.0,257.4320373535156,395.7588806152344,318.44622802734375,442.55316162109375
28,2.0,90.0,257.15765380859375,396.03619384765625,318.5030517578125,443.1235046386719
29,2.0,90.0,257.5770568847656,395.91510009765625,319.151611328125,444.6644287109375
30,2.0,90.0,257.3737487792969,395.70904541015625,320.2203369140625,445.8961486816406
31,2.0,90.0,256.8334045410156,395.5077819824219,321.46856689453125,446.0410461425781
32,2.0,90.0,256.9589538574219,395.2807312011719,322.4370422363281,446.3630676269531
33,2.0,90.0,258.2984619140625,394.9624938964844,324.4051208496094,446.6575012207031
34,2.0,90.0,260.535400390625,395.0268859863281,324.83367919921875,446.8384094238281
35,2.0,90.0,260.3612060546875,395.3097839355469,325.3912658691406,447.40692138671875
36,2.0,90.0,260.4939270019531,395.6086120605469,327.4383239746094,447.6155090332031
37,2.0,90.0,261.45361328125,396.2992858886719,329.3825988769531,448.1552734375
38,2.0,90.0,261.6412048339844,396.5770263671875,330.78497314453125,448.11309814453125
39,2.0,90.0,262.004150390625,395.9071350097656,330.6915283203125,448.113037109375
40,2.0,90.0,261.4044494628906,396.43634033203125,330.7782287597656,447.9625244140625
41,2.0,90.0,261.1477355957031,396.75469970703125,331.0751647949219,447.4485778808594
42,2.0,90.0,262.5970458984375,396.82171630859375,332.1084289550781,447.8735046386719
43,2.0,90.0,263.4563903808594,396.8194885253906,332.84771728515625,449.0099792480469
44,2.0,90.0,263.7208251953125,396.3510437011719,335.4611511230469,449.95269775390625
45,2.0,90.0,263.1329040527344,396.3348388671875,338.0879211425781,450.76458740234375
46,2.0,90.0,263.9615783691406,396.0789794921875,339.8043518066406,450.99163818359375
47,2.0,90.0,264.505615234375,395.8236083984375,339.9595947265625,451.3179016113281
48,2.0,90.0,265.3955993652344,396.00677490234375,342.12603759765625,451.6802978515625
49,2.0,90.0,266.28179931640625,396.3566589355469,343.7990417480469,451.9427795410156
50,2.0,90.0,265.9773254394531,396.0962219238281,344.5716857910156,452.7156066894531
51,2.0,90.0,266.1449890136719,395.7057189941406,346.709228515625,453.1246337890625
52,2.0,90.0,266.0646667480469,395.705322265625,347.856201171875,453.4032287597656
53,2.0,90.0,266.0571594238281,395.4977722167969,348.6101989746094,453.74017333984375
54,2.0,90.0,266.0505676269531,394.9163513183594,350.48681640625,454.3139343261719
55,2.0,90.0,266.05804443359375,394.6263732910156,352.092041015625,455.1652526855469
56,2.0,90.0,265.9766540527344,395.2275085449219,354.2713317871094,457.0249938964844
57,2.0,90.0,266.5739440917969,395.1339416503906,356.1357421875,458.30401611328125
58,2.0,90.0,267.0681457519531,394.82049560546875,356.4120178222656,458.8492736816406
59,2.0,90.0,267.5156555175781,394.8041076660156,358.1373596191406,459.58502197265625
60,2.0,90.0,268.5649108886719,394.59619140625,359.6692810058594,460.4164123535156
61,2.0,90.0,269.3124084472656,394.2923278808594,361.00408935546875,460.213134765625
62,2.0,90.0,270.5103759765625,394.2469177246094,362.2998352050781,461.0337829589844
63,2.0,90.0,271.33673095703125,393.9237060546875,366.0233154296875,462.716064453125
64,2.0,90.0,272.3905944824219,393.40093994140625,368.7108459472656,463.221435546875
65,2.0,90.0,274.1601257324219,393.07379150390625,370.5931091308594,464.3219909667969
66,2.0,90.0,274.8805847167969,392.71661376953125,372.5523986816406,464.7631530761719
67,2.0,90.0,274.3596496582031,393.2088317871094,374.31268310546875,465.6325378417969
68,2.0,90.0,276.4084777832031,392.80072021484375,375.2792053222656,465.2337341308594
69,2.0,90.0,277.5584716796875,392.96710205078125,377.2039794921875,465.5933532714844
70,2.0,90.0,277.8851318359375,393.3086853027344,379.85235595703125,466.4187316894531
71,2.0,90.0,281.6930847167969,392.7803649902344,381.5421447753906,467.163330078125
72,2.0,90.0,282.55828857421875,391.87115478515625,384.5628967285156,468.2026062011719
73,2.0,90.0,282.5954895019531,391.7545166015625,387.0966491699219,468.3765869140625
74,2.0,90.0,284.9537658691406,391.56695556640625,389.4654846191406,469.05364990234375
75,2.0,90.0,286.1619567871094,391.5813903808594,393.0042724609375,470.90899658203125
76,2.0,90.0,287.56219482421875,391.201416015625,396.2628173828125,472.1322326660156
77,2.0,90.0,287.86077880859375,390.5871887207031,398.30548095703125,473.7915344238281
78,2.0,90.0,289.0130615234375,390.2574768066406,401.16851806640625,474.98663330078125
79,2.0,90.0,289.33026123046875,389.16949462890625,402.98846435546875,475.7680358886719
80,2.0,90.0,289.5160827636719,388.9925842285156,406.9548034667969,476.0874938964844
81,2.0,90.0,289.874267578125,389.0937194824219,410.0214538574219,477.02606201171875
82,2.0,90.0,289.9494323730469,389.04974365234375,412.8782958984375,477.98077392578125
83,2.0,90.0,291.5126953125,389.6056823730469,415.8700256347656,479.1644287109375
84,2.0,90.0,292.7099304199219,389.23773193359375,420.345947265625,479.9031677246094
85,2.0,90.0,296.52978515625,389.19091796875,424.1349792480469,481.3172302246094
86,2.0,90.0,296.96942138671875,389.02081298828125,426.6607971191406,484.02667236328125
87,2.0,90.0,298.763916015625,388.580322265625,430.2974853515625,484.3857421875
88,2.0,90.0,302.0174560546875,387.8199768066406,434.7900695800781,485.5302429199219
89,2.0,90.0,302.6686096191406,387.6369323730469,437.5426025390625,486.9586486816406
90,2.0,90.0,303.1531066894531,387.50128173828125,442.4794921875,488.056396484375
91,2.0,90.0,305.23291015625,387.9752197265625,446.151123046875,489.3282165527344
92,2.0,90.0,306.4006652832031,387.5728454589844,451.1329650878906,490.24798583984375
93,2.0,90.0,309.6077575683594,387.71630859375,455.8907775878906,490.7580261230469
94,2.0,90.0,311.03594970703125,387.2386474609375,459.64105224609375,492.54583740234375
95,2.0,90.0,311.1011962890625,386.9004211425781,465.151123046875,493.498046875
96,2.0,90.0,312.0265197753906,386.51861572265625,469.32708740234375,496.4562072753906
97,2.0,90.0,311.5128173828125,385.80609130859375,475.0220947265625,498.5972900390625
98,2.0,90.0,313.77545166015625,385.0107116699219,481.10675048828125,500.8243103027344
99,2.0,90.0,317.0887451171875,384.82135009765625,485.29046630859375,502.44012451171875
100,2.0,90.0,320.3879699707031,384.40045166015625,491.7058410644531,504.1331787109375
101,2.0,90.0,324.3996276855469,383.8818359375,497.8321838378906,506.0530700683594
102,2.0,90.0,326.4175109863281,382.319091796875,504.7447509765625,508.78460693359375
103,2.0,90.0,328.83026123046875,381.81787109375,511.2240905761719,510.1844177246094
104,2.0,90.0,332.36895751953125,382.7507019042969,519.071044921875,514.1122436523438
105,2.0,90.0,331.7928466796875,382.67620849609375,527.0261840820312,517.2872924804688
106,2.0,90.0,332.3356628417969,380.6748046875,533.9384765625,519.9732666015625
107,2.0,90.0,333.58819580078125,379.22802734375,543.05859375,521.6578979492188
108,2.0,90.0,337.378173828125,377.66033935546875,550.7614135742188,524.2203979492188
109,2.0,90.0,340.1933288574219,376.3866882324219,558.4261474609375,526.8864135742188
110,2.0,90.0,344.2563781738281,375.1756591796875,568.21142578125,532.6337280273438
111,2.0,90.0,346.2779235839844,374.29034423828125,578.3895263671875,536.2976684570312
112,2.0,90.0,351.9387512207031,373.4722595214844,589.9647216796875,538.9503784179688
113,2.0,90.0,353.72113037109375,372.9171142578125,601.0977783203125,542.6995849609375
114,2.0,90.0,358.1654357910156,372.2917785644531,613.7437744140625,544.6544799804688
115,2.0,90.0,361.6485595703125,371.1189880371094,625.041259765625,547.673828125
116,2.0,90.0,365.60015869140625,370.04425048828125,638.5391845703125,551.3108520507812
117,2.0,90.0,370.1903076171875,368.3754577636719,651.9197998046875,558.0060424804688
118,2.0,90.0,374.3280334472656,367.0313415527344,667.8486328125,563.9298706054688
119,2.0,90.0,380.1136779785156,365.843505859375,684.0228881835938,570.531982421875
120,2.0,90.0,384.1158142089844,364.7671203613281,701.3739624023438,575.4216918945312
121,2.0,90.0,391.06085205078125,363.0605773925781,720.0137329101562,580.5803833007812
122,2.0,90.0,397.23828125,360.5008544921875,740.2587280273438,586.4364013671875
123,2.0,90.0,403.43389892578125,358.4469299316406,762.3184814453125,595.5570068359375
124,2.0,90.0,409.4532470703125,356.67767333984375,786.0288696289062,602.2553100585938
125,2.0,90.0,416.9942321777344,355.0990295410156,812.2376098632812,611.0676879882812
126,2.0,90.0,424.5237731933594,353.75836181640625,839.4796142578125,620.657470703125
127,2.0,90.0,430.74652099609375,351.6524963378906,872.543701171875,630.82666015625
128,2.0,90.0,439.8985900878906,349.263916015625,906.04345703125,644.3577270507812
129,2.0,90.0,449.4893493652344,347.52166748046875,943.4361572265625,656.074462890625
130,2.0,90.0,458.7510681152344,345.1249084472656,985.3907470703125,672.0609741210938
131,2.0,90.0,467.618408203125,342.34136962890625,1032.1328125,688.8175048828125
132,2.0,90.0,478.7652282714844,339.2512512207031,1082.7459716796875,709.3722534179688
133,2.0,90.0,494.07049560546875,335.863037109375,1141.8114013671875,730.2911376953125
134,2.0,90.0,508.14227294921875,333.3455810546875,1209.8387451171875,754.0773315429688
135,2.0,90.0,521.1862182617188,330.4915466308594,1288.9971923828125,781.5221557617188
136,2.0,90.0,539.7249755859375,326.9370422363281,1379.4349365234375,813.8585815429688
137,2.0,90.0,557.5550537109375,321.8299865722656,1479.6611328125,853.9404296875
138,2.0,90.0,576.7298583984375,316.5318603515625,1600.95703125,898.5201416015625
139,2.0,90.0,600.2513427734375,309.3408203125,1736.4345703125,951.6704711914062
140,2.0,90.0,628.3024291992188,303.25347900390625,1867.6513671875,1017.2654418945312
141,2.0,90.0,662.92138671875,295.67657470703125,1918.4349365234375,1059.25341796875
142,2.0,90.0,702.7733764648438,288.84478759765625,1920.0,1076.6998291015625
143,2.0,90.0,750.2556762695312,275.18511962890625,1920.0,1080.0
144,2.0,90.0,802.3867797851562,259.868896484375,1920.0,1078.1412353515625
145,2.0,90.0,849.335693359375,244.2064208984375,1920.0,1076.98974609375
146,2.0,90.0,926.7437744140625,223.574951171875,1920.0,1075.4837646484375
147,2.0,90.0,1021.9081420898438,195.66790771484375,1920.0,1075.4713134765625
148,2.0,90.0,1139.9381103515625,185.43519592285156,1920.0,1075.8001708984375
149,2.0,90.0,1289.7933349609375,212.4140625,1920.0,1078.5570068359375
150,2.0,90.0,1487.9586181640625,302.3819580078125,1920.0,1078.4918212890625
