61,2.0,108.0,454.38775634765625,461.8107604980469,505.11737060546875,497.8200988769531
62,2.0,108.0,455.9984436035156,463.2921142578125,506.0884094238281,498.8573303222656
63,2.0,108.0,457.7525634765625,463.2939453125,507.5337829589844,499.3515930175781
64,2.0,108.0,458.2583923339844,462.92352294921875,508.5247802734375,499.7043151855469
65,2.0,108.0,457.9627380371094,462.6636047363281,508.7633361816406,499.6428527832031
66,2.0,108.0,458.5743713378906,461.3627014160156,509.4549865722656,499.84539794921875
67,2.0,108.0,459.525634765625,461.3599548339844,510.0604553222656,499.89361572265625
68,2.0,108.0,460.4253845214844,461.5105895996094,510.7061462402344,500.0550537109375
69,2.0,108.0,460.5662841796875,461.8826599121094,511.8330078125,500.15704345703125
70,2.0,108.0,460.2392883300781,461.6359558105469,513.0573120117188,500.48870849609375
71,2.0,108.0,460.26312255859375,461.2689514160156,514.6383666992188,500.70355224609375
72,2.0,108.0,461.53955078125,460.451171875,516.2886352539062,502.9080810546875
73,2.0,108.0,462.12432861328125,459.3819274902344,518.5171508789062,503.6504211425781
74,2.0,108.0,462.5323791503906,459.0796203613281,520.71337890625,504.04815673828125
75,2.0,108.0,463.3228454589844,459.4706726074219,523.2778930664062,504.5039367675781
76,2.0,108.0,464.1990661621094,460.0533447265625,525.8093872070312,505.4851989746094
77,2.0,108.0,465.7810363769531,460.82666015625,528.5122680664062,505.6878662109375
78,2.0,108.0,466.80841064453125,460.6649169921875,529.6011962890625,505.917724609375
79,2.0,108.0,467.2074890136719,461.2177429199219,531.4319458007812,506.53472900390625
80,2.0,108.0,468.849365234375,461.7107849121094,532.1494750976562,506.3201599121094
81,2.0,108.0,469.3675842285156,460.8097839355469,533.3291625976562,506.47564697265625
82,2.0,108.0,469.3761901855469,460.1981201171875,535.6178588867188,507.1890869140625
83,2.0,108.0,468.9946594238281,458.9247741699219,537.90966796875,507.885009765625
84,2.0,108.0,468.5282897949219,459.28680419921875,540.0010986328125,508.9100341796875
85,2.0,108.0,468.76873779296875,459.5901184082031,541.320068359375,509.7535095214844
87,2.0,108.0,471.5146484375,457.5015563964844,547.222412109375,511.3983459472656
88,2.0,108.0,473.51751708984375,455.264892578125,550.382568359375,511.24664306640625
90,2.0,108.0,477.03485107421875,455.42242431640625,555.5911254882812,513.1251220703125
92,2.0,108.0,479.41290283203125,455.28656005859375,559.9876098632812,513.9906005859375
94,2.0,108.0,482.55157470703125,454.7974548339844,564.1666259765625,515.7220458984375
97,2.0,108.0,483.1709899902344,453.8317565917969,571.2186889648438,518.9637451171875
98,2.0,108.0,484.2392578125,453.843017578125,576.5274658203125,520.951904296875
99,2.0,108.0,487.528076171875,452.6162414550781,582.019775390625,523.4420776367188
100,2.0,108.0,489.8649597167969,451.68212890625,585.4992065429688,524.5894165039062
101,2.0,108.0,492.3083801269531,452.64410400390625,589.1537475585938,525.5701904296875
105,2.0,108.0,500.6859436035156,451.04119873046875,605.06494140625,528.0521850585938
106,2.0,108.0,502.01068115234375,450.856689453125,611.6922607421875,532.0469360351562
107,2.0,108.0,503.9482727050781,450.1307373046875,616.6446533203125,534.1696166992188
108,2.0,108.0,505.6443176269531,448.9870910644531,623.3387451171875,536.71240234375
109,2.0,108.0,507.76177978515625,448.7171936035156,628.8871459960938,537.7667846679688
110,2.0,108.0,509.8235778808594,445.6039733886719,635.1287231445312,538.2635498046875
111,2.0,108.0,513.2133178710938,444.9664306640625,642.1477661132812,539.62646484375
112,2.0,108.0,515.1372680664062,445.8904724121094,650.1817626953125,540.8760375976562
113,2.0,108.0,518.8485107421875,445.5096740722656,657.4711303710938,544.976318359375
114,2.0,108.0,521.3812866210938,444.8037414550781,665.9279174804688,547.2610473632812
115,2.0,108.0,525.1881103515625,443.9154357910156,673.7161865234375,548.370361328125
116,2.0,108.0,526.929931640625,441.4363098144531,681.2296142578125,550.8821411132812
117,2.0,108.0,531.2228393554688,442.6621398925781,691.441162109375,554.4539794921875
118,2.0,108.0,537.02294921875,442.181396484375,702.3618774414062,557.4307861328125
119,2.0,108.0,540.0223388671875,440.6326904296875,714.452880859375,561.67578125
120,2.0,108.0,545.1331787109375,439.2719421386719,726.6722412109375,564.41796875
121,2.0,108.0,549.2069702148438,436.9346008300781,739.73828125,569.4818725585938
122,2.0,108.0,553.7726440429688,437.2900695800781,754.2009887695312,572.77783203125
123,2.0,108.0,558.1477661132812,435.8021240234375,770.0536499023438,578.2947387695312
124,2.0,108.0,563.3602905273438,434.2529296875,787.0215454101562,583.0860595703125
125,2.0,108.0,570.4105834960938,431.2003173828125,807.4492797851562,588.0740966796875
126,2.0,108.0,575.7681274414062,430.2508850097656,827.418701171875,593.83349609375
127,2.0,108.0,585.1878051757812,429.34112548828125,851.3583984375,601.7179565429688
128,2.0,108.0,595.2468872070312,425.6072692871094,877.4410400390625,609.1787109375
129,2.0,108.0,605.4733276367188,422.85394287109375,907.5523071289062,617.6468505859375
130,2.0,108.0,616.17431640625,419.6809997558594,941.0514526367188,626.9139404296875
133,2.0,108.0,654.536376953125,412.41937255859375,1078.580810546875,662.9813232421875
134,2.0,108.0,670.7509765625,407.7896728515625,1139.459228515625,685.99658203125
135,2.0,108.0,690.6116333007812,401.5174560546875,1214.1695556640625,708.3902587890625
136,2.0,108.0,713.55029296875,394.6062316894531,1304.8203125,736.5263061523438
137,2.0,108.0,740.082275390625,386.92999267578125,1419.1875,773.0941162109375
138,2.0,108.0,770.5140991210938,377.4797058105469,1560.9073486328125,818.6243896484375
139,2.0,108.0,809.4432983398438,366.1314697265625,1744.03515625,879.9251098632812
140,2.0,108.0,856.1690673828125,352.98822021484375,1866.3914794921875,968.2045288085938
141,2.0,108.0,917.4232177734375,336.05865478515625,1917.0169677734375,1036.7418212890625
142,2.0,108.0,992.4231567382812,313.36578369140625,1920.0,1062.4769287109375
143,2.0,108.0,1093.392333984375,282.9538269042969,1920.0,1068.9498291015625
144,2.0,108.0,1237.957275390625,247.78749084472656,1920.0,1076.803466796875
145,2.0,108.0,1456.4053955078125,280.5579528808594,1920.0,1080.0
