61,2.0,107.0,456.9775695800781,462.38909912109375,505.7867431640625,497.37646484375
62,2.0,107.0,457.3878173828125,462.6683654785156,506.75665283203125,498.2137451171875
63,2.0,107.0,458.179443359375,463.5683288574219,507.8443298339844,498.73980712890625
64,2.0,107.0,458.4493103027344,463.387939453125,508.4753112792969,499.2734680175781
65,2.0,107.0,458.38812255859375,463.2713928222656,508.67138671875,499.4444274902344
66,2.0,107.0,458.56304931640625,463.3023681640625,508.57635498046875,499.12579345703125
67,2.0,107.0,458.6521301269531,461.8974304199219,509.0855407714844,499.6771545410156
68,2.0,107.0,459.38323974609375,461.3683776855469,509.6462097167969,499.9869079589844
69,2.0,107.0,460.071533203125,461.42047119140625,510.39178466796875,500.18438720703125
70,2.0,107.0,460.33404541015625,461.6487121582031,511.58038330078125,500.31573486328125
71,2.0,107.0,461.11859130859375,461.8486633300781,512.6694946289062,500.1369934082031
72,2.0,107.0,461.38995361328125,461.5577697753906,513.6239624023438,501.0083923339844
73,2.0,107.0,461.54815673828125,461.41998291015625,514.0774536132812,501.5571594238281
74,2.0,107.0,462.06195068359375,460.9282531738281,516.1742553710938,502.8780822753906
75,2.0,107.0,462.0703430175781,459.329345703125,517.8841552734375,504.0688171386719
76,2.0,107.0,462.3879699707031,459.1821594238281,520.1868896484375,505.0502014160156
77,2.0,107.0,462.2869567871094,459.2837219238281,523.4849853515625,505.5369873046875
78,2.0,107.0,463.01593017578125,459.35137939453125,525.514404296875,505.67974853515625
79,2.0,107.0,464.65728759765625,459.86029052734375,528.143798828125,506.2667541503906
80,2.0,107.0,465.80377197265625,460.9051208496094,529.9066162109375,506.3483581542969
81,2.0,107.0,467.757080078125,461.7673034667969,530.9061279296875,506.03729248046875
82,2.0,107.0,467.5916748046875,461.5575866699219,532.1016235351562,506.7550964355469
83,2.0,107.0,468.1195373535156,460.6653137207031,533.6422729492188,507.4030456542969
84,2.0,107.0,467.80438232421875,459.9026184082031,534.8632202148438,508.40008544921875
85,2.0,107.0,469.6719665527344,459.0987243652344,537.1212158203125,509.1811218261719
86,2.0,107.0,470.1435546875,458.71832275390625,540.040283203125,509.6677551269531
87,2.0,107.0,469.5472412109375,458.74151611328125,541.836181640625,510.2354736328125
88,2.0,107.0,469.51177978515625,459.345458984375,543.793212890625,510.9543151855469
89,2.0,107.0,470.6627502441406,458.5672302246094,546.0892944335938,511.4592590332031
91,2.0,107.0,474.0169677734375,456.268798828125,550.5556030273438,513.4259033203125
92,2.0,107.0,474.28985595703125,455.7612609863281,554.0628051757812,513.5314331054688
93,2.0,107.0,476.05413818359375,455.5761413574219,556.0494384765625,513.9856567382812
94,2.0,107.0,479.20025634765625,455.327880859375,558.9413452148438,514.54296875
95,2.0,107.0,479.16845703125,455.0459899902344,561.0980224609375,515.739013671875
99,2.0,107.0,481.8033142089844,453.3918762207031,572.811279296875,520.0448608398438
100,2.0,107.0,483.200439453125,452.84503173828125,577.0271606445312,522.0236206054688
101,2.0,107.0,485.0350341796875,453.4411315917969,580.716796875,523.697265625
102,2.0,107.0,487.4311828613281,452.08453369140625,584.5953369140625,524.7017822265625
103,2.0,107.0,488.92388916015625,451.4657287597656,588.1919555664062,525.6195678710938
104,2.0,107.0,491.6219787597656,452.3509826660156,591.3396606445312,526.5821533203125
105,2.0,107.0,494.4909973144531,451.5600891113281,596.5496826171875,526.737060546875
107,2.0,107.0,499.0240173339844,450.36175537109375,605.2279663085938,529.597900390625
108,2.0,107.0,498.6287536621094,449.9971923828125,610.8103637695312,532.1829833984375
109,2.0,107.0,499.2691345214844,450.5909118652344,616.0415649414062,535.261474609375
110,2.0,107.0,501.8952941894531,450.14398193359375,623.2714233398438,537.1419067382812
111,2.0,107.0,504.0262451171875,448.764404296875,628.115478515625,538.0004272460938
112,2.0,107.0,505.5065612792969,447.5713195800781,634.1104125976562,538.6828002929688
113,2.0,107.0,508.1319580078125,446.5808410644531,639.5275268554688,540.3219604492188
114,2.0,107.0,511.11090087890625,446.4102783203125,648.0411987304688,543.1246337890625
115,2.0,107.0,514.6566772460938,446.0875549316406,654.7586059570312,545.9713745117188
116,2.0,107.0,516.319580078125,445.4556884765625,662.9757690429688,547.4931030273438
117,2.0,107.0,518.8248291015625,443.8255310058594,670.8800659179688,549.3515014648438
118,2.0,107.0,523.3948974609375,443.7070007324219,677.3070068359375,551.5868530273438
119,2.0,107.0,526.205322265625,443.2984313964844,686.801513671875,555.20654296875
120,2.0,107.0,530.0923461914062,442.22772216796875,696.743896484375,558.5881958007812
121,2.0,107.0,534.470458984375,441.1082458496094,709.271728515625,562.0794067382812
122,2.0,107.0,538.3851928710938,440.142578125,720.4541625976562,565.229736328125
123,2.0,107.0,544.0243530273438,438.4007263183594,732.004150390625,568.510009765625
124,2.0,107.0,548.1268310546875,435.525146484375,745.2364501953125,572.6212768554688
125,2.0,107.0,552.5202026367188,435.6094665527344,761.0646362304688,577.4562377929688
126,2.0,107.0,557.1925048828125,433.9280090332031,776.6095581054688,583.643310546875
127,2.0,107.0,561.3538208007812,431.88653564453125,795.4811401367188,589.1482543945312
128,2.0,107.0,566.2076416015625,430.0829772949219,816.00927734375,595.3038940429688
131,2.0,107.0,592.9846801757812,424.24658203125,890.7234497070312,615.8497924804688
132,2.0,107.0,602.1732788085938,419.76214599609375,922.1257934570312,625.2346801757812
133,2.0,107.0,612.765380859375,417.17352294921875,958.04296875,636.5599365234375
134,2.0,107.0,623.4188232421875,414.6307067871094,999.6273193359375,647.5172729492188
135,2.0,107.0,635.8627319335938,412.3794860839844,1046.90625,662.3907470703125
136,2.0,107.0,650.2697143554688,410.0240783691406,1103.363525390625,678.1300048828125
137,2.0,107.0,668.2095336914062,403.090087890625,1170.3824462890625,699.2372436523438
138,2.0,107.0,688.5742797851562,397.1284484863281,1251.416259765625,727.6685180664062
139,2.0,107.0,711.0556030273438,390.222412109375,1351.6402587890625,763.23828125
140,2.0,107.0,737.6058959960938,379.7432861328125,1479.1351318359375,806.61474609375
141,2.0,107.0,767.416015625,368.6278381347656,1641.5020751953125,860.0675659179688
142,2.0,107.0,807.3197021484375,356.74383544921875,1823.0914306640625,936.6607666015625
143,2.0,107.0,856.7001342773438,343.7897644042969,1899.437255859375,1021.8098754882812
144,2.0,107.0,918.8408813476562,324.28656005859375,1920.0,1059.3350830078125
145,2.0,107.0,999.631103515625,294.80291748046875,1920.0,1068.347900390625
146,2.0,107.0,1112.964111328125,259.8664855957031,1920.0,1070.854736328125
147,2.0,107.0,1275.3997802734375,233.77073669433594,1920.0,1077.1864013671875
148,2.0,107.0,1531.6226806640625,305.3680725097656,1920.0,1079.0792236328125
