77,2.0,76.0,603.5775146484375,468.4881286621094,659.12841796875,510.679931640625
78,2.0,76.0,604.4736328125,468.81842041015625,659.9697265625,510.6810607910156
79,2.0,76.0,605.62109375,468.8803405761719,661.69921875,511.7340393066406
80,2.0,76.0,606.5404663085938,469.02130126953125,663.5408935546875,512.2002563476562
81,2.0,76.0,607.3470458984375,472.8978271484375,664.684326171875,512.9808959960938
82,2.0,76.0,608.0708618164062,477.4188537597656,666.945556640625,513.8993530273438
83,2.0,76.0,610.0798950195312,476.3164367675781,669.405517578125,514.4686889648438
84,2.0,76.0,611.5800170898438,471.9610595703125,671.79345703125,514.4998779296875
85,2.0,76.0,612.6332397460938,473.1433410644531,674.100830078125,514.4971313476562
86,2.0,76.0,613.4192504882812,469.8973693847656,676.1610107421875,514.3872680664062
87,2.0,76.0,613.5042724609375,468.2071228027344,678.1961059570312,515.2931518554688
88,2.0,76.0,614.28857421875,467.63702392578125,679.0220336914062,516.7605590820312
89,2.0,76.0,614.9865112304688,467.3312072753906,681.656982421875,518.2542114257812
90,2.0,76.0,615.7571411132812,466.7377014160156,683.603759765625,519.3154296875
91,2.0,76.0,617.1964111328125,466.6080017089844,683.8529663085938,519.0918579101562
95,2.0,76.0,621.3381958007812,464.6939697265625,695.5947875976562,521.1214599609375
96,2.0,76.0,623.48828125,465.187744140625,697.850341796875,521.4100952148438
97,2.0,76.0,625.2704467773438,465.1067199707031,700.813720703125,522.3055419921875
98,2.0,76.0,626.4244995117188,465.3125305175781,703.5316162109375,523.634521484375
99,2.0,76.0,627.728271484375,464.7981262207031,706.2101440429688,523.7999267578125
100,2.0,76.0,628.369140625,464.9654541015625,708.7323608398438,524.342529296875
101,2.0,76.0,629.1419067382812,465.337158203125,710.2067260742188,525.0713500976562
102,2.0,76.0,632.9158325195312,465.4263610839844,714.358154296875,525.4385375976562
103,2.0,76.0,636.5119018554688,466.13232421875,716.7605590820312,525.4190063476562
104,2.0,76.0,636.9146118164062,465.0451354980469,721.0684204101562,527.6210327148438
105,2.0,76.0,638.4910278320312,464.69024658203125,723.198974609375,528.6432495117188
106,2.0,76.0,638.7932739257812,464.1220703125,728.8873901367188,531.5509643554688
107,2.0,76.0,640.8382568359375,464.6983642578125,733.6168212890625,533.56640625
108,2.0,76.0,643.6779174804688,464.5209655761719,736.4993286132812,534.2266235351562
109,2.0,76.0,645.4218139648438,463.0671081542969,744.4767456054688,536.0823974609375
110,2.0,76.0,647.2806396484375,461.3916931152344,750.026123046875,538.2305297851562
111,2.0,76.0,649.0718383789062,461.099609375,755.1832275390625,539.1796264648438
112,2.0,76.0,650.8760375976562,460.8114929199219,759.8090209960938,539.4339599609375
113,2.0,76.0,653.5697021484375,460.5697021484375,765.15625,541.1378173828125
114,2.0,76.0,656.3986206054688,459.3218994140625,768.7880859375,541.1153564453125
115,2.0,76.0,659.5750732421875,459.764404296875,774.7244262695312,544.614990234375
116,2.0,76.0,660.6895141601562,457.24822998046875,782.2296752929688,547.0111083984375
117,2.0,76.0,661.45068359375,456.4985656738281,789.8794555664062,548.1712646484375
119,2.0,76.0,668.4363403320312,455.3204040527344,804.711669921875,552.6837158203125
120,2.0,76.0,672.489990234375,454.5505676269531,813.3070068359375,554.874755859375
121,2.0,76.0,675.9962768554688,455.5589904785156,821.2125854492188,557.8095092773438
122,2.0,76.0,679.0957641601562,455.39154052734375,831.1349487304688,560.4534301757812
123,2.0,76.0,682.8035888671875,455.1663818359375,840.8391723632812,562.8479614257812
124,2.0,76.0,687.3983154296875,453.3382263183594,852.4210815429688,564.8336181640625
125,2.0,76.0,693.5787963867188,452.4560852050781,863.3595581054688,567.9356689453125
126,2.0,76.0,697.288818359375,451.8420104980469,875.5164184570312,571.027099609375
127,2.0,76.0,702.1055297851562,450.7560729980469,888.2842407226562,573.2855834960938
129,2.0,76.0,713.1756591796875,447.7100830078125,919.4623413085938,582.2874145507812
130,2.0,76.0,718.5379028320312,446.50341796875,936.1199340820312,588.2841796875
131,2.0,76.0,726.595703125,443.7662658691406,954.7023315429688,594.9733276367188
132,2.0,76.0,734.3984985351562,440.7491455078125,974.9288330078125,600.37353515625
133,2.0,76.0,741.9589233398438,436.6448059082031,998.3970947265625,604.5534057617188
134,2.0,76.0,751.0654296875,434.3194274902344,1024.429931640625,613.9672241210938
135,2.0,76.0,762.9481201171875,432.1986999511719,1052.98486328125,622.9113159179688
136,2.0,76.0,775.0733032226562,430.7791442871094,1084.5657958984375,628.9996337890625
137,2.0,76.0,785.0534057617188,429.8620300292969,1121.34814453125,635.7127075195312
138,2.0,76.0,796.9700317382812,427.0117492675781,1162.328369140625,646.5468139648438
139,2.0,76.0,811.5858764648438,425.1993713378906,1211.017822265625,660.003662109375
140,2.0,76.0,828.6318969726562,422.7143859863281,1266.7821044921875,675.5113525390625
141,2.0,76.0,845.39794921875,418.1666564941406,1332.49267578125,694.2374877929688
142,2.0,76.0,867.859619140625,411.9102478027344,1410.8582763671875,718.961669921875
143,2.0,76.0,894.25390625,406.0823669433594,1505.9447021484375,745.2476196289062
144,2.0,76.0,924.2321166992188,397.7625427246094,1625.602783203125,782.0150756835938
145,2.0,76.0,959.35986328125,388.4312438964844,1774.001220703125,826.766357421875
146,2.0,76.0,1000.2545166015625,377.12176513671875,1878.135009765625,887.2860107421875
147,2.0,76.0,1053.6968994140625,361.8224792480469,1919.6578369140625,971.0011596679688
148,2.0,76.0,1118.8946533203125,346.7043762207031,1920.0,1038.1241455078125
149,2.0,76.0,1202.260498046875,323.7455139160156,1920.0,1047.4970703125
150,2.0,76.0,1315.5574951171875,293.10321044921875,1920.0,1047.1824951171875
151,2.0,76.0,1470.601806640625,290.5831298828125,1920.0,1066.1925048828125
