16,2.0,85.0,298.61334228515625,529.596923828125,355.5610656738281,568.4415283203125
17,2.0,85.0,298.7127685546875,528.2620849609375,356.93511962890625,568.4181518554688
18,2.0,85.0,299.2218933105469,523.0731201171875,359.7474365234375,567.9236450195312
19,2.0,85.0,299.4634094238281,520.8201293945312,360.7791748046875,567.4176025390625
20,2.0,85.0,299.1932373046875,519.5643310546875,361.4836730957031,567.3381958007812
21,2.0,85.0,298.6918029785156,519.33837890625,361.3436584472656,567.3384399414062
22,2.0,85.0,299.59454345703125,520.6944580078125,361.35498046875,567.8382568359375
23,2.0,85.0,298.9159240722656,519.0491943359375,362.8153991699219,568.6300048828125
24,2.0,85.0,299.7412109375,519.436767578125,362.50946044921875,569.2846069335938
25,2.0,85.0,300.28082275390625,519.7171630859375,363.0792541503906,570.1409301757812
26,2.0,85.0,299.71893310546875,518.75732421875,364.2138366699219,570.7322387695312
27,2.0,85.0,300.57244873046875,519.0925903320312,364.4185485839844,570.7584838867188
28,2.0,85.0,301.200439453125,518.8648681640625,365.1427917480469,571.0046997070312
29,2.0,85.0,301.5607604980469,518.7525634765625,367.178466796875,571.7100219726562
30,2.0,85.0,302.2825622558594,518.8851928710938,368.86920166015625,572.1217651367188
31,2.0,85.0,301.9681701660156,518.8739624023438,370.41741943359375,571.7313232421875
32,2.0,85.0,301.8564147949219,518.880859375,371.8921203613281,571.8275146484375
33,2.0,85.0,302.1868591308594,519.1543579101562,372.1593933105469,571.7662353515625
34,2.0,85.0,301.9397888183594,519.3243408203125,372.7456359863281,571.8555297851562
35,2.0,85.0,302.5052185058594,519.3585815429688,373.4687805175781,571.5269165039062
36,2.0,85.0,303.8249816894531,519.595947265625,374.310791015625,571.7032470703125
37,2.0,85.0,304.8367919921875,519.6133422851562,376.19818115234375,573.7706909179688
38,2.0,85.0,304.86328125,519.5925903320312,375.8140869140625,574.81103515625
39,2.0,85.0,304.7748107910156,519.3599853515625,376.1427001953125,575.5435791015625
40,2.0,85.0,305.0034484863281,519.1119995117188,377.2989501953125,575.7400512695312
41,2.0,85.0,306.0147399902344,519.6976318359375,380.0200500488281,576.3021850585938
42,2.0,85.0,306.5914306640625,520.3572387695312,383.4621276855469,577.3212280273438
43,2.0,85.0,307.23199462890625,519.94482421875,385.2960205078125,577.6654663085938
44,2.0,85.0,307.5948181152344,519.671630859375,386.3038024902344,577.8594970703125
45,2.0,85.0,308.57391357421875,518.8470458984375,388.0238342285156,578.6788940429688
46,2.0,85.0,309.0655822753906,518.856201171875,388.1872863769531,579.0850830078125
47,2.0,85.0,309.5906066894531,518.71484375,388.8341979980469,579.5215454101562
48,2.0,85.0,309.8507385253906,519.2086791992188,389.74676513671875,580.0789184570312
49,2.0,85.0,310.42877197265625,519.3170166015625,391.3006591796875,580.6304321289062
50,2.0,85.0,309.8454895019531,519.405029296875,392.8282165527344,581.026123046875
51,2.0,85.0,309.8229675292969,518.7568969726562,394.5854797363281,581.0004272460938
52,2.0,85.0,311.3051452636719,519.5108642578125,396.0929870605469,580.0466918945312
53,2.0,85.0,311.5157470703125,519.4915161132812,397.1892395019531,580.5363159179688
54,2.0,85.0,311.1572265625,518.62841796875,397.9544677734375,582.561767578125
55,2.0,85.0,311.4522705078125,517.8814697265625,400.39666748046875,583.73974609375
56,2.0,85.0,312.4828796386719,518.2333374023438,400.9273681640625,583.4042358398438
57,2.0,85.0,313.99676513671875,518.5541381835938,402.05303955078125,584.1452026367188
58,2.0,85.0,314.74566650390625,518.6926879882812,403.58306884765625,584.2869873046875
59,2.0,85.0,314.724609375,518.9800415039062,406.3329162597656,585.4306640625
60,2.0,85.0,315.2772521972656,519.0628051757812,408.9911193847656,586.0966796875
61,2.0,85.0,316.33636474609375,519.302490234375,409.5184020996094,586.8810424804688
62,2.0,85.0,317.0436706542969,519.75537109375,411.4150390625,587.3983764648438
63,2.0,85.0,317.2380065917969,519.16259765625,413.0284423828125,586.8926391601562
64,2.0,85.0,318.4662780761719,518.8316040039062,414.78924560546875,587.0038452148438
65,2.0,85.0,319.56610107421875,518.6656494140625,417.2286071777344,587.9080200195312
66,2.0,85.0,319.2446594238281,518.7529296875,418.9684143066406,588.7374267578125
67,2.0,85.0,319.7572021484375,518.80517578125,420.4417724609375,589.7060546875
68,2.0,85.0,320.9866027832031,518.8726806640625,420.3185729980469,590.09130859375
69,2.0,85.0,322.8898010253906,518.979736328125,421.7401123046875,589.386962890625
70,2.0,85.0,323.470703125,518.5879516601562,423.1603698730469,589.384033203125
71,2.0,85.0,324.0828552246094,518.100830078125,424.7078552246094,590.1538696289062
72,2.0,85.0,324.2333984375,517.9835205078125,428.1099548339844,591.3275146484375
73,2.0,85.0,325.8487548828125,517.7821044921875,430.5078430175781,592.6849975585938
74,2.0,85.0,327.04010009765625,517.1809692382812,431.9360656738281,591.71923828125
75,2.0,85.0,327.0835876464844,517.1045532226562,431.9352722167969,591.63720703125
76,2.0,85.0,330.0255126953125,516.73486328125,437.0909729003906,593.8309326171875
77,2.0,85.0,331.85308837890625,516.0021362304688,440.9605712890625,594.2891235351562
78,2.0,85.0,332.4525451660156,515.7723388671875,443.8660888671875,595.372802734375
79,2.0,85.0,332.8641052246094,514.0860595703125,446.6659240722656,597.5216064453125
80,2.0,85.0,333.9273376464844,513.5280151367188,449.0754699707031,597.8828125
81,2.0,85.0,335.3811340332031,512.8097534179688,451.81878662109375,598.1812133789062
82,2.0,85.0,335.8808898925781,512.507568359375,454.41876220703125,598.2998657226562
83,2.0,85.0,336.08099365234375,511.9450988769531,455.0463562011719,600.0612182617188
84,2.0,85.0,337.043212890625,512.1195068359375,456.44085693359375,601.0104370117188
85,2.0,85.0,337.3479919433594,512.402099609375,461.9198303222656,600.7821044921875
86,2.0,85.0,338.4815673828125,511.62127685546875,467.1338806152344,601.1961059570312
87,2.0,85.0,339.7259521484375,511.026123046875,470.6776123046875,603.1217041015625
88,2.0,85.0,340.0611572265625,510.3641357421875,473.0262756347656,604.2822875976562
89,2.0,85.0,342.250244140625,510.7054748535156,475.16845703125,604.310546875
90,2.0,85.0,343.0213623046875,510.05322265625,479.5419616699219,607.0602416992188
91,2.0,85.0,348.57379150390625,509.4632263183594,483.2071838378906,607.3302001953125
92,2.0,85.0,349.5316162109375,508.4106750488281,485.65875244140625,606.9951171875
93,2.0,85.0,349.8373718261719,508.2909851074219,488.7384338378906,607.8181762695312
94,2.0,85.0,351.17449951171875,508.1834716796875,490.1463623046875,608.21728515625
95,2.0,85.0,351.381591796875,507.4454040527344,495.7460632324219,609.6575927734375
96,2.0,85.0,353.6861572265625,507.94000244140625,500.20587158203125,611.2721557617188
97,2.0,85.0,355.0036315917969,506.65399169921875,504.6197814941406,610.6483764648438
98,2.0,85.0,355.7990417480469,506.4553527832031,508.1235046386719,611.177490234375
99,2.0,85.0,358.72320556640625,506.27880859375,512.7818603515625,613.0757446289062
100,2.0,85.0,358.6011962890625,505.8904113769531,517.7517700195312,614.6995239257812
101,2.0,85.0,357.8904724121094,504.9244079589844,522.32958984375,616.9007568359375
104,2.0,85.0,364.4524841308594,496.81695556640625,537.4827880859375,621.423095703125
105,2.0,85.0,368.7253723144531,501.15484619140625,540.5213623046875,623.4801635742188
106,2.0,85.0,369.46551513671875,501.5504455566406,547.3834838867188,627.5558471679688
107,2.0,85.0,370.3009948730469,499.5939636230469,551.9260864257812,628.7368774414062
108,2.0,85.0,371.6492919921875,501.1098327636719,558.0934448242188,630.7089233398438
109,2.0,85.0,374.2685546875,502.0880432128906,564.5144653320312,632.8285522460938
110,2.0,85.0,376.5303039550781,501.7505187988281,567.5193481445312,634.4298095703125
111,2.0,85.0,378.7625427246094,501.1990661621094,576.0010375976562,635.7302856445312
112,2.0,85.0,380.2261047363281,501.2212829589844,583.9664306640625,637.2273559570312
113,2.0,85.0,381.3379821777344,501.30218505859375,591.1903076171875,638.2059326171875
114,2.0,85.0,384.01690673828125,500.51019287109375,598.782958984375,641.9337158203125
115,2.0,85.0,389.9027099609375,499.8711242675781,605.5790405273438,645.6334838867188
116,2.0,85.0,393.9129333496094,498.8724060058594,614.5406494140625,649.1387939453125
117,2.0,85.0,395.9830322265625,498.0820617675781,622.8993530273438,652.802490234375
118,2.0,85.0,397.84796142578125,496.2229919433594,631.8132934570312,654.6199340820312
119,2.0,85.0,401.58984375,495.29669189453125,641.077392578125,658.036865234375
120,2.0,85.0,405.57470703125,494.6905212402344,648.474609375,660.1904907226562
121,2.0,85.0,408.6307067871094,492.777587890625,659.0888671875,661.8572387695312
122,2.0,85.0,411.6470947265625,491.2425537109375,671.1808471679688,664.3651123046875
123,2.0,85.0,416.1109619140625,490.2539978027344,682.9346313476562,668.8839721679688
124,2.0,85.0,418.2235412597656,489.751708984375,693.6964111328125,672.822021484375
125,2.0,85.0,421.8199157714844,487.2777404785156,705.093017578125,676.5983276367188
126,2.0,85.0,426.78466796875,486.560791015625,718.695556640625,679.313232421875
127,2.0,85.0,431.2554626464844,484.2605895996094,732.6243286132812,684.1544189453125
128,2.0,85.0,435.05963134765625,482.7980041503906,746.5475463867188,689.765869140625
129,2.0,85.0,440.439453125,481.5010681152344,762.0556640625,695.224609375
130,2.0,85.0,444.7920227050781,479.5994873046875,778.9503173828125,700.2061157226562
131,2.0,85.0,449.8507080078125,479.5373229980469,795.4989624023438,703.5468139648438
132,2.0,85.0,455.8345031738281,479.0326843261719,814.529541015625,709.5079956054688
133,2.0,85.0,460.3129577636719,476.5971374511719,834.6871948242188,717.396484375
134,2.0,85.0,466.8819885253906,478.5269775390625,856.8899536132812,725.5115356445312
135,2.0,85.0,472.65216064453125,478.058349609375,880.2219848632812,732.7991943359375
136,2.0,85.0,478.5185241699219,475.9309997558594,904.2484130859375,735.204833984375
137,2.0,85.0,485.53985595703125,472.0111389160156,931.5139770507812,745.5159912109375
138,2.0,85.0,490.98614501953125,469.19171142578125,963.0455322265625,752.7357788085938
139,2.0,85.0,499.82586669921875,465.95123291015625,995.4434814453125,764.0454711914062
140,2.0,85.0,507.6081237792969,463.15289306640625,1031.98779296875,777.7416381835938
141,2.0,85.0,515.9754638671875,461.0269470214844,1070.55908203125,790.7412109375
142,2.0,85.0,526.7112426757812,458.69293212890625,1113.0482177734375,806.0953369140625
143,2.0,85.0,536.8109130859375,454.93914794921875,1161.4287109375,823.3455810546875
144,2.0,85.0,547.1434326171875,450.7678527832031,1212.7469482421875,838.4876708984375
145,2.0,85.0,559.609619140625,446.1521301269531,1273.0330810546875,860.6260986328125
146,2.0,85.0,572.359130859375,441.0489501953125,1341.196533203125,884.0718994140625
147,2.0,85.0,585.3023071289062,437.6553955078125,1415.7569580078125,909.398193359375
148,2.0,85.0,601.8726806640625,431.3441467285156,1503.068603515625,936.4927368164062
149,2.0,85.0,620.28173828125,423.6297302246094,1600.2017822265625,971.3516235351562
150,2.0,85.0,638.6411743164062,413.00653076171875,1715.92578125,1016.5693969726562
151,2.0,85.0,661.451416015625,406.6719055175781,1841.6484375,1049.4268798828125
152,2.0,85.0,685.16552734375,398.1970520019531,1908.9007568359375,1069.8492431640625
153,2.0,85.0,701.4981079101562,389.0030822753906,1920.0,1077.0357666015625
154,2.0,85.0,741.4249267578125,378.2633056640625,1920.0,1079.98388671875
155,2.0,85.0,782.7150268554688,364.5762634277344,1920.0,1079.198974609375
156,2.0,85.0,822.8696899414062,347.937255859375,1920.0,1076.61376953125
157,2.0,85.0,868.6383666992188,331.36669921875,1920.0,1075.27197265625
158,2.0,85.0,922.3380126953125,308.7472229003906,1920.0,1074.1160888671875
159,2.0,85.0,985.3187866210938,279.2313537597656,1920.0,1074.0897216796875
160,2.0,85.0,1066.3902587890625,245.97447204589844,1920.0,1073.820068359375
161,2.0,85.0,1162.8262939453125,237.68345642089844,1920.0,1074.003662109375
162,2.0,85.0,1280.309814453125,255.0581512451172,1920.0,1075.146728515625
163,2.0,85.0,1430.6044921875,317.7407531738281,1920.0,1074.695068359375
164,2.0,85.0,1626.3062744140625,424.79229736328125,1920.0,1071.8892822265625
