69,2.0,106.0,457.8703308105469,463.5365295410156,507.7511291503906,499.7538146972656
70,2.0,106.0,456.7042236328125,464.00982666015625,507.7590026855469,499.5091247558594
71,2.0,106.0,457.5279235839844,463.0045166015625,508.24542236328125,500.1776428222656
72,2.0,106.0,459.1381530761719,462.29547119140625,509.7940368652344,500.30706787109375
73,2.0,106.0,459.91424560546875,461.81719970703125,510.2685852050781,500.76470947265625
74,2.0,106.0,460.2845764160156,462.0382995605469,511.1098937988281,501.1950988769531
75,2.0,106.0,461.21722412109375,461.53875732421875,513.0430297851562,501.3891296386719
76,2.0,106.0,460.988525390625,461.54486083984375,515.82666015625,502.35406494140625
77,2.0,106.0,461.3580627441406,461.17620849609375,518.2122192382812,503.0907287597656
78,2.0,106.0,461.484375,460.6686706542969,517.7816162109375,503.95672607421875
79,2.0,106.0,462.1154479980469,460.8206481933594,518.6099243164062,504.49945068359375
80,2.0,106.0,462.77276611328125,461.17559814453125,520.1986083984375,504.60595703125
81,2.0,106.0,462.731201171875,461.4609680175781,522.6101684570312,504.6717224121094
82,2.0,106.0,463.8108215332031,461.1684875488281,524.3885498046875,505.2909240722656
83,2.0,106.0,465.2033996582031,460.79852294921875,527.1048583984375,506.175048828125
84,2.0,106.0,467.1446838378906,461.970947265625,529.4077758789062,506.2284240722656
85,2.0,106.0,467.97894287109375,463.3341369628906,530.5428466796875,506.3949890136719
86,2.0,106.0,468.29302978515625,461.5610046386719,532.0059204101562,507.0820617675781
87,2.0,106.0,468.21826171875,460.4921875,533.4144897460938,507.4980773925781
88,2.0,106.0,469.15362548828125,459.988525390625,534.281005859375,508.8399353027344
89,2.0,106.0,469.4532165527344,460.42596435546875,535.4827880859375,509.2372741699219
90,2.0,106.0,469.2109680175781,459.8265686035156,539.4124755859375,509.4862060546875
91,2.0,106.0,470.15008544921875,458.14239501953125,541.843505859375,509.53900146484375
92,2.0,106.0,470.816162109375,458.2212219238281,543.5557861328125,510.0256652832031
95,2.0,106.0,474.96368408203125,457.7523193359375,551.4036254882812,513.0533447265625
97,2.0,106.0,478.9483337402344,456.20257568359375,556.1746215820312,513.9038696289062
98,2.0,106.0,480.30059814453125,455.3643798828125,558.7880859375,514.4678955078125
104,2.0,106.0,484.6023864746094,454.8927917480469,575.0689697265625,522.3143920898438
105,2.0,106.0,485.0835876464844,454.63525390625,579.29052734375,522.9583740234375
106,2.0,106.0,487.1367492675781,454.0191955566406,583.7310791015625,524.5389404296875
107,2.0,106.0,489.4418029785156,453.033447265625,586.022216796875,525.6047973632812
108,2.0,106.0,492.2251281738281,452.6713562011719,589.9149169921875,525.8352661132812
109,2.0,106.0,493.78338623046875,453.05072021484375,591.9374389648438,526.6387939453125
110,2.0,106.0,497.9316101074219,452.14617919921875,597.4744873046875,527.2891845703125
111,2.0,106.0,501.0145568847656,451.7906799316406,601.1343994140625,528.1490478515625
112,2.0,106.0,501.31011962890625,451.82867431640625,606.1716918945312,529.7929077148438
113,2.0,106.0,500.5616760253906,452.16021728515625,612.052978515625,532.8541259765625
114,2.0,106.0,502.5669860839844,450.4400329589844,616.6232299804688,535.8203735351562
115,2.0,106.0,503.7322692871094,450.0343933105469,622.390380859375,537.3301391601562
116,2.0,106.0,505.76629638671875,449.279296875,628.4872436523438,538.1443481445312
117,2.0,106.0,509.04888916015625,449.2735900878906,634.4717407226562,538.6436157226562
118,2.0,106.0,511.176025390625,447.844482421875,640.2607421875,540.3381958007812
119,2.0,106.0,514.96435546875,446.1247253417969,648.7457275390625,542.008544921875
120,2.0,106.0,518.0216674804688,445.829833984375,654.7630615234375,543.52294921875
121,2.0,106.0,520.54736328125,445.3001403808594,662.9610595703125,546.323486328125
122,2.0,106.0,522.9056396484375,443.96759033203125,670.7620239257812,548.49853515625
123,2.0,106.0,526.0836791992188,443.01715087890625,677.0098266601562,550.58740234375
124,2.0,106.0,527.9180297851562,442.97540283203125,685.9321899414062,554.0098876953125
125,2.0,106.0,532.4595947265625,442.568603515625,695.8146362304688,557.5296630859375
126,2.0,106.0,536.847412109375,441.0329895019531,707.4332885742188,559.8735961914062
127,2.0,106.0,539.9568481445312,439.6643371582031,718.6409301757812,563.5127563476562
128,2.0,106.0,544.25830078125,438.2034606933594,729.9901123046875,567.5523681640625
129,2.0,106.0,548.763427734375,436.39459228515625,741.896728515625,571.6636352539062
130,2.0,106.0,552.7843017578125,437.1610412597656,756.4978637695312,574.419189453125
131,2.0,106.0,557.2510375976562,436.1593322753906,771.9720458984375,580.1712036132812
132,2.0,106.0,561.72021484375,433.937744140625,788.4832763671875,585.5390014648438
133,2.0,106.0,567.7527465820312,431.9079895019531,808.0654296875,590.9039306640625
134,2.0,106.0,575.0299072265625,430.4573974609375,826.9166870117188,595.6141357421875
136,2.0,106.0,592.5554809570312,426.6947021484375,876.0133056640625,610.8668823242188
137,2.0,106.0,600.6762084960938,423.81378173828125,906.1624755859375,619.6541137695312
139,2.0,106.0,622.56591796875,417.9577331542969,973.2092895507812,636.2142333984375
140,2.0,106.0,633.3115234375,415.0335998535156,1014.0086669921875,649.109375
141,2.0,106.0,646.6638793945312,413.0074462890625,1062.7294921875,661.9417114257812
142,2.0,106.0,663.2972412109375,410.7068786621094,1119.3018798828125,679.8628540039062
143,2.0,106.0,678.8515625,404.5889587402344,1189.5797119140625,700.631103515625
144,2.0,106.0,699.4832763671875,398.2633972167969,1268.7611083984375,726.2264404296875
145,2.0,106.0,723.0415649414062,391.8309326171875,1367.7371826171875,759.5283203125
146,2.0,106.0,750.9971313476562,382.6748046875,1490.354248046875,798.6306762695312
147,2.0,106.0,784.534423828125,371.4143981933594,1647.19677734375,851.1995239257812
148,2.0,106.0,824.3644409179688,359.81573486328125,1826.476318359375,918.7717895507812
149,2.0,106.0,874.9161987304688,346.92926025390625,1901.175048828125,1013.4412231445312
150,2.0,106.0,933.3599243164062,328.64971923828125,1920.0,1056.5516357421875
151,2.0,106.0,1011.5845336914062,303.693603515625,1920.0,1068.4093017578125
152,2.0,106.0,1119.55712890625,273.6280517578125,1920.0,1069.2359619140625
153,2.0,106.0,1270.661376953125,245.2200469970703,1920.0,1076.6258544921875
154,2.0,106.0,1500.6593017578125,299.6812438964844,1920.0,1079.586181640625
