35,2.0,94.0,349.7054748535156,391.8318786621094,408.6173095703125,441.5228576660156
36,2.0,94.0,350.1868896484375,391.2413635253906,408.4448547363281,441.8425598144531
37,2.0,94.0,351.0751037597656,391.4881896972656,409.1635437011719,442.0782165527344
38,2.0,94.0,350.8604736328125,392.5185852050781,410.2158508300781,442.47735595703125
39,2.0,94.0,351.6265563964844,391.7592468261719,410.4739074707031,442.7210388183594
40,2.0,94.0,351.4661560058594,391.8332214355469,412.8192138671875,442.7908020019531
41,2.0,94.0,352.4579162597656,391.0596008300781,414.7886047363281,443.91357421875
42,2.0,94.0,352.54034423828125,390.4828796386719,416.4098815917969,443.61273193359375
43,2.0,94.0,352.32269287109375,390.8824157714844,417.3231506347656,442.81597900390625
44,2.0,94.0,352.05816650390625,391.252685546875,417.9129943847656,442.77056884765625
45,2.0,94.0,352.7740173339844,391.31982421875,418.706298828125,443.2443542480469
46,2.0,94.0,353.76922607421875,392.24029541015625,420.2896728515625,443.8338317871094
47,2.0,94.0,354.6455993652344,392.05413818359375,420.97113037109375,444.40997314453125
48,2.0,94.0,356.5895080566406,392.45574951171875,422.1175842285156,444.4435119628906
49,2.0,94.0,358.4927062988281,393.2828369140625,426.634765625,446.3052673339844
50,2.0,94.0,359.27685546875,392.2862854003906,427.51727294921875,445.5947570800781
51,2.0,94.0,359.177001953125,391.9371337890625,429.6851501464844,446.05364990234375
52,2.0,94.0,359.56549072265625,391.5079040527344,430.43048095703125,444.9893798828125
53,2.0,94.0,360.8020935058594,391.90716552734375,431.2010498046875,445.8368225097656
54,2.0,94.0,361.35833740234375,391.5362854003906,433.5458068847656,446.0543212890625
55,2.0,94.0,361.9282531738281,392.0820007324219,436.48876953125,446.78863525390625
56,2.0,94.0,362.1129150390625,392.5307312011719,438.78277587890625,448.10748291015625
57,2.0,94.0,362.97161865234375,392.237060546875,440.87615966796875,449.2375183105469
58,2.0,94.0,362.7096252441406,392.10223388671875,443.76904296875,450.3080749511719
59,2.0,94.0,363.9004821777344,391.3865051269531,444.713623046875,450.3386535644531
60,2.0,94.0,364.8024597167969,391.3017883300781,447.4415283203125,449.40966796875
61,2.0,94.0,365.1430358886719,391.1081848144531,448.4684753417969,449.6158447265625
62,2.0,94.0,365.9430236816406,390.4254455566406,449.8752136230469,450.4815673828125
63,2.0,94.0,367.1773986816406,389.7817077636719,452.2734375,451.5072326660156
64,2.0,94.0,369.4178771972656,389.9136962890625,453.78302001953125,452.4503479003906
65,2.0,94.0,370.41937255859375,389.87164306640625,456.6235046386719,453.0886535644531
66,2.0,94.0,371.54400634765625,389.7381286621094,459.97576904296875,454.0608215332031
67,2.0,94.0,372.06658935546875,389.3820495605469,462.0745544433594,455.4757385253906
68,2.0,94.0,372.2997131347656,388.93780517578125,464.5849609375,456.9045104980469
69,2.0,94.0,373.9559020996094,388.49945068359375,466.7717590332031,456.9728698730469
70,2.0,94.0,375.12548828125,388.4627685546875,469.0555725097656,455.827392578125
71,2.0,94.0,375.987060546875,388.1452941894531,470.822998046875,455.9466247558594
72,2.0,94.0,376.9648742675781,388.9434509277344,473.88360595703125,457.9479064941406
73,2.0,94.0,377.0586853027344,388.33306884765625,475.58209228515625,459.22735595703125
74,2.0,94.0,378.943603515625,387.8880615234375,477.00018310546875,459.0127868652344
75,2.0,94.0,380.25958251953125,387.545166015625,479.6236572265625,459.4499816894531
76,2.0,94.0,381.5662841796875,386.8672790527344,483.6686096191406,462.9029541015625
77,2.0,94.0,381.7763671875,386.4924621582031,487.4356994628906,463.4264221191406
78,2.0,94.0,383.42645263671875,385.5760803222656,491.6993103027344,464.4328918457031
79,2.0,94.0,385.0124206542969,384.9168395996094,495.85589599609375,466.0282287597656
80,2.0,94.0,386.890380859375,385.3922119140625,498.60162353515625,466.0949401855469
81,2.0,94.0,388.0494384765625,385.47723388671875,501.67230224609375,466.9839782714844
82,2.0,94.0,389.38031005859375,384.9508361816406,503.22674560546875,467.8164367675781
83,2.0,94.0,391.5897216796875,385.4356689453125,506.5127868652344,467.57171630859375
84,2.0,94.0,392.7793884277344,385.7123718261719,509.79815673828125,468.0579528808594
85,2.0,94.0,395.00042724609375,385.0891418457031,513.5861206054688,470.60308837890625
86,2.0,94.0,398.94305419921875,384.4401550292969,517.3892211914062,471.0799255371094
87,2.0,94.0,399.1861572265625,384.05908203125,521.5679321289062,473.5415954589844
88,2.0,94.0,405.4426574707031,383.72943115234375,524.5120849609375,473.97772216796875
89,2.0,94.0,407.55902099609375,383.88690185546875,529.5448608398438,473.7784118652344
90,2.0,94.0,408.47576904296875,383.37872314453125,534.239501953125,475.8147277832031
91,2.0,94.0,410.49407958984375,383.2767028808594,538.6729125976562,477.22686767578125
92,2.0,94.0,412.3345947265625,382.4473571777344,543.2099609375,478.64501953125
93,2.0,94.0,411.4497375488281,382.3813171386719,547.5263671875,479.92694091796875
94,2.0,94.0,410.99285888671875,382.4230041503906,552.6914672851562,481.4863586425781
95,2.0,94.0,411.0050354003906,382.0943603515625,557.648681640625,483.3887939453125
96,2.0,94.0,411.6056823730469,381.9527893066406,564.21533203125,485.318603515625
97,2.0,94.0,413.33355712890625,381.5392150878906,571.6646118164062,487.4892883300781
98,2.0,94.0,414.8846435546875,381.8082580566406,573.529052734375,489.4997253417969
99,2.0,94.0,418.43084716796875,380.5419006347656,580.1067504882812,490.62811279296875
100,2.0,94.0,419.8529052734375,379.3731689453125,587.7100830078125,491.2369384765625
101,2.0,94.0,425.0124206542969,377.92034912109375,595.260009765625,492.4397277832031
102,2.0,94.0,427.9575500488281,376.9580383300781,601.249267578125,494.9754333496094
103,2.0,94.0,429.21234130859375,375.1671142578125,608.9353637695312,497.47613525390625
104,2.0,94.0,430.0481872558594,374.36663818359375,617.4147338867188,500.7043151855469
105,2.0,94.0,432.8919372558594,373.4754943847656,624.0732421875,503.28192138671875
106,2.0,94.0,435.2137145996094,372.0049133300781,632.66162109375,504.83990478515625
107,2.0,94.0,438.9530029296875,370.72283935546875,642.76611328125,507.4386291503906
108,2.0,94.0,443.71734619140625,370.1923828125,652.16650390625,512.232666015625
109,2.0,94.0,447.64361572265625,368.69830322265625,663.7120971679688,515.189208984375
110,2.0,94.0,451.00140380859375,368.6354064941406,672.5274047851562,517.9525756835938
111,2.0,94.0,455.22802734375,367.42864990234375,683.47705078125,520.4468383789062
112,2.0,94.0,458.03857421875,365.53271484375,695.8916625976562,525.2136840820312
113,2.0,94.0,462.3736877441406,365.04345703125,708.4221801757812,528.9153442382812
114,2.0,94.0,465.2894287109375,365.0533142089844,723.177490234375,533.577880859375
115,2.0,94.0,471.1131591796875,363.9906311035156,737.46728515625,536.3076782226562
116,2.0,94.0,477.1775817871094,363.45416259765625,752.947021484375,540.0629272460938
117,2.0,94.0,481.6397399902344,359.8341369628906,770.7205200195312,545.8396606445312
118,2.0,94.0,489.2141418457031,357.3907775878906,789.7398681640625,550.9035034179688
119,2.0,94.0,495.0445251464844,354.5749816894531,809.5026245117188,555.5040283203125
120,2.0,94.0,502.11370849609375,353.453857421875,830.9691162109375,562.3526000976562
121,2.0,94.0,508.58563232421875,350.9701843261719,855.858642578125,572.4267578125
122,2.0,94.0,516.795166015625,349.2228698730469,881.2892456054688,578.4229736328125
123,2.0,94.0,524.901611328125,346.8638000488281,910.273193359375,585.2870483398438
124,2.0,94.0,531.8048706054688,344.80828857421875,940.8651123046875,594.251220703125
125,2.0,94.0,541.1875610351562,343.9654235839844,977.844482421875,606.1280517578125
126,2.0,94.0,553.1290283203125,342.4436950683594,1015.219970703125,618.4806518554688
127,2.0,94.0,563.6265869140625,341.6178894042969,1059.4803466796875,630.320068359375
128,2.0,94.0,574.8706665039062,337.89678955078125,1107.6661376953125,644.2619018554688
129,2.0,94.0,588.6006469726562,330.87408447265625,1163.911376953125,666.0162353515625
130,2.0,94.0,603.9141235351562,325.6604309082031,1227.014892578125,687.1995849609375
131,2.0,94.0,619.9258422851562,319.75537109375,1303.6690673828125,710.096435546875
132,2.0,94.0,640.2507934570312,313.5444030761719,1385.161376953125,737.6798095703125
133,2.0,94.0,661.469970703125,307.3782043457031,1484.8726806640625,769.1205444335938
134,2.0,94.0,682.7457885742188,300.42413330078125,1599.654052734375,809.2758178710938
135,2.0,94.0,710.018310546875,294.3023986816406,1735.2554931640625,858.7926635742188
136,2.0,94.0,742.7806396484375,284.9676513671875,1866.0848388671875,917.8344116210938
137,2.0,94.0,777.1393432617188,273.85052490234375,1919.319091796875,998.4707641601562
138,2.0,94.0,814.0908813476562,262.40203857421875,1920.0,1047.333984375
139,2.0,94.0,863.8914184570312,249.4560546875,1920.0,1069.963134765625
140,2.0,94.0,919.2481079101562,230.82769775390625,1920.0,1070.876953125
141,2.0,94.0,987.6159057617188,209.14370727539062,1920.0,1069.6529541015625
142,2.0,94.0,1074.0576171875,182.22219848632812,1920.0,1070.956787109375
143,2.0,94.0,1184.04345703125,160.49749755859375,1920.0,1075.0029296875
144,2.0,94.0,1329.033447265625,175.94332885742188,1920.0,1078.4569091796875
145,2.0,94.0,1524.88720703125,252.0345916748047,1920.0,1078.20947265625
