95,2.0,24.0,449.1849365234375,684.5911254882812,506.2566833496094,729.2755737304688
96,2.0,24.0,448.9203796386719,684.6148681640625,506.8702697753906,729.0361328125
97,2.0,24.0,449.5108337402344,684.7183227539062,508.5059814453125,729.2293090820312
98,2.0,24.0,451.70941162109375,683.6952514648438,509.4834899902344,729.91162109375
99,2.0,24.0,453.11700439453125,687.1417846679688,509.9224548339844,730.3603515625
100,2.0,24.0,453.49273681640625,685.0104370117188,510.11895751953125,730.8796997070312
101,2.0,24.0,453.88037109375,685.9174194335938,511.6774597167969,731.2218627929688
102,2.0,24.0,454.5791015625,685.2982788085938,513.9220581054688,731.1219482421875
103,2.0,24.0,455.3765869140625,682.3980712890625,516.3294067382812,731.3358154296875
104,2.0,24.0,456.3970031738281,681.6915283203125,517.7865600585938,731.2520141601562
105,2.0,24.0,456.6729431152344,682.2756958007812,520.0586547851562,731.97802734375
106,2.0,24.0,457.9674377441406,681.640625,521.1179809570312,732.3385009765625
107,2.0,24.0,457.9118957519531,680.4860229492188,522.3375854492188,732.712158203125
108,2.0,24.0,458.60595703125,680.5728149414062,523.2892456054688,732.799560546875
109,2.0,24.0,459.9997253417969,680.6297607421875,524.842529296875,732.8987426757812
110,2.0,24.0,461.1988220214844,678.6620483398438,526.81689453125,733.9977416992188
111,2.0,24.0,461.4391174316406,677.8900146484375,528.806396484375,734.7852172851562
112,2.0,24.0,461.4109802246094,678.7240600585938,531.0056762695312,736.2345581054688
113,2.0,24.0,461.52178955078125,678.887939453125,533.2285766601562,737.8843994140625
114,2.0,24.0,461.7010803222656,678.7495727539062,535.1428833007812,739.0473022460938
115,2.0,24.0,462.87921142578125,678.4118041992188,535.8372192382812,738.9085693359375
116,2.0,24.0,463.9794921875,679.5845336914062,539.193359375,739.3104858398438
117,2.0,24.0,466.40130615234375,680.370361328125,542.1723022460938,739.8662719726562
118,2.0,24.0,468.4324645996094,680.185791015625,545.8319702148438,740.3186645507812
119,2.0,24.0,469.5030212402344,679.5616455078125,548.2023315429688,740.7356567382812
120,2.0,24.0,470.2041320800781,677.90478515625,549.6087036132812,741.89306640625
121,2.0,24.0,471.46453857421875,676.8956909179688,553.96533203125,742.6679077148438
122,2.0,24.0,472.51953125,678.1839599609375,556.8861083984375,742.3353271484375
123,2.0,24.0,474.4761962890625,679.0159301757812,560.11376953125,744.4287109375
124,2.0,24.0,476.5965270996094,679.0496826171875,562.7598266601562,745.6990356445312
125,2.0,24.0,477.8074645996094,679.2885131835938,566.4778442382812,745.8746337890625
126,2.0,24.0,480.02947998046875,678.8873291015625,571.1997680664062,747.3971557617188
127,2.0,24.0,480.5015563964844,677.903564453125,572.4068603515625,748.3719482421875
128,2.0,24.0,480.91851806640625,676.8831787109375,574.7492065429688,749.856201171875
129,2.0,24.0,481.36419677734375,676.490234375,579.88427734375,751.6504516601562
130,2.0,24.0,483.56298828125,675.7869873046875,583.8536987304688,752.9032592773438
131,2.0,24.0,484.8911437988281,675.2908325195312,588.3106079101562,753.2879638671875
132,2.0,24.0,488.8611755371094,675.0025024414062,592.7227172851562,754.1476440429688
133,2.0,24.0,491.93927001953125,675.5723266601562,596.1007690429688,755.3095703125
134,2.0,24.0,495.3871765136719,675.6759643554688,599.027099609375,755.8572387695312
135,2.0,24.0,499.4179992675781,674.7130126953125,605.3211669921875,758.0
136,2.0,24.0,502.2208557128906,673.9620971679688,610.9973754882812,759.8110961914062
137,2.0,24.0,504.4501953125,672.0567626953125,614.7968139648438,762.0405883789062
138,2.0,24.0,506.0006408691406,670.6776123046875,621.8191528320312,763.1353759765625
139,2.0,24.0,507.8252868652344,668.5808715820312,625.0997924804688,765.3418579101562
140,2.0,24.0,508.44732666015625,666.0159301757812,632.986083984375,766.6466064453125
141,2.0,24.0,508.6264343261719,665.5437622070312,639.7222290039062,767.9730834960938
142,2.0,24.0,512.756591796875,664.9813232421875,646.6064453125,769.135009765625
143,2.0,24.0,514.9736328125,664.7249145507812,654.0889282226562,771.140869140625
144,2.0,24.0,516.4266967773438,663.8084106445312,663.2490234375,773.90625
145,2.0,24.0,520.6851196289062,663.9786376953125,670.7308349609375,776.8704833984375
146,2.0,24.0,525.3477783203125,663.2920532226562,678.951416015625,778.88818359375
147,2.0,24.0,529.3348999023438,661.845947265625,689.046142578125,783.36474609375
148,2.0,24.0,532.2293090820312,661.2271728515625,698.01025390625,786.0689086914062
149,2.0,24.0,538.1088256835938,660.863525390625,708.9729614257812,789.5792846679688
150,2.0,24.0,544.1704711914062,661.2083129882812,719.8959350585938,792.2210083007812
151,2.0,24.0,550.7734375,658.2160034179688,732.7650146484375,795.3126220703125
152,2.0,24.0,552.8519897460938,656.0831298828125,745.109130859375,798.0514526367188
153,2.0,24.0,555.908935546875,653.784423828125,759.3827514648438,802.2147827148438
154,2.0,24.0,562.4121704101562,651.2452392578125,773.785888671875,806.7341918945312
155,2.0,24.0,570.0202026367188,648.0586547851562,791.4212036132812,811.468994140625
156,2.0,24.0,575.83447265625,645.6814575195312,808.6801147460938,815.7838745117188
157,2.0,24.0,583.893798828125,642.8233032226562,828.8034057617188,821.100341796875
158,2.0,24.0,592.5128173828125,637.7484741210938,851.84716796875,828.5264892578125
159,2.0,24.0,599.8963012695312,635.0843505859375,877.1476440429688,836.0231323242188
160,2.0,24.0,609.0509033203125,633.2606201171875,904.3697509765625,843.7096557617188
161,2.0,24.0,620.2783203125,629.2893676757812,934.1178588867188,851.897216796875
162,2.0,24.0,631.0504150390625,622.80908203125,969.7879028320312,862.7208862304688
163,2.0,24.0,644.5451049804688,619.0277099609375,1007.6461791992188,875.6184692382812
164,2.0,24.0,658.1700439453125,617.6180419921875,1052.3310546875,889.851318359375
165,2.0,24.0,674.593505859375,612.5797119140625,1104.5751953125,905.9037475585938
166,2.0,24.0,691.6493530273438,604.5079956054688,1166.814453125,924.5638427734375
167,2.0,24.0,711.4241943359375,598.594970703125,1237.8731689453125,946.4497680664062
168,2.0,24.0,735.6810913085938,591.84521484375,1323.4429931640625,971.7098999023438
169,2.0,24.0,761.94091796875,580.679443359375,1431.2554931640625,1004.2395629882812
170,2.0,24.0,793.3383178710938,563.2601928710938,1563.9920654296875,1041.2330322265625
171,2.0,24.0,831.4576416015625,549.97802734375,1728.4705810546875,1065.5296630859375
172,2.0,24.0,878.6569213867188,532.632080078125,1859.8397216796875,1074.9288330078125
173,2.0,24.0,934.2401123046875,510.9360656738281,1914.9681396484375,1080.0
174,2.0,24.0,1009.2654418945312,479.3741149902344,1920.0,1080.0
175,2.0,24.0,1106.5025634765625,436.5562438964844,1920.0,1078.4049072265625
176,2.0,24.0,1235.31787109375,381.88275146484375,1920.0,1077.01806640625
177,2.0,24.0,1418.205078125,358.8909606933594,1920.0,1078.185791015625
