78,2.0,21.0,456.8204040527344,687.2169799804688,509.22955322265625,727.7066650390625
79,2.0,21.0,457.3829345703125,687.6502685546875,509.6501770019531,728.7676391601562
80,2.0,21.0,457.8282165527344,687.28955078125,511.42413330078125,729.4048461914062
81,2.0,21.0,457.3993835449219,687.4354858398438,512.9669189453125,730.236083984375
82,2.0,21.0,458.9972229003906,686.6917114257812,515.3070068359375,730.4730224609375
83,2.0,21.0,459.3450927734375,687.5798950195312,517.11572265625,730.592529296875
84,2.0,21.0,460.0140075683594,688.57763671875,518.0244750976562,730.6315307617188
85,2.0,21.0,460.42529296875,687.7713012695312,519.5901489257812,730.708984375
86,2.0,21.0,460.9102478027344,685.5978393554688,520.6897583007812,730.4277954101562
87,2.0,21.0,461.27410888671875,684.2322387695312,521.2025146484375,730.1433715820312
88,2.0,21.0,461.5545349121094,682.353759765625,522.4183959960938,730.6705322265625
89,2.0,21.0,461.8150329589844,681.5494995117188,523.42138671875,731.2589111328125
90,2.0,21.0,462.1421203613281,681.6227416992188,526.0560913085938,731.6136474609375
91,2.0,21.0,464.29266357421875,679.1581420898438,526.8438110351562,731.35302734375
92,2.0,21.0,465.5801696777344,677.7112426757812,528.210205078125,731.2717895507812
93,2.0,21.0,467.0599670410156,678.56201171875,529.7474365234375,731.083740234375
94,2.0,21.0,468.27349853515625,679.1318969726562,531.1624145507812,731.6672973632812
95,2.0,21.0,469.5345764160156,680.2633056640625,532.1790161132812,732.9671630859375
96,2.0,21.0,469.9992980957031,680.2300415039062,533.4602661132812,734.6015014648438
97,2.0,21.0,470.62457275390625,680.7235107421875,535.7324829101562,734.1182861328125
98,2.0,21.0,471.6805725097656,681.0546875,538.0227661132812,733.8833618164062
99,2.0,21.0,473.0162048339844,680.3534545898438,538.9837646484375,735.1724243164062
100,2.0,21.0,472.6054382324219,681.5606079101562,541.204345703125,736.0562133789062
101,2.0,21.0,473.3858337402344,680.0174560546875,543.335693359375,736.1769409179688
102,2.0,21.0,474.98614501953125,679.60498046875,545.9431762695312,736.9480590820312
103,2.0,21.0,476.2236022949219,679.312255859375,547.9796142578125,737.4788818359375
104,2.0,21.0,477.57086181640625,678.9819946289062,550.8097534179688,738.4568481445312
105,2.0,21.0,479.8566589355469,679.6726684570312,553.6994018554688,738.0313720703125
106,2.0,21.0,480.8960876464844,680.0489501953125,556.3499755859375,739.4238891601562
107,2.0,21.0,482.0747985839844,677.6488037109375,558.1467895507812,739.9639282226562
108,2.0,21.0,482.64862060546875,678.3596801757812,560.9360961914062,740.8629760742188
109,2.0,21.0,482.7915344238281,678.0580444335938,563.208251953125,741.2373657226562
110,2.0,21.0,483.6635437011719,678.6027221679688,565.5051879882812,742.7694702148438
111,2.0,21.0,485.3192138671875,679.290283203125,567.4847412109375,743.6339111328125
112,2.0,21.0,486.584716796875,678.5214233398438,570.6128540039062,743.8226318359375
113,2.0,21.0,486.4747009277344,678.3220825195312,572.0972900390625,745.1552734375
114,2.0,21.0,488.0080261230469,678.4981689453125,575.2084350585938,745.947265625
115,2.0,21.0,491.3401794433594,678.8897705078125,578.4737548828125,746.0589599609375
116,2.0,21.0,493.8269958496094,678.4448852539062,583.1124877929688,746.8406372070312
117,2.0,21.0,495.7400817871094,677.0923461914062,586.4521484375,748.4703979492188
118,2.0,21.0,496.69708251953125,677.0293579101562,590.3742065429688,749.6395874023438
119,2.0,21.0,499.56463623046875,676.7300415039062,595.15966796875,750.739990234375
120,2.0,21.0,501.6933898925781,675.8566284179688,598.2290649414062,751.775146484375
121,2.0,21.0,503.7635498046875,675.0164184570312,600.66162109375,752.9134521484375
122,2.0,21.0,504.9801025390625,674.8587036132812,606.0716552734375,753.9728393554688
123,2.0,21.0,505.93212890625,673.7517700195312,610.5776977539062,754.8109741210938
124,2.0,21.0,506.9015808105469,673.1846923828125,613.98486328125,755.4443359375
125,2.0,21.0,508.5279541015625,672.984130859375,618.0877075195312,756.9063720703125
126,2.0,21.0,508.518310546875,672.9827270507812,622.7224731445312,758.4886474609375
127,2.0,21.0,513.00048828125,673.9083251953125,626.6282348632812,760.06103515625
128,2.0,21.0,515.5145263671875,672.721923828125,632.0387573242188,762.5648193359375
129,2.0,21.0,517.1177978515625,671.1911010742188,638.3721923828125,764.4871826171875
130,2.0,21.0,520.4772338867188,669.4356689453125,644.5142822265625,765.7533569335938
131,2.0,21.0,521.886474609375,668.0061645507812,650.8024291992188,766.6553344726562
132,2.0,21.0,524.8624267578125,667.2505493164062,656.52978515625,767.793212890625
133,2.0,21.0,527.1390991210938,666.7557373046875,663.1665649414062,769.5087890625
134,2.0,21.0,529.05322265625,666.8026733398438,671.0701293945312,771.719970703125
135,2.0,21.0,532.71142578125,665.8896484375,677.6937255859375,774.930419921875
136,2.0,21.0,536.6218872070312,664.767333984375,686.7720947265625,777.181396484375
137,2.0,21.0,539.7112426757812,663.5728759765625,694.298095703125,779.0800170898438
138,2.0,21.0,544.8895874023438,664.1823120117188,701.6614990234375,782.8699951171875
139,2.0,21.0,548.620361328125,663.2544555664062,711.5031127929688,786.5849609375
140,2.0,21.0,552.4859008789062,660.962158203125,721.4152221679688,788.4974365234375
141,2.0,21.0,554.9901123046875,660.2344360351562,732.2457275390625,791.54541015625
142,2.0,21.0,561.1176147460938,658.3323974609375,743.48193359375,794.1378173828125
143,2.0,21.0,564.2999877929688,655.795654296875,756.166259765625,797.2139892578125
144,2.0,21.0,569.7443237304688,653.5433959960938,768.6123046875,800.5112915039062
145,2.0,21.0,575.2374877929688,651.2113037109375,782.320068359375,803.674560546875
146,2.0,21.0,580.4110717773438,648.8567504882812,797.6528930664062,808.0499877929688
147,2.0,21.0,587.1533813476562,647.1838989257812,814.3551635742188,812.241455078125
148,2.0,21.0,595.4058227539062,643.8529663085938,832.195068359375,816.4989013671875
149,2.0,21.0,601.711669921875,641.36181640625,852.5309448242188,821.8709716796875
150,2.0,21.0,610.9116821289062,638.4681396484375,874.5062255859375,828.3405151367188
151,2.0,21.0,619.0780029296875,636.7236938476562,898.842529296875,836.3114624023438
152,2.0,21.0,628.3453369140625,634.6268310546875,925.8110961914062,843.193359375
153,2.0,21.0,637.8410034179688,630.0526733398438,954.7993774414062,850.9174194335938
154,2.0,21.0,649.564453125,624.939697265625,987.89013671875,860.4037475585938
155,2.0,21.0,661.4353637695312,621.4969482421875,1026.23291015625,870.3055419921875
156,2.0,21.0,676.557861328125,619.869384765625,1067.70458984375,885.1334228515625
157,2.0,21.0,691.814453125,616.079345703125,1116.0592041015625,898.220947265625
158,2.0,21.0,708.0533447265625,608.8031616210938,1172.1842041015625,914.1690063476562
159,2.0,21.0,726.1173095703125,602.6900024414062,1235.0372314453125,933.4426879882812
160,2.0,21.0,748.0000610351562,595.5894775390625,1311.7188720703125,956.4790649414062
161,2.0,21.0,774.6201171875,586.5791015625,1406.0322265625,982.3243408203125
162,2.0,21.0,803.5020751953125,575.08447265625,1515.9100341796875,1014.8697509765625
163,2.0,21.0,836.0654907226562,560.5689086914062,1652.597900390625,1052.3685302734375
164,2.0,21.0,876.4033813476562,547.4623413085938,1827.241943359375,1072.432861328125
165,2.0,21.0,925.7267456054688,528.439208984375,1901.11865234375,1078.3671875
166,2.0,21.0,982.9695434570312,505.847900390625,1920.0,1080.0
167,2.0,21.0,1059.6524658203125,476.0448913574219,1920.0,1080.0
168,2.0,21.0,1154.90771484375,435.2796325683594,1920.0,1078.49169921875
169,2.0,21.0,1281.0849609375,392.22900390625,1920.0,1076.8018798828125
170,2.0,21.0,1455.297119140625,381.01300048828125,1920.0,1078.9237060546875
