111,2.0,26.0,448.5668640136719,686.6785278320312,502.2462463378906,729.52978515625
112,2.0,26.0,449.8026428222656,687.1431884765625,504.5398254394531,729.7581787109375
113,2.0,26.0,450.60052490234375,689.5165405273438,506.4521789550781,729.9041748046875
114,2.0,26.0,451.36480712890625,690.2583618164062,507.20556640625,730.3812255859375
115,2.0,26.0,452.5708312988281,686.903564453125,508.10540771484375,730.6454467773438
116,2.0,26.0,452.9171447753906,686.9843139648438,508.3107604980469,730.8702392578125
117,2.0,26.0,453.1234130859375,685.7135009765625,509.5448303222656,731.0968017578125
118,2.0,26.0,454.0122985839844,684.31591796875,511.0154113769531,731.1494140625
119,2.0,26.0,454.43902587890625,682.89208984375,513.802734375,731.160400390625
120,2.0,26.0,455.20343017578125,684.4451293945312,515.8447875976562,731.5333862304688
121,2.0,26.0,456.1082763671875,684.665283203125,516.8416137695312,731.932861328125
122,2.0,26.0,457.04840087890625,683.3289184570312,517.5960083007812,731.9712524414062
123,2.0,26.0,457.409423828125,682.7841186523438,518.856689453125,732.2052001953125
124,2.0,26.0,457.5653991699219,680.932861328125,520.5982666015625,732.917724609375
125,2.0,26.0,459.2525939941406,681.5053100585938,522.1878051757812,733.0878295898438
126,2.0,26.0,460.0731506347656,680.3214111328125,522.6777954101562,733.809814453125
127,2.0,26.0,461.43304443359375,681.0193481445312,524.285400390625,734.396484375
128,2.0,26.0,461.2666320800781,680.1359252929688,527.428955078125,735.384521484375
129,2.0,26.0,461.13226318359375,679.1321411132812,530.3456420898438,737.3534545898438
130,2.0,26.0,461.70465087890625,679.4754028320312,532.8881225585938,738.3360595703125
131,2.0,26.0,462.6844177246094,680.0618286132812,534.01806640625,739.24951171875
132,2.0,26.0,464.37445068359375,679.1683959960938,535.8245239257812,739.347900390625
133,2.0,26.0,466.0929870605469,680.1180419921875,538.8718872070312,739.9072265625
134,2.0,26.0,467.553955078125,680.6638793945312,541.4791870117188,740.2716064453125
135,2.0,26.0,468.84783935546875,680.5617065429688,543.7115478515625,740.2874145507812
136,2.0,26.0,470.041259765625,681.1721801757812,545.9189453125,741.03076171875
137,2.0,26.0,470.81573486328125,680.3597412109375,549.1802978515625,742.090087890625
138,2.0,26.0,471.90081787109375,680.4967041015625,553.0772094726562,742.6051025390625
139,2.0,26.0,472.9967346191406,680.7514038085938,557.2793579101562,743.289306640625
140,2.0,26.0,474.37603759765625,679.2941284179688,559.204833984375,745.0591430664062
141,2.0,26.0,476.4521484375,679.767333984375,562.0279541015625,745.9972534179688
142,2.0,26.0,478.5452880859375,679.761962890625,565.0738525390625,746.291015625
143,2.0,26.0,480.2667236328125,679.0062255859375,568.1619262695312,747.268310546875
144,2.0,26.0,480.95440673828125,678.3095092773438,572.033447265625,749.7456665039062
145,2.0,26.0,481.3514404296875,677.840087890625,575.33203125,750.55859375
146,2.0,26.0,483.0456848144531,678.4661254882812,578.1860961914062,750.7219848632812
147,2.0,26.0,484.5788879394531,676.870361328125,581.9954223632812,752.6025390625
148,2.0,26.0,486.9840393066406,676.7223510742188,587.3619995117188,753.1569213867188
149,2.0,26.0,489.8770751953125,675.67529296875,592.7796020507812,753.7706909179688
150,2.0,26.0,492.0352478027344,675.9746704101562,595.9889526367188,755.1782836914062
151,2.0,26.0,496.3054504394531,675.8126220703125,599.089599609375,755.7741088867188
152,2.0,26.0,499.5881652832031,674.65966796875,605.0499267578125,758.4263916015625
153,2.0,26.0,501.80450439453125,672.8096313476562,611.2887573242188,760.8983154296875
154,2.0,26.0,503.9179382324219,671.9435424804688,616.2188720703125,762.776123046875
155,2.0,26.0,505.8824157714844,671.3463745117188,622.3283081054688,764.59423828125
156,2.0,26.0,506.8537902832031,670.5838012695312,628.54541015625,765.7522583007812
157,2.0,26.0,505.99517822265625,668.8076782226562,635.1444091796875,767.0026245117188
158,2.0,26.0,508.25189208984375,667.66162109375,641.937744140625,768.4425048828125
159,2.0,26.0,513.4507446289062,666.3404541015625,650.222900390625,769.978759765625
160,2.0,26.0,516.6102905273438,666.4022827148438,658.2036743164062,772.3834228515625
161,2.0,26.0,518.4797973632812,666.4076538085938,667.3794555664062,775.350341796875
162,2.0,26.0,524.0621337890625,666.1033935546875,675.023681640625,777.760498046875
163,2.0,26.0,528.0235595703125,665.2750854492188,684.4459838867188,781.8882446289062
164,2.0,26.0,530.2379760742188,664.2099609375,693.626220703125,785.2070922851562
165,2.0,26.0,538.7605590820312,664.8192749023438,704.4033813476562,788.2914428710938
166,2.0,26.0,545.0028076171875,662.0704345703125,716.6840209960938,791.3295288085938
167,2.0,26.0,554.2024536132812,659.6032104492188,729.4225463867188,794.166748046875
168,2.0,26.0,554.9032592773438,658.2503051757812,743.223876953125,796.7631225585938
169,2.0,26.0,557.740966796875,655.8536987304688,757.9840698242188,799.2518920898438
170,2.0,26.0,564.61181640625,653.1118774414062,773.5609130859375,804.2037353515625
171,2.0,26.0,572.525634765625,649.8136596679688,791.5552978515625,808.94140625
172,2.0,26.0,578.620849609375,646.7206420898438,810.3356323242188,813.2283935546875
173,2.0,26.0,587.4715576171875,644.2325439453125,831.2615356445312,818.9204711914062
174,2.0,26.0,596.616455078125,640.5817260742188,854.8377075195312,823.8319702148438
175,2.0,26.0,607.4497680664062,638.0963134765625,880.7727661132812,832.7001953125
176,2.0,26.0,617.6886596679688,636.6559448242188,908.6640014648438,841.1538696289062
177,2.0,26.0,629.8953247070312,633.4326782226562,941.7720947265625,849.419189453125
178,2.0,26.0,642.0808715820312,627.11083984375,978.6226806640625,859.2548828125
179,2.0,26.0,655.9422607421875,623.2538452148438,1020.4380493164062,870.4344482421875
180,2.0,26.0,671.6145629882812,621.419189453125,1067.0982666015625,886.7562866210938
181,2.0,26.0,689.7217407226562,615.640869140625,1122.312744140625,901.1019287109375
182,2.0,26.0,708.933349609375,607.07275390625,1185.5277099609375,918.92919921875
183,2.0,26.0,734.1298217773438,599.448486328125,1263.31494140625,940.3164672851562
184,2.0,26.0,758.6024780273438,592.7494506835938,1358.6983642578125,967.12841796875
185,2.0,26.0,789.793212890625,582.8345336914062,1471.003173828125,997.9599609375
186,2.0,26.0,827.9763793945312,568.3006591796875,1609.421142578125,1037.3182373046875
187,2.0,26.0,872.9580078125,554.3396606445312,1805.1072998046875,1064.9051513671875
188,2.0,26.0,925.9960327148438,533.902099609375,1892.2091064453125,1075.4659423828125
189,2.0,26.0,990.138427734375,509.31378173828125,1920.0,1080.0
190,2.0,26.0,1079.2454833984375,476.81207275390625,1920.0,1080.0
191,2.0,26.0,1190.8197021484375,432.9342346191406,1920.0,1080.0
192,2.0,26.0,1345.8369140625,397.03387451171875,1920.0,1079.5087890625
193,2.0,26.0,1565.4410400390625,404.8568420410156,1920.0,1080.0
