73,2.0,19.0,455.08551025390625,683.3016357421875,505.8707275390625,724.056884765625
74,2.0,19.0,453.8843688964844,682.9772338867188,506.2942199707031,724.1759643554688
75,2.0,19.0,454.8196716308594,683.4789428710938,506.3943786621094,724.465087890625
76,2.0,19.0,456.0608825683594,683.2620239257812,507.3462829589844,725.177001953125
77,2.0,19.0,456.318359375,684.61328125,508.8015441894531,725.7078857421875
78,2.0,19.0,456.4966735839844,684.1310424804688,509.2158508300781,725.745849609375
79,2.0,19.0,456.28179931640625,684.7310791015625,509.1841735839844,726.2883911132812
80,2.0,19.0,455.86669921875,684.328857421875,509.8429260253906,726.92236328125
81,2.0,19.0,456.74591064453125,684.8410034179688,511.8507080078125,728.3753051757812
82,2.0,19.0,457.2013244628906,685.909423828125,513.7221069335938,729.11669921875
83,2.0,19.0,458.3771667480469,686.306640625,515.6302490234375,729.8221435546875
84,2.0,19.0,458.931884765625,687.3358764648438,517.1405639648438,730.1023559570312
85,2.0,19.0,459.9627380371094,685.330322265625,518.4461059570312,729.753662109375
86,2.0,19.0,460.3924865722656,683.257568359375,519.5567016601562,729.7307739257812
87,2.0,19.0,460.8271179199219,682.9508666992188,520.163818359375,729.3302001953125
88,2.0,19.0,461.06488037109375,682.0352172851562,521.33251953125,729.158447265625
89,2.0,19.0,461.67608642578125,684.2683715820312,521.6627807617188,729.2891235351562
90,2.0,19.0,462.0543212890625,682.5302124023438,523.6348876953125,729.2883911132812
91,2.0,19.0,462.2242126464844,678.9556274414062,525.3361206054688,730.1771240234375
92,2.0,19.0,462.9766845703125,678.6630859375,528.1502685546875,730.794189453125
93,2.0,19.0,465.0814208984375,679.5686645507812,529.007080078125,730.812744140625
94,2.0,19.0,466.44415283203125,679.7110595703125,531.0535888671875,731.0435180664062
95,2.0,19.0,467.7525634765625,680.4588623046875,532.3768310546875,731.4273071289062
96,2.0,19.0,469.0084228515625,680.950927734375,533.2526245117188,732.3536376953125
97,2.0,19.0,469.5272216796875,680.7813110351562,534.5380859375,733.1524047851562
98,2.0,19.0,470.7073669433594,681.8258666992188,536.66552734375,733.490234375
99,2.0,19.0,471.4736328125,681.6615600585938,539.2977905273438,733.8702392578125
100,2.0,19.0,473.3805236816406,680.8994750976562,540.6980590820312,734.333984375
101,2.0,19.0,474.3343505859375,680.596435546875,542.4139404296875,735.6001586914062
102,2.0,19.0,475.2288818359375,679.0186157226562,543.2958984375,735.1847534179688
103,2.0,19.0,475.6411437988281,677.7244262695312,545.3285522460938,735.5732421875
104,2.0,19.0,477.5343322753906,676.9690551757812,547.2777709960938,737.296875
105,2.0,19.0,478.3075256347656,677.6217651367188,549.331787109375,737.4950561523438
106,2.0,19.0,480.1340637207031,677.0909423828125,552.6541137695312,737.993408203125
107,2.0,19.0,480.25750732421875,678.8034057617188,554.5292358398438,738.4308471679688
108,2.0,19.0,481.90435791015625,678.8721923828125,555.8150024414062,738.3378295898438
109,2.0,19.0,483.04205322265625,679.0159912109375,557.7761840820312,739.6134643554688
110,2.0,19.0,483.8084411621094,679.28369140625,560.6016845703125,740.3692016601562
111,2.0,19.0,483.95452880859375,678.8162231445312,564.0076293945312,741.2332763671875
112,2.0,19.0,483.94927978515625,678.5057983398438,566.9906005859375,741.805419921875
113,2.0,19.0,484.01513671875,678.642578125,568.9371337890625,743.152099609375
114,2.0,19.0,485.6634521484375,677.3517456054688,570.5008544921875,743.3518676757812
115,2.0,19.0,487.2133483886719,676.4641723632812,573.3451538085938,743.0286865234375
116,2.0,19.0,489.69610595703125,677.3060913085938,576.4371337890625,743.9844360351562
117,2.0,19.0,491.1877746582031,676.6566162109375,579.75244140625,745.45361328125
118,2.0,19.0,493.8438720703125,677.5344848632812,583.3743896484375,746.128173828125
119,2.0,19.0,495.44671630859375,676.7976684570312,586.8623657226562,746.3703002929688
120,2.0,19.0,496.03533935546875,676.6814575195312,589.6815795898438,747.5927124023438
122,2.0,19.0,499.9786682128906,676.0715942382812,596.1987915039062,750.7696533203125
123,2.0,19.0,503.3606872558594,676.0017700195312,599.4642333984375,750.8193359375
124,2.0,19.0,504.1009826660156,675.0055541992188,603.8194580078125,752.186767578125
125,2.0,19.0,504.46185302734375,674.2399291992188,607.5870361328125,753.5938720703125
126,2.0,19.0,505.7130432128906,673.40283203125,611.72021484375,754.1219482421875
127,2.0,19.0,506.9609680175781,673.6701049804688,616.3755493164062,754.5514526367188
128,2.0,19.0,509.400634765625,672.8369140625,618.9345092773438,755.1485595703125
129,2.0,19.0,511.7886657714844,673.1007690429688,622.7041625976562,755.7025756835938
130,2.0,19.0,514.576416015625,672.0849609375,626.0171508789062,758.2989501953125
131,2.0,19.0,517.32861328125,671.0294189453125,632.3989868164062,760.390380859375
132,2.0,19.0,519.3783569335938,669.0660400390625,637.64697265625,762.8819580078125
133,2.0,19.0,521.5846557617188,666.830322265625,643.5914306640625,764.4234008789062
134,2.0,19.0,523.5994873046875,667.5369873046875,648.6702880859375,765.2391967773438
135,2.0,19.0,526.6495971679688,667.841552734375,654.040771484375,766.358154296875
136,2.0,19.0,528.476318359375,666.5922241210938,660.1388549804688,767.404296875
137,2.0,19.0,530.1011962890625,665.866455078125,665.6209716796875,768.911376953125
138,2.0,19.0,532.2651977539062,665.2792358398438,671.8504028320312,770.639404296875
139,2.0,19.0,533.7811279296875,663.990478515625,678.2709350585938,772.3523559570312
140,2.0,19.0,537.938720703125,664.0791015625,686.75927734375,775.4829711914062
141,2.0,19.0,539.76904296875,663.332763671875,693.627197265625,776.8562622070312
142,2.0,19.0,543.419189453125,664.5865478515625,700.5411987304688,778.601318359375
143,2.0,19.0,548.8427124023438,662.9971923828125,709.4100341796875,782.289306640625
144,2.0,19.0,553.0108642578125,661.3319091796875,718.6298217773438,786.001953125
145,2.0,19.0,555.9374389648438,660.2861328125,727.2661743164062,787.9295043945312
146,2.0,19.0,559.7360229492188,658.4869384765625,735.9622192382812,789.6458129882812
147,2.0,19.0,563.4776000976562,656.412353515625,747.8921508789062,792.9088134765625
148,2.0,19.0,568.7460327148438,653.818603515625,759.8775634765625,795.7374877929688
149,2.0,19.0,574.1224365234375,651.8994140625,772.8096923828125,799.3851928710938
150,2.0,19.0,578.326416015625,650.2604370117188,783.8812255859375,801.7587280273438
151,2.0,19.0,585.7847900390625,648.1892700195312,799.7842407226562,806.4559326171875
152,2.0,19.0,591.4658203125,646.0075073242188,815.0323486328125,810.0947265625
153,2.0,19.0,597.3008422851562,643.49072265625,832.183349609375,813.5269165039062
154,2.0,19.0,603.0467529296875,641.3064575195312,851.47021484375,818.2899169921875
155,2.0,19.0,611.5728149414062,638.9034423828125,869.80322265625,822.5721435546875
156,2.0,19.0,620.4517211914062,637.0523071289062,891.2434692382812,831.3890380859375
157,2.0,19.0,627.1302490234375,635.4915161132812,913.4100952148438,837.4066162109375
158,2.0,19.0,636.6444702148438,633.2241821289062,938.7463989257812,844.4266357421875
159,2.0,19.0,646.0101928710938,630.8294677734375,968.748291015625,851.22998046875
160,2.0,19.0,655.6297607421875,626.4760131835938,999.5009765625,858.92626953125
161,2.0,19.0,667.3572998046875,622.956787109375,1034.0076904296875,870.370849609375
162,2.0,19.0,681.7232055664062,619.8048095703125,1072.6024169921875,884.3148193359375
163,2.0,19.0,695.81298828125,615.0128173828125,1118.237548828125,896.6463012695312
164,2.0,19.0,712.0155639648438,607.6841430664062,1169.7130126953125,911.6734008789062
165,2.0,19.0,727.8924560546875,602.0050659179688,1227.3189697265625,928.0476684570312
166,2.0,19.0,747.552001953125,596.393798828125,1295.919189453125,948.0670776367188
167,2.0,19.0,769.7536010742188,589.6119995117188,1375.8856201171875,970.020263671875
168,2.0,19.0,794.3152465820312,580.7532348632812,1470.1121826171875,995.9383544921875
169,2.0,19.0,824.6381225585938,567.8035888671875,1584.3345947265625,1029.258544921875
170,2.0,19.0,856.5294799804688,555.4823608398438,1722.95166015625,1062.3885498046875
171,2.0,19.0,897.108154296875,541.587158203125,1858.2518310546875,1074.5660400390625
172,2.0,19.0,944.6039428710938,524.1460571289062,1914.7286376953125,1080.0
173,2.0,19.0,1003.5023193359375,500.6900329589844,1920.0,1080.0
174,2.0,19.0,1074.1099853515625,472.00927734375,1920.0,1080.0
175,2.0,19.0,1163.1793212890625,433.7421875,1920.0,1078.30078125
176,2.0,19.0,1277.568115234375,391.19219970703125,1920.0,1077.522705078125
177,2.0,19.0,1432.4229736328125,375.3287658691406,1920.0,1078.2952880859375
178,2.0,19.0,1643.5584716796875,401.92071533203125,1920.0,1079.02783203125
