47,2.0,14.0,448.931884765625,686.4298095703125,504.40411376953125,728.3873291015625
48,2.0,14.0,448.78826904296875,684.22021484375,506.5474548339844,728.6964721679688
49,2.0,14.0,449.2060241699219,686.8495483398438,506.9430847167969,729.3924560546875
50,2.0,14.0,450.1626892089844,686.0393676757812,507.9059753417969,729.8272705078125
51,2.0,14.0,452.004150390625,688.7407836914062,509.33331298828125,730.10888671875
52,2.0,14.0,452.60137939453125,686.3121337890625,509.69342041015625,729.8865356445312
53,2.0,14.0,453.001953125,685.5728759765625,509.77215576171875,730.1202392578125
54,2.0,14.0,453.02423095703125,684.998291015625,510.5442199707031,730.5603637695312
55,2.0,14.0,453.7373046875,685.1417846679688,510.5713195800781,730.6848754882812
56,2.0,14.0,453.9900207519531,683.9899291992188,510.8523254394531,730.659912109375
57,2.0,14.0,454.7066650390625,684.3345947265625,511.72210693359375,731.0332641601562
58,2.0,14.0,455.29815673828125,685.7378540039062,513.1918334960938,731.289794921875
59,2.0,14.0,455.6822204589844,688.4622192382812,514.9596557617188,731.3311157226562
60,2.0,14.0,456.42254638671875,688.775390625,516.6945190429688,731.101318359375
61,2.0,14.0,456.9455261230469,688.5972290039062,518.024658203125,731.05419921875
62,2.0,14.0,457.63897705078125,690.3819580078125,518.67578125,730.9894409179688
63,2.0,14.0,458.5323181152344,689.0499877929688,520.736083984375,731.205810546875
64,2.0,14.0,459.20989990234375,685.9235229492188,521.5352783203125,731.3902587890625
65,2.0,14.0,459.1195068359375,683.7348022460938,522.1181640625,731.70263671875
66,2.0,14.0,459.6899108886719,681.4204711914062,523.5261840820312,731.7947998046875
67,2.0,14.0,460.09075927734375,680.5491943359375,523.8225708007812,732.4644165039062
68,2.0,14.0,460.2605895996094,678.5460815429688,526.0675048828125,732.762451171875
69,2.0,14.0,460.4046936035156,679.3425903320312,528.0096435546875,733.0855712890625
70,2.0,14.0,460.7007751464844,680.386962890625,528.9192504882812,733.3544311523438
71,2.0,14.0,461.11181640625,678.5828857421875,529.9754638671875,734.4078369140625
72,2.0,14.0,461.5680236816406,678.2736206054688,530.6862182617188,734.9778442382812
73,2.0,14.0,463.2521057128906,679.5726318359375,531.9598388671875,734.0684204101562
74,2.0,14.0,463.2519836425781,679.851806640625,533.7034912109375,735.325439453125
75,2.0,14.0,463.8456726074219,679.9072875976562,535.50341796875,736.4510498046875
76,2.0,14.0,466.8856506347656,680.2301025390625,536.2076416015625,737.6116333007812
77,2.0,14.0,467.58392333984375,681.0989379882812,538.5911865234375,738.076171875
78,2.0,14.0,469.1397399902344,681.2523803710938,540.9227294921875,738.6912231445312
79,2.0,14.0,469.7889709472656,681.2207641601562,542.5225219726562,738.9807739257812
80,2.0,14.0,470.6351623535156,680.3224487304688,543.7182006835938,739.1369018554688
81,2.0,14.0,470.78216552734375,680.01318359375,545.5457153320312,739.0895385742188
82,2.0,14.0,471.80279541015625,678.9489135742188,547.7022705078125,739.1151733398438
83,2.0,14.0,473.0697937011719,678.7088012695312,549.5906982421875,740.0082397460938
84,2.0,14.0,473.8992614746094,678.62255859375,553.6823120117188,740.5553588867188
85,2.0,14.0,475.51763916015625,678.3855590820312,555.430419921875,740.6258544921875
86,2.0,14.0,476.6925354003906,677.6952514648438,556.6135864257812,741.1436767578125
87,2.0,14.0,477.83837890625,677.829833984375,557.7288208007812,741.736572265625
88,2.0,14.0,478.40130615234375,676.0393676757812,558.4560546875,742.7567749023438
89,2.0,14.0,480.1308898925781,676.6206665039062,560.2611694335938,741.9743041992188
90,2.0,14.0,481.294921875,677.1937255859375,564.0938110351562,742.9871215820312
91,2.0,14.0,481.38409423828125,677.7003173828125,567.0699462890625,743.62109375
92,2.0,14.0,482.1444091796875,678.412353515625,568.4119873046875,745.19384765625
93,2.0,14.0,481.6672058105469,678.005615234375,569.9634399414062,746.1720581054688
94,2.0,14.0,481.91796875,677.7495727539062,572.1114501953125,746.5623779296875
95,2.0,14.0,482.4905090332031,676.9488525390625,574.5787963867188,746.9703979492188
96,2.0,14.0,482.9707946777344,676.9666748046875,578.13330078125,747.4573364257812
97,2.0,14.0,484.58038330078125,676.396484375,581.9991455078125,748.1616821289062
98,2.0,14.0,486.66973876953125,675.7429809570312,583.4456176757812,750.215087890625
99,2.0,14.0,489.7298889160156,676.0416259765625,587.1668701171875,750.3552856445312
100,2.0,14.0,492.067138671875,675.6852416992188,589.997314453125,750.5538940429688
101,2.0,14.0,493.55224609375,675.5018310546875,593.6915893554688,752.0084838867188
102,2.0,14.0,496.2823486328125,676.032470703125,595.3235473632812,752.6965942382812
103,2.0,14.0,496.470458984375,675.5408935546875,596.5794067382812,753.5945434570312
104,2.0,14.0,500.427001953125,675.9218139648438,598.1780395507812,753.8501586914062
105,2.0,14.0,501.4562072753906,675.9405517578125,601.8952026367188,753.7091064453125
106,2.0,14.0,502.7852783203125,675.0153198242188,605.303955078125,754.5386352539062
107,2.0,14.0,504.5851135253906,674.1478881835938,609.3226318359375,755.73486328125
108,2.0,14.0,505.5721130371094,673.6802368164062,613.3565673828125,756.3169555664062
109,2.0,14.0,506.9444580078125,673.6089477539062,616.278076171875,757.9539184570312
110,2.0,14.0,507.8970642089844,672.7093505859375,618.3355712890625,758.7396240234375
111,2.0,14.0,508.52593994140625,671.6038818359375,622.2978515625,760.0694580078125
112,2.0,14.0,508.2273864746094,670.0084228515625,625.9906616210938,761.89208984375
113,2.0,14.0,508.0873718261719,669.1228637695312,630.4473876953125,763.359619140625
114,2.0,14.0,510.1184997558594,668.2625122070312,634.641357421875,764.5798950195312
115,2.0,14.0,513.4005126953125,667.0014038085938,638.923828125,766.1099853515625
116,2.0,14.0,516.0111083984375,666.043212890625,642.6415405273438,766.8106689453125
117,2.0,14.0,515.7127685546875,665.98291015625,647.5728759765625,766.5440063476562
118,2.0,14.0,517.5261840820312,666.7047729492188,652.12109375,767.9780883789062
119,2.0,14.0,519.4227905273438,666.7488403320312,656.2632446289062,769.1683349609375
120,2.0,14.0,521.6099243164062,665.9843139648438,662.3103637695312,770.5835571289062
121,2.0,14.0,525.4320678710938,666.0599975585938,667.56494140625,771.9219360351562
122,2.0,14.0,528.3258056640625,665.3926391601562,673.4903564453125,773.4644775390625
123,2.0,14.0,529.4754638671875,665.3114624023438,677.6292114257812,775.4124145507812
124,2.0,14.0,531.5010986328125,663.8412475585938,684.1947021484375,777.2347412109375
125,2.0,14.0,535.3252563476562,663.28955078125,691.8854370117188,778.837158203125
126,2.0,14.0,538.1981811523438,663.3309936523438,697.7686157226562,781.6365966796875
127,2.0,14.0,540.0548095703125,663.4317626953125,704.1038208007812,784.7601928710938
128,2.0,14.0,544.1390991210938,662.4893188476562,711.7322998046875,787.2848510742188
129,2.0,14.0,549.2066040039062,660.741455078125,718.8017578125,788.7506103515625
130,2.0,14.0,551.8154907226562,660.2096557617188,725.59912109375,791.1423950195312
131,2.0,14.0,553.3389282226562,658.9922485351562,734.2197875976562,792.31787109375
132,2.0,14.0,554.96484375,657.0156860351562,742.4117431640625,795.2313842773438
133,2.0,14.0,559.8154296875,655.7514038085938,751.1411743164062,797.445556640625
134,2.0,14.0,563.2149047851562,653.8450927734375,760.5614013671875,799.0632934570312
135,2.0,14.0,567.6326293945312,651.4063720703125,769.9244995117188,800.9793701171875
136,2.0,14.0,572.6724243164062,649.915771484375,781.0263061523438,804.075927734375
137,2.0,14.0,576.4496459960938,648.3905029296875,792.5899047851562,807.908447265625
138,2.0,14.0,579.4671020507812,645.7623901367188,805.5897216796875,810.886962890625
139,2.0,14.0,585.2442626953125,644.6142578125,816.3521118164062,813.9122314453125
140,2.0,14.0,591.322509765625,642.520263671875,831.3758544921875,817.2540283203125
141,2.0,14.0,596.6029052734375,640.9190673828125,845.44775390625,820.4895629882812
142,2.0,14.0,601.4327392578125,639.21826171875,861.1275634765625,824.416259765625
143,2.0,14.0,608.56005859375,638.1968383789062,877.998046875,830.3799438476562
144,2.0,14.0,614.6792602539062,637.3273315429688,895.1028442382812,836.1864013671875
145,2.0,14.0,621.44677734375,635.0833740234375,914.9493408203125,842.5726318359375
146,2.0,14.0,628.3698120117188,633.5751342773438,935.267822265625,847.2313842773438
147,2.0,14.0,635.8250122070312,629.3037719726562,957.112548828125,852.9898681640625
148,2.0,14.0,644.3759765625,624.7223510742188,982.732177734375,861.2565307617188
149,2.0,14.0,653.2757568359375,622.5361938476562,1008.4215698242188,867.63330078125
150,2.0,14.0,662.7080688476562,621.1466674804688,1037.953369140625,875.9151000976562
151,2.0,14.0,672.76318359375,620.0455322265625,1069.6485595703125,887.5477294921875
152,2.0,14.0,682.6867065429688,616.975830078125,1102.5277099609375,897.3917236328125
153,2.0,14.0,694.9752197265625,613.122314453125,1142.82470703125,908.9407348632812
154,2.0,14.0,708.6127319335938,606.537109375,1187.3326416015625,921.8588256835938
155,2.0,14.0,721.8221435546875,601.3233642578125,1234.3089599609375,936.0264282226562
156,2.0,14.0,738.73876953125,596.4564819335938,1290.3056640625,952.5989990234375
157,2.0,14.0,755.4173583984375,592.8024291992188,1352.7720947265625,970.2449340820312
158,2.0,14.0,775.2626953125,583.998046875,1426.544921875,992.0360717773438
159,2.0,14.0,794.6463623046875,574.6162719726562,1508.9779052734375,1015.7426147460938
160,2.0,14.0,819.6826171875,562.7437133789062,1604.8819580078125,1043.0264892578125
161,2.0,14.0,846.6050415039062,553.5328979492188,1730.02685546875,1068.001953125
162,2.0,14.0,875.9259643554688,543.0399780273438,1861.033935546875,1077.3509521484375
163,2.0,14.0,909.777587890625,528.638916015625,1914.2615966796875,1079.6737060546875
164,2.0,14.0,950.0717163085938,512.4067993164062,1920.0,1080.0
165,2.0,14.0,997.2726440429688,491.5506896972656,1920.0,1080.0
166,2.0,14.0,1054.653076171875,468.1354064941406,1920.0,1078.895263671875
167,2.0,14.0,1124.3057861328125,439.49945068359375,1920.0,1076.55029296875
168,2.0,14.0,1205.8123779296875,397.57342529296875,1920.0,1075.9632568359375
169,2.0,14.0,1307.4776611328125,367.73822021484375,1920.0,1075.4652099609375
170,2.0,14.0,1436.4642333984375,355.80377197265625,1920.0,1076.4327392578125
171,2.0,14.0,1603.73291015625,382.2364196777344,1920.0,1077.97607421875
